-2.75567, 4.02561, 0.70086, 4.92853, 2.17107, 1.42811, 1.00000, 475133.00000, 475133.00000, 475133.00000, 0.00000, 0.00000, 0.90081, -1.37444, 1.98030, 0.39414, 1.00000, 0.00000
-3.48430, 3.15040, 1.49161, 4.92852, 2.40648, 1.26333, 0.00000, 0.00000, 0.00000, 0.00000, 0.00000, 0.00000, 0.91102, -2.88604, 2.59457, 1.29147, 0.00000, 0.00000
-2.21782, 3.93313, 1.97536, 4.92852, 2.08423, 1.15840, 4.00000, 282495.00000, 137855.00000, 225562.75000, 2907985171.18750, 53925.73756, 0.91102, -0.60432, 1.05443, 0.54989, 0.75000, 0.25000
-2.85909, 3.75484, 1.40973, 4.92550, 2.22158, 1.28053, 2.00000, 292372.00000, 233282.00000, 262827.00000, 872907025.00000, 29545.00000, 0.94766, -1.25387, 1.66465, 0.58922, 1.00000, 0.00000
-3.93313, 1.97536, 2.21782, 4.92852, 2.67616, 1.10403, 2.00000, 262075.00000, 261836.00000, 261955.50000, 14280.25000, 119.50000, 0.91102, -10.56672, 5.51065, 6.05607, 1.00000, 0.00000
-4.02561, 0.70086, 2.75567, 4.92853, 2.96922, 0.97747, 0.00000, 0.00000, 0.00000, 0.00000, 0.00000, 0.00000, 0.90081, 9.35336, -1.86160, -6.49176, 0.00000, 0.00000
-3.15040, 1.49161, 3.48430, 4.92852, 2.69940, 0.78559, 1.00000, 258097.00000, 258097.00000, 258097.00000, 0.00000, 0.00000, 0.91102, -1.63909, 0.81587, 1.82322, 1.00000, 0.00000
-3.75484, 1.40973, 2.85909, 4.92550, 2.78243, 0.95149, 0.00000, 0.00000, 0.00000, 0.00000, 0.00000, 0.00000, 0.94766, -9.32863, 3.30198, 7.02665, 0.00000, 0.00000
-1.49161, 3.48430, 3.15040, 4.92852, 1.97528, 0.87732, 0.00000, 0.00000, 0.00000, 0.00000, 0.00000, 0.00000, 0.91102, -0.30829, 0.68893, 0.61936, 0.00000, 0.00000
-1.97536, 2.21782, 3.93313, 4.92852, 2.29844, 0.64677, 1.00000, 220976.00000, 220976.00000, 220976.00000, 0.00000, 0.00000, 0.91102, -0.49591, 0.54500, 0.95092, 0.00000, 1.00000
-0.70086, 2.75567, 4.02561, 4.92853, 1.81985, 0.61496, 1.00000, 251468.00000, 251468.00000, 251468.00000, 0.00000, 0.00000, 0.90081, -0.13313, 0.46424, 0.66888, 1.00000, 0.00000
-1.40973, 2.85909, 3.75484, 4.92550, 2.02888, 0.70390, 3.00000, 452952.00000, 300456.00000, 395346.33333, 4570911520.22222, 67608.51662, 0.94766, -0.25296, 0.53830, 0.71466, 0.33333, 0.66667
-3.47499, 2.68919, 2.20355, 4.91558, 2.48299, 1.10596, 0.00000, 0.00000, 0.00000, 0.00000, 0.00000, 0.00000, 1.08598, -2.37638, 1.85065, 1.52573, 0.00000, 0.00000
-2.68919, 2.20355, 3.47499, 4.91558, 2.45513, 0.78564, 0.00000, 0.00000, 0.00000, 0.00000, 0.00000, 0.00000, 1.08598, -0.90211, 0.74373, 1.15838, 0.00000, 0.00000
-2.20355, 3.47499, 2.68919, 4.91558, 2.13592, 0.99193, 1.00000, 153400.00000, 153400.00000, 153400.00000, 0.00000, 0.00000, 1.08598, -0.56481, 0.87972, 0.68510, 0.00000, 1.00000
-2.83550, 2.83550, 2.83550, 4.91123, 2.35619, 0.95532, 2.00000, 490218.00000, 301578.00000, 395898.00000, 8896262400.00000, 94320.00000, 1.14286, -1.00000, 1.00000, 1.00000, 0.50000, 0.50000
-2.05481, 4.45876, 0.43315, 4.92853, 2.00263, 1.48280, 1.00000, 181040.00000, 181040.00000, 181040.00000, 0.00000, 0.00000, 0.90081, -0.65917, 1.49537, 0.16379, 1.00000, 0.00000
-1.50894, 4.37124, 1.70460, 4.92852, 1.90319, 1.21764, 3.00000, 332207.00000, 188518.00000, 261358.33333, 3443071488.22222, 58677.69157, 0.91102, -0.30980, 0.93889, 0.37091, 1.00000, 0.00000
-0.72621, 4.85499, 0.43811, 4.92852, 1.71928, 1.48179, 3.00000, 429469.00000, 204041.00000, 337923.33333, 9365827202.88889, 96777.20394, 0.91102, -0.14496, 1.04077, 0.10419, 1.00000, 0.00000
-1.44936, 4.62611, 0.87126, 4.92550, 1.87441, 1.39297, 2.00000, 332542.00000, 168021.00000, 250281.50000, 6766789860.25000, 82260.50000, 0.94766, -0.38457, 1.17386, 0.21070, 1.00000, 0.00000
-0.78273, 3.92241, 2.87963, 4.92852, 1.76776, 0.94680, 6.00000, 248118.00000, 69658.00000, 171449.33333, 3367660794.55556, 58031.54999, 0.91102, -0.12779, 0.65841, 0.46938, 1.00000, 0.00000
0.00000, 3.18882, 3.75791, 4.92853, 1.57080, 0.70366, 6.00000, 406409.00000, 79374.00000, 257218.83333, 11177931050.47222, 105725.73504, 0.90081, -0.00000, 0.46930, 0.53070, 0.83333, 0.16667
0.78273, 3.92241, 2.87963, 4.92852, 1.37383, 0.94680, 16.00000, 482653.00000, 113685.00000, 277110.37500, 14852980985.85938, 121872.80659, 0.91102, 0.10178, 0.52439, 0.37383, 0.68750, 0.31250
0.00000, 3.73035, 3.21637, 4.92550, 1.57080, 0.85925, 3.00000, 235265.00000, 137611.00000, 178034.00000, 1730638384.66667, 41600.94211, 0.94766, -0.00000, 0.52918, 0.47082, 1.00000, 0.00000
0.72621, 4.85499, 0.43811, 4.92852, 1.42232, 1.48179, 10.00000, 480341.00000, 54121.00000, 245228.80000, 24122737130.96000, 155314.96107, 0.91102, 0.11238, 0.80685, 0.08077, 0.70000, 0.30000
1.50894, 4.37124, 1.70460, 4.92852, 1.23841, 1.21764, 13.00000, 445984.00000, 107518.00000, 275362.92308, 12975693947.91716, 113910.90355, 0.91102, 0.19128, 0.57970, 0.22901, 0.92308, 0.07692
2.05481, 4.45876, 0.43315, 4.92853, 1.13896, 1.48280, 23.00000, 458105.00000, 55592.00000, 180659.47826, 9184054036.07561, 95833.47033, 0.90081, 0.28433, 0.64502, 0.07065, 0.82609, 0.17391
1.44936, 4.62611, 0.87126, 4.92550, 1.26718, 1.39297, 8.00000, 365690.00000, 61857.00000, 193323.75000, 12381905993.93750, 111274.01311, 0.94766, 0.21738, 0.66353, 0.11910, 0.75000, 0.25000
-0.78579, 4.35121, 2.14766, 4.91558, 1.74946, 1.11864, 6.00000, 488619.00000, 108545.00000, 304821.00000, 18259863670.33333, 135129.06301, 1.08598, -0.13352, 0.76051, 0.37301, 0.66667, 0.33333
0.78579, 4.35121, 2.14766, 4.91558, 1.39213, 1.11864, 6.00000, 376605.00000, 146314.00000, 259773.66667, 7978446779.22222, 89322.15167, 1.08598, 0.10538, 0.60022, 0.29439, 0.66667, 0.33333
0.00000, 4.83686, 0.87622, 4.91558, 1.57080, 1.39159, 4.00000, 300594.00000, 109522.00000, 205640.25000, 7829798453.18750, 88486.14837, 1.08598, -0.00000, 0.84303, 0.15697, 0.75000, 0.25000
0.00000, 4.58794, 1.75244, 4.91123, 1.57080, 1.20593, 7.00000, 384346.00000, 199394.00000, 306888.57143, 3290238243.95918, 57360.59836, 1.14286, 0.00000, 0.72361, 0.27639, 0.85714, 0.14286
-2.05481, 4.45876, -0.43315, 4.92853, 2.00263, 1.65880, 3.00000, 490237.00000, 321643.00000, 397806.66667, 4869625028.22222, 69782.69863, 0.90081, -0.98030, 2.22389, -0.24359, 0.00000, 1.00000
-0.72621, 4.85499, -0.43811, 4.92852, 1.71928, 1.65981, 7.00000, 478892.00000, 130237.00000, 269079.57143, 13050413603.38775, 114238.40687, 0.91102, -0.18312, 1.31474, -0.13162, 0.85714, 0.14286
-1.50894, 4.37124, -1.70460, 4.92852, 1.90319, 1.92396, 6.00000, 385522.00000, 199121.00000, 302698.83333, 3081038398.47222, 55507.10223, 0.91102, -1.19997, 3.63662, -1.43665, 0.50000, 0.50000
-1.44936, 4.62611, -0.87126, 4.92550, 1.87441, 1.74862, 3.00000, 347889.00000, 323024.00000, 339283.00000, 132328908.66667, 11503.43030, 0.94766, -0.66465, 2.02881, -0.36416, 0.66667, 0.33333
0.72621, 4.85499, -0.43811, 4.92852, 1.42232, 1.65981, 7.00000, 471061.00000, 122718.00000, 279852.85714, 13467393975.26531, 116049.10157, 0.91102, 0.13403, 0.96230, -0.09634, 0.71429, 0.28571
2.05481, 4.45876, -0.43315, 4.92853, 1.13896, 1.65880, 28.00000, 488915.00000, 59137.00000, 180029.67857, 14207675157.21811, 119195.95277, 0.90081, 0.33112, 0.75116, -0.08228, 0.46429, 0.53571
1.50894, 4.37124, -1.70460, 4.92852, 1.23841, 1.92396, 21.00000, 487083.00000, 85487.00000, 241541.33333, 12794125969.07936, 113111.12222, 0.91102, 0.35294, 1.06961, -0.42255, 0.42857, 0.57143
1.44936, 4.62611, -0.87126, 4.92550, 1.26718, 1.74862, 19.00000, 397726.00000, 60428.00000, 194980.73684, 11213711527.35180, 105894.81351, 0.94766, 0.28534, 0.87099, -0.15634, 0.63158, 0.36842
-0.78273, 3.92241, -2.87963, 4.92852, 1.76776, 2.19479, 7.00000, 309323.00000, 106862.00000, 247254.14286, 4754711404.40816, 68954.41541, 0.91102, -2.08678, 10.75154, -7.66476, 0.57143, 0.42857
0.78273, 3.92241, -2.87963, 4.92852, 1.37383, 2.19479, 19.00000, 470969.00000, 63978.00000, 259170.15789, 13376777637.81717, 115658.02021, 0.91102, 0.40335, 2.07817, -1.48153, 0.42105, 0.57895
0.00000, 3.18882, -3.75791, 4.92853, 1.57080, 2.43793, 15.00000, 474335.00000, 67206.00000, 256477.80000, 15403547980.29333, 124111.03086, 0.90081, -0.00000, -7.64229, 8.64229, 0.20000, 0.80000
0.00000, 3.73035, -3.21637, 4.92550, 1.57080, 2.28234, 6.00000, 495720.00000, 124061.00000, 274658.16667, 15810435351.13889, 125739.55365, 0.94766, 0.00000, 9.06739, -8.06739, 0.33333, 0.66667
0.00000, 4.83686, -0.87622, 4.91558, 1.57080, 1.75001, 10.00000, 360033.00000, 81687.00000, 232250.80000, 5533799873.96000, 74389.51454, 1.08598, 0.00000, 1.22879, -0.22879, 0.60000, 0.40000
0.78579, 4.35121, -2.14766, 4.91558, 1.39213, 2.02296, 15.00000, 388178.00000, 87491.00000, 255160.80000, 8921906511.76000, 94455.84424, 1.08598, 0.25627, 1.45965, -0.71592, 0.33333, 0.66667
-0.78579, 4.35121, -2.14766, 4.91558, 1.74946, 2.02296, 4.00000, 399423.00000, 122252.00000, 268301.75000, 11803089993.68750, 108642.02683, 1.08598, -0.52573, 2.99442, -1.46868, 0.50000, 0.50000
0.00000, 4.58794, -1.75244, 4.91123, 1.57080, 1.93566, 8.00000, 390045.00000, 134785.00000, 236302.50000, 8685970303.25000, 93198.55312, 1.14286, 0.00000, 1.61803, -0.61803, 0.75000, 0.25000
-2.75567, 4.02561, -0.70086, 4.92853, 2.17107, 1.71348, 2.00000, 219018.00000, 131131.00000, 175074.50000, 1931031192.25000, 43943.50000, 0.90081, -6.49176, 9.35336, -1.86160, 0.00000, 1.00000
-2.21782, 3.93313, -1.97536, 4.92852, 2.08423, 1.98319, 4.00000, 378693.00000, 108884.00000, 224634.00000, 10672820451.50000, 103309.34349, 0.91102, 6.05607, -10.56672, 5.51065, 0.25000, 0.75000
-3.48430, 3.15040, -1.49161, 4.92852, 2.40648, 1.87827, 0.00000, 0.00000, 0.00000, 0.00000, 0.00000, 0.00000, 0.91102, 1.82322, -1.63909, 0.81587, 0.00000, 0.00000
-2.85909, 3.75484, -1.40973, 4.92550, 2.22158, 1.86107, 2.00000, 263692.00000, 177517.00000, 220604.50000, 1856532656.25000, 43087.50000, 0.94766, 7.02665, -9.32863, 3.30198, 0.50000, 0.50000
-1.49161, 3.48430, -3.15040, 4.92852, 1.97528, 2.26428, 4.00000, 466637.00000, 222480.00000, 347790.50000, 8882231065.25000, 94245.58910, 0.91102, 1.29147, -2.88604, 2.59457, 0.50000, 0.50000
-0.70086, 2.75567, -4.02561, 4.92853, 1.81985, 2.52663, 5.00000, 363487.00000, 41402.00000, 201591.00000, 12182691535.60000, 110375.23063, 0.90081, 0.39414, -1.37444, 1.98030, 0.20000, 0.80000
-1.97536, 2.21782, -3.93313, 4.92852, 2.29844, 2.49482, 9.00000, 442777.00000, 89953.00000, 311345.66667, 13977573773.77778, 118226.78958, 0.91102, 0.54989, -0.60432, 1.05443, 0.33333, 0.66667
-1.40973, 2.85909, -3.75484, 4.92550, 2.02888, 2.43770, 14.00000, 479594.00000, 83441.00000, 274007.14286, 17648913798.83673, 132849.21452, 0.94766, 0.58922, -1.25387, 1.66465, 0.07143, 0.92857
-3.93313, 1.97536, -2.21782, 4.92852, 2.67616, 2.03756, 1.00000, 495017.00000, 495017.00000, 495017.00000, 0.00000, 0.00000, 0.91102, 0.95092, -0.49591, 0.54500, 1.00000, 0.00000
-3.15040, 1.49161, -3.48430, 4.92852, 2.69940, 2.35600, 3.00000, 493822.00000, 272630.00000, 411895.33333, 9798178158.22222, 98985.74725, 0.91102, 0.61936, -0.30829, 0.68893, 0.33333, 0.66667
-4.02561, 0.70086, -2.75567, 4.92853, 2.96922, 2.16413, 0.00000, 0.00000, 0.00000, 0.00000, 0.00000, 0.00000, 0.90081, 0.66888, -0.13313, 0.46424, 0.00000, 0.00000
-3.75484, 1.40973, -2.85909, 4.92550, 2.78243, 2.19010, 1.00000, 325309.00000, 325309.00000, 325309.00000, 0.00000, 0.00000, 0.94766, 0.71466, -0.25296, 0.53830, 0.00000, 1.00000
-2.20355, 3.47499, -2.68919, 4.91558, 2.13592, 2.14966, 4.00000, 478198.00000, 161507.00000, 298612.50000, 19518374040.25000, 139708.17456, 1.08598, 1.52573, -2.37638, 1.85065, 0.50000, 0.50000
-2.68919, 2.20355, -3.47499, 4.91558, 2.45513, 2.35595, 1.00000, 277566.00000, 277566.00000, 277566.00000, 0.00000, 0.00000, 1.08598, 0.68510, -0.56481, 0.87972, 1.00000, 0.00000
-3.47499, 2.68919, -2.20355, 4.91558, 2.48299, 2.03563, 1.00000, 286593.00000, 286593.00000, 286593.00000, 0.00000, 0.00000, 1.08598, 1.15838, -0.90211, 0.74373, 0.00000, 1.00000
-2.83550, 2.83550, -2.83550, 4.91123, 2.35619, 2.18628, 1.00000, 313376.00000, 313376.00000, 313376.00000, 0.00000, 0.00000, 1.14286, 1.00000, -1.00000, 1.00000, 0.00000, 1.00000
-3.18882, 3.75791, 0.00000, 4.92853, 2.27446, 1.57080, 0.00000, 0.00000, 0.00000, 0.00000, 0.00000, 0.00000, 0.90081, -7.64229, 8.64229, 0.00000, 0.00000, 0.00000
-3.92241, 2.87963, -0.78273, 4.92852, 2.50831, 1.73029, 2.00000, 346317.00000, 292106.00000, 319211.50000, 734708130.25000, 27105.50000, 0.91102, 2.07817, -1.48153, 0.40335, 0.00000, 1.00000
-3.92241, 2.87963, 0.78273, 4.92852, 2.50831, 1.41130, 0.00000, 0.00000, 0.00000, 0.00000, 0.00000, 0.00000, 0.91102, 10.75154, -7.66476, -2.08678, 0.00000, 0.00000
-3.73035, 3.21637, 0.00000, 4.92550, 2.43005, 1.57080, 1.00000, 333360.00000, 333360.00000, 333360.00000, 0.00000, 0.00000, 0.94766, 9.06739, -8.06739, -0.00000, 0.00000, 1.00000
-4.37124, 1.70460, -1.50894, 4.92852, 2.76977, 1.88196, 0.00000, 0.00000, 0.00000, 0.00000, 0.00000, 0.00000, 0.91102, 1.06961, -0.42255, 0.35294, 0.00000, 0.00000
-4.45876, 0.43315, -2.05481, 4.92853, 3.04475, 2.00085, 0.00000, 0.00000, 0.00000, 0.00000, 0.00000, 0.00000, 0.90081, 0.75116, -0.08228, 0.33112, 0.00000, 0.00000
-4.85499, 0.43811, -0.72621, 4.92852, 3.05160, 1.71868, 0.00000, 0.00000, 0.00000, 0.00000, 0.00000, 0.00000, 0.91102, 0.96230, -0.09634, 0.13403, 0.00000, 0.00000
-4.62611, 0.87126, -1.44936, 4.92550, 2.95544, 1.86947, 1.00000, 396212.00000, 396212.00000, 396212.00000, 0.00000, 0.00000, 0.94766, 0.87099, -0.15634, 0.28534, 1.00000, 0.00000
-4.37124, 1.70460, 1.50894, 4.92852, 2.76977, 1.25963, 0.00000, 0.00000, 0.00000, 0.00000, 0.00000, 0.00000, 0.91102, 3.63662, -1.43665, -1.19997, 0.00000, 0.00000
-4.85499, 0.43811, 0.72621, 4.92852, 3.05160, 1.42291, 1.00000, 255128.00000, 255128.00000, 255128.00000, 0.00000, 0.00000, 0.91102, 1.31474, -0.13162, -0.18312, 0.00000, 1.00000
-4.45876, 0.43315, 2.05481, 4.92853, 3.04475, 1.14074, 1.00000, 215618.00000, 215618.00000, 215618.00000, 0.00000, 0.00000, 0.90081, 2.22389, -0.24359, -0.98030, 0.00000, 1.00000
-4.62611, 0.87126, 1.44936, 4.92550, 2.95544, 1.27212, 0.00000, 0.00000, 0.00000, 0.00000, 0.00000, 0.00000, 0.94766, 2.02881, -0.36416, -0.66465, 0.00000, 0.00000
-4.35121, 2.14766, -0.78579, 4.91558, 2.68310, 1.73134, 1.00000, 417685.00000, 417685.00000, 417685.00000, 0.00000, 0.00000, 1.08598, 1.45965, -0.71592, 0.25627, 0.00000, 1.00000
-4.83686, 0.87622, 0.00000, 4.91558, 2.96238, 1.57080, 1.00000, 356993.00000, 356993.00000, 356993.00000, 0.00000, 0.00000, 1.08598, 1.22879, -0.22879, -0.00000, 1.00000, 0.00000
-4.35121, 2.14766, 0.78579, 4.91558, 2.68310, 1.41025, 0.00000, 0.00000, 0.00000, 0.00000, 0.00000, 0.00000, 1.08598, 2.99442, -1.46868, -0.52573, 0.00000, 0.00000
-4.58794, 1.75244, 0.00000, 4.91123, 2.77673, 1.57080, 0.00000, 0.00000, 0.00000, 0.00000, 0.00000, 0.00000, 1.14286, 1.61803, -0.61803, -0.00000, 0.00000, 0.00000
2.75567, 4.02561, 0.70086, 4.92853, 0.97053, 1.42811, 49.00000, 427719.00000, 13750.00000, 172177.10204, 13128544107.43857, 114579.85908, 0.90081, 0.36663, 0.52824, 0.10514, 0.89796, 0.10204
2.21782, 3.93313, 1.97536, 4.92852, 1.05736, 1.15840, 27.00000, 482949.00000, 43131.00000, 166911.62963, 14834579047.49246, 121797.28670, 0.91102, 0.27362, 0.47741, 0.24897, 0.85185, 0.14815
3.48430, 3.15040, 1.49161, 4.92852, 0.73511, 1.26333, 58.00000, 498766.00000, 18662.00000, 144310.00000, 14622537019.55172, 120923.68262, 0.91102, 0.42617, 0.38313, 0.19070, 0.87931, 0.12069
2.85909, 3.75484, 1.40973, 4.92550, 0.92001, 1.28053, 29.00000, 458953.00000, 46977.00000, 213450.55172, 16054395074.04043, 126705.93938, 0.94766, 0.35746, 0.47456, 0.16798, 0.72414, 0.27586
1.49161, 3.48430, 3.15040, 4.92852, 1.16631, 0.87732, 15.00000, 474110.00000, 42047.00000, 210334.73333, 17963104157.66222, 134026.50543, 0.91102, 0.19070, 0.42617, 0.38313, 0.93333, 0.06667
0.70086, 2.75567, 4.02561, 4.92853, 1.32174, 0.61496, 5.00000, 305006.00000, 179427.00000, 252592.40000, 1751032649.44000, 41845.34203, 0.90081, 0.10514, 0.36663, 0.52824, 0.80000, 0.20000
1.97536, 2.21782, 3.93313, 4.92852, 0.84316, 0.64677, 18.00000, 452661.00000, 34098.00000, 206237.77778, 15753884170.28395, 125514.47793, 0.91102, 0.24897, 0.27362, 0.47741, 1.00000, 0.00000
1.40973, 2.85909, 3.75484, 4.92550, 1.11271, 0.70390, 15.00000, 458607.00000, 69177.00000, 301023.46667, 11853656311.04889, 108874.49798, 0.94766, 0.16798, 0.35746, 0.47456, 0.80000, 0.20000
3.93313, 1.97536, 2.21782, 4.92852, 0.46544, 1.10403, 78.00000, 496914.00000, 17121.00000, 132336.06410, 14342418030.05999, 119759.83479, 0.91102, 0.47741, 0.24897, 0.27362, 0.89744, 0.10256
3.15040, 1.49161, 3.48430, 4.92852, 0.44220, 0.78559, 36.00000, 400159.00000, 19857.00000, 167344.75000, 10836270968.79861, 104097.41096, 0.91102, 0.38313, 0.19070, 0.42617, 0.91667, 0.08333
4.02561, 0.70086, 2.75567, 4.92853, 0.17237, 0.97747, 46.00000, 369918.00000, 18459.00000, 135767.73913, 10552431460.41021, 102725.02840, 0.90081, 0.52824, 0.10514, 0.36663, 0.89130, 0.10870
3.75484, 1.40973, 2.85909, 4.92550, 0.35916, 0.95149, 49.00000, 470792.00000, 10769.00000, 133653.51020, 13480307240.73969, 116104.72532, 0.94766, 0.47456, 0.16798, 0.35746, 0.93878, 0.06122
2.20355, 3.47499, 2.68919, 4.91558, 1.00567, 0.99193, 20.00000, 483162.00000, 57596.00000, 228932.50000, 12717604948.45000, 112772.35897, 1.08598, 0.26522, 0.41309, 0.32170, 0.80000, 0.20000
2.68919, 2.20355, 3.47499, 4.91558, 0.68646, 0.78564, 22.00000, 489156.00000, 24642.00000, 180698.68182, 19213685230.30785, 138613.43813, 1.08598, 0.32170, 0.26522, 0.41309, 0.90909, 0.09091
3.47499, 2.68919, 2.20355, 4.91558, 0.65860, 1.10596, 39.00000, 425852.00000, 14810.00000, 156852.41026, 14826043456.54964, 121762.24151, 1.08598, 0.41309, 0.32170, 0.26522, 0.89744, 0.10256
2.83550, 2.83550, 2.83550, 4.91123, 0.78540, 0.95532, 30.00000, 489546.00000, 39207.00000, 207297.33333, 17043545572.95555, 130550.93095, 1.14286, 0.33333, 0.33333, 0.33333, 0.86667, 0.13333
-0.43315, 2.05481, 4.45876, 4.92853, 1.77855, 0.44016, 1.00000, 188564.00000, 188564.00000, 188564.00000, 0.00000, 0.00000, 0.90081, -0.08228, 0.33112, 0.75116, 1.00000, 0.00000
-1.70460, 1.50894, 4.37124, 4.92852, 2.41700, 0.48015, 2.00000, 452801.00000, 173626.00000, 313213.50000, 19484670156.25000, 139587.50000, 0.91102, -0.42255, 0.35294, 1.06961, 1.00000, 0.00000
-0.43811, 0.72621, 4.85499, 4.92852, 2.11363, 0.17295, 2.00000, 250597.00000, 214235.00000, 232416.00000, 330548761.00000, 18181.00000, 0.91102, -0.09634, 0.13403, 0.96230, 1.00000, 0.00000
-0.87126, 1.44936, 4.62611, 4.92550, 2.11205, 0.35046, 1.00000, 147854.00000, 147854.00000, 147854.00000, 0.00000, 0.00000, 0.94766, -0.15634, 0.28534, 0.87099, 1.00000, 0.00000
-2.87963, 0.78273, 3.92241, 4.92852, 2.87619, 0.65037, 2.00000, 420108.00000, 93093.00000, 256600.50000, 26734702556.25000, 163507.50000, 0.91102, -1.48153, 0.40335, 2.07817, 1.00000, 0.00000
-3.75791, 0.00000, 3.18882, 4.92853, 3.14159, 0.86714, 0.00000, 0.00000, 0.00000, 0.00000, 0.00000, 0.00000, 0.90081, 8.64229, -0.00000, -7.64229, 0.00000, 0.00000
-2.87963, -0.78273, 3.92241, 4.92852, -2.87619, 0.65037, 0.00000, 0.00000, 0.00000, 0.00000, 0.00000, 0.00000, 0.91102, -7.66476, -2.08678, 10.75154, 0.00000, 0.00000
-3.21637, 0.00000, 3.73035, 4.92550, 3.14159, 0.71154, 0.00000, 0.00000, 0.00000, 0.00000, 0.00000, 0.00000, 0.94766, -8.06739, 0.00000, 9.06739, 0.00000, 0.00000
-0.43811, -0.72621, 4.85499, 4.92852, -2.11363, 0.17295, 0.00000, 0.00000, 0.00000, 0.00000, 0.00000, 0.00000, 0.91102, -0.13162, -0.18312, 1.31474, 0.00000, 0.00000
-1.70460, -1.50894, 4.37124, 4.92852, -2.41700, 0.48015, 1.00000, 442970.00000, 442970.00000, 442970.00000, 0.00000, 0.00000, 0.91102, -1.43665, -1.19997, 3.63662, 0.00000, 1.00000
-0.43315, -2.05481, 4.45876, 4.92853, -1.77855, 0.44016, 1.00000, 221470.00000, 221470.00000, 221470.00000, 0.00000, 0.00000, 0.90081, -0.24359, -0.98030, 2.22389, 1.00000, 0.00000
-0.87126, -1.44936, 4.62611, 4.92550, -2.11205, 0.35046, 1.00000, 124558.00000, 124558.00000, 124558.00000, 0.00000, 0.00000, 0.94766, -0.36416, -0.66465, 2.02881, 1.00000, 0.00000
-2.14766, 0.78579, 4.35121, 4.91558, 2.79084, 0.48390, 0.00000, 0.00000, 0.00000, 0.00000, 0.00000, 0.00000, 1.08598, -0.71592, 0.25627, 1.45965, 0.00000, 0.00000
-2.14766, -0.78579, 4.35121, 4.91558, -2.79084, 0.48390, 1.00000, 446239.00000, 446239.00000, 446239.00000, 0.00000, 0.00000, 1.08598, -1.46868, -0.52573, 2.99442, 1.00000, 0.00000
-0.87622, 0.00000, 4.83686, 4.91558, 3.14159, 0.17921, 2.00000, 448836.00000, 284641.00000, 366738.50000, 6739999506.25000, 82097.50000, 1.08598, -0.22879, 0.00000, 1.22879, 0.50000, 0.50000
-1.75244, 0.00000, 4.58794, 4.91123, 3.14159, 0.36486, 5.00000, 497694.00000, 173291.00000, 360883.80000, 13753596990.16000, 117275.73061, 1.14286, -0.61803, 0.00000, 1.61803, 0.60000, 0.40000
-4.45876, -0.43315, 2.05481, 4.92853, -3.04475, 1.14074, 0.00000, 0.00000, 0.00000, 0.00000, 0.00000, 0.00000, 0.90081, 1.49537, 0.16379, -0.65917, 0.00000, 0.00000
-4.85499, -0.43811, 0.72621, 4.92852, -3.05160, 1.42291, 0.00000, 0.00000, 0.00000, 0.00000, 0.00000, 0.00000, 0.91102, 1.04077, 0.10419, -0.14496, 0.00000, 0.00000
-4.37124, -1.70460, 1.50894, 4.92852, -2.76977, 1.25963, 0.00000, 0.00000, 0.00000, 0.00000, 0.00000, 0.00000, 0.91102, 0.93889, 0.37091, -0.30980, 0.00000, 0.00000
-4.62611, -0.87126, 1.44936, 4.92550, -2.95544, 1.27212, 0.00000, 0.00000, 0.00000, 0.00000, 0.00000, 0.00000, 0.94766, 1.17386, 0.21070, -0.38457, 0.00000, 0.00000
-4.85499, -0.43811, -0.72621, 4.92852, -3.05160, 1.71868, 1.00000, 491766.00000, 491766.00000, 491766.00000, 0.00000, 0.00000, 0.91102, 0.80685, 0.08077, 0.11238, 0.00000, 1.00000
-4.45876, -0.43315, -2.05481, 4.92853, -3.04475, 2.00085, 1.00000, 285096.00000, 285096.00000, 285096.00000, 0.00000, 0.00000, 0.90081, 0.64502, 0.07065, 0.28433, 0.00000, 1.00000
-4.37124, -1.70460, -1.50894, 4.92852, -2.76977, 1.88196, 1.00000, 121290.00000, 121290.00000, 121290.00000, 0.00000, 0.00000, 0.91102, 0.57970, 0.22901, 0.19128, 0.00000, 1.00000
-4.62611, -0.87126, -1.44936, 4.92550, -2.95544, 1.86947, 1.00000, 484449.00000, 484449.00000, 484449.00000, 0.00000, 0.00000, 0.94766, 0.66353, 0.11910, 0.21738, 0.00000, 1.00000
-3.92241, -2.87963, 0.78273, 4.92852, -2.50831, 1.41130, 0.00000, 0.00000, 0.00000, 0.00000, 0.00000, 0.00000, 0.91102, 0.65841, 0.46938, -0.12779, 0.00000, 0.00000
-3.92241, -2.87963, -0.78273, 4.92852, -2.50831, 1.73029, 1.00000, 260212.00000, 260212.00000, 260212.00000, 0.00000, 0.00000, 0.91102, 0.52439, 0.37383, 0.10178, 0.00000, 1.00000
-3.18882, -3.75791, 0.00000, 4.92853, -2.27446, 1.57080, 0.00000, 0.00000, 0.00000, 0.00000, 0.00000, 0.00000, 0.90081, 0.46930, 0.53070, 0.00000, 0.00000, 0.00000
-3.73035, -3.21637, 0.00000, 4.92550, -2.43005, 1.57080, 0.00000, 0.00000, 0.00000, 0.00000, 0.00000, 0.00000, 0.94766, 0.52918, 0.47082, -0.00000, 0.00000, 0.00000
-4.83686, -0.87622, 0.00000, 4.91558, -2.96238, 1.57080, 0.00000, 0.00000, 0.00000, 0.00000, 0.00000, 0.00000, 1.08598, 0.84303, 0.15697, -0.00000, 0.00000, 0.00000
-4.35121, -2.14766, -0.78579, 4.91558, -2.68310, 1.73134, 0.00000, 0.00000, 0.00000, 0.00000, 0.00000, 0.00000, 1.08598, 0.60022, 0.29439, 0.10538, 0.00000, 0.00000
-4.35121, -2.14766, 0.78579, 4.91558, -2.68310, 1.41025, 0.00000, 0.00000, 0.00000, 0.00000, 0.00000, 0.00000, 1.08598, 0.76051, 0.37301, -0.13352, 0.00000, 0.00000
-4.58794, -1.75244, 0.00000, 4.91123, -2.77673, 1.57080, 0.00000, 0.00000, 0.00000, 0.00000, 0.00000, 0.00000, 1.14286, 0.72361, 0.27639, -0.00000, 0.00000, 0.00000
-3.75791, 0.00000, -3.18882, 4.92853, 3.14159, 2.27446, 0.00000, 0.00000, 0.00000, 0.00000, 0.00000, 0.00000, 0.90081, 0.53070, -0.00000, 0.46930, 0.00000, 0.00000
-2.87963, 0.78273, -3.92241, 4.92852, 2.87619, 2.49122, 3.00000, 383693.00000, 260693.00000, 316340.66667, 2589999610.88889, 50892.03878, 0.91102, 0.46938, -0.12779, 0.65841, 0.00000, 1.00000
-2.87963, -0.78273, -3.92241, 4.92852, -2.87619, 2.49122, 1.00000, 217342.00000, 217342.00000, 217342.00000, 0.00000, 0.00000, 0.91102, 0.37383, 0.10178, 0.52439, 0.00000, 1.00000
-3.21637, 0.00000, -3.73035, 4.92550, 3.14159, 2.43005, 2.00000, 429962.00000, 338530.00000, 384246.00000, 2089952656.00000, 45716.00000, 0.94766, 0.47082, 0.00000, 0.52918, 0.50000, 0.50000
-1.70460, 1.50894, -4.37124, 4.92852, 2.41700, 2.66145, 9.00000, 417896.00000, 89720.00000, 241206.55556, 12509591786.02469, 111846.28642, 0.91102, 0.37091, -0.30980, 0.93889, 0.22222, 0.77778
-0.43315, 2.05481, -4.45876, 4.92853, 1.77855, 2.70143, 11.00000, 335351.00000, 29942.00000, 192191.90909, 11764564227.53719, 108464.57591, 0.90081, 0.16379, -0.65917, 1.49537, 0.09091, 0.90909
-0.43811, 0.72621, -4.85499, 4.92852, 2.11363, 2.96865, 12.00000, 322984.00000, 33240.00000, 137099.00000, 4859655092.00000, 69711.22644, 0.91102, 0.10419, -0.14496, 1.04077, 0.08333, 0.91667
-0.87126, 1.44936, -4.62611, 4.92550, 2.11205, 2.79113, 7.00000, 432178.00000, 157929.00000, 254590.71429, 7896237883.91837, 88860.77810, 0.94766, 0.21070, -0.38457, 1.17386, 0.42857, 0.57143
-1.70460, -1.50894, -4.37124, 4.92852, -2.41700, 2.66145, 3.00000, 394078.00000, 195747.00000, 263513.66667, 8527637729.55555, 92345.20956, 0.91102, 0.22901, 0.19128, 0.57970, 0.00000, 1.00000
-0.43811, -0.72621, -4.85499, 4.92852, -2.11363, 2.96865, 9.00000, 433989.00000, 41390.00000, 202358.66667, 13020038385.55556, 114105.38281, 0.91102, 0.08077, 0.11238, 0.80685, 0.22222, 0.77778
-0.43315, -2.05481, -4.45876, 4.92853, -1.77855, 2.70143, 7.00000, 332774.00000, 131652.00000, 224789.14286, 5386943741.83674, 73395.80194, 0.90081, 0.07065, 0.28433, 0.64502, 0.14286, 0.85714
-0.87126, -1.44936, -4.62611, 4.92550, -2.11205, 2.79113, 11.00000, 392807.00000, 75479.00000, 204357.72727, 12846242100.38017, 113341.26389, 0.94766, 0.11910, 0.21738, 0.66353, 0.18182, 0.81818
-2.14766, 0.78579, -4.35121, 4.91558, 2.79084, 2.65769, 7.00000, 458959.00000, 68145.00000, 305232.42857, 21423000366.24490, 146365.98090, 1.08598, 0.37301, -0.13352, 0.76051, 0.00000, 1.00000
-0.87622, 0.00000, -4.83686, 4.91558, 3.14159, 2.96238, 11.00000, 470517.00000, 88700.00000, 248396.72727, 14855562135.10744, 121883.39565, 1.08598, 0.15697, 0.00000, 0.84303, 0.09091, 0.90909
-2.14766, -0.78579, -4.35121, 4.91558, -2.79084, 2.65769, 4.00000, 257187.00000, 159549.00000, 217603.25000, 1285604589.18750, 35855.32860, 1.08598, 0.29439, 0.10538, 0.60022, 0.00000, 1.00000
-1.75244, 0.00000, -4.58794, 4.91123, 3.14159, 2.77673, 2.00000, 393586.00000, 128240.00000, 260913.00000, 17602124929.00000, 132673.00000, 1.14286, 0.27639, 0.00000, 0.72361, 0.00000, 1.00000
0.70086, 2.75567, -4.02561, 4.92853, 1.32174, 2.52663, 17.00000, 455455.00000, 51202.00000, 221581.11765, 18656950292.57439, 136590.44730, 0.90081, -1.86160, -6.49176, 9.35336, 0.23529, 0.76471
1.49161, 3.48430, -3.15040, 4.92852, 1.16631, 2.26428, 25.00000, 442168.00000, 33494.00000, 164008.32000, 10912555007.09760, 104463.17536, 0.91102, 0.81587, 1.82322, -1.63909, 0.44000, 0.56000
1.97536, 2.21782, -3.93313, 4.92852, 0.84316, 2.49482, 57.00000, 489347.00000, 29018.00000, 156438.56140, 11517190978.42167, 107318.17637, 0.91102, 5.51065, 6.05607, -10.56672, 0.17544, 0.82456
1.40973, 2.85909, -3.75484, 4.92550, 1.11271, 2.43770, 23.00000, 420669.00000, 50153.00000, 202149.86957, 13096091740.80907, 114438.15684, 0.94766, 3.30198, 7.02665, -9.32863, 0.26087, 0.73913
2.21782, 3.93313, -1.97536, 4.92852, 1.05736, 1.98319, 34.00000, 439776.00000, 37316.00000, 169402.05882, 11716136053.58478, 108241.10150, 0.91102, 0.54500, 0.95092, -0.49591, 0.52941, 0.47059
2.75567, 4.02561, -0.70086, 4.92853, 0.97053, 1.71348, 41.00000, 496725.00000, 17483.00000, 156660.51220, 15284341657.90839, 123629.85747, 0.90081, 0.46424, 0.66888, -0.13313, 0.68293, 0.31707
3.48430, 3.15040, -1.49161, 4.92852, 0.73511, 1.87827, 78.00000, 459096.00000, 17126.00000, 135193.01282, 10344196418.42291, 101706.42270, 0.91102, 0.68893, 0.61936, -0.30829, 0.60256, 0.39744
2.85909, 3.75484, -1.40973, 4.92550, 0.92001, 1.86107, 31.00000, 462223.00000, 32682.00000, 182921.48387, 15717400254.44329, 125369.05621, 0.94766, 0.53830, 0.71466, -0.25296, 0.41935, 0.58065
3.15040, 1.49161, -3.48430, 4.92852, 0.44220, 2.35600, 91.00000, 412282.00000, 8873.00000, 136611.07692, 10297641752.40068, 101477.29673, 0.91102, 2.59457, 1.29147, -2.88604, 0.29670, 0.70330
3.93313, 1.97536, -2.21782, 4.92852, 0.46544, 2.03756, 132.00000, 490232.00000, 11528.00000, 137658.53788, 15460606569.49099, 124340.68751, 0.91102, 1.05443, 0.54989, -0.60432, 0.37121, 0.62879
4.02561, 0.70086, -2.75567, 4.92853, 0.17237, 2.16413, 133.00000, 497027.00000, 12573.00000, 107570.27068, 12878905431.40042, 113485.26526, 0.90081, 1.98030, 0.39414, -1.37444, 0.27820, 0.72180
3.75484, 1.40973, -2.85909, 4.92550, 0.35916, 2.19010, 118.00000, 489493.00000, 12787.00000, 122380.49153, 11082247482.87705, 105272.25410, 0.94766, 1.66465, 0.58922, -1.25387, 0.29661, 0.70339
2.20355, 3.47499, -2.68919, 4.91558, 1.00567, 2.14966, 45.00000, 442385.00000, 30594.00000, 186983.40000, 13559036890.10667, 116443.27757, 1.08598, 0.74373, 1.15838, -0.90211, 0.44444, 0.55556
3.47499, 2.68919, -2.20355, 4.91558, 0.65860, 2.03563, 67.00000, 467398.00000, 20984.00000, 134832.76119, 8848945491.67431, 94068.83380, 1.08598, 0.87972, 0.68510, -0.56481, 0.40299, 0.59701
2.68919, 2.20355, -3.47499, 4.91558, 0.68646, 2.35595, 45.00000, 469893.00000, 15077.00000, 153688.26667, 13355744741.21778, 115567.05734, 1.08598, 1.85065, 1.52573, -2.37638, 0.22222, 0.77778
2.83550, 2.83550, -2.83550, 4.91123, 0.78540, 2.18628, 65.00000, 478417.00000, 24337.00000, 176182.12308, 14781510709.95408, 121579.23634, 1.14286, 1.00000, 1.00000, -1.00000, 0.36923, 0.63077
2.75567, -4.02561, 0.70086, 4.92853, -0.97053, 1.42811, 12.00000, 442898.00000, 69028.00000, 225287.91667, 17768110800.24305, 133297.07724, 0.90081, -6.49176, 9.35336, -1.86160, 0.83333, 0.16667
3.48430, -3.15040, 1.49161, 4.92852, -0.73511, 1.26333, 24.00000, 479968.00000, 63568.00000, 207649.66667, 11912144827.22222, 109142.77268, 0.91102, 1.82322, -1.63909, 0.81587, 0.62500, 0.37500
2.21782, -3.93313, 1.97536, 4.92852, -1.05736, 1.15840, 8.00000, 474228.00000, 90685.00000, 308983.75000, 13879509644.43750, 117811.33071, 0.91102, 6.05607, -10.56672, 5.51065, 0.37500, 0.62500
2.85909, -3.75484, 1.40973, 4.92550, -0.92001, 1.28053, 9.00000, 443090.00000, 74332.00000, 294999.88889, 11276414988.32099, 106190.46562, 0.94766, 7.02665, -9.32863, 3.30198, 0.55556, 0.44444
3.93313, -1.97536, 2.21782, 4.92852, -0.46544, 1.10403, 37.00000, 452818.00000, 38700.00000, 173069.97297, 13832578766.83711, 117611.98394, 0.91102, 0.95092, -0.49591, 0.54500, 0.70270, 0.29730
4.02561, -0.70086, 2.75567, 4.92853, -0.17237, 0.97747, 37.00000, 482206.00000, 21135.00000, 143317.02703, 14208669250.99927, 119200.12270, 0.90081, 0.66888, -0.13313, 0.46424, 0.75676, 0.24324
3.15040, -1.49161, 3.48430, 4.92852, -0.44220, 0.78559, 18.00000, 498687.00000, 42940.00000, 223779.88889, 14388147581.54321, 119950.60476, 0.91102, 0.61936, -0.30829, 0.68893, 0.88889, 0.11111
3.75484, -1.40973, 2.85909, 4.92550, -0.35916, 0.95149, 26.00000, 466858.00000, 46070.00000, 201541.26923, 21551130518.65828, 146803.03307, 0.94766, 0.71466, -0.25296, 0.53830, 0.80769, 0.19231
1.49161, -3.48430, 3.15040, 4.92852, -1.16631, 0.87732, 8.00000, 492336.00000, 49996.00000, 190780.25000, 18361521751.43750, 135504.69273, 0.91102, 1.29147, -2.88604, 2.59457, 1.00000, 0.00000
1.97536, -2.21782, 3.93313, 4.92852, -0.84316, 0.64677, 9.00000, 437847.00000, 84519.00000, 266159.88889, 13320111268.09876, 115412.78642, 0.91102, 0.54989, -0.60432, 1.05443, 0.55556, 0.44444
0.70086, -2.75567, 4.02561, 4.92853, -1.32174, 0.61496, 5.00000, 485812.00000, 132754.00000, 332265.60000, 14656584317.44000, 121064.38088, 0.90081, 0.39414, -1.37444, 1.98030, 1.00000, 0.00000
1.40973, -2.85909, 3.75484, 4.92550, -1.11271, 0.70390, 3.00000, 337764.00000, 172734.00000, 241161.66667, 4936056070.88889, 70257.07132, 0.94766, 0.58922, -1.25387, 1.66465, 1.00000, 0.00000
3.47499, -2.68919, 2.20355, 4.91558, -0.65860, 1.10596, 13.00000, 421032.00000, 74098.00000, 252279.07692, 9453306872.99408, 97228.11771, 1.08598, 1.15838, -0.90211, 0.74373, 0.69231, 0.30769
2.68919, -2.20355, 3.47499, 4.91558, -0.68646, 0.78564, 14.00000, 443481.00000, 73296.00000, 274757.07143, 9707287073.92347, 98525.56559, 1.08598, 0.68510, -0.56481, 0.87972, 0.71429, 0.28571
2.20355, -3.47499, 2.68919, 4.91558, -1.00567, 0.99193, 7.00000, 441895.00000, 121485.00000, 220294.00000, 11119491151.14286, 105448.99787, 1.08598, 1.52573, -2.37638, 1.85065, 0.57143, 0.42857
2.83550, -2.83550, 2.83550, 4.91123, -0.78540, 0.95532, 15.00000, 461023.00000, 38854.00000, 175863.86667, 9614280617.58222, 98052.43810, 1.14286, 1.00000, -1.00000, 1.00000, 0.86667, 0.13333
2.05481, -4.45876, 0.43315, 4.92853, -1.13896, 1.48280, 8.00000, 383161.00000, 34341.00000, 207856.37500, 16904804539.98438, 130018.47769, 0.90081, -0.98030, 2.22389, -0.24359, 0.37500, 0.62500
1.50894, -4.37124, 1.70460, 4.92852, -1.23841, 1.21764, 5.00000, 345588.00000, 89281.00000, 252231.80000, 11512241442.56000, 107295.11379, 0.91102, -1.19997, 3.63662, -1.43665, 0.60000, 0.40000
0.72621, -4.85499, 0.43811, 4.92852, -1.42232, 1.48179, 5.00000, 383138.00000, 210138.00000, 295377.60000, 3939897661.04000, 62768.60410, 0.91102, -0.18312, 1.31474, -0.13162, 0.20000, 0.80000
1.44936, -4.62611, 0.87126, 4.92550, -1.26718, 1.39297, 2.00000, 358948.00000, 207202.00000, 283075.00000, 5756712129.00000, 75873.00000, 0.94766, -0.66465, 2.02881, -0.36416, 0.50000, 0.50000
0.78273, -3.92241, 2.87963, 4.92852, -1.37383, 0.94680, 0.00000, 0.00000, 0.00000, 0.00000, 0.00000, 0.00000, 0.91102, -2.08678, 10.75154, -7.66476, 0.00000, 0.00000
0.00000, -3.18882, 3.75791, 4.92853, -1.57080, 0.70366, 1.00000, 475054.00000, 475054.00000, 475054.00000, 0.00000, 0.00000, 0.90081, 0.00000, -7.64229, 8.64229, 1.00000, 0.00000
-0.78273, -3.92241, 2.87963, 4.92852, -1.76776, 0.94680, 3.00000, 472702.00000, 423599.00000, 444816.66667, 424079657.55556, 20593.19445, 0.91102, 0.40335, 2.07817, -1.48153, 0.33333, 0.66667
0.00000, -3.73035, 3.21637, 4.92550, -1.57080, 0.85925, 0.00000, 0.00000, 0.00000, 0.00000, 0.00000, 0.00000, 0.94766, -0.00000, 9.06739, -8.06739, 0.00000, 0.00000
-0.72621, -4.85499, 0.43811, 4.92852, -1.71928, 1.48179, 4.00000, 451624.00000, 149120.00000, 304135.75000, 12745026107.18750, 112893.87099, 0.91102, 0.13403, 0.96230, -0.09634, 0.50000, 0.50000
-1.50894, -4.37124, 1.70460, 4.92852, -1.90319, 1.21764, 0.00000, 0.00000, 0.00000, 0.00000, 0.00000, 0.00000, 0.91102, 0.35294, 1.06961, -0.42255, 0.00000, 0.00000
-2.05481, -4.45876, 0.43315, 4.92853, -2.00263, 1.48280, 0.00000, 0.00000, 0.00000, 0.00000, 0.00000, 0.00000, 0.90081, 0.33112, 0.75116, -0.08228, 0.00000, 0.00000
-1.44936, -4.62611, 0.87126, 4.92550, -1.87441, 1.39297, 0.00000, 0.00000, 0.00000, 0.00000, 0.00000, 0.00000, 0.94766, 0.28534, 0.87099, -0.15634, 0.00000, 0.00000
0.78579, -4.35121, 2.14766, 4.91558, -1.39213, 1.11864, 3.00000, 345533.00000, 181216.00000, 277555.66667, 4902223724.22222, 70015.88194, 1.08598, -0.52573, 2.99442, -1.46868, 0.33333, 0.66667
-0.78579, -4.35121, 2.14766, 4.91558, -1.74946, 1.11864, 1.00000, 289023.00000, 289023.00000, 289023.00000, 0.00000, 0.00000, 1.08598, 0.25627, 1.45965, -0.71592, 1.00000, 0.00000
0.00000, -4.83686, 0.87622, 4.91558, -1.57080, 1.39159, 4.00000, 445279.00000, 126886.00000, 261376.75000, 13310751501.68750, 115372.23020, 1.08598, -0.00000, 1.22879, -0.22879, 0.50000, 0.50000
0.00000, -4.58794, 1.75244, 4.91123, -1.57080, 1.20593, 3.00000, 336190.00000, 141034.00000, 269486.00000, 8254051808.00000, 90851.81235, 1.14286, -0.00000, 1.61803, -0.61803, 1.00000, 0.00000
2.05481, -4.45876, -0.43315, 4.92853, -1.13896, 1.65880, 14.00000, 415842.00000, 61344.00000, 250215.35714, 11409498225.37245, 106815.25277, 0.90081, -0.65917, 1.49537, 0.16379, 0.35714, 0.64286
0.72621, -4.85499, -0.43811, 4.92852, -1.42232, 1.65981, 5.00000, 468991.00000, 82318.00000, 238424.60000, 20379077491.04000, 142755.30635, 0.91102, -0.14496, 1.04077, 0.10419, 0.20000, 0.80000
1.50894, -4.37124, -1.70460, 4.92852, -1.23841, 1.92396, 13.00000, 441203.00000, 82333.00000, 223100.38462, 9060738747.15976, 95187.91282, 0.91102, -0.30980, 0.93889, 0.37091, 0.07692, 0.92308
1.44936, -4.62611, -0.87126, 4.92550, -1.26718, 1.74862, 6.00000, 390752.00000, 118295.00000, 275185.00000, 8046947606.33333, 89704.78029, 0.94766, -0.38457, 1.17386, 0.21070, 0.33333, 0.66667
-0.72621, -4.85499, -0.43811, 4.92852, -1.71928, 1.65981, 4.00000, 416743.00000, 151778.00000, 242780.50000, 11141250631.25000, 105552.12282, 0.91102, 0.11238, 0.80685, 0.08077, 0.50000, 0.50000
-2.05481, -4.45876, -0.43315, 4.92853, -2.00263, 1.65880, 2.00000, 330080.00000, 229688.00000, 279884.00000, 2519638416.00000, 50196.00000, 0.90081, 0.28433, 0.64502, 0.07065, 0.00000, 1.00000
-1.50894, -4.37124, -1.70460, 4.92852, -1.90319, 1.92396, 7.00000, 414006.00000, 257175.00000, 333379.14286, 3477202934.40816, 58967.81270, 0.91102, 0.19128, 0.57970, 0.22901, 0.00000, 1.00000
-1.44936, -4.62611, -0.87126, 4.92550, -1.87441, 1.74862, 2.00000, 411415.00000, 294782.00000, 353098.50000, 3400814172.25000, 58316.50000, 0.94766, 0.21738, 0.66353, 0.11910, 0.50000, 0.50000
0.78273, -3.92241, -2.87963, 4.92852, -1.37383, 2.19479, 13.00000, 487252.00000, 48807.00000, 267254.53846, 17470941370.09468, 132177.68862, 0.91102, -0.12779, 0.65841, 0.46938, 0.23077, 0.76923
-0.78273, -3.92241, -2.87963, 4.92852, -1.76776, 2.19479, 3.00000, 271471.00000, 51330.00000, 180147.66667, 8779922496.22222, 93701.24063, 0.91102, 0.10178, 0.52439, 0.37383, 0.66667, 0.33333
0.00000, -3.18882, -3.75791, 4.92853, -1.57080, 2.43793, 6.00000, 322584.00000, 77106.00000, 222167.50000, 6137750537.25000, 78343.79706, 0.90081, 0.00000, 0.46930, 0.53070, 0.00000, 1.00000
0.00000, -3.73035, -3.21637, 4.92550, -1.57080, 2.28234, 7.00000, 441332.00000, 136039.00000, 273658.42857, 14087735211.95918, 118691.76556, 0.94766, -0.00000, 0.52918, 0.47082, 0.28571, 0.71429
0.00000, -4.83686, -0.87622, 4.91558, -1.57080, 1.75001, 8.00000, 493336.00000, 280053.00000, 395190.62500, 5552685429.98438, 74516.34338, 1.08598, -0.00000, 0.84303, 0.15697, 0.00000, 1.00000
-0.78579, -4.35121, -2.14766, 4.91558, -1.74946, 2.02296, 3.00000, 493903.00000, 155621.00000, 295636.66667, 20769022004.22223, 144114.61412, 1.08598, 0.10538, 0.60022, 0.29439, 0.00000, 1.00000
0.78579, -4.35121, -2.14766, 4.91558, -1.39213, 2.02296, 6.00000, 334201.00000, 102611.00000, 258354.33333, 6284575152.88889, 79275.31238, 1.08598, -0.13352, 0.76051, 0.37301, 0.50000, 0.50000
0.00000, -4.58794, -1.75244, 4.91123, -1.57080, 1.93566, 6.00000, 379595.00000, 185642.00000, 295775.50000, 4620986632.58333, 67977.83928, 1.14286, -0.00000, 0.72361, 0.27639, 0.33333, 0.66667
2.75567, -4.02561, -0.70086, 4.92853, -0.97053, 1.71348, 18.00000, 449172.00000, 28020.00000, 165546.61111, 9236740636.12654, 96107.96344, 0.90081, -1.37444, 1.98030, 0.39414, 0.16667, 0.83333
2.21782, -3.93313, -1.97536, 4.92852, -1.05736, 1.98319, 27.00000, 490512.00000, 28851.00000, 248258.96296, 20627417890.18382, 143622.48393, 0.91102, -0.60432, 1.05443, 0.54989, 0.29630, 0.70370
3.48430, -3.15040, -1.49161, 4.92852, -0.73511, 1.87827, 39.00000, 490239.00000, 25541.00000, 179153.66667, 15184368226.17094, 123224.86854, 0.91102, -2.88604, 2.59457, 1.29147, 0.28205, 0.71795
2.85909, -3.75484, -1.40973, 4.92550, -0.92001, 1.86107, 22.00000, 469616.00000, 52927.00000, 202092.22727, 13390649502.53925, 115717.97398, 0.94766, -1.25387, 1.66465, 0.58922, 0.31818, 0.68182
1.49161, -3.48430, -3.15040, 4.92852, -1.16631, 2.26428, 18.00000, 460617.00000, 42948.00000, 201080.88889, 12109605777.87654, 110043.65396, 0.91102, -0.30829, 0.68893, 0.61936, 0.05556, 0.94444
0.70086, -2.75567, -4.02561, 4.92853, -1.32174, 2.52663, 12.00000, 445907.00000, 79687.00000, 202619.08333, 11450932740.07639, 107009.03111, 0.90081, -0.13313, 0.46424, 0.66888, 0.41667, 0.58333
1.97536, -2.21782, -3.93313, 4.92852, -0.84316, 2.49482, 34.00000, 453257.00000, 38854.00000, 185267.64706, 15157619954.34602, 123116.28631, 0.91102, -0.49591, 0.54500, 0.95092, 0.17647, 0.82353
1.40973, -2.85909, -3.75484, 4.92550, -1.11271, 2.43770, 20.00000, 434880.00000, 46086.00000, 168886.55000, 13589304393.64750, 116573.17184, 0.94766, -0.25296, 0.53830, 0.71466, 0.15000, 0.85000
3.93313, -1.97536, -2.21782, 4.92852, -0.46544, 2.03756, 69.00000, 472047.00000, 15971.00000, 148215.49275, 14461889283.58328, 120257.59553, 0.91102, -10.56672, 5.51065, 6.05607, 0.23188, 0.76812
3.15040, -1.49161, -3.48430, 4.92852, -0.44220, 2.35600, 82.00000, 463435.00000, 18996.00000, 145103.60976, 15439992811.11600, 124257.76761, 0.91102, -1.63909, 0.81587, 1.82322, 0.06098, 0.93902
4.02561, -0.70086, -2.75567, 4.92853, -0.17237, 2.16413, 105.00000, 490715.00000, 7844.00000, 88430.38095, 7322541008.78821, 85571.84706, 0.90081, 9.35336, -1.86160, -6.49176, 0.12381, 0.87619
3.75484, -1.40973, -2.85909, 4.92550, -0.35916, 2.19010, 75.00000, 489533.00000, 18478.00000, 113713.49333, 12264087330.72995, 110743.33989, 0.94766, -9.32863, 3.30198, 7.02665, 0.17333, 0.82667
2.20355, -3.47499, -2.68919, 4.91558, -1.00567, 2.14966, 15.00000, 447683.00000, 43551.00000, 190360.80000, 13129200434.96000, 114582.72311, 1.08598, -0.56481, 0.87972, 0.68510, 0.33333, 0.66667
2.68919, -2.20355, -3.47499, 4.91558, -0.68646, 2.35595, 37.00000, 364974.00000, 19269.00000, 109662.24324, 5710856848.34624, 75570.21138, 1.08598, -0.90211, 0.74373, 1.15838, 0.08108, 0.91892
3.47499, -2.68919, -2.20355, 4.91558, -0.65860, 2.03563, 42.00000, 441158.00000, 21904.00000, 142945.35714, 12490727694.42007, 111761.92417, 1.08598, -2.37638, 1.85065, 1.52573, 0.30952, 0.69048
2.83550, -2.83550, -2.83550, 4.91123, -0.78540, 2.18628, 33.00000, 465102.00000, 30296.00000, 140391.03030, 9057338457.05969, 95170.05021, 1.14286, -1.00000, 1.00000, 1.00000, 0.18182, 0.81818
3.18882, -3.75791, 0.00000, 4.92853, -0.86714, 1.57080, 20.00000, 417195.00000, 34257.00000, 177675.40000, 13236673014.94000, 115050.74104, 0.90081, -7.64229, 8.64229, -0.00000, 0.25000, 0.75000
3.92241, -2.87963, -0.78273, 4.92852, -0.63328, 1.73029, 55.00000, 457722.00000, 27529.00000, 216721.25455, 15670474625.97157, 125181.76635, 0.91102, 10.75154, -7.66476, -2.08678, 0.47273, 0.52727
3.92241, -2.87963, 0.78273, 4.92852, -0.63328, 1.41130, 30.00000, 445415.00000, 24920.00000, 148091.83333, 11583704590.73889, 107627.62002, 0.91102, 2.07817, -1.48153, 0.40335, 0.66667, 0.33333
3.73035, -3.21637, 0.00000, 4.92550, -0.71154, 1.57080, 30.00000, 480215.00000, 45726.00000, 230308.60000, 22981061364.44000, 151595.05719, 0.94766, 9.06739, -8.06739, 0.00000, 0.46667, 0.53333
4.37124, -1.70460, -1.50894, 4.92852, -0.37182, 1.88196, 108.00000, 466872.00000, 13596.00000, 125722.63889, 11726519052.23071, 108289.05324, 0.91102, 3.63662, -1.43665, -1.19997, 0.39815, 0.60185
4.45876, -0.43315, -2.05481, 4.92853, -0.09684, 2.00085, 139.00000, 497035.00000, 12938.00000, 101527.77698, 11009611239.26681, 104926.69460, 0.90081, 2.22389, -0.24359, -0.98030, 0.27338, 0.72662
4.85499, -0.43811, -0.72621, 4.92852, -0.09000, 1.71868, 134.00000, 468317.00000, 15985.00000, 107808.79851, 8805832444.36985, 93839.39708, 0.91102, 1.31474, -0.13162, -0.18312, 0.54478, 0.45522
4.62611, -0.87126, -1.44936, 4.92550, -0.18616, 1.86947, 89.00000, 418077.00000, 11419.00000, 131102.92135, 11458847008.00505, 107046.00417, 0.94766, 2.02881, -0.36416, -0.66465, 0.44944, 0.55056
4.37124, -1.70460, 1.50894, 4.92852, -0.37182, 1.25963, 66.00000, 479569.00000, 27418.00000, 158421.83333, 14460355247.62374, 120251.21724, 0.91102, 1.06961, -0.42255, 0.35294, 0.78788, 0.21212
4.85499, -0.43811, 0.72621, 4.92852, -0.09000, 1.42291, 131.00000, 443838.00000, 14171.00000, 120821.07634, 9925291934.78807, 99625.75939, 0.91102, 0.96230, -0.09634, 0.13403, 0.71756, 0.28244
4.45876, -0.43315, 2.05481, 4.92853, -0.09684, 1.14074, 65.00000, 417984.00000, 14131.00000, 125250.20000, 11296266586.86769, 106283.89618, 0.90081, 0.75116, -0.08228, 0.33112, 0.80000, 0.20000
4.62611, -0.87126, 1.44936, 4.92550, -0.18616, 1.27212, 70.00000, 489977.00000, 14756.00000, 132606.32857, 12734613352.93490, 112847.74412, 0.94766, 0.87099, -0.15634, 0.28534, 0.85714, 0.14286
4.35121, -2.14766, -0.78579, 4.91558, -0.45850, 1.73134, 45.00000, 448008.00000, 31144.00000, 137394.06667, 9396361911.48445, 96934.83332, 1.08598, 2.99442, -1.46868, -0.52573, 0.51111, 0.48889
4.83686, -0.87622, 0.00000, 4.91558, -0.17921, 1.57080, 65.00000, 463062.00000, 14108.00000, 122919.95385, 9044450473.21325, 95102.31581, 1.08598, 1.22879, -0.22879, 0.00000, 0.61538, 0.38462
4.35121, -2.14766, 0.78579, 4.91558, -0.45850, 1.41025, 44.00000, 478525.00000, 20879.00000, 155262.90909, 11653689229.53719, 107952.25440, 1.08598, 1.45965, -0.71592, 0.25627, 0.54545, 0.45455
4.58794, -1.75244, 0.00000, 4.91123, -0.36486, 1.57080, 68.00000, 468579.00000, 20067.00000, 141836.45588, 12114969900.89511, 110068.02397, 1.14286, 1.61803, -0.61803, 0.00000, 0.57353, 0.42647
0.43315, -2.05481, 4.45876, 4.92853, -1.36304, 0.44016, 1.00000, 363699.00000, 363699.00000, 363699.00000, 0.00000, 0.00000, 0.90081, 0.16379, -0.65917, 1.49537, 1.00000, 0.00000
1.70460, -1.50894, 4.37124, 4.92852, -0.72459, 0.48015, 8.00000, 457440.00000, 66859.00000, 253584.37500, 17782807133.48438, 133352.19208, 0.91102, 0.37091, -0.30980, 0.93889, 0.75000, 0.25000
0.43811, -0.72621, 4.85499, 4.92852, -1.02797, 0.17295, 4.00000, 453431.00000, 273933.00000, 363713.50000, 5249599292.75000, 72454.11854, 0.91102, 0.10419, -0.14496, 1.04077, 1.00000, 0.00000
0.87126, -1.44936, 4.62611, 4.92550, -1.02954, 0.35046, 4.00000, 382598.00000, 151183.00000, 244308.50000, 7204059967.25000, 84876.73396, 0.94766, 0.21070, -0.38457, 1.17386, 0.75000, 0.25000
2.87963, -0.78273, 3.92241, 4.92852, -0.26540, 0.65037, 22.00000, 408390.00000, 32236.00000, 142889.86364, 9568220770.75413, 97817.28258, 0.91102, 0.46938, -0.12779, 0.65841, 0.95455, 0.04545
3.75791, 0.00000, 3.18882, 4.92853, 0.00000, 0.86714, 36.00000, 445611.00000, 26210.00000, 148460.22222, 11459814385.00617, 107050.52258, 0.90081, 0.53070, -0.00000, 0.46930, 0.88889, 0.11111
2.87963, 0.78273, 3.92241, 4.92852, 0.26540, 0.65037, 35.00000, 460677.00000, 34959.00000, 163999.82857, 14024796357.85633, 118426.33304, 0.91102, 0.37383, 0.10178, 0.52439, 0.85714, 0.14286
3.21637, 0.00000, 3.73035, 4.92550, 0.00000, 0.71154, 15.00000, 490908.00000, 59893.00000, 167673.86667, 11776740095.04889, 108520.68971, 0.94766, 0.47082, -0.00000, 0.52918, 1.00000, 0.00000
0.43811, 0.72621, 4.85499, 4.92852, 1.02797, 0.17295, 5.00000, 327803.00000, 106779.00000, 245530.40000, 5983274189.44000, 77351.62693, 0.91102, 0.08077, 0.11238, 0.80685, 1.00000, 0.00000
1.70460, 1.50894, 4.37124, 4.92852, 0.72459, 0.48015, 13.00000, 495286.00000, 50644.00000, 228030.61538, 19276776865.15976, 138840.83285, 0.91102, 0.22901, 0.19128, 0.57970, 1.00000, 0.00000
0.43315, 2.05481, 4.45876, 4.92853, 1.36304, 0.44016, 5.00000, 365930.00000, 57937.00000, 183653.20000, 13421534473.76000, 115851.34645, 0.90081, 0.07065, 0.28433, 0.64502, 1.00000, 0.00000
0.87126, 1.44936, 4.62611, 4.92550, 1.02954, 0.35046, 7.00000, 461175.00000, 80675.00000, 317303.14286, 19001676546.69387, 137846.56886, 0.94766, 0.11910, 0.21738, 0.66353, 0.85714, 0.14286
2.14766, -0.78579, 4.35121, 4.91558, -0.35075, 0.48390, 7.00000, 410028.00000, 101682.00000, 212491.28571, 9150416822.20408, 95657.81109, 1.08598, 0.37301, -0.13352, 0.76051, 0.71429, 0.28571
2.14766, 0.78579, 4.35121, 4.91558, 0.35075, 0.48390, 11.00000, 386207.00000, 66867.00000, 237815.81818, 11186901860.69421, 105768.15145, 1.08598, 0.29439, 0.10538, 0.60022, 1.00000, 0.00000
0.87622, 0.00000, 4.83686, 4.91558, 0.00000, 0.17921, 2.00000, 196287.00000, 147096.00000, 171691.50000, 604938620.25000, 24595.50000, 1.08598, 0.15697, -0.00000, 0.84303, 1.00000, 0.00000
1.75244, 0.00000, 4.58794, 4.91123, 0.00000, 0.36486, 8.00000, 467467.00000, 76003.00000, 229378.87500, 14343541250.10938, 119764.52417, 1.14286, 0.27639, 0.00000, 0.72361, 1.00000, 0.00000
-2.75567, -4.02561, 0.70086, 4.92853, -2.17107, 1.42811, 0.00000, 0.00000, 0.00000, 0.00000, 0.00000, 0.00000, 0.90081, 0.46424, 0.66888, -0.13313, 0.00000, 0.00000
-2.21782, -3.93313, 1.97536, 4.92852, -2.08423, 1.15840, 1.00000, 221269.00000, 221269.00000, 221269.00000, 0.00000, 0.00000, 0.91102, 0.54500, 0.95092, -0.49591, 1.00000, 0.00000
-3.48430, -3.15040, 1.49161, 4.92852, -2.40648, 1.26333, 0.00000, 0.00000, 0.00000, 0.00000, 0.00000, 0.00000, 0.91102, 0.68893, 0.61936, -0.30829, 0.00000, 0.00000
-2.85909, -3.75484, 1.40973, 4.92550, -2.22158, 1.28053, 1.00000, 281407.00000, 281407.00000, 281407.00000, 0.00000, 0.00000, 0.94766, 0.53830, 0.71466, -0.25296, 0.00000, 1.00000
-1.49161, -3.48430, 3.15040, 4.92852, -1.97528, 0.87732, 1.00000, 312182.00000, 312182.00000, 312182.00000, 0.00000, 0.00000, 0.91102, 0.81587, 1.82322, -1.63909, 0.00000, 1.00000
-0.70086, -2.75567, 4.02561, 4.92853, -1.81985, 0.61496, 1.00000, 257065.00000, 257065.00000, 257065.00000, 0.00000, 0.00000, 0.90081, -1.86160, -6.49176, 9.35336, 0.00000, 1.00000
-1.97536, -2.21782, 3.93313, 4.92852, -2.29844, 0.64677, 0.00000, 0.00000, 0.00000, 0.00000, 0.00000, 0.00000, 0.91102, 5.51065, 6.05607, -10.56672, 0.00000, 0.00000
-1.40973, -2.85909, 3.75484, 4.92550, -2.02888, 0.70390, 1.00000, 262421.00000, 262421.00000, 262421.00000, 0.00000, 0.00000, 0.94766, 3.30198, 7.02665, -9.32863, 1.00000, 0.00000
-3.93313, -1.97536, 2.21782, 4.92852, -2.67616, 1.10403, 0.00000, 0.00000, 0.00000, 0.00000, 0.00000, 0.00000, 0.91102, 1.05443, 0.54989, -0.60432, 0.00000, 0.00000
-3.15040, -1.49161, 3.48430, 4.92852, -2.69940, 0.78559, 5.00000, 466173.00000, 239161.00000, 404052.80000, 7054063752.56000, 83988.47393, 0.91102, 2.59457, 1.29147, -2.88604, 0.80000, 0.20000
-4.02561, -0.70086, 2.75567, 4.92853, -2.96922, 0.97747, 1.00000, 400056.00000, 400056.00000, 400056.00000, 0.00000, 0.00000, 0.90081, 1.98030, 0.39414, -1.37444, 1.00000, 0.00000
-3.75484, -1.40973, 2.85909, 4.92550, -2.78243, 0.95149, 0.00000, 0.00000, 0.00000, 0.00000, 0.00000, 0.00000, 0.94766, 1.66465, 0.58922, -1.25387, 0.00000, 0.00000
-2.20355, -3.47499, 2.68919, 4.91558, -2.13592, 0.99193, 3.00000, 412991.00000, 212265.00000, 330949.66667, 7386521451.55556, 85944.87449, 1.08598, 0.74373, 1.15838, -0.90211, 0.66667, 0.33333
-2.68919, -2.20355, 3.47499, 4.91558, -2.45513, 0.78564, 0.00000, 0.00000, 0.00000, 0.00000, 0.00000, 0.00000, 1.08598, 1.85065, 1.52573, -2.37638, 0.00000, 0.00000
-3.47499, -2.68919, 2.20355, 4.91558, -2.48299, 1.10596, 0.00000, 0.00000, 0.00000, 0.00000, 0.00000, 0.00000, 1.08598, 0.87972, 0.68510, -0.56481, 0.00000, 0.00000
-2.83550, -2.83550, 2.83550, 4.91123, -2.35619, 0.95532, 1.00000, 227881.00000, 227881.00000, 227881.00000, 0.00000, 0.00000, 1.14286, 1.00000, 1.00000, -1.00000, 1.00000, 0.00000
-0.70086, -2.75567, -4.02561, 4.92853, -1.81985, 2.52663, 2.00000, 434657.00000, 144206.00000, 289431.50000, 21090445850.25000, 145225.50000, 0.90081, 0.10514, 0.36663, 0.52824, 0.50000, 0.50000
-1.49161, -3.48430, -3.15040, 4.92852, -1.97528, 2.26428, 1.00000, 451084.00000, 451084.00000, 451084.00000, 0.00000, 0.00000, 0.91102, 0.19070, 0.42617, 0.38313, 1.00000, 0.00000
-1.97536, -2.21782, -3.93313, 4.92852, -2.29844, 2.49482, 8.00000, 383905.00000, 119265.00000, 223696.50000, 5806147238.00000, 76198.07897, 0.91102, 0.24897, 0.27362, 0.47741, 0.12500, 0.87500
-1.40973, -2.85909, -3.75484, 4.92550, -2.02888, 2.43770, 6.00000, 451633.00000, 78541.00000, 229969.83333, 16244638816.47222, 127454.45781, 0.94766, 0.16798, 0.35746, 0.47456, 0.00000, 1.00000
-2.21782, -3.93313, -1.97536, 4.92852, -2.08423, 1.98319, 1.00000, 379531.00000, 379531.00000, 379531.00000, 0.00000, 0.00000, 0.91102, 0.27362, 0.47741, 0.24897, 0.00000, 1.00000
-2.75567, -4.02561, -0.70086, 4.92853, -2.17107, 1.71348, 0.00000, 0.00000, 0.00000, 0.00000, 0.00000, 0.00000, 0.90081, 0.36663, 0.52824, 0.10514, 0.00000, 0.00000
-3.48430, -3.15040, -1.49161, 4.92852, -2.40648, 1.87827, 3.00000, 394642.00000, 121461.00000, 244583.66667, 12800741529.55556, 113140.36207, 0.91102, 0.42617, 0.38313, 0.19070, 0.00000, 1.00000
-2.85909, -3.75484, -1.40973, 4.92550, -2.22158, 1.86107, 2.00000, 448159.00000, 429917.00000, 439038.00000, 83192641.00000, 9121.00000, 0.94766, 0.35746, 0.47456, 0.16798, 0.50000, 0.50000
-3.15040, -1.49161, -3.48430, 4.92852, -2.69940, 2.35600, 2.00000, 94410.00000, 93198.00000, 93804.00000, 367236.00000, 606.00000, 0.91102, 0.38313, 0.19070, 0.42617, 0.00000, 1.00000
-3.93313, -1.97536, -2.21782, 4.92852, -2.67616, 2.03756, 2.00000, 203110.00000, 189248.00000, 196179.00000, 48038761.00000, 6931.00000, 0.91102, 0.47741, 0.24897, 0.27362, 0.00000, 1.00000
-4.02561, -0.70086, -2.75567, 4.92853, -2.96922, 2.16413, 0.00000, 0.00000, 0.00000, 0.00000, 0.00000, 0.00000, 0.90081, 0.52824, 0.10514, 0.36663, 0.00000, 0.00000
-3.75484, -1.40973, -2.85909, 4.92550, -2.78243, 2.19010, 0.00000, 0.00000, 0.00000, 0.00000, 0.00000, 0.00000, 0.94766, 0.47456, 0.16798, 0.35746, 0.00000, 0.00000
-2.20355, -3.47499, -2.68919, 4.91558, -2.13592, 2.14966, 2.00000, 433703.00000, 349129.00000, 391416.00000, 1788190369.00000, 42287.00000, 1.08598, 0.26522, 0.41309, 0.32170, 0.50000, 0.50000
-3.47499, -2.68919, -2.20355, 4.91558, -2.48299, 2.03563, 0.00000, 0.00000, 0.00000, 0.00000, 0.00000, 0.00000, 1.08598, 0.41309, 0.32170, 0.26522, 0.00000, 0.00000
-2.68919, -2.20355, -3.47499, 4.91558, -2.45513, 2.35595, 2.00000, 371006.00000, 320241.00000, 345623.50000, 644271306.25000, 25382.50000, 1.08598, 0.32170, 0.26522, 0.41309, 0.50000, 0.50000
-2.83550, -2.83550, -2.83550, 4.91123, -2.35619, 2.18628, 3.00000, 467456.00000, 126265.00000, 275087.33333, 20350024653.55556, 142653.51259, 1.14286, 0.33333, 0.33333, 0.33333, 0.00000, 1.00000
3.75791, 0.00000, -3.18882, 4.92853, 0.00000, 2.27446, 119.00000, 437979.00000, 8985.00000, 110883.41176, 10444760643.20020, 102199.61176, 0.90081, 8.64229, 0.00000, -7.64229, 0.15966, 0.84034
2.87963, -0.78273, -3.92241, 4.92852, -0.26540, 2.49122, 89.00000, 435912.00000, 14169.00000, 129074.91011, 12165346007.90203, 110296.62736, 0.91102, -1.48153, 0.40335, 2.07817, 0.08989, 0.91011
2.87963, 0.78273, -3.92241, 4.92852, 0.26540, 2.49122, 87.00000, 464625.00000, 9175.00000, 130375.71264, 12682744986.08984, 112617.69393, 0.91102, -7.66476, -2.08678, 10.75154, 0.19540, 0.80460
3.21637, 0.00000, -3.73035, 4.92550, 0.00000, 2.43005, 96.00000, 475956.00000, 8959.00000, 114766.71875, 11150174777.59798, 105594.38800, 0.94766, -8.06739, -0.00000, 9.06739, 0.09375, 0.90625
1.70460, -1.50894, -4.37124, 4.92852, -0.72459, 2.66145, 41.00000, 436538.00000, 26168.00000, 139560.36585, 11195641200.42713, 105809.45705, 0.91102, -0.42255, 0.35294, 1.06961, 0.09756, 0.90244
0.43315, -2.05481, -4.45876, 4.92853, -1.36304, 2.70143, 16.00000, 494958.00000, 47768.00000, 229412.25000, 21618572365.18750, 147032.55546, 0.90081, -0.08228, 0.33112, 0.75116, 0.12500, 0.87500
0.43811, -0.72621, -4.85499, 4.92852, -1.02797, 2.96865, 30.00000, 371776.00000, 37876.00000, 209092.46667, 7888942284.11556, 88819.71788, 0.91102, -0.09634, 0.13403, 0.96230, 0.20000, 0.80000
0.87126, -1.44936, -4.62611, 4.92550, -1.02954, 2.79113, 16.00000, 468967.00000, 61868.00000, 254090.93750, 16946580013.18359, 130179.03062, 0.94766, -0.15634, 0.28534, 0.87099, 0.12500, 0.87500
1.70460, 1.50894, -4.37124, 4.92852, 0.72459, 2.66145, 56.00000, 463665.00000, 26275.00000, 165965.57143, 9932314004.49490, 99660.99540, 0.91102, -1.43665, -1.19997, 3.63662, 0.16071, 0.83929
0.43811, 0.72621, -4.85499, 4.92852, 1.02797, 2.96865, 24.00000, 485402.00000, 62678.00000, 204751.83333, 13297774001.13889, 115315.97461, 0.91102, -0.13162, -0.18312, 1.31474, 0.12500, 0.87500
0.43315, 2.05481, -4.45876, 4.92853, 1.36304, 2.70143, 17.00000, 434171.00000, 39607.00000, 174045.41176, 11003331939.06574, 104896.76801, 0.90081, -0.24359, -0.98030, 2.22389, 0.11765, 0.88235
0.87126, 1.44936, -4.62611, 4.92550, 1.02954, 2.79113, 17.00000, 481604.00000, 38134.00000, 184530.05882, 15505623463.46713, 124521.57830, 0.94766, -0.36416, -0.66465, 2.02881, 0.23529, 0.76471
2.14766, -0.78579, -4.35121, 4.91558, -0.35075, 2.65769, 41.00000, 415388.00000, 24241.00000, 144179.26829, 10032598527.12314, 100162.86002, 1.08598, -0.71592, 0.25627, 1.45965, 0.14634, 0.85366
0.87622, 0.00000, -4.83686, 4.91558, 0.00000, 2.96238, 18.00000, 385486.00000, 39889.00000, 156828.16667, 10235764649.02778, 101171.95584, 1.08598, -0.22879, -0.00000, 1.22879, 0.05556, 0.94444
2.14766, 0.78579, -4.35121, 4.91558, 0.35075, 2.65769, 51.00000, 449213.00000, 19419.00000, 149728.86275, 12632759066.94194, 112395.54736, 1.08598, -1.46868, -0.52573, 2.99442, 0.21569, 0.78431
1.75244, 0.00000, -4.58794, 4.91123, 0.00000, 2.77673, 39.00000, 461571.00000, 12009.00000, 146811.89744, 13689737901.32281, 117003.15338, 1.14286, -0.61803, -0.00000, 1.61803, 0.12821, 0.87179
4.45876, 0.43315, 2.05481, 4.92853, 0.09684, 1.14074, 90.00000, 463940.00000, 10750.00000, 108326.35556, 9691271963.76247, 98444.25816, 0.90081, 0.64502, 0.07065, 0.28433, 0.83333, 0.16667
4.85499, 0.43811, 0.72621, 4.92852, 0.09000, 1.42291, 146.00000, 498947.00000, 9796.00000, 92122.83562, 10283563979.21955, 101407.90886, 0.91102, 0.80685, 0.08077, 0.11238, 0.80137, 0.19863
4.37124, 1.70460, 1.50894, 4.92852, 0.37182, 1.25963, 130.00000, 485963.00000, 11033.00000, 110824.46923, 11844436323.74136, 108832.14747, 0.91102, 0.57970, 0.22901, 0.19128, 0.86923, 0.13077
4.62611, 0.87126, 1.44936, 4.92550, 0.18616, 1.27212, 124.00000, 498327.00000, 10374.00000, 90907.28226, 7328423264.00904, 85606.21043, 0.94766, 0.66353, 0.11910, 0.21738, 0.90323, 0.09677
4.85499, 0.43811, -0.72621, 4.92852, 0.09000, 1.71868, 188.00000, 481338.00000, 8191.00000, 97630.12234, 10206308792.09674, 101026.27773, 0.91102, 1.04077, 0.10419, -0.14496, 0.64894, 0.35106
4.45876, 0.43315, -2.05481, 4.92853, 0.09684, 2.00085, 153.00000, 468879.00000, 13352.00000, 106165.47059, 9788615116.73280, 98937.43031, 0.90081, 1.49537, 0.16379, -0.65917, 0.40523, 0.59477
4.37124, 1.70460, -1.50894, 4.92852, 0.37182, 1.88196, 167.00000, 483448.00000, 16080.00000, 113703.47305, 12549874147.43491, 112026.22080, 0.91102, 0.93889, 0.37091, -0.30980, 0.58683, 0.41317
4.62611, 0.87126, -1.44936, 4.92550, 0.18616, 1.86947, 140.00000, 470483.00000, 13058.00000, 114305.22857, 12247644815.49061, 110669.07796, 0.94766, 1.17386, 0.21070, -0.38457, 0.53571, 0.46429
3.92241, 2.87963, 0.78273, 4.92852, 0.63328, 1.41130, 105.00000, 441082.00000, 13107.00000, 104026.86667, 7997006443.62032, 89425.98305, 0.91102, 0.52439, 0.37383, 0.10178, 0.83810, 0.16190
3.92241, 2.87963, -0.78273, 4.92852, 0.63328, 1.73029, 118.00000, 483764.00000, 14491.00000, 117609.88136, 11982927150.49440, 109466.55722, 0.91102, 0.65841, 0.46938, -0.12779, 0.70339, 0.29661
3.18882, 3.75791, 0.00000, 4.92853, 0.86714, 1.57080, 43.00000, 414230.00000, 22114.00000, 128720.25581, 9136995776.19037, 95587.63401, 0.90081, 0.46930, 0.53070, 0.00000, 0.76744, 0.23256
3.73035, 3.21637, 0.00000, 4.92550, 0.71154, 1.57080, 81.00000, 460538.00000, 18160.00000, 128368.06173, 9843754926.15668, 99215.69899, 0.94766, 0.52918, 0.47082, 0.00000, 0.82716, 0.17284
4.83686, 0.87622, 0.00000, 4.91558, 0.17921, 1.57080, 114.00000, 484045.00000, 6177.00000, 101369.44737, 9506127059.91389, 97499.36954, 1.08598, 0.84303, 0.15697, 0.00000, 0.76316, 0.23684
4.35121, 2.14766, -0.78579, 4.91558, 0.45850, 1.73134, 106.00000, 486419.00000, 9423.00000, 123825.41509, 14180447865.48807, 119081.68568, 1.08598, 0.76051, 0.37301, -0.13352, 0.75472, 0.24528
4.35121, 2.14766, 0.78579, 4.91558, 0.45850, 1.41025, 90.00000, 483820.00000, 9148.00000, 79804.65556, 7855949172.24802, 88633.79250, 1.08598, 0.60022, 0.29439, 0.10538, 0.90000, 0.10000
4.58794, 1.75244, 0.00000, 4.91123, 0.36486, 1.57080, 137.00000, 495573.00000, 9832.00000, 101617.46715, 10926203623.41680, 104528.48235, 1.14286, 0.72361, 0.27639, -0.00000, 0.78832, 0.21168
