-2.75567, 4.02561, 0.70086, 4.92853, 2.17107, 1.42811, 0.00000, 0.00000, 0.00000, 0.00000, 0.00000, 0.00000, 0.90081, -1.37444, 1.98030, 0.39414, 0.00000, 0.00000
-3.48430, 3.15040, 1.49161, 4.92852, 2.40648, 1.26333, 0.00000, 0.00000, 0.00000, 0.00000, 0.00000, 0.00000, 0.91102, -2.88604, 2.59457, 1.29147, 0.00000, 0.00000
-2.21782, 3.93313, 1.97536, 4.92852, 2.08423, 1.15840, 0.00000, 0.00000, 0.00000, 0.00000, 0.00000, 0.00000, 0.91102, -0.60432, 1.05443, 0.54989, 0.00000, 0.00000
-2.85909, 3.75484, 1.40973, 4.92550, 2.22158, 1.28053, 0.00000, 0.00000, 0.00000, 0.00000, 0.00000, 0.00000, 0.94766, -1.25387, 1.66465, 0.58922, 0.00000, 0.00000
-3.93313, 1.97536, 2.21782, 4.92852, 2.67616, 1.10403, 5.00000, 455787.00000, 176556.00000, 352814.00000, 9808384050.80000, 99037.28616, 0.91102, -10.56672, 5.51065, 6.05607, 1.00000, 0.00000
-4.02561, 0.70086, 2.75567, 4.92853, 2.96922, 0.97747, 1.00000, 138013.00000, 138013.00000, 138013.00000, 0.00000, 0.00000, 0.90081, 9.35336, -1.86160, -6.49176, 1.00000, 0.00000
-3.15040, 1.49161, 3.48430, 4.92852, 2.69940, 0.78559, 0.00000, 0.00000, 0.00000, 0.00000, 0.00000, 0.00000, 0.91102, -1.63909, 0.81587, 1.82322, 0.00000, 0.00000
-3.75484, 1.40973, 2.85909, 4.92550, 2.78243, 0.95149, 3.00000, 451112.00000, 167545.00000, 292393.66667, 13975284408.22222, 118217.10709, 0.94766, -9.32863, 3.30198, 7.02665, 1.00000, 0.00000
-1.49161, 3.48430, 3.15040, 4.92852, 1.97528, 0.87732, 0.00000, 0.00000, 0.00000, 0.00000, 0.00000, 0.00000, 0.91102, -0.30829, 0.68893, 0.61936, 0.00000, 0.00000
-1.97536, 2.21782, 3.93313, 4.92852, 2.29844, 0.64677, 2.00000, 364240.00000, 362899.00000, 363569.50000, 449570.25000, 670.50000, 0.91102, -0.49591, 0.54500, 0.95092, 0.00000, 1.00000
-0.70086, 2.75567, 4.02561, 4.92853, 1.81985, 0.61496, 0.00000, 0.00000, 0.00000, 0.00000, 0.00000, 0.00000, 0.90081, -0.13313, 0.46424, 0.66888, 0.00000, 0.00000
-1.40973, 2.85909, 3.75484, 4.92550, 2.02888, 0.70390, 1.00000, 462857.00000, 462857.00000, 462857.00000, 0.00000, 0.00000, 0.94766, -0.25296, 0.53830, 0.71466, 1.00000, 0.00000
-3.47499, 2.68919, 2.20355, 4.91558, 2.48299, 1.10596, 1.00000, 368315.00000, 368315.00000, 368315.00000, 0.00000, 0.00000, 1.08598, -2.37638, 1.85065, 1.52573, 0.00000, 1.00000
-2.68919, 2.20355, 3.47499, 4.91558, 2.45513, 0.78564, 0.00000, 0.00000, 0.00000, 0.00000, 0.00000, 0.00000, 1.08598, -0.90211, 0.74373, 1.15838, 0.00000, 0.00000
-2.20355, 3.47499, 2.68919, 4.91558, 2.13592, 0.99193, 0.00000, 0.00000, 0.00000, 0.00000, 0.00000, 0.00000, 1.08598, -0.56481, 0.87972, 0.68510, 0.00000, 0.00000
-2.83550, 2.83550, 2.83550, 4.91123, 2.35619, 0.95532, 1.00000, 461048.00000, 461048.00000, 461048.00000, 0.00000, 0.00000, 1.14286, -1.00000, 1.00000, 1.00000, 1.00000, 0.00000
-2.05481, 4.45876, 0.43315, 4.92853, 2.00263, 1.48280, 1.00000, 429067.00000, 429067.00000, 429067.00000, 0.00000, 0.00000, 0.90081, -0.65917, 1.49537, 0.16379, 1.00000, 0.00000
-1.50894, 4.37124, 1.70460, 4.92852, 1.90319, 1.21764, 0.00000, 0.00000, 0.00000, 0.00000, 0.00000, 0.00000, 0.91102, -0.30980, 0.93889, 0.37091, 0.00000, 0.00000
-0.72621, 4.85499, 0.43811, 4.92852, 1.71928, 1.48179, 0.00000, 0.00000, 0.00000, 0.00000, 0.00000, 0.00000, 0.91102, -0.14496, 1.04077, 0.10419, 0.00000, 0.00000
-1.44936, 4.62611, 0.87126, 4.92550, 1.87441, 1.39297, 0.00000, 0.00000, 0.00000, 0.00000, 0.00000, 0.00000, 0.94766, -0.38457, 1.17386, 0.21070, 0.00000, 0.00000
-0.78273, 3.92241, 2.87963, 4.92852, 1.76776, 0.94680, 0.00000, 0.00000, 0.00000, 0.00000, 0.00000, 0.00000, 0.91102, -0.12779, 0.65841, 0.46938, 0.00000, 0.00000
0.00000, 3.18882, 3.75791, 4.92853, 1.57080, 0.70366, 0.00000, 0.00000, 0.00000, 0.00000, 0.00000, 0.00000, 0.90081, -0.00000, 0.46930, 0.53070, 0.00000, 0.00000
0.78273, 3.92241, 2.87963, 4.92852, 1.37383, 0.94680, 0.00000, 0.00000, 0.00000, 0.00000, 0.00000, 0.00000, 0.91102, 0.10178, 0.52439, 0.37383, 0.00000, 0.00000
0.00000, 3.73035, 3.21637, 4.92550, 1.57080, 0.85925, 0.00000, 0.00000, 0.00000, 0.00000, 0.00000, 0.00000, 0.94766, -0.00000, 0.52918, 0.47082, 0.00000, 0.00000
0.72621, 4.85499, 0.43811, 4.92852, 1.42232, 1.48179, 0.00000, 0.00000, 0.00000, 0.00000, 0.00000, 0.00000, 0.91102, 0.11238, 0.80685, 0.08077, 0.00000, 0.00000
1.50894, 4.37124, 1.70460, 4.92852, 1.23841, 1.21764, 0.00000, 0.00000, 0.00000, 0.00000, 0.00000, 0.00000, 0.91102, 0.19128, 0.57970, 0.22901, 0.00000, 0.00000
2.05481, 4.45876, 0.43315, 4.92853, 1.13896, 1.48280, 0.00000, 0.00000, 0.00000, 0.00000, 0.00000, 0.00000, 0.90081, 0.28433, 0.64502, 0.07065, 0.00000, 0.00000
1.44936, 4.62611, 0.87126, 4.92550, 1.26718, 1.39297, 0.00000, 0.00000, 0.00000, 0.00000, 0.00000, 0.00000, 0.94766, 0.21738, 0.66353, 0.11910, 0.00000, 0.00000
-0.78579, 4.35121, 2.14766, 4.91558, 1.74946, 1.11864, 0.00000, 0.00000, 0.00000, 0.00000, 0.00000, 0.00000, 1.08598, -0.13352, 0.76051, 0.37301, 0.00000, 0.00000
0.78579, 4.35121, 2.14766, 4.91558, 1.39213, 1.11864, 0.00000, 0.00000, 0.00000, 0.00000, 0.00000, 0.00000, 1.08598, 0.10538, 0.60022, 0.29439, 0.00000, 0.00000
0.00000, 4.83686, 0.87622, 4.91558, 1.57080, 1.39159, 0.00000, 0.00000, 0.00000, 0.00000, 0.00000, 0.00000, 1.08598, -0.00000, 0.84303, 0.15697, 0.00000, 0.00000
0.00000, 4.58794, 1.75244, 4.91123, 1.57080, 1.20593, 0.00000, 0.00000, 0.00000, 0.00000, 0.00000, 0.00000, 1.14286, 0.00000, 0.72361, 0.27639, 0.00000, 0.00000
-2.05481, 4.45876, -0.43315, 4.92853, 2.00263, 1.65880, 2.00000, 459334.00000, 188317.00000, 323825.50000, 18362553572.25000, 135508.50000, 0.90081, -0.98030, 2.22389, -0.24359, 1.00000, 0.00000
-0.72621, 4.85499, -0.43811, 4.92852, 1.71928, 1.65981, 0.00000, 0.00000, 0.00000, 0.00000, 0.00000, 0.00000, 0.91102, -0.18312, 1.31474, -0.13162, 0.00000, 0.00000
-1.50894, 4.37124, -1.70460, 4.92852, 1.90319, 1.92396, 0.00000, 0.00000, 0.00000, 0.00000, 0.00000, 0.00000, 0.91102, -1.19997, 3.63662, -1.43665, 0.00000, 0.00000
-1.44936, 4.62611, -0.87126, 4.92550, 1.87441, 1.74862, 0.00000, 0.00000, 0.00000, 0.00000, 0.00000, 0.00000, 0.94766, -0.66465, 2.02881, -0.36416, 0.00000, 0.00000
0.72621, 4.85499, -0.43811, 4.92852, 1.42232, 1.65981, 0.00000, 0.00000, 0.00000, 0.00000, 0.00000, 0.00000, 0.91102, 0.13403, 0.96230, -0.09634, 0.00000, 0.00000
2.05481, 4.45876, -0.43315, 4.92853, 1.13896, 1.65880, 0.00000, 0.00000, 0.00000, 0.00000, 0.00000, 0.00000, 0.90081, 0.33112, 0.75116, -0.08228, 0.00000, 0.00000
1.50894, 4.37124, -1.70460, 4.92852, 1.23841, 1.92396, 0.00000, 0.00000, 0.00000, 0.00000, 0.00000, 0.00000, 0.91102, 0.35294, 1.06961, -0.42255, 0.00000, 0.00000
1.44936, 4.62611, -0.87126, 4.92550, 1.26718, 1.74862, 0.00000, 0.00000, 0.00000, 0.00000, 0.00000, 0.00000, 0.94766, 0.28534, 0.87099, -0.15634, 0.00000, 0.00000
-0.78273, 3.92241, -2.87963, 4.92852, 1.76776, 2.19479, 0.00000, 0.00000, 0.00000, 0.00000, 0.00000, 0.00000, 0.91102, -2.08678, 10.75154, -7.66476, 0.00000, 0.00000
0.78273, 3.92241, -2.87963, 4.92852, 1.37383, 2.19479, 2.00000, 359093.00000, 212686.00000, 285889.50000, 5358752412.25000, 73203.50000, 0.91102, 0.40335, 2.07817, -1.48153, 0.50000, 0.50000
0.00000, 3.18882, -3.75791, 4.92853, 1.57080, 2.43793, 0.00000, 0.00000, 0.00000, 0.00000, 0.00000, 0.00000, 0.90081, -0.00000, -7.64229, 8.64229, 0.00000, 0.00000
0.00000, 3.73035, -3.21637, 4.92550, 1.57080, 2.28234, 1.00000, 450302.00000, 450302.00000, 450302.00000, 0.00000, 0.00000, 0.94766, 0.00000, 9.06739, -8.06739, 0.00000, 1.00000
0.00000, 4.83686, -0.87622, 4.91558, 1.57080, 1.75001, 0.00000, 0.00000, 0.00000, 0.00000, 0.00000, 0.00000, 1.08598, 0.00000, 1.22879, -0.22879, 0.00000, 0.00000
0.78579, 4.35121, -2.14766, 4.91558, 1.39213, 2.02296, 0.00000, 0.00000, 0.00000, 0.00000, 0.00000, 0.00000, 1.08598, 0.25627, 1.45965, -0.71592, 0.00000, 0.00000
-0.78579, 4.35121, -2.14766, 4.91558, 1.74946, 2.02296, 0.00000, 0.00000, 0.00000, 0.00000, 0.00000, 0.00000, 1.08598, -0.52573, 2.99442, -1.46868, 0.00000, 0.00000
0.00000, 4.58794, -1.75244, 4.91123, 1.57080, 1.93566, 0.00000, 0.00000, 0.00000, 0.00000, 0.00000, 0.00000, 1.14286, 0.00000, 1.61803, -0.61803, 0.00000, 0.00000
-2.75567, 4.02561, -0.70086, 4.92853, 2.17107, 1.71348, 0.00000, 0.00000, 0.00000, 0.00000, 0.00000, 0.00000, 0.90081, -6.49176, 9.35336, -1.86160, 0.00000, 0.00000
-2.21782, 3.93313, -1.97536, 4.92852, 2.08423, 1.98319, 0.00000, 0.00000, 0.00000, 0.00000, 0.00000, 0.00000, 0.91102, 6.05607, -10.56672, 5.51065, 0.00000, 0.00000
-3.48430, 3.15040, -1.49161, 4.92852, 2.40648, 1.87827, 0.00000, 0.00000, 0.00000, 0.00000, 0.00000, 0.00000, 0.91102, 1.82322, -1.63909, 0.81587, 0.00000, 0.00000
-2.85909, 3.75484, -1.40973, 4.92550, 2.22158, 1.86107, 2.00000, 374874.00000, 282565.00000, 328719.50000, 2130237870.25000, 46154.50000, 0.94766, 7.02665, -9.32863, 3.30198, 1.00000, 0.00000
-1.49161, 3.48430, -3.15040, 4.92852, 1.97528, 2.26428, 2.00000, 372120.00000, 276227.00000, 324173.50000, 2298866862.25000, 47946.50000, 0.91102, 1.29147, -2.88604, 2.59457, 1.00000, 0.00000
-0.70086, 2.75567, -4.02561, 4.92853, 1.81985, 2.52663, 1.00000, 277071.00000, 277071.00000, 277071.00000, 0.00000, 0.00000, 0.90081, 0.39414, -1.37444, 1.98030, 0.00000, 1.00000
-1.97536, 2.21782, -3.93313, 4.92852, 2.29844, 2.49482, 2.00000, 252789.00000, 119804.00000, 186296.50000, 4421252556.25000, 66492.50000, 0.91102, 0.54989, -0.60432, 1.05443, 1.00000, 0.00000
-1.40973, 2.85909, -3.75484, 4.92550, 2.02888, 2.43770, 2.00000, 348138.00000, 293901.00000, 321019.50000, 735413042.25000, 27118.50000, 0.94766, 0.58922, -1.25387, 1.66465, 1.00000, 0.00000
-3.93313, 1.97536, -2.21782, 4.92852, 2.67616, 2.03756, 5.00000, 408545.00000, 72971.00000, 228294.20000, 13080506524.56000, 114370.04208, 0.91102, 0.95092, -0.49591, 0.54500, 0.80000, 0.20000
-3.15040, 1.49161, -3.48430, 4.92852, 2.69940, 2.35600, 10.00000, 399741.00000, 60848.00000, 247298.70000, 12075859453.01000, 109890.21546, 0.91102, 0.61936, -0.30829, 0.68893, 0.70000, 0.30000
-4.02561, 0.70086, -2.75567, 4.92853, 2.96922, 2.16413, 6.00000, 447004.00000, 131796.00000, 223049.50000, 11792159295.91667, 108591.70915, 0.90081, 0.66888, -0.13313, 0.46424, 0.83333, 0.16667
-3.75484, 1.40973, -2.85909, 4.92550, 2.78243, 2.19010, 0.00000, 0.00000, 0.00000, 0.00000, 0.00000, 0.00000, 0.94766, 0.71466, -0.25296, 0.53830, 0.00000, 0.00000
-2.20355, 3.47499, -2.68919, 4.91558, 2.13592, 2.14966, 0.00000, 0.00000, 0.00000, 0.00000, 0.00000, 0.00000, 1.08598, 1.52573, -2.37638, 1.85065, 0.00000, 0.00000
-2.68919, 2.20355, -3.47499, 4.91558, 2.45513, 2.35595, 2.00000, 355658.00000, 297595.00000, 326626.50000, 842827992.25000, 29031.50000, 1.08598, 0.68510, -0.56481, 0.87972, 0.50000, 0.50000
-3.47499, 2.68919, -2.20355, 4.91558, 2.48299, 2.03563, 1.00000, 337956.00000, 337956.00000, 337956.00000, 0.00000, 0.00000, 1.08598, 1.15838, -0.90211, 0.74373, 1.00000, 0.00000
-2.83550, 2.83550, -2.83550, 4.91123, 2.35619, 2.18628, 2.00000, 325870.00000, 226305.00000, 276087.50000, 2478297306.25000, 49782.50000, 1.14286, 1.00000, -1.00000, 1.00000, 1.00000, 0.00000
-3.18882, 3.75791, 0.00000, 4.92853, 2.27446, 1.57080, 0.00000, 0.00000, 0.00000, 0.00000, 0.00000, 0.00000, 0.90081, -7.64229, 8.64229, 0.00000, 0.00000, 0.00000
-3.92241, 2.87963, -0.78273, 4.92852, 2.50831, 1.73029, 3.00000, 496408.00000, 302323.00000, 373574.00000, 7608567482.00000, 87227.10291, 0.91102, 2.07817, -1.48153, 0.40335, 1.00000, 0.00000
-3.92241, 2.87963, 0.78273, 4.92852, 2.50831, 1.41130, 2.00000, 332036.00000, 206941.00000, 269488.50000, 3912189756.25000, 62547.50000, 0.91102, 10.75154, -7.66476, -2.08678, 1.00000, 0.00000
-3.73035, 3.21637, 0.00000, 4.92550, 2.43005, 1.57080, 1.00000, 465015.00000, 465015.00000, 465015.00000, 0.00000, 0.00000, 0.94766, 9.06739, -8.06739, -0.00000, 1.00000, 0.00000
-4.37124, 1.70460, -1.50894, 4.92852, 2.76977, 1.88196, 5.00000, 406074.00000, 103569.00000, 287590.40000, 10330914943.44000, 101641.10853, 0.91102, 1.06961, -0.42255, 0.35294, 1.00000, 0.00000
-4.45876, 0.43315, -2.05481, 4.92853, 3.04475, 2.00085, 8.00000, 492082.00000, 106452.00000, 255218.25000, 20681471887.43750, 143810.54164, 0.90081, 0.75116, -0.08228, 0.33112, 0.75000, 0.25000
-4.85499, 0.43811, -0.72621, 4.92852, 3.05160, 1.71868, 9.00000, 386270.00000, 116358.00000, 248657.33333, 8139324469.77778, 90218.20476, 0.91102, 0.96230, -0.09634, 0.13403, 0.88889, 0.11111
-4.62611, 0.87126, -1.44936, 4.92550, 2.95544, 1.86947, 2.00000, 164665.00000, 133291.00000, 148978.00000, 246081969.00000, 15687.00000, 0.94766, 0.87099, -0.15634, 0.28534, 1.00000, 0.00000
-4.37124, 1.70460, 1.50894, 4.92852, 2.76977, 1.25963, 3.00000, 393171.00000, 292050.00000, 343153.33333, 1704832109.55556, 41289.61261, 0.91102, 3.63662, -1.43665, -1.19997, 0.33333, 0.66667
-4.85499, 0.43811, 0.72621, 4.92852, 3.05160, 1.42291, 7.00000, 463510.00000, 162863.00000, 367648.42857, 7907147476.24490, 88922.14278, 0.91102, 1.31474, -0.13162, -0.18312, 0.42857, 0.57143
-4.45876, 0.43315, 2.05481, 4.92853, 3.04475, 1.14074, 6.00000, 499976.00000, 114647.00000, 277348.66667, 15336824507.88889, 123841.93356, 0.90081, 2.22389, -0.24359, -0.98030, 0.83333, 0.16667
-4.62611, 0.87126, 1.44936, 4.92550, 2.95544, 1.27212, 2.00000, 303051.00000, 162666.00000, 232858.50000, 4926987056.25000, 70192.50000, 0.94766, 2.02881, -0.36416, -0.66465, 1.00000, 0.00000
-4.35121, 2.14766, -0.78579, 4.91558, 2.68310, 1.73134, 2.00000, 441662.00000, 245324.00000, 343493.00000, 9637152561.00000, 98169.00000, 1.08598, 1.45965, -0.71592, 0.25627, 1.00000, 0.00000
-4.83686, 0.87622, 0.00000, 4.91558, 2.96238, 1.57080, 3.00000, 392923.00000, 101113.00000, 250765.33333, 14220264364.22222, 119248.74995, 1.08598, 1.22879, -0.22879, -0.00000, 1.00000, 0.00000
-4.35121, 2.14766, 0.78579, 4.91558, 2.68310, 1.41025, 1.00000, 359472.00000, 359472.00000, 359472.00000, 0.00000, 0.00000, 1.08598, 2.99442, -1.46868, -0.52573, 1.00000, 0.00000
-4.58794, 1.75244, 0.00000, 4.91123, 2.77673, 1.57080, 2.00000, 381322.00000, 336249.00000, 358785.50000, 507893832.25000, 22536.50000, 1.14286, 1.61803, -0.61803, -0.00000, 1.00000, 0.00000
2.75567, 4.02561, 0.70086, 4.92853, 0.97053, 1.42811, 0.00000, 0.00000, 0.00000, 0.00000, 0.00000, 0.00000, 0.90081, 0.36663, 0.52824, 0.10514, 0.00000, 0.00000
2.21782, 3.93313, 1.97536, 4.92852, 1.05736, 1.15840, 1.00000, 380695.00000, 380695.00000, 380695.00000, 0.00000, 0.00000, 0.91102, 0.27362, 0.47741, 0.24897, 0.00000, 1.00000
3.48430, 3.15040, 1.49161, 4.92852, 0.73511, 1.26333, 0.00000, 0.00000, 0.00000, 0.00000, 0.00000, 0.00000, 0.91102, 0.42617, 0.38313, 0.19070, 0.00000, 0.00000
2.85909, 3.75484, 1.40973, 4.92550, 0.92001, 1.28053, 0.00000, 0.00000, 0.00000, 0.00000, 0.00000, 0.00000, 0.94766, 0.35746, 0.47456, 0.16798, 0.00000, 0.00000
1.49161, 3.48430, 3.15040, 4.92852, 1.16631, 0.87732, 0.00000, 0.00000, 0.00000, 0.00000, 0.00000, 0.00000, 0.91102, 0.19070, 0.42617, 0.38313, 0.00000, 0.00000
0.70086, 2.75567, 4.02561, 4.92853, 1.32174, 0.61496, 1.00000, 310137.00000, 310137.00000, 310137.00000, 0.00000, 0.00000, 0.90081, 0.10514, 0.36663, 0.52824, 0.00000, 1.00000
1.97536, 2.21782, 3.93313, 4.92852, 0.84316, 0.64677, 3.00000, 400065.00000, 260556.00000, 316901.33333, 3603405014.88889, 60028.36842, 0.91102, 0.24897, 0.27362, 0.47741, 0.00000, 1.00000
1.40973, 2.85909, 3.75484, 4.92550, 1.11271, 0.70390, 0.00000, 0.00000, 0.00000, 0.00000, 0.00000, 0.00000, 0.94766, 0.16798, 0.35746, 0.47456, 0.00000, 0.00000
3.93313, 1.97536, 2.21782, 4.92852, 0.46544, 1.10403, 1.00000, 408583.00000, 408583.00000, 408583.00000, 0.00000, 0.00000, 0.91102, 0.47741, 0.24897, 0.27362, 1.00000, 0.00000
3.15040, 1.49161, 3.48430, 4.92852, 0.44220, 0.78559, 0.00000, 0.00000, 0.00000, 0.00000, 0.00000, 0.00000, 0.91102, 0.38313, 0.19070, 0.42617, 0.00000, 0.00000
4.02561, 0.70086, 2.75567, 4.92853, 0.17237, 0.97747, 1.00000, 443319.00000, 443319.00000, 443319.00000, 0.00000, 0.00000, 0.90081, 0.52824, 0.10514, 0.36663, 0.00000, 1.00000
3.75484, 1.40973, 2.85909, 4.92550, 0.35916, 0.95149, 5.00000, 477771.00000, 277936.00000, 399017.60000, 4402941668.24000, 66354.66576, 0.94766, 0.47456, 0.16798, 0.35746, 0.40000, 0.60000
2.20355, 3.47499, 2.68919, 4.91558, 1.00567, 0.99193, 0.00000, 0.00000, 0.00000, 0.00000, 0.00000, 0.00000, 1.08598, 0.26522, 0.41309, 0.32170, 0.00000, 0.00000
2.68919, 2.20355, 3.47499, 4.91558, 0.68646, 0.78564, 1.00000, 300457.00000, 300457.00000, 300457.00000, 0.00000, 0.00000, 1.08598, 0.32170, 0.26522, 0.41309, 0.00000, 1.00000
3.47499, 2.68919, 2.20355, 4.91558, 0.65860, 1.10596, 0.00000, 0.00000, 0.00000, 0.00000, 0.00000, 0.00000, 1.08598, 0.41309, 0.32170, 0.26522, 0.00000, 0.00000
2.83550, 2.83550, 2.83550, 4.91123, 0.78540, 0.95532, 2.00000, 244992.00000, 242726.00000, 243859.00000, 1283689.00000, 1133.00000, 1.14286, 0.33333, 0.33333, 0.33333, 0.50000, 0.50000
-0.43315, 2.05481, 4.45876, 4.92853, 1.77855, 0.44016, 1.00000, 274242.00000, 274242.00000, 274242.00000, 0.00000, 0.00000, 0.90081, -0.08228, 0.33112, 0.75116, 0.00000, 1.00000
-1.70460, 1.50894, 4.37124, 4.92852, 2.41700, 0.48015, 0.00000, 0.00000, 0.00000, 0.00000, 0.00000, 0.00000, 0.91102, -0.42255, 0.35294, 1.06961, 0.00000, 0.00000
-0.43811, 0.72621, 4.85499, 4.92852, 2.11363, 0.17295, 1.00000, 473489.00000, 473489.00000, 473489.00000, 0.00000, 0.00000, 0.91102, -0.09634, 0.13403, 0.96230, 0.00000, 1.00000
-0.87126, 1.44936, 4.62611, 4.92550, 2.11205, 0.35046, 0.00000, 0.00000, 0.00000, 0.00000, 0.00000, 0.00000, 0.94766, -0.15634, 0.28534, 0.87099, 0.00000, 0.00000
-2.87963, 0.78273, 3.92241, 4.92852, 2.87619, 0.65037, 1.00000, 399906.00000, 399906.00000, 399906.00000, 0.00000, 0.00000, 0.91102, -1.48153, 0.40335, 2.07817, 1.00000, 0.00000
-3.75791, 0.00000, 3.18882, 4.92853, 3.14159, 0.86714, 2.00000, 440827.00000, 263954.00000, 352390.50000, 7821014532.25000, 88436.50000, 0.90081, 8.64229, -0.00000, -7.64229, 0.50000, 0.50000
-2.87963, -0.78273, 3.92241, 4.92852, -2.87619, 0.65037, 6.00000, 367545.00000, 138372.00000, 240071.83333, 5500915033.13889, 74168.15377, 0.91102, -7.66476, -2.08678, 10.75154, 0.16667, 0.83333
-3.21637, 0.00000, 3.73035, 4.92550, 3.14159, 0.71154, 4.00000, 476439.00000, 260066.00000, 323782.75000, 7860623578.18750, 88660.15778, 0.94766, -8.06739, 0.00000, 9.06739, 0.50000, 0.50000
-0.43811, -0.72621, 4.85499, 4.92852, -2.11363, 0.17295, 5.00000, 432100.00000, 176205.00000, 335891.40000, 7611865244.24000, 87246.00417, 0.91102, -0.13162, -0.18312, 1.31474, 0.60000, 0.40000
-1.70460, -1.50894, 4.37124, 4.92852, -2.41700, 0.48015, 3.00000, 407739.00000, 285554.00000, 332257.00000, 2902311124.66667, 53873.10205, 0.91102, -1.43665, -1.19997, 3.63662, 0.66667, 0.33333
-0.43315, -2.05481, 4.45876, 4.92853, -1.77855, 0.44016, 11.00000, 377317.00000, 68805.00000, 196174.90909, 10638345623.17355, 103142.35611, 0.90081, -0.24359, -0.98030, 2.22389, 0.18182, 0.81818
-0.87126, -1.44936, 4.62611, 4.92550, -2.11205, 0.35046, 3.00000, 450046.00000, 320537.00000, 365738.00000, 3560108904.66667, 59666.64818, 0.94766, -0.36416, -0.66465, 2.02881, 0.66667, 0.33333
-2.14766, 0.78579, 4.35121, 4.91558, 2.79084, 0.48390, 2.00000, 376564.00000, 284314.00000, 330439.00000, 2127515625.00000, 46125.00000, 1.08598, -0.71592, 0.25627, 1.45965, 0.00000, 1.00000
-2.14766, -0.78579, 4.35121, 4.91558, -2.79084, 0.48390, 4.00000, 472126.00000, 309179.00000, 385401.25000, 3359766452.18750, 57963.49241, 1.08598, -1.46868, -0.52573, 2.99442, 0.75000, 0.25000
-0.87622, 0.00000, 4.83686, 4.91558, 3.14159, 0.17921, 3.00000, 377701.00000, 191053.00000, 275617.66667, 5959697824.88889, 77199.07917, 1.08598, -0.22879, 0.00000, 1.22879, 0.66667, 0.33333
-1.75244, 0.00000, 4.58794, 4.91123, 3.14159, 0.36486, 1.00000, 488896.00000, 488896.00000, 488896.00000, 0.00000, 0.00000, 1.14286, -0.61803, 0.00000, 1.61803, 1.00000, 0.00000
-4.45876, -0.43315, 2.05481, 4.92853, -3.04475, 1.14074, 9.00000, 474639.00000, 190501.00000, 363438.44444, 12663177997.13580, 112530.78689, 0.90081, 1.49537, 0.16379, -0.65917, 0.66667, 0.33333
-4.85499, -0.43811, 0.72621, 4.92852, -3.05160, 1.42291, 12.00000, 393405.00000, 107835.00000, 195506.33333, 10151316159.38889, 100753.74018, 0.91102, 1.04077, 0.10419, -0.14496, 0.83333, 0.16667
-4.37124, -1.70460, 1.50894, 4.92852, -2.76977, 1.25963, 16.00000, 344921.00000, 37112.00000, 151342.87500, 8773823953.23438, 93668.69249, 0.91102, 0.93889, 0.37091, -0.30980, 1.00000, 0.00000
-4.62611, -0.87126, 1.44936, 4.92550, -2.95544, 1.27212, 11.00000, 412293.00000, 62840.00000, 238842.72727, 13398517483.65289, 115751.96536, 0.94766, 1.17386, 0.21070, -0.38457, 0.63636, 0.36364
-4.85499, -0.43811, -0.72621, 4.92852, -3.05160, 1.71868, 22.00000, 425756.00000, 49711.00000, 195222.50000, 10010093124.88636, 100050.45290, 0.91102, 0.80685, 0.08077, 0.11238, 0.95455, 0.04545
-4.45876, -0.43315, -2.05481, 4.92853, -3.04475, 2.00085, 12.00000, 265898.00000, 67005.00000, 147883.66667, 3900800033.05556, 62456.38505, 0.90081, 0.64502, 0.07065, 0.28433, 1.00000, 0.00000
-4.37124, -1.70460, -1.50894, 4.92852, -2.76977, 1.88196, 35.00000, 491106.00000, 26063.00000, 179849.80000, 13506541717.64571, 116217.64805, 0.91102, 0.57970, 0.22901, 0.19128, 0.88571, 0.11429
-4.62611, -0.87126, -1.44936, 4.92550, -2.95544, 1.86947, 13.00000, 404627.00000, 69774.00000, 230597.84615, 13409214465.66864, 115798.16262, 0.94766, 0.66353, 0.11910, 0.21738, 0.76923, 0.23077
-3.92241, -2.87963, 0.78273, 4.92852, -2.50831, 1.41130, 31.00000, 459152.00000, 35214.00000, 181189.64516, 12370939112.80957, 111224.72348, 0.91102, 0.65841, 0.46938, -0.12779, 0.87097, 0.12903
-3.92241, -2.87963, -0.78273, 4.92852, -2.50831, 1.73029, 44.00000, 484178.00000, 41213.00000, 185327.34091, 19300579938.58832, 138926.52712, 0.91102, 0.52439, 0.37383, 0.10178, 0.86364, 0.13636
-3.18882, -3.75791, 0.00000, 4.92853, -2.27446, 1.57080, 65.00000, 465578.00000, 17730.00000, 153942.04615, 12352704016.41325, 111142.71913, 0.90081, 0.46930, 0.53070, 0.00000, 0.86154, 0.13846
-3.73035, -3.21637, 0.00000, 4.92550, -2.43005, 1.57080, 22.00000, 448691.00000, 25783.00000, 172504.50000, 16932511092.43182, 130124.98258, 0.94766, 0.52918, 0.47082, -0.00000, 0.72727, 0.27273
-4.83686, -0.87622, 0.00000, 4.91558, -2.96238, 1.57080, 12.00000, 496091.00000, 79431.00000, 243838.66667, 15380113397.88889, 124016.58517, 1.08598, 0.84303, 0.15697, -0.00000, 0.91667, 0.08333
-4.35121, -2.14766, -0.78579, 4.91558, -2.68310, 1.73134, 21.00000, 478324.00000, 43499.00000, 193982.33333, 12723273007.65079, 112797.48671, 1.08598, 0.60022, 0.29439, 0.10538, 0.95238, 0.04762
-4.35121, -2.14766, 0.78579, 4.91558, -2.68310, 1.41025, 27.00000, 496187.00000, 62211.00000, 223752.96296, 15032941513.96159, 122608.89655, 1.08598, 0.76051, 0.37301, -0.13352, 0.77778, 0.22222
-4.58794, -1.75244, 0.00000, 4.91123, -2.77673, 1.57080, 20.00000, 477194.00000, 26467.00000, 186450.80000, 15438842319.96000, 124253.13807, 1.14286, 0.72361, 0.27639, -0.00000, 0.85000, 0.15000
-3.75791, 0.00000, -3.18882, 4.92853, 3.14159, 2.27446, 13.00000, 452019.00000, 86911.00000, 232106.38462, 12696354261.00592, 112678.10018, 0.90081, 0.53070, -0.00000, 0.46930, 1.00000, 0.00000
-2.87963, 0.78273, -3.92241, 4.92852, 2.87619, 2.49122, 8.00000, 359373.00000, 67137.00000, 204166.87500, 10962309412.60938, 104701.04781, 0.91102, 0.46938, -0.12779, 0.65841, 1.00000, 0.00000
-2.87963, -0.78273, -3.92241, 4.92852, -2.87619, 2.49122, 21.00000, 387898.00000, 63872.00000, 202163.90476, 9095835958.56236, 95372.09214, 0.91102, 0.37383, 0.10178, 0.52439, 0.85714, 0.14286
-3.21637, 0.00000, -3.73035, 4.92550, 3.14159, 2.43005, 8.00000, 268516.00000, 80977.00000, 157011.37500, 3536650107.73438, 59469.74111, 0.94766, 0.47082, 0.00000, 0.52918, 0.87500, 0.12500
-1.70460, 1.50894, -4.37124, 4.92852, 2.41700, 2.66145, 4.00000, 339644.00000, 171846.00000, 228847.50000, 4488706718.75000, 66997.81130, 0.91102, 0.37091, -0.30980, 0.93889, 0.75000, 0.25000
-0.43315, 2.05481, -4.45876, 4.92853, 1.77855, 2.70143, 2.00000, 494996.00000, 362261.00000, 428628.50000, 4404645056.25000, 66367.50000, 0.90081, 0.16379, -0.65917, 1.49537, 0.50000, 0.50000
-0.43811, 0.72621, -4.85499, 4.92852, 2.11363, 2.96865, 5.00000, 490256.00000, 118773.00000, 316074.80000, 13989807422.16000, 118278.51632, 0.91102, 0.10419, -0.14496, 1.04077, 1.00000, 0.00000
-0.87126, 1.44936, -4.62611, 4.92550, 2.11205, 2.79113, 2.00000, 273918.00000, 259166.00000, 266542.00000, 54405376.00000, 7376.00000, 0.94766, 0.21070, -0.38457, 1.17386, 0.50000, 0.50000
-1.70460, -1.50894, -4.37124, 4.92852, -2.41700, 2.66145, 14.00000, 437492.00000, 70089.00000, 171425.14286, 11250763322.12245, 106069.61545, 0.91102, 0.22901, 0.19128, 0.57970, 0.92857, 0.07143
-0.43811, -0.72621, -4.85499, 4.92852, -2.11363, 2.96865, 15.00000, 463292.00000, 95315.00000, 261517.66667, 15421432647.28889, 124183.06103, 0.91102, 0.08077, 0.11238, 0.80685, 0.60000, 0.40000
-0.43315, -2.05481, -4.45876, 4.92853, -1.77855, 2.70143, 29.00000, 453930.00000, 84162.00000, 229548.79310, 12039283364.92271, 109723.66821, 0.90081, 0.07065, 0.28433, 0.64502, 0.51724, 0.48276
-0.87126, -1.44936, -4.62611, 4.92550, -2.11205, 2.79113, 15.00000, 388692.00000, 59660.00000, 268840.80000, 10408637529.22667, 102022.73045, 0.94766, 0.11910, 0.21738, 0.66353, 0.80000, 0.20000
-2.14766, 0.78579, -4.35121, 4.91558, 2.79084, 2.65769, 4.00000, 472208.00000, 169899.00000, 351016.00000, 12405670869.50000, 111380.74730, 1.08598, 0.37301, -0.13352, 0.76051, 0.75000, 0.25000
-0.87622, 0.00000, -4.83686, 4.91558, 3.14159, 2.96238, 9.00000, 481708.00000, 121094.00000, 310771.44444, 19532272667.58025, 139757.90735, 1.08598, 0.15697, 0.00000, 0.84303, 0.66667, 0.33333
-2.14766, -0.78579, -4.35121, 4.91558, -2.79084, 2.65769, 10.00000, 450682.00000, 86063.00000, 266376.70000, 17390081722.01000, 131871.45909, 1.08598, 0.29439, 0.10538, 0.60022, 1.00000, 0.00000
-1.75244, 0.00000, -4.58794, 4.91123, 3.14159, 2.77673, 9.00000, 397195.00000, 164958.00000, 275548.77778, 8309428011.72840, 91156.06404, 1.14286, 0.27639, 0.00000, 0.72361, 0.88889, 0.11111
0.70086, 2.75567, -4.02561, 4.92853, 1.32174, 2.52663, 2.00000, 491956.00000, 352923.00000, 422439.50000, 4832543772.25000, 69516.50000, 0.90081, -1.86160, -6.49176, 9.35336, 1.00000, 0.00000
1.49161, 3.48430, -3.15040, 4.92852, 1.16631, 2.26428, 1.00000, 342083.00000, 342083.00000, 342083.00000, 0.00000, 0.00000, 0.91102, 0.81587, 1.82322, -1.63909, 1.00000, 0.00000
1.97536, 2.21782, -3.93313, 4.92852, 0.84316, 2.49482, 2.00000, 192587.00000, 162388.00000, 177487.50000, 227994900.25000, 15099.50000, 0.91102, 5.51065, 6.05607, -10.56672, 0.50000, 0.50000
1.40973, 2.85909, -3.75484, 4.92550, 1.11271, 2.43770, 2.00000, 484646.00000, 421646.00000, 453146.00000, 992250000.00000, 31500.00000, 0.94766, 3.30198, 7.02665, -9.32863, 1.00000, 0.00000
2.21782, 3.93313, -1.97536, 4.92852, 1.05736, 1.98319, 0.00000, 0.00000, 0.00000, 0.00000, 0.00000, 0.00000, 0.91102, 0.54500, 0.95092, -0.49591, 0.00000, 0.00000
2.75567, 4.02561, -0.70086, 4.92853, 0.97053, 1.71348, 0.00000, 0.00000, 0.00000, 0.00000, 0.00000, 0.00000, 0.90081, 0.46424, 0.66888, -0.13313, 0.00000, 0.00000
3.48430, 3.15040, -1.49161, 4.92852, 0.73511, 1.87827, 1.00000, 362351.00000, 362351.00000, 362351.00000, 0.00000, 0.00000, 0.91102, 0.68893, 0.61936, -0.30829, 1.00000, 0.00000
2.85909, 3.75484, -1.40973, 4.92550, 0.92001, 1.86107, 0.00000, 0.00000, 0.00000, 0.00000, 0.00000, 0.00000, 0.94766, 0.53830, 0.71466, -0.25296, 0.00000, 0.00000
3.15040, 1.49161, -3.48430, 4.92852, 0.44220, 2.35600, 1.00000, 413816.00000, 413816.00000, 413816.00000, 0.00000, 0.00000, 0.91102, 2.59457, 1.29147, -2.88604, 0.00000, 1.00000
3.93313, 1.97536, -2.21782, 4.92852, 0.46544, 2.03756, 1.00000, 404782.00000, 404782.00000, 404782.00000, 0.00000, 0.00000, 0.91102, 1.05443, 0.54989, -0.60432, 0.00000, 1.00000
4.02561, 0.70086, -2.75567, 4.92853, 0.17237, 2.16413, 1.00000, 137670.00000, 137670.00000, 137670.00000, 0.00000, 0.00000, 0.90081, 1.98030, 0.39414, -1.37444, 0.00000, 1.00000
3.75484, 1.40973, -2.85909, 4.92550, 0.35916, 2.19010, 1.00000, 361250.00000, 361250.00000, 361250.00000, 0.00000, 0.00000, 0.94766, 1.66465, 0.58922, -1.25387, 0.00000, 1.00000
2.20355, 3.47499, -2.68919, 4.91558, 1.00567, 2.14966, 1.00000, 168682.00000, 168682.00000, 168682.00000, 0.00000, 0.00000, 1.08598, 0.74373, 1.15838, -0.90211, 1.00000, 0.00000
3.47499, 2.68919, -2.20355, 4.91558, 0.65860, 2.03563, 1.00000, 368429.00000, 368429.00000, 368429.00000, 0.00000, 0.00000, 1.08598, 0.87972, 0.68510, -0.56481, 1.00000, 0.00000
2.68919, 2.20355, -3.47499, 4.91558, 0.68646, 2.35595, 2.00000, 437181.00000, 317850.00000, 377515.50000, 3559971890.25000, 59665.50000, 1.08598, 1.85065, 1.52573, -2.37638, 0.50000, 0.50000
2.83550, 2.83550, -2.83550, 4.91123, 0.78540, 2.18628, 0.00000, 0.00000, 0.00000, 0.00000, 0.00000, 0.00000, 1.14286, 1.00000, 1.00000, -1.00000, 0.00000, 0.00000
2.75567, -4.02561, 0.70086, 4.92853, -0.97053, 1.42811, 33.00000, 491085.00000, 49132.00000, 214126.84848, 19624056916.55280, 140085.89121, 0.90081, -6.49176, 9.35336, -1.86160, 0.12121, 0.87879
3.48430, -3.15040, 1.49161, 4.92852, -0.73511, 1.26333, 19.00000, 472312.00000, 74965.00000, 222287.42105, 11116348231.61219, 105434.09426, 0.91102, 1.82322, -1.63909, 0.81587, 0.05263, 0.94737
2.21782, -3.93313, 1.97536, 4.92852, -1.05736, 1.15840, 32.00000, 476397.00000, 45205.00000, 222387.21875, 15214508701.04590, 123347.10658, 0.91102, 6.05607, -10.56672, 5.51065, 0.18750, 0.81250
2.85909, -3.75484, 1.40973, 4.92550, -0.92001, 1.28053, 32.00000, 492697.00000, 33026.00000, 195782.25000, 16882167868.93750, 129931.39678, 0.94766, 7.02665, -9.32863, 3.30198, 0.28125, 0.71875
3.93313, -1.97536, 2.21782, 4.92852, -0.46544, 1.10403, 16.00000, 472239.00000, 77622.00000, 226028.31250, 13079303464.46484, 114364.78245, 0.91102, 0.95092, -0.49591, 0.54500, 0.00000, 1.00000
4.02561, -0.70086, 2.75567, 4.92853, -0.17237, 0.97747, 6.00000, 461128.00000, 165604.00000, 322680.33333, 16851748900.88889, 129814.28620, 0.90081, 0.66888, -0.13313, 0.46424, 0.16667, 0.83333
3.15040, -1.49161, 3.48430, 4.92852, -0.44220, 0.78559, 6.00000, 335114.00000, 98377.00000, 211261.50000, 10067612432.91667, 100337.49266, 0.91102, 0.61936, -0.30829, 0.68893, 0.00000, 1.00000
3.75484, -1.40973, 2.85909, 4.92550, -0.35916, 0.95149, 8.00000, 457658.00000, 146109.00000, 301183.25000, 13405749189.43750, 115783.19908, 0.94766, 0.71466, -0.25296, 0.53830, 0.25000, 0.75000
1.49161, -3.48430, 3.15040, 4.92852, -1.16631, 0.87732, 29.00000, 484744.00000, 39283.00000, 228536.89655, 18047984206.98930, 134342.78621, 0.91102, 1.29147, -2.88604, 2.59457, 0.13793, 0.86207
1.97536, -2.21782, 3.93313, 4.92852, -0.84316, 0.64677, 16.00000, 414324.00000, 69890.00000, 189886.93750, 6201366649.18359, 78748.75649, 0.91102, 0.54989, -0.60432, 1.05443, 0.12500, 0.87500
0.70086, -2.75567, 4.02561, 4.92853, -1.32174, 0.61496, 13.00000, 482723.00000, 119538.00000, 254139.38462, 10197653630.85207, 100983.43246, 0.90081, 0.39414, -1.37444, 1.98030, 0.15385, 0.84615
1.40973, -2.85909, 3.75484, 4.92550, -1.11271, 0.70390, 11.00000, 480074.00000, 49158.00000, 179353.00000, 16964851197.27273, 130249.18885, 0.94766, 0.58922, -1.25387, 1.66465, 0.36364, 0.63636
3.47499, -2.68919, 2.20355, 4.91558, -0.65860, 1.10596, 11.00000, 334463.00000, 52333.00000, 226783.27273, 9142431542.92562, 95616.06321, 1.08598, 1.15838, -0.90211, 0.74373, 0.09091, 0.90909
2.68919, -2.20355, 3.47499, 4.91558, -0.68646, 0.78564, 9.00000, 481520.00000, 100159.00000, 287624.77778, 10860285080.39506, 104212.69155, 1.08598, 0.68510, -0.56481, 0.87972, 0.22222, 0.77778
2.20355, -3.47499, 2.68919, 4.91558, -1.00567, 0.99193, 11.00000, 400989.00000, 39637.00000, 176353.36364, 12872940855.14050, 113458.98314, 1.08598, 1.52573, -2.37638, 1.85065, 0.27273, 0.72727
2.83550, -2.83550, 2.83550, 4.91123, -0.78540, 0.95532, 21.00000, 482559.00000, 63550.00000, 231313.33333, 13967368922.31746, 118183.62375, 1.14286, 1.00000, -1.00000, 1.00000, 0.04762, 0.95238
2.05481, -4.45876, 0.43315, 4.92853, -1.13896, 1.48280, 50.00000, 428870.00000, 22128.00000, 140506.40000, 9017638921.52000, 94961.24958, 0.90081, -0.98030, 2.22389, -0.24359, 0.16000, 0.84000
1.50894, -4.37124, 1.70460, 4.92852, -1.23841, 1.21764, 46.00000, 470137.00000, 34850.00000, 173172.56522, 11959991640.76748, 109361.74670, 0.91102, -1.19997, 3.63662, -1.43665, 0.19565, 0.80435
0.72621, -4.85499, 0.43811, 4.92852, -1.42232, 1.48179, 75.00000, 481119.00000, 19030.00000, 171035.09333, 15051759463.28462, 122685.61229, 0.91102, -0.18312, 1.31474, -0.13162, 0.22667, 0.77333
1.44936, -4.62611, 0.87126, 4.92550, -1.26718, 1.39297, 45.00000, 472407.00000, 29101.00000, 176660.28889, 10111327039.44988, 100555.09455, 0.94766, -0.66465, 2.02881, -0.36416, 0.33333, 0.66667
0.78273, -3.92241, 2.87963, 4.92852, -1.37383, 0.94680, 35.00000, 418667.00000, 53171.00000, 194490.51429, 12902560519.67837, 113589.43842, 0.91102, -2.08678, 10.75154, -7.66476, 0.37143, 0.62857
0.00000, -3.18882, 3.75791, 4.92853, -1.57080, 0.70366, 23.00000, 355055.00000, 54343.00000, 225786.65217, 6527820611.87902, 80794.92937, 0.90081, 0.00000, -7.64229, 8.64229, 0.39130, 0.60870
-0.78273, -3.92241, 2.87963, 4.92852, -1.76776, 0.94680, 26.00000, 432553.00000, 41095.00000, 196988.61538, 8301552562.46745, 91112.85619, 0.91102, 0.40335, 2.07817, -1.48153, 0.38462, 0.61538
0.00000, -3.73035, 3.21637, 4.92550, -1.57080, 0.85925, 21.00000, 499709.00000, 45598.00000, 281562.66667, 21068933711.07936, 145151.41650, 0.94766, -0.00000, 9.06739, -8.06739, 0.33333, 0.66667
-0.72621, -4.85499, 0.43811, 4.92852, -1.71928, 1.48179, 83.00000, 493756.00000, 23953.00000, 174491.97590, 10953930093.42111, 104661.02471, 0.91102, 0.13403, 0.96230, -0.09634, 0.55422, 0.44578
-1.50894, -4.37124, 1.70460, 4.92852, -1.90319, 1.21764, 59.00000, 455046.00000, 43603.00000, 203544.42373, 12931528062.61707, 113716.87677, 0.91102, 0.35294, 1.06961, -0.42255, 0.52542, 0.47458
-2.05481, -4.45876, 0.43315, 4.92853, -2.00263, 1.48280, 67.00000, 488643.00000, 18648.00000, 172968.46269, 17211419444.96503, 131192.29949, 0.90081, 0.33112, 0.75116, -0.08228, 0.67164, 0.32836
-1.44936, -4.62611, 0.87126, 4.92550, -1.87441, 1.39297, 63.00000, 451870.00000, 36188.00000, 202031.17460, 16061254053.98538, 126733.00302, 0.94766, 0.28534, 0.87099, -0.15634, 0.55556, 0.44444
0.78579, -4.35121, 2.14766, 4.91558, -1.39213, 1.11864, 29.00000, 446969.00000, 44109.00000, 218689.17241, 11673696148.69441, 108044.88025, 1.08598, -0.52573, 2.99442, -1.46868, 0.24138, 0.75862
-0.78579, -4.35121, 2.14766, 4.91558, -1.74946, 1.11864, 45.00000, 498626.00000, 59960.00000, 204370.20000, 12459535296.16000, 111622.28853, 1.08598, 0.25627, 1.45965, -0.71592, 0.37778, 0.62222
0.00000, -4.83686, 0.87622, 4.91558, -1.57080, 1.39159, 57.00000, 492283.00000, 32694.00000, 155321.12281, 11467985332.63404, 107088.67976, 1.08598, -0.00000, 1.22879, -0.22879, 0.36842, 0.63158
0.00000, -4.58794, 1.75244, 4.91123, -1.57080, 1.20593, 44.00000, 364307.00000, 41496.00000, 175529.40909, 9155700065.96901, 95685.42243, 1.14286, -0.00000, 1.61803, -0.61803, 0.43182, 0.56818
2.05481, -4.45876, -0.43315, 4.92853, -1.13896, 1.65880, 53.00000, 476451.00000, 25206.00000, 177832.32075, 10132832196.93485, 100661.96996, 0.90081, -0.65917, 1.49537, 0.16379, 0.20755, 0.79245
0.72621, -4.85499, -0.43811, 4.92852, -1.42232, 1.65981, 86.00000, 485986.00000, 23405.00000, 155812.67442, 11670756489.42888, 108031.27552, 0.91102, -0.14496, 1.04077, 0.10419, 0.25581, 0.74419
1.50894, -4.37124, -1.70460, 4.92852, -1.23841, 1.92396, 61.00000, 489270.00000, 37399.00000, 189664.24590, 18348984106.02150, 135458.42206, 0.91102, -0.30980, 0.93889, 0.37091, 0.29508, 0.70492
1.44936, -4.62611, -0.87126, 4.92550, -1.26718, 1.74862, 69.00000, 494597.00000, 24281.00000, 181046.43478, 13716844450.18778, 117118.93293, 0.94766, -0.38457, 1.17386, 0.21070, 0.31884, 0.68116
-0.72621, -4.85499, -0.43811, 4.92852, -1.71928, 1.65981, 84.00000, 468962.00000, 30290.00000, 161867.96429, 10881629530.84396, 104315.04940, 0.91102, 0.11238, 0.80685, 0.08077, 0.51190, 0.48810
-2.05481, -4.45876, -0.43315, 4.92853, -2.00263, 1.65880, 60.00000, 498703.00000, 30008.00000, 154571.58333, 13528022942.77639, 116310.02942, 0.90081, 0.28433, 0.64502, 0.07065, 0.63333, 0.36667
-1.50894, -4.37124, -1.70460, 4.92852, -1.90319, 1.92396, 90.00000, 440036.00000, 20125.00000, 152096.22222, 11369350237.23950, 106627.15525, 0.91102, 0.19128, 0.57970, 0.22901, 0.64444, 0.35556
-1.44936, -4.62611, -0.87126, 4.92550, -1.87441, 1.74862, 77.00000, 452057.00000, 14520.00000, 150055.63636, 11648802354.75089, 107929.61760, 0.94766, 0.21738, 0.66353, 0.11910, 0.74026, 0.25974
0.78273, -3.92241, -2.87963, 4.92852, -1.37383, 2.19479, 46.00000, 436021.00000, 41806.00000, 206727.10870, 10398127669.35775, 101971.21000, 0.91102, -0.12779, 0.65841, 0.46938, 0.41304, 0.58696
-0.78273, -3.92241, -2.87963, 4.92852, -1.76776, 2.19479, 56.00000, 381245.00000, 27595.00000, 166968.08929, 11257475443.75989, 106101.25091, 0.91102, 0.10178, 0.52439, 0.37383, 0.75000, 0.25000
0.00000, -3.18882, -3.75791, 4.92853, -1.57080, 2.43793, 33.00000, 460504.00000, 47237.00000, 214561.42424, 15288807159.94123, 123647.91612, 0.90081, 0.00000, 0.46930, 0.53070, 0.63636, 0.36364
0.00000, -3.73035, -3.21637, 4.92550, -1.57080, 2.28234, 50.00000, 465928.00000, 24346.00000, 196266.72000, 17718728117.28160, 133111.71292, 0.94766, -0.00000, 0.52918, 0.47082, 0.58000, 0.42000
0.00000, -4.83686, -0.87622, 4.91558, -1.57080, 1.75001, 62.00000, 434546.00000, 22153.00000, 165566.51613, 12223954053.47555, 110561.99190, 1.08598, -0.00000, 0.84303, 0.15697, 0.46774, 0.53226
-0.78579, -4.35121, -2.14766, 4.91558, -1.74946, 2.02296, 62.00000, 466510.00000, 25531.00000, 160105.38710, 13101345897.04370, 114461.11085, 1.08598, 0.10538, 0.60022, 0.29439, 0.64516, 0.35484
0.78579, -4.35121, -2.14766, 4.91558, -1.39213, 2.02296, 41.00000, 479663.00000, 35252.00000, 164182.97561, 10466406546.60916, 102305.45707, 1.08598, -0.13352, 0.76051, 0.37301, 0.51220, 0.48780
0.00000, -4.58794, -1.75244, 4.91123, -1.57080, 1.93566, 66.00000, 465035.00000, 23120.00000, 154092.15152, 11558482366.52250, 107510.38260, 1.14286, -0.00000, 0.72361, 0.27639, 0.59091, 0.40909
2.75567, -4.02561, -0.70086, 4.92853, -0.97053, 1.71348, 36.00000, 445782.00000, 39402.00000, 203409.72222, 14517023988.42284, 120486.61332, 0.90081, -1.37444, 1.98030, 0.39414, 0.30556, 0.69444
2.21782, -3.93313, -1.97536, 4.92852, -1.05736, 1.98319, 47.00000, 472510.00000, 39837.00000, 194092.25532, 15140369131.29651, 123046.20730, 0.91102, -0.60432, 1.05443, 0.54989, 0.27660, 0.72340
3.48430, -3.15040, -1.49161, 4.92852, -0.73511, 1.87827, 26.00000, 437158.00000, 34204.00000, 205764.57692, 10684458879.24408, 103365.65619, 0.91102, -2.88604, 2.59457, 1.29147, 0.23077, 0.76923
2.85909, -3.75484, -1.40973, 4.92550, -0.92001, 1.86107, 25.00000, 413869.00000, 38692.00000, 157106.76000, 8748860517.30240, 93535.34368, 0.94766, -1.25387, 1.66465, 0.58922, 0.20000, 0.80000
1.49161, -3.48430, -3.15040, 4.92852, -1.16631, 2.26428, 42.00000, 379830.00000, 51293.00000, 168567.57143, 7563797257.34014, 86970.09404, 0.91102, -0.30829, 0.68893, 0.61936, 0.33333, 0.66667
0.70086, -2.75567, -4.02561, 4.92853, -1.32174, 2.52663, 22.00000, 455400.00000, 52214.00000, 283018.63636, 14859297439.32232, 121898.71796, 0.90081, -0.13313, 0.46424, 0.66888, 0.54545, 0.45455
1.97536, -2.21782, -3.93313, 4.92852, -0.84316, 2.49482, 23.00000, 475001.00000, 43827.00000, 249304.82609, 13389222582.23062, 115711.80831, 0.91102, -0.49591, 0.54500, 0.95092, 0.47826, 0.52174
1.40973, -2.85909, -3.75484, 4.92550, -1.11271, 2.43770, 21.00000, 491276.00000, 71960.00000, 237835.66667, 16310033371.07937, 127710.74102, 0.94766, -0.25296, 0.53830, 0.71466, 0.38095, 0.61905
3.93313, -1.97536, -2.21782, 4.92852, -0.46544, 2.03756, 13.00000, 444110.00000, 133551.00000, 254176.92308, 11531273330.53254, 107383.76661, 0.91102, -10.56672, 5.51065, 6.05607, 0.15385, 0.84615
3.15040, -1.49161, -3.48430, 4.92852, -0.44220, 2.35600, 13.00000, 460204.00000, 76365.00000, 234173.15385, 16941095556.74556, 130157.96386, 0.91102, -1.63909, 0.81587, 1.82322, 0.53846, 0.46154
4.02561, -0.70086, -2.75567, 4.92853, -0.17237, 2.16413, 4.00000, 438826.00000, 153809.00000, 311805.25000, 12088990886.18750, 109949.94719, 0.90081, 9.35336, -1.86160, -6.49176, 0.50000, 0.50000
3.75484, -1.40973, -2.85909, 4.92550, -0.35916, 2.19010, 11.00000, 450781.00000, 88167.00000, 244922.45455, 11956844553.33884, 109347.35732, 0.94766, -9.32863, 3.30198, 7.02665, 0.36364, 0.63636
2.20355, -3.47499, -2.68919, 4.91558, -1.00567, 2.14966, 24.00000, 498038.00000, 80367.00000, 271177.29167, 17382830070.78993, 131843.96107, 1.08598, -0.56481, 0.87972, 0.68510, 0.54167, 0.45833
2.68919, -2.20355, -3.47499, 4.91558, -0.68646, 2.35595, 9.00000, 444305.00000, 137061.00000, 319361.11111, 10003359579.20988, 100016.79649, 1.08598, -0.90211, 0.74373, 1.15838, 0.11111, 0.88889
3.47499, -2.68919, -2.20355, 4.91558, -0.65860, 2.03563, 14.00000, 421698.00000, 59022.00000, 179036.71429, 11091807968.06123, 105317.65269, 1.08598, -2.37638, 1.85065, 1.52573, 0.35714, 0.64286
2.83550, -2.83550, -2.83550, 4.91123, -0.78540, 2.18628, 25.00000, 476437.00000, 38512.00000, 213182.68000, 12460669506.37760, 111627.36898, 1.14286, -1.00000, 1.00000, 1.00000, 0.40000, 0.60000
3.18882, -3.75791, 0.00000, 4.92853, -0.86714, 1.57080, 28.00000, 389274.00000, 24486.00000, 197183.85714, 12744727448.55102, 112892.54824, 0.90081, -7.64229, 8.64229, -0.00000, 0.21429, 0.78571
3.92241, -2.87963, -0.78273, 4.92852, -0.63328, 1.73029, 19.00000, 427540.00000, 99088.00000, 223876.94737, 12604600901.20776, 112270.21378, 0.91102, 10.75154, -7.66476, -2.08678, 0.05263, 0.94737
3.92241, -2.87963, 0.78273, 4.92852, -0.63328, 1.41130, 20.00000, 467486.00000, 61591.00000, 219527.40000, 12776268000.54000, 113032.15472, 0.91102, 2.07817, -1.48153, 0.40335, 0.00000, 1.00000
3.73035, -3.21637, 0.00000, 4.92550, -0.71154, 1.57080, 18.00000, 491601.00000, 55233.00000, 195193.72222, 12101845887.97839, 110008.39008, 0.94766, 9.06739, -8.06739, 0.00000, 0.11111, 0.88889
4.37124, -1.70460, -1.50894, 4.92852, -0.37182, 1.88196, 7.00000, 492163.00000, 104574.00000, 249789.14286, 20610668549.83673, 143564.16179, 0.91102, 3.63662, -1.43665, -1.19997, 0.14286, 0.85714
4.45876, -0.43315, -2.05481, 4.92853, -0.09684, 2.00085, 2.00000, 156366.00000, 119839.00000, 138102.50000, 333555432.25000, 18263.50000, 0.90081, 2.22389, -0.24359, -0.98030, 0.50000, 0.50000
4.85499, -0.43811, -0.72621, 4.92852, -0.09000, 1.71868, 4.00000, 340156.00000, 205344.00000, 274068.75000, 3900618054.68750, 62454.92819, 0.91102, 1.31474, -0.13162, -0.18312, 0.50000, 0.50000
4.62611, -0.87126, -1.44936, 4.92550, -0.18616, 1.86947, 3.00000, 186100.00000, 69922.00000, 130288.00000, 2259924072.00000, 47538.65871, 0.94766, 2.02881, -0.36416, -0.66465, 0.00000, 1.00000
4.37124, -1.70460, 1.50894, 4.92852, -0.37182, 1.25963, 12.00000, 486845.00000, 49656.00000, 282509.16667, 20767627317.30555, 144109.77523, 0.91102, 1.06961, -0.42255, 0.35294, 0.16667, 0.83333
4.85499, -0.43811, 0.72621, 4.92852, -0.09000, 1.42291, 2.00000, 444146.00000, 384294.00000, 414220.00000, 895565476.00000, 29926.00000, 0.91102, 0.96230, -0.09634, 0.13403, 0.50000, 0.50000
4.45876, -0.43315, 2.05481, 4.92853, -0.09684, 1.14074, 3.00000, 461678.00000, 246549.00000, 356530.66667, 7725099829.55556, 87892.54706, 0.90081, 0.75116, -0.08228, 0.33112, 0.00000, 1.00000
4.62611, -0.87126, 1.44936, 4.92550, -0.18616, 1.27212, 5.00000, 460324.00000, 185640.00000, 304860.00000, 12448777864.40000, 111574.09137, 0.94766, 0.87099, -0.15634, 0.28534, 0.00000, 1.00000
4.35121, -2.14766, -0.78579, 4.91558, -0.45850, 1.73134, 6.00000, 290069.00000, 87782.00000, 160149.50000, 5061501199.58333, 71144.22815, 1.08598, 2.99442, -1.46868, -0.52573, 0.00000, 1.00000
4.83686, -0.87622, 0.00000, 4.91558, -0.17921, 1.57080, 5.00000, 491293.00000, 182835.00000, 291880.20000, 11552095599.76000, 107480.67547, 1.08598, 1.22879, -0.22879, 0.00000, 0.00000, 1.00000
4.35121, -2.14766, 0.78579, 4.91558, -0.45850, 1.41025, 7.00000, 357960.00000, 103632.00000, 218682.42857, 5157211837.67347, 71813.73015, 1.08598, 1.45965, -0.71592, 0.25627, 0.28571, 0.71429
4.58794, -1.75244, 0.00000, 4.91123, -0.36486, 1.57080, 8.00000, 409011.00000, 56325.00000, 231688.00000, 13213963734.50000, 114952.00622, 1.14286, 1.61803, -0.61803, 0.00000, 0.00000, 1.00000
0.43315, -2.05481, 4.45876, 4.92853, -1.36304, 0.44016, 7.00000, 475453.00000, 91060.00000, 279013.28571, 26348129268.77551, 162321.06847, 0.90081, 0.16379, -0.65917, 1.49537, 0.42857, 0.57143
1.70460, -1.50894, 4.37124, 4.92852, -0.72459, 0.48015, 5.00000, 384068.00000, 261773.00000, 303554.60000, 1821268692.64000, 42676.32473, 0.91102, 0.37091, -0.30980, 0.93889, 0.40000, 0.60000
0.43811, -0.72621, 4.85499, 4.92852, -1.02797, 0.17295, 1.00000, 249544.00000, 249544.00000, 249544.00000, 0.00000, 0.00000, 0.91102, 0.10419, -0.14496, 1.04077, 1.00000, 0.00000
0.87126, -1.44936, 4.62611, 4.92550, -1.02954, 0.35046, 7.00000, 474997.00000, 246054.00000, 347736.28571, 4881262058.20408, 69866.02936, 0.94766, 0.21070, -0.38457, 1.17386, 0.57143, 0.42857
2.87963, -0.78273, 3.92241, 4.92852, -0.26540, 0.65037, 5.00000, 482722.00000, 166768.00000, 317472.00000, 10311079296.40000, 101543.48476, 0.91102, 0.46938, -0.12779, 0.65841, 0.20000, 0.80000
3.75791, 0.00000, 3.18882, 4.92853, 0.00000, 0.86714, 0.00000, 0.00000, 0.00000, 0.00000, 0.00000, 0.00000, 0.90081, 0.53070, -0.00000, 0.46930, 0.00000, 0.00000
2.87963, 0.78273, 3.92241, 4.92852, 0.26540, 0.65037, 3.00000, 464446.00000, 398475.00000, 421280.33333, 932633726.88889, 30539.05249, 0.91102, 0.37383, 0.10178, 0.52439, 0.00000, 1.00000
3.21637, 0.00000, 3.73035, 4.92550, 0.00000, 0.71154, 3.00000, 385109.00000, 197349.00000, 293662.00000, 5887475244.66667, 76729.88495, 0.94766, 0.47082, -0.00000, 0.52918, 0.33333, 0.66667
0.43811, 0.72621, 4.85499, 4.92852, 1.02797, 0.17295, 1.00000, 484530.00000, 484530.00000, 484530.00000, 0.00000, 0.00000, 0.91102, 0.08077, 0.11238, 0.80685, 0.00000, 1.00000
1.70460, 1.50894, 4.37124, 4.92852, 0.72459, 0.48015, 0.00000, 0.00000, 0.00000, 0.00000, 0.00000, 0.00000, 0.91102, 0.22901, 0.19128, 0.57970, 0.00000, 0.00000
0.43315, 2.05481, 4.45876, 4.92853, 1.36304, 0.44016, 0.00000, 0.00000, 0.00000, 0.00000, 0.00000, 0.00000, 0.90081, 0.07065, 0.28433, 0.64502, 0.00000, 0.00000
0.87126, 1.44936, 4.62611, 4.92550, 1.02954, 0.35046, 0.00000, 0.00000, 0.00000, 0.00000, 0.00000, 0.00000, 0.94766, 0.11910, 0.21738, 0.66353, 0.00000, 0.00000
2.14766, -0.78579, 4.35121, 4.91558, -0.35075, 0.48390, 1.00000, 267061.00000, 267061.00000, 267061.00000, 0.00000, 0.00000, 1.08598, 0.37301, -0.13352, 0.76051, 1.00000, 0.00000
2.14766, 0.78579, 4.35121, 4.91558, 0.35075, 0.48390, 0.00000, 0.00000, 0.00000, 0.00000, 0.00000, 0.00000, 1.08598, 0.29439, 0.10538, 0.60022, 0.00000, 0.00000
0.87622, 0.00000, 4.83686, 4.91558, 0.00000, 0.17921, 1.00000, 134259.00000, 134259.00000, 134259.00000, 0.00000, 0.00000, 1.08598, 0.15697, -0.00000, 0.84303, 0.00000, 1.00000
1.75244, 0.00000, 4.58794, 4.91123, 0.00000, 0.36486, 1.00000, 215574.00000, 215574.00000, 215574.00000, 0.00000, 0.00000, 1.14286, 0.27639, 0.00000, 0.72361, 1.00000, 0.00000
-2.75567, -4.02561, 0.70086, 4.92853, -2.17107, 1.42811, 46.00000, 496727.00000, 28565.00000, 197925.52174, 16109709490.07561, 126924.03039, 0.90081, 0.46424, 0.66888, -0.13313, 0.89130, 0.10870
-2.21782, -3.93313, 1.97536, 4.92852, -2.08423, 1.15840, 40.00000, 497152.00000, 37566.00000, 194976.67500, 19423697633.71938, 139368.92636, 0.91102, 0.54500, 0.95092, -0.49591, 0.67500, 0.32500
-3.48430, -3.15040, 1.49161, 4.92852, -2.40648, 1.26333, 37.00000, 494199.00000, 48064.00000, 230030.37838, 17983917723.74872, 134104.13015, 0.91102, 0.68893, 0.61936, -0.30829, 0.70270, 0.29730
-2.85909, -3.75484, 1.40973, 4.92550, -2.22158, 1.28053, 28.00000, 493756.00000, 42908.00000, 184136.57143, 14903246227.88775, 122078.85250, 0.94766, 0.53830, 0.71466, -0.25296, 0.67857, 0.32143
-1.49161, -3.48430, 3.15040, 4.92852, -1.97528, 0.87732, 24.00000, 481289.00000, 52137.00000, 255837.16667, 11175985749.97222, 105716.53489, 0.91102, 0.81587, 1.82322, -1.63909, 0.41667, 0.58333
-0.70086, -2.75567, 4.02561, 4.92853, -1.81985, 0.61496, 12.00000, 453293.00000, 108397.00000, 257162.41667, 15109844777.24306, 122922.10858, 0.90081, -1.86160, -6.49176, 9.35336, 0.41667, 0.58333
-1.97536, -2.21782, 3.93313, 4.92852, -2.29844, 0.64677, 4.00000, 422634.00000, 113046.00000, 320401.75000, 15820110402.18750, 125778.02035, 0.91102, 5.51065, 6.05607, -10.56672, 0.25000, 0.75000
-1.40973, -2.85909, 3.75484, 4.92550, -2.02888, 0.70390, 12.00000, 484201.00000, 132722.00000, 238088.83333, 10838139102.13889, 104106.38358, 0.94766, 3.30198, 7.02665, -9.32863, 0.50000, 0.50000
-3.93313, -1.97536, 2.21782, 4.92852, -2.67616, 1.10403, 12.00000, 482740.00000, 87551.00000, 216626.33333, 10798439791.72222, 103915.54163, 0.91102, 1.05443, 0.54989, -0.60432, 0.91667, 0.08333
-3.15040, -1.49161, 3.48430, 4.92852, -2.69940, 0.78559, 9.00000, 444118.00000, 98926.00000, 284571.00000, 10704978281.77778, 103464.86496, 0.91102, 2.59457, 1.29147, -2.88604, 0.55556, 0.44444
-4.02561, -0.70086, 2.75567, 4.92853, -2.96922, 0.97747, 9.00000, 495366.00000, 78025.00000, 322565.55556, 17210114259.35802, 131187.32507, 0.90081, 1.98030, 0.39414, -1.37444, 0.88889, 0.11111
-3.75484, -1.40973, 2.85909, 4.92550, -2.78243, 0.95149, 11.00000, 481174.00000, 101950.00000, 223651.72727, 11848509412.74380, 108850.85858, 0.94766, 1.66465, 0.58922, -1.25387, 0.81818, 0.18182
-2.20355, -3.47499, 2.68919, 4.91558, -2.13592, 0.99193, 16.00000, 479464.00000, 26303.00000, 258259.12500, 17180141601.85938, 131073.03919, 1.08598, 0.74373, 1.15838, -0.90211, 0.43750, 0.56250
-2.68919, -2.20355, 3.47499, 4.91558, -2.45513, 0.78564, 11.00000, 382301.00000, 65953.00000, 218401.54545, 11090720275.15702, 105312.48870, 1.08598, 1.85065, 1.52573, -2.37638, 0.90909, 0.09091
-3.47499, -2.68919, 2.20355, 4.91558, -2.48299, 1.10596, 23.00000, 472987.00000, 39993.00000, 208077.47826, 13050841020.24953, 114240.27757, 1.08598, 0.87972, 0.68510, -0.56481, 0.65217, 0.34783
-2.83550, -2.83550, 2.83550, 4.91123, -2.35619, 0.95532, 19.00000, 491942.00000, 58069.00000, 228144.68421, 13580010638.63712, 116533.30270, 1.14286, 1.00000, 1.00000, -1.00000, 0.57895, 0.42105
-0.70086, -2.75567, -4.02561, 4.92853, -1.81985, 2.52663, 33.00000, 492819.00000, 50259.00000, 187365.48485, 10364844207.58310, 101807.87891, 0.90081, 0.10514, 0.36663, 0.52824, 0.66667, 0.33333
-1.49161, -3.48430, -3.15040, 4.92852, -1.97528, 2.26428, 53.00000, 464220.00000, 33350.00000, 158762.94340, 12100835500.27982, 110003.79766, 0.91102, 0.19070, 0.42617, 0.38313, 0.77358, 0.22642
-1.97536, -2.21782, -3.93313, 4.92852, -2.29844, 2.49482, 38.00000, 435806.00000, 29736.00000, 189787.36842, 14085830385.96953, 118683.74103, 0.91102, 0.24897, 0.27362, 0.47741, 0.84211, 0.15789
-1.40973, -2.85909, -3.75484, 4.92550, -2.02888, 2.43770, 32.00000, 488986.00000, 25001.00000, 242696.31250, 19462156153.65234, 139506.83192, 0.94766, 0.16798, 0.35746, 0.47456, 0.84375, 0.15625
-2.21782, -3.93313, -1.97536, 4.92852, -2.08423, 1.98319, 90.00000, 494460.00000, 19121.00000, 144290.71111, 13552416686.80543, 116414.84736, 0.91102, 0.27362, 0.47741, 0.24897, 0.74444, 0.25556
-2.75567, -4.02561, -0.70086, 4.92853, -2.17107, 1.71348, 64.00000, 480993.00000, 25288.00000, 152367.43750, 14851700060.46484, 121867.55130, 0.90081, 0.36663, 0.52824, 0.10514, 0.78125, 0.21875
-3.48430, -3.15040, -1.49161, 4.92852, -2.40648, 1.87827, 61.00000, 423069.00000, 26048.00000, 139589.39344, 10149174818.10750, 100743.11301, 0.91102, 0.42617, 0.38313, 0.19070, 0.88525, 0.11475
-2.85909, -3.75484, -1.40973, 4.92550, -2.22158, 1.86107, 72.00000, 476953.00000, 18019.00000, 149359.43056, 12834282385.02295, 113288.49185, 0.94766, 0.35746, 0.47456, 0.16798, 0.86111, 0.13889
-3.15040, -1.49161, -3.48430, 4.92852, -2.69940, 2.35600, 34.00000, 446210.00000, 35452.00000, 226795.70588, 14019775144.32526, 118405.13141, 0.91102, 0.38313, 0.19070, 0.42617, 0.82353, 0.17647
-3.93313, -1.97536, -2.21782, 4.92852, -2.67616, 2.03756, 39.00000, 494179.00000, 50316.00000, 212928.00000, 16949631520.66667, 130190.75052, 0.91102, 0.47741, 0.24897, 0.27362, 0.92308, 0.07692
-4.02561, -0.70086, -2.75567, 4.92853, -2.96922, 2.16413, 19.00000, 382585.00000, 80700.00000, 177735.26316, 6632282838.08864, 81438.82881, 0.90081, 0.52824, 0.10514, 0.36663, 0.84211, 0.15789
-3.75484, -1.40973, -2.85909, 4.92550, -2.78243, 2.19010, 22.00000, 382452.00000, 33097.00000, 176499.27273, 10424609710.38017, 102100.97801, 0.94766, 0.47456, 0.16798, 0.35746, 0.77273, 0.22727
-2.20355, -3.47499, -2.68919, 4.91558, -2.13592, 2.14966, 40.00000, 488043.00000, 40343.00000, 147878.45000, 12062341573.19750, 109828.69194, 1.08598, 0.26522, 0.41309, 0.32170, 0.72500, 0.27500
-3.47499, -2.68919, -2.20355, 4.91558, -2.48299, 2.03563, 35.00000, 466253.00000, 40892.00000, 147793.54286, 11552344697.44816, 107481.83427, 1.08598, 0.41309, 0.32170, 0.26522, 0.91429, 0.08571
-2.68919, -2.20355, -3.47499, 4.91558, -2.45513, 2.35595, 25.00000, 444127.00000, 25307.00000, 173965.56000, 11591750861.20640, 107664.99367, 1.08598, 0.32170, 0.26522, 0.41309, 0.92000, 0.08000
-2.83550, -2.83550, -2.83550, 4.91123, -2.35619, 2.18628, 54.00000, 398632.00000, 29658.00000, 144027.64815, 9184423863.15398, 95835.39984, 1.14286, 0.33333, 0.33333, 0.33333, 0.79630, 0.20370
3.75791, 0.00000, -3.18882, 4.92853, 0.00000, 2.27446, 4.00000, 394446.00000, 160287.00000, 318156.25000, 9101471157.18750, 95401.63079, 0.90081, 8.64229, 0.00000, -7.64229, 0.50000, 0.50000
2.87963, -0.78273, -3.92241, 4.92852, -0.26540, 2.49122, 11.00000, 498984.00000, 52343.00000, 271447.09091, 18359991580.08265, 135499.04642, 0.91102, -1.48153, 0.40335, 2.07817, 0.45455, 0.54545
2.87963, 0.78273, -3.92241, 4.92852, 0.26540, 2.49122, 0.00000, 0.00000, 0.00000, 0.00000, 0.00000, 0.00000, 0.91102, -7.66476, -2.08678, 10.75154, 0.00000, 0.00000
3.21637, 0.00000, -3.73035, 4.92550, 0.00000, 2.43005, 2.00000, 315415.00000, 159148.00000, 237281.50000, 6104843822.25000, 78133.50000, 0.94766, -8.06739, -0.00000, 9.06739, 1.00000, 0.00000
1.70460, -1.50894, -4.37124, 4.92852, -0.72459, 2.66145, 7.00000, 460325.00000, 124707.00000, 233877.28571, 12775610913.91837, 113029.24805, 0.91102, -0.42255, 0.35294, 1.06961, 0.42857, 0.57143
0.43315, -2.05481, -4.45876, 4.92853, -1.36304, 2.70143, 12.00000, 456354.00000, 98315.00000, 237296.50000, 13265995983.75000, 115178.10549, 0.90081, -0.08228, 0.33112, 0.75116, 0.66667, 0.33333
0.43811, -0.72621, -4.85499, 4.92852, -1.02797, 2.96865, 14.00000, 436935.00000, 86700.00000, 293050.57143, 10649992344.81633, 103198.80011, 0.91102, -0.09634, 0.13403, 0.96230, 0.50000, 0.50000
0.87126, -1.44936, -4.62611, 4.92550, -1.02954, 2.79113, 9.00000, 463432.00000, 63195.00000, 249978.33333, 16477326110.66667, 128364.03745, 0.94766, -0.15634, 0.28534, 0.87099, 0.44444, 0.55556
1.70460, 1.50894, -4.37124, 4.92852, 0.72459, 2.66145, 6.00000, 453094.00000, 148991.00000, 290576.50000, 11321679115.58333, 106403.37925, 0.91102, -1.43665, -1.19997, 3.63662, 1.00000, 0.00000
0.43811, 0.72621, -4.85499, 4.92852, 1.02797, 2.96865, 4.00000, 454545.00000, 269765.00000, 347037.50000, 5771922874.25000, 75973.17207, 0.91102, -0.13162, -0.18312, 1.31474, 0.50000, 0.50000
0.43315, 2.05481, -4.45876, 4.92853, 1.36304, 2.70143, 3.00000, 476997.00000, 259048.00000, 360354.66667, 8034552436.22222, 89635.66498, 0.90081, -0.24359, -0.98030, 2.22389, 0.66667, 0.33333
0.87126, 1.44936, -4.62611, 4.92550, 1.02954, 2.79113, 4.00000, 440512.00000, 280354.00000, 389193.25000, 4115158471.68750, 64149.50095, 0.94766, -0.36416, -0.66465, 2.02881, 0.25000, 0.75000
2.14766, -0.78579, -4.35121, 4.91558, -0.35075, 2.65769, 9.00000, 491393.00000, 128772.00000, 334033.77778, 17575132490.83951, 132571.23553, 1.08598, -0.71592, 0.25627, 1.45965, 0.44444, 0.55556
0.87622, 0.00000, -4.83686, 4.91558, 0.00000, 2.96238, 2.00000, 456734.00000, 251873.00000, 354303.50000, 10492007330.25000, 102430.50000, 1.08598, -0.22879, -0.00000, 1.22879, 0.50000, 0.50000
2.14766, 0.78579, -4.35121, 4.91558, 0.35075, 2.65769, 2.00000, 489674.00000, 424195.00000, 456934.50000, 1071874860.25000, 32739.50000, 1.08598, -1.46868, -0.52573, 2.99442, 0.50000, 0.50000
1.75244, 0.00000, -4.58794, 4.91123, 0.00000, 2.77673, 1.00000, 176438.00000, 176438.00000, 176438.00000, 0.00000, 0.00000, 1.14286, -0.61803, -0.00000, 1.61803, 1.00000, 0.00000
4.45876, 0.43315, 2.05481, 4.92853, 0.09684, 1.14074, 2.00000, 359006.00000, 275035.00000, 317020.50000, 1762782210.25000, 41985.50000, 0.90081, 0.64502, 0.07065, 0.28433, 0.50000, 0.50000
4.85499, 0.43811, 0.72621, 4.92852, 0.09000, 1.42291, 3.00000, 284708.00000, 227986.00000, 254934.66667, 540220251.55556, 23242.63865, 0.91102, 0.80685, 0.08077, 0.11238, 0.33333, 0.66667
4.37124, 1.70460, 1.50894, 4.92852, 0.37182, 1.25963, 1.00000, 251829.00000, 251829.00000, 251829.00000, 0.00000, 0.00000, 0.91102, 0.57970, 0.22901, 0.19128, 0.00000, 1.00000
4.62611, 0.87126, 1.44936, 4.92550, 0.18616, 1.27212, 2.00000, 328709.00000, 219332.00000, 274020.50000, 2990832032.25000, 54688.50000, 0.94766, 0.66353, 0.11910, 0.21738, 0.00000, 1.00000
4.85499, 0.43811, -0.72621, 4.92852, 0.09000, 1.71868, 4.00000, 490410.00000, 232543.00000, 321894.50000, 10395100026.25000, 101956.36334, 0.91102, 1.04077, 0.10419, -0.14496, 0.00000, 1.00000
4.45876, 0.43315, -2.05481, 4.92853, 0.09684, 2.00085, 4.00000, 421551.00000, 125049.00000, 265878.50000, 14091096084.75000, 118705.92270, 0.90081, 1.49537, 0.16379, -0.65917, 0.50000, 0.50000
4.37124, 1.70460, -1.50894, 4.92852, 0.37182, 1.88196, 1.00000, 347663.00000, 347663.00000, 347663.00000, 0.00000, 0.00000, 0.91102, 0.93889, 0.37091, -0.30980, 0.00000, 1.00000
4.62611, 0.87126, -1.44936, 4.92550, 0.18616, 1.86947, 4.00000, 413798.00000, 150178.00000, 309289.25000, 9833434951.68750, 99163.67758, 0.94766, 1.17386, 0.21070, -0.38457, 0.25000, 0.75000
3.92241, 2.87963, 0.78273, 4.92852, 0.63328, 1.41130, 1.00000, 448503.00000, 448503.00000, 448503.00000, 0.00000, 0.00000, 0.91102, 0.52439, 0.37383, 0.10178, 0.00000, 1.00000
3.92241, 2.87963, -0.78273, 4.92852, 0.63328, 1.73029, 0.00000, 0.00000, 0.00000, 0.00000, 0.00000, 0.00000, 0.91102, 0.65841, 0.46938, -0.12779, 0.00000, 0.00000
3.18882, 3.75791, 0.00000, 4.92853, 0.86714, 1.57080, 0.00000, 0.00000, 0.00000, 0.00000, 0.00000, 0.00000, 0.90081, 0.46930, 0.53070, 0.00000, 0.00000, 0.00000
3.73035, 3.21637, 0.00000, 4.92550, 0.71154, 1.57080, 0.00000, 0.00000, 0.00000, 0.00000, 0.00000, 0.00000, 0.94766, 0.52918, 0.47082, 0.00000, 0.00000, 0.00000
4.83686, 0.87622, 0.00000, 4.91558, 0.17921, 1.57080, 2.00000, 403829.00000, 195363.00000, 299596.00000, 10864518289.00000, 104233.00000, 1.08598, 0.84303, 0.15697, 0.00000, 1.00000, 0.00000
4.35121, 2.14766, -0.78579, 4.91558, 0.45850, 1.73134, 3.00000, 492998.00000, 261570.00000, 347386.66667, 10714187611.55556, 103509.36002, 1.08598, 0.76051, 0.37301, -0.13352, 0.00000, 1.00000
4.35121, 2.14766, 0.78579, 4.91558, 0.45850, 1.41025, 1.00000, 476336.00000, 476336.00000, 476336.00000, 0.00000, 0.00000, 1.08598, 0.60022, 0.29439, 0.10538, 0.00000, 1.00000
4.58794, 1.75244, 0.00000, 4.91123, 0.36486, 1.57080, 3.00000, 475883.00000, 277464.00000, 369432.33333, 6666552249.55556, 81648.95743, 1.14286, 0.72361, 0.27639, -0.00000, 0.00000, 1.00000
