-2.75567, 4.02561, 0.70086, 4.92853, 2.17107, 1.42811, 6.00000, 415395.00000, 199148.00000, 302668.16667, 7326430101.80556, 85594.56818, 0.90081, -1.37444, 1.98030, 0.39414, 1.00000, 0.00000
-3.48430, 3.15040, 1.49161, 4.92852, 2.40648, 1.26333, 9.00000, 219459.00000, 42000.00000, 134317.66667, 3999976467.33333, 63245.36716, 0.91102, -2.88604, 2.59457, 1.29147, 1.00000, 0.00000
-2.21782, 3.93313, 1.97536, 4.92852, 2.08423, 1.15840, 8.00000, 417430.00000, 69791.00000, 226101.50000, 15120644136.75000, 122966.02838, 0.91102, -0.60432, 1.05443, 0.54989, 1.00000, 0.00000
-2.85909, 3.75484, 1.40973, 4.92550, 2.22158, 1.28053, 15.00000, 496229.00000, 103182.00000, 217073.46667, 16058093377.04889, 126720.53258, 0.94766, -1.25387, 1.66465, 0.58922, 0.93333, 0.06667
-3.93313, 1.97536, 2.21782, 4.92852, 2.67616, 1.10403, 19.00000, 422834.00000, 47649.00000, 150800.21053, 10497347636.27147, 102456.56463, 0.91102, -10.56672, 5.51065, 6.05607, 1.00000, 0.00000
-4.02561, 0.70086, 2.75567, 4.92853, 2.96922, 0.97747, 23.00000, 429805.00000, 30618.00000, 180206.91304, 14189189235.64461, 119118.38328, 0.90081, 9.35336, -1.86160, -6.49176, 1.00000, 0.00000
-3.15040, 1.49161, 3.48430, 4.92852, 2.69940, 0.78559, 37.00000, 463718.00000, 33654.00000, 185878.51351, 18800297372.95253, 137114.17641, 0.91102, -1.63909, 0.81587, 1.82322, 0.97297, 0.02703
-3.75484, 1.40973, 2.85909, 4.92550, 2.78243, 0.95149, 23.00000, 493061.00000, 25675.00000, 144302.86957, 13396884644.46124, 115744.91196, 0.94766, -9.32863, 3.30198, 7.02665, 1.00000, 0.00000
-1.49161, 3.48430, 3.15040, 4.92852, 1.97528, 0.87732, 24.00000, 382328.00000, 30267.00000, 166336.41667, 10719982568.15972, 103537.34866, 0.91102, -0.30829, 0.68893, 0.61936, 1.00000, 0.00000
-1.97536, 2.21782, 3.93313, 4.92852, 2.29844, 0.64677, 60.00000, 473389.00000, 18441.00000, 137344.30000, 11802537166.44333, 108639.48254, 0.91102, -0.49591, 0.54500, 0.95092, 1.00000, 0.00000
-0.70086, 2.75567, 4.02561, 4.92853, 1.81985, 0.61496, 52.00000, 461780.00000, 19496.00000, 123388.84615, 11159932204.13018, 105640.58029, 0.90081, -0.13313, 0.46424, 0.66888, 0.92308, 0.07692
-1.40973, 2.85909, 3.75484, 4.92550, 2.02888, 0.70390, 44.00000, 472977.00000, 29081.00000, 153088.97727, 16806357604.34039, 129639.33664, 0.94766, -0.25296, 0.53830, 0.71466, 0.97727, 0.02273
-3.47499, 2.68919, 2.20355, 4.91558, 2.48299, 1.10596, 10.00000, 184948.00000, 35763.00000, 107877.90000, 2064808510.89000, 45440.16407, 1.08598, -2.37638, 1.85065, 1.52573, 1.00000, 0.00000
-2.68919, 2.20355, 3.47499, 4.91558, 2.45513, 0.78564, 37.00000, 479827.00000, 29762.00000, 164028.43243, 15142538435.92111, 123055.02199, 1.08598, -0.90211, 0.74373, 1.15838, 0.97297, 0.02703
-2.20355, 3.47499, 2.68919, 4.91558, 2.13592, 0.99193, 27.00000, 432700.00000, 47624.00000, 175781.44444, 12040314209.65432, 109728.36557, 1.08598, -0.56481, 0.87972, 0.68510, 0.92593, 0.07407
-2.83550, 2.83550, 2.83550, 4.91123, 2.35619, 0.95532, 29.00000, 457321.00000, 36121.00000, 174219.10345, 13551933815.54102, 116412.77342, 1.14286, -1.00000, 1.00000, 1.00000, 0.93103, 0.06897
-2.05481, 4.45876, 0.43315, 4.92853, 2.00263, 1.48280, 9.00000, 476682.00000, 88693.00000, 259573.11111, 12088028086.54321, 109945.56874, 0.90081, -0.65917, 1.49537, 0.16379, 0.77778, 0.22222
-1.50894, 4.37124, 1.70460, 4.92852, 1.90319, 1.21764, 16.00000, 493521.00000, 68696.00000, 214805.93750, 16138968507.43359, 127039.24003, 0.91102, -0.30980, 0.93889, 0.37091, 0.87500, 0.12500
-0.72621, 4.85499, 0.43811, 4.92852, 1.71928, 1.48179, 6.00000, 492651.00000, 100432.00000, 318611.50000, 22198338803.58333, 148991.06954, 0.91102, -0.14496, 1.04077, 0.10419, 0.66667, 0.33333
-1.44936, 4.62611, 0.87126, 4.92550, 1.87441, 1.39297, 8.00000, 477871.00000, 60389.00000, 293107.75000, 22045718695.43750, 148478.00745, 0.94766, -0.38457, 1.17386, 0.21070, 0.50000, 0.50000
-0.78273, 3.92241, 2.87963, 4.92852, 1.76776, 0.94680, 28.00000, 462163.00000, 26811.00000, 145961.60714, 14666250958.59566, 121104.29785, 0.91102, -0.12779, 0.65841, 0.46938, 1.00000, 0.00000
0.00000, 3.18882, 3.75791, 4.92853, 1.57080, 0.70366, 35.00000, 428150.00000, 39931.00000, 172959.25714, 9251238628.53388, 96183.35942, 0.90081, -0.00000, 0.46930, 0.53070, 0.80000, 0.20000
0.78273, 3.92241, 2.87963, 4.92852, 1.37383, 0.94680, 24.00000, 499982.00000, 58645.00000, 206067.37500, 14125185046.90104, 118849.42174, 0.91102, 0.10178, 0.52439, 0.37383, 0.58333, 0.41667
0.00000, 3.73035, 3.21637, 4.92550, 1.57080, 0.85925, 25.00000, 477472.00000, 37533.00000, 189107.28000, 17861881033.16160, 133648.34841, 0.94766, -0.00000, 0.52918, 0.47082, 0.92000, 0.08000
0.72621, 4.85499, 0.43811, 4.92852, 1.42232, 1.48179, 16.00000, 372420.00000, 83308.00000, 186908.87500, 6775784176.23438, 82315.15156, 0.91102, 0.11238, 0.80685, 0.08077, 0.31250, 0.68750
1.50894, 4.37124, 1.70460, 4.92852, 1.23841, 1.21764, 24.00000, 481631.00000, 69224.00000, 225341.50000, 16074954188.25000, 126787.04267, 0.91102, 0.19128, 0.57970, 0.22901, 0.29167, 0.70833
2.05481, 4.45876, 0.43315, 4.92853, 1.13896, 1.48280, 17.00000, 433514.00000, 45649.00000, 212585.29412, 14545793674.67820, 120605.94378, 0.90081, 0.28433, 0.64502, 0.07065, 0.11765, 0.88235
1.44936, 4.62611, 0.87126, 4.92550, 1.26718, 1.39297, 12.00000, 415821.00000, 13720.00000, 186585.16667, 17484208980.97222, 132227.86764, 0.94766, 0.21738, 0.66353, 0.11910, 0.16667, 0.83333
-0.78579, 4.35121, 2.14766, 4.91558, 1.74946, 1.11864, 15.00000, 436812.00000, 42057.00000, 160713.80000, 10760522054.29333, 103732.93621, 1.08598, -0.13352, 0.76051, 0.37301, 0.93333, 0.06667
0.78579, 4.35121, 2.14766, 4.91558, 1.39213, 1.11864, 17.00000, 490658.00000, 94723.00000, 237753.52941, 12215645618.71972, 110524.41187, 1.08598, 0.10538, 0.60022, 0.29439, 0.58824, 0.41176
0.00000, 4.83686, 0.87622, 4.91558, 1.57080, 1.39159, 11.00000, 453543.00000, 91422.00000, 223352.81818, 12700937649.96694, 112698.43677, 1.08598, -0.00000, 0.84303, 0.15697, 0.72727, 0.27273
0.00000, 4.58794, 1.75244, 4.91123, 1.57080, 1.20593, 13.00000, 468634.00000, 82105.00000, 250689.00000, 13386845105.23077, 115701.53458, 1.14286, 0.00000, 0.72361, 0.27639, 0.61538, 0.38462
-2.05481, 4.45876, -0.43315, 4.92853, 2.00263, 1.65880, 5.00000, 259407.00000, 61124.00000, 168451.20000, 4856635578.16000, 69689.56578, 0.90081, -0.98030, 2.22389, -0.24359, 0.40000, 0.60000
-0.72621, 4.85499, -0.43811, 4.92852, 1.71928, 1.65981, 8.00000, 462954.00000, 160403.00000, 289871.75000, 13809211772.68750, 117512.60261, 0.91102, -0.18312, 1.31474, -0.13162, 0.62500, 0.37500
-1.50894, 4.37124, -1.70460, 4.92852, 1.90319, 1.92396, 2.00000, 312840.00000, 182232.00000, 247536.00000, 4264612416.00000, 65304.00000, 0.91102, -1.19997, 3.63662, -1.43665, 0.50000, 0.50000
-1.44936, 4.62611, -0.87126, 4.92550, 1.87441, 1.74862, 5.00000, 184547.00000, 113935.00000, 144207.80000, 626535335.76000, 25030.68788, 0.94766, -0.66465, 2.02881, -0.36416, 1.00000, 0.00000
0.72621, 4.85499, -0.43811, 4.92852, 1.42232, 1.65981, 10.00000, 451199.00000, 69617.00000, 217840.30000, 14845310546.21000, 121841.33349, 0.91102, 0.13403, 0.96230, -0.09634, 0.40000, 0.60000
2.05481, 4.45876, -0.43315, 4.92853, 1.13896, 1.65880, 24.00000, 469241.00000, 26427.00000, 186953.70833, 15641565377.78993, 125066.24396, 0.90081, 0.33112, 0.75116, -0.08228, 0.20833, 0.79167
1.50894, 4.37124, -1.70460, 4.92852, 1.23841, 1.92396, 29.00000, 460667.00000, 37107.00000, 191008.89655, 14186587420.50654, 119107.46165, 0.91102, 0.35294, 1.06961, -0.42255, 0.10345, 0.89655
1.44936, 4.62611, -0.87126, 4.92550, 1.26718, 1.74862, 10.00000, 429269.00000, 39021.00000, 199104.70000, 17385721568.41000, 131854.92622, 0.94766, 0.28534, 0.87099, -0.15634, 0.00000, 1.00000
-0.78273, 3.92241, -2.87963, 4.92852, 1.76776, 2.19479, 4.00000, 310559.00000, 148023.00000, 226155.75000, 5187824329.68750, 72026.55295, 0.91102, -2.08678, 10.75154, -7.66476, 0.00000, 1.00000
0.78273, 3.92241, -2.87963, 4.92852, 1.37383, 2.19479, 15.00000, 489437.00000, 54117.00000, 246491.86667, 18097235034.91555, 134525.96417, 0.91102, 0.40335, 2.07817, -1.48153, 0.06667, 0.93333
0.00000, 3.18882, -3.75791, 4.92853, 1.57080, 2.43793, 5.00000, 442864.00000, 70464.00000, 280377.00000, 20410478342.40000, 142865.24540, 0.90081, -0.00000, -7.64229, 8.64229, 0.00000, 1.00000
0.00000, 3.73035, -3.21637, 4.92550, 1.57080, 2.28234, 6.00000, 421186.00000, 87050.00000, 210299.66667, 15626973839.55556, 125007.89511, 0.94766, 0.00000, 9.06739, -8.06739, 0.00000, 1.00000
0.00000, 4.83686, -0.87622, 4.91558, 1.57080, 1.75001, 6.00000, 461453.00000, 87776.00000, 243522.83333, 14000890742.13889, 118325.35967, 1.08598, 0.00000, 1.22879, -0.22879, 0.00000, 1.00000
0.78579, 4.35121, -2.14766, 4.91558, 1.39213, 2.02296, 14.00000, 381610.00000, 60967.00000, 175787.00000, 8195939166.57143, 90531.42640, 1.08598, 0.25627, 1.45965, -0.71592, 0.00000, 1.00000
-0.78579, 4.35121, -2.14766, 4.91558, 1.74946, 2.02296, 6.00000, 389603.00000, 119520.00000, 299251.00000, 10256443462.33333, 101274.10065, 1.08598, -0.52573, 2.99442, -1.46868, 0.33333, 0.66667
0.00000, 4.58794, -1.75244, 4.91123, 1.57080, 1.93566, 4.00000, 285977.00000, 266206.00000, 277978.75000, 53984412.18750, 7347.40854, 1.14286, 0.00000, 1.61803, -0.61803, 0.00000, 1.00000
-2.75567, 4.02561, -0.70086, 4.92853, 2.17107, 1.71348, 4.00000, 491470.00000, 335567.00000, 387000.00000, 3750631773.50000, 61242.40176, 0.90081, -6.49176, 9.35336, -1.86160, 1.00000, 0.00000
-2.21782, 3.93313, -1.97536, 4.92852, 2.08423, 1.98319, 2.00000, 227815.00000, 149557.00000, 188686.00000, 1531078641.00000, 39129.00000, 0.91102, 6.05607, -10.56672, 5.51065, 0.50000, 0.50000
-3.48430, 3.15040, -1.49161, 4.92852, 2.40648, 1.87827, 0.00000, 0.00000, 0.00000, 0.00000, 0.00000, 0.00000, 0.91102, 1.82322, -1.63909, 0.81587, 0.00000, 0.00000
-2.85909, 3.75484, -1.40973, 4.92550, 2.22158, 1.86107, 3.00000, 451818.00000, 309813.00000, 400496.66667, 4135599980.22222, 64308.63068, 0.94766, 7.02665, -9.32863, 3.30198, 0.66667, 0.33333
-1.49161, 3.48430, -3.15040, 4.92852, 1.97528, 2.26428, 3.00000, 448441.00000, 89233.00000, 324254.66667, 27647300101.55556, 166274.77290, 0.91102, 1.29147, -2.88604, 2.59457, 0.33333, 0.66667
-0.70086, 2.75567, -4.02561, 4.92853, 1.81985, 2.52663, 4.00000, 250434.00000, 72140.00000, 184845.75000, 4784112821.18750, 69167.28144, 0.90081, 0.39414, -1.37444, 1.98030, 0.00000, 1.00000
-1.97536, 2.21782, -3.93313, 4.92852, 2.29844, 2.49482, 2.00000, 377529.00000, 300489.00000, 339009.00000, 1483790400.00000, 38520.00000, 0.91102, 0.54989, -0.60432, 1.05443, 0.00000, 1.00000
-1.40973, 2.85909, -3.75484, 4.92550, 2.02888, 2.43770, 0.00000, 0.00000, 0.00000, 0.00000, 0.00000, 0.00000, 0.94766, 0.58922, -1.25387, 1.66465, 0.00000, 0.00000
-3.93313, 1.97536, -2.21782, 4.92852, 2.67616, 2.03756, 2.00000, 424473.00000, 169977.00000, 297225.00000, 16192053504.00000, 127248.00000, 0.91102, 0.95092, -0.49591, 0.54500, 1.00000, 0.00000
-3.15040, 1.49161, -3.48430, 4.92852, 2.69940, 2.35600, 4.00000, 446848.00000, 240309.00000, 328905.00000, 5560994142.50000, 74572.07348, 0.91102, 0.61936, -0.30829, 0.68893, 0.25000, 0.75000
-4.02561, 0.70086, -2.75567, 4.92853, 2.96922, 2.16413, 2.00000, 439008.00000, 270560.00000, 354784.00000, 7093682176.00000, 84224.00000, 0.90081, 0.66888, -0.13313, 0.46424, 0.50000, 0.50000
-3.75484, 1.40973, -2.85909, 4.92550, 2.78243, 2.19010, 1.00000, 216102.00000, 216102.00000, 216102.00000, 0.00000, 0.00000, 0.94766, 0.71466, -0.25296, 0.53830, 0.00000, 1.00000
-2.20355, 3.47499, -2.68919, 4.91558, 2.13592, 2.14966, 2.00000, 312936.00000, 235323.00000, 274129.50000, 1505944442.25000, 38806.50000, 1.08598, 1.52573, -2.37638, 1.85065, 0.00000, 1.00000
-2.68919, 2.20355, -3.47499, 4.91558, 2.45513, 2.35595, 1.00000, 287679.00000, 287679.00000, 287679.00000, 0.00000, 0.00000, 1.08598, 0.68510, -0.56481, 0.87972, 0.00000, 1.00000
-3.47499, 2.68919, -2.20355, 4.91558, 2.48299, 2.03563, 2.00000, 481373.00000, 460581.00000, 470977.00000, 108076816.00000, 10396.00000, 1.08598, 1.15838, -0.90211, 0.74373, 0.00000, 1.00000
-2.83550, 2.83550, -2.83550, 4.91123, 2.35619, 2.18628, 1.00000, 265451.00000, 265451.00000, 265451.00000, 0.00000, 0.00000, 1.14286, 1.00000, -1.00000, 1.00000, 0.00000, 1.00000
-3.18882, 3.75791, 0.00000, 4.92853, 2.27446, 1.57080, 9.00000, 425078.00000, 90204.00000, 267013.77778, 7973217947.72839, 89292.87736, 0.90081, -7.64229, 8.64229, 0.00000, 1.00000, 0.00000
-3.92241, 2.87963, -0.78273, 4.92852, 2.50831, 1.73029, 5.00000, 451826.00000, 111268.00000, 335644.00000, 18824707201.60000, 137203.16032, 0.91102, 2.07817, -1.48153, 0.40335, 1.00000, 0.00000
-3.92241, 2.87963, 0.78273, 4.92852, 2.50831, 1.41130, 9.00000, 437433.00000, 70681.00000, 236321.22222, 21505118480.17284, 146646.23582, 0.91102, 10.75154, -7.66476, -2.08678, 1.00000, 0.00000
-3.73035, 3.21637, 0.00000, 4.92550, 2.43005, 1.57080, 4.00000, 430506.00000, 112094.00000, 271824.25000, 19698171241.18750, 140350.17364, 0.94766, 9.06739, -8.06739, -0.00000, 1.00000, 0.00000
-4.37124, 1.70460, -1.50894, 4.92852, 2.76977, 1.88196, 3.00000, 266009.00000, 166146.00000, 206319.66667, 1852533750.88889, 43041.07051, 0.91102, 1.06961, -0.42255, 0.35294, 1.00000, 0.00000
-4.45876, 0.43315, -2.05481, 4.92853, 3.04475, 2.00085, 4.00000, 375470.00000, 176921.00000, 299512.25000, 5672485518.18750, 75315.90482, 0.90081, 0.75116, -0.08228, 0.33112, 1.00000, 0.00000
-4.85499, 0.43811, -0.72621, 4.92852, 3.05160, 1.71868, 3.00000, 294248.00000, 107513.00000, 193644.66667, 5916374605.55556, 76917.97323, 0.91102, 0.96230, -0.09634, 0.13403, 1.00000, 0.00000
-4.62611, 0.87126, -1.44936, 4.92550, 2.95544, 1.86947, 3.00000, 481945.00000, 204543.00000, 300787.33333, 16430448689.55556, 128181.31178, 0.94766, 0.87099, -0.15634, 0.28534, 0.66667, 0.33333
-4.37124, 1.70460, 1.50894, 4.92852, 2.76977, 1.25963, 21.00000, 371830.00000, 42733.00000, 187521.71429, 6415277334.48980, 80095.42643, 0.91102, 3.63662, -1.43665, -1.19997, 1.00000, 0.00000
-4.85499, 0.43811, 0.72621, 4.92852, 3.05160, 1.42291, 6.00000, 467042.00000, 85258.00000, 275177.83333, 19356112767.13889, 139126.24759, 0.91102, 1.31474, -0.13162, -0.18312, 0.83333, 0.16667
-4.45876, 0.43315, 2.05481, 4.92853, 3.04475, 1.14074, 21.00000, 485269.00000, 28233.00000, 174771.42857, 13672854620.05442, 116930.98229, 0.90081, 2.22389, -0.24359, -0.98030, 1.00000, 0.00000
-4.62611, 0.87126, 1.44936, 4.92550, 2.95544, 1.27212, 13.00000, 435031.00000, 67017.00000, 241045.38462, 16198548450.54438, 127273.51826, 0.94766, 2.02881, -0.36416, -0.66465, 1.00000, 0.00000
-4.35121, 2.14766, -0.78579, 4.91558, 2.68310, 1.73134, 3.00000, 427712.00000, 168145.00000, 322161.00000, 12403599360.66667, 111371.44769, 1.08598, 1.45965, -0.71592, 0.25627, 1.00000, 0.00000
-4.83686, 0.87622, 0.00000, 4.91558, 2.96238, 1.57080, 7.00000, 420104.00000, 60847.00000, 284576.14286, 18479123302.12245, 135937.93916, 1.08598, 1.22879, -0.22879, -0.00000, 1.00000, 0.00000
-4.35121, 2.14766, 0.78579, 4.91558, 2.68310, 1.41025, 5.00000, 498881.00000, 47352.00000, 231440.80000, 31839235922.96000, 178435.52315, 1.08598, 2.99442, -1.46868, -0.52573, 0.80000, 0.20000
-4.58794, 1.75244, 0.00000, 4.91123, 2.77673, 1.57080, 3.00000, 299850.00000, 86490.00000, 227176.33333, 9899943013.55556, 99498.45734, 1.14286, 1.61803, -0.61803, -0.00000, 1.00000, 0.00000
2.75567, 4.02561, 0.70086, 4.92853, 0.97053, 1.42811, 29.00000, 429484.00000, 32411.00000, 170914.13793, 13139223619.42925, 114626.45253, 0.90081, 0.36663, 0.52824, 0.10514, 0.06897, 0.93103
2.21782, 3.93313, 1.97536, 4.92852, 1.05736, 1.15840, 22.00000, 494010.00000, 46710.00000, 230621.00000, 18715104826.45454, 136803.16088, 0.91102, 0.27362, 0.47741, 0.24897, 0.27273, 0.72727
3.48430, 3.15040, 1.49161, 4.92852, 0.73511, 1.26333, 56.00000, 463768.00000, 23135.00000, 153839.85714, 12521541496.76531, 111899.69391, 0.91102, 0.42617, 0.38313, 0.19070, 0.16071, 0.83929
2.85909, 3.75484, 1.40973, 4.92550, 0.92001, 1.28053, 19.00000, 461246.00000, 30912.00000, 212376.10526, 18661853666.30471, 136608.39530, 0.94766, 0.35746, 0.47456, 0.16798, 0.26316, 0.73684
1.49161, 3.48430, 3.15040, 4.92852, 1.16631, 0.87732, 24.00000, 483577.00000, 41481.00000, 224321.62500, 19278635490.40104, 138847.52605, 0.91102, 0.19070, 0.42617, 0.38313, 0.70833, 0.29167
0.70086, 2.75567, 4.02561, 4.92853, 1.32174, 0.61496, 23.00000, 466841.00000, 22966.00000, 190189.43478, 17300038140.94140, 131529.60937, 0.90081, 0.10514, 0.36663, 0.52824, 0.91304, 0.08696
1.97536, 2.21782, 3.93313, 4.92852, 0.84316, 0.64677, 28.00000, 452974.00000, 34812.00000, 219117.78571, 13695093601.81122, 117026.03814, 0.91102, 0.24897, 0.27362, 0.47741, 0.75000, 0.25000
1.40973, 2.85909, 3.75484, 4.92550, 1.11271, 0.70390, 19.00000, 490677.00000, 60772.00000, 199465.94737, 14739575966.36565, 121406.65536, 0.94766, 0.16798, 0.35746, 0.47456, 0.68421, 0.31579
3.93313, 1.97536, 2.21782, 4.92852, 0.46544, 1.10403, 41.00000, 386906.00000, 13668.00000, 147226.85366, 10644619698.27127, 103172.76626, 0.91102, 0.47741, 0.24897, 0.27362, 0.14634, 0.85366
3.15040, 1.49161, 3.48430, 4.92852, 0.44220, 0.78559, 27.00000, 462796.00000, 35337.00000, 205316.37037, 16791439357.78875, 129581.78637, 0.91102, 0.38313, 0.19070, 0.42617, 0.59259, 0.40741
4.02561, 0.70086, 2.75567, 4.92853, 0.17237, 0.97747, 27.00000, 467958.00000, 15827.00000, 170217.11111, 18927560654.76543, 137577.47147, 0.90081, 0.52824, 0.10514, 0.36663, 0.11111, 0.88889
3.75484, 1.40973, 2.85909, 4.92550, 0.35916, 0.95149, 29.00000, 436142.00000, 40358.00000, 165356.48276, 9016913699.14626, 94957.43098, 0.94766, 0.47456, 0.16798, 0.35746, 0.24138, 0.75862
2.20355, 3.47499, 2.68919, 4.91558, 1.00567, 0.99193, 22.00000, 472937.00000, 37220.00000, 246007.54545, 18542142402.61157, 136169.53552, 1.08598, 0.26522, 0.41309, 0.32170, 0.54545, 0.45455
2.68919, 2.20355, 3.47499, 4.91558, 0.68646, 0.78564, 18.00000, 486481.00000, 34118.00000, 174391.88889, 17331437383.43210, 131648.91714, 1.08598, 0.32170, 0.26522, 0.41309, 0.44444, 0.55556
3.47499, 2.68919, 2.20355, 4.91558, 0.65860, 1.10596, 30.00000, 455860.00000, 33464.00000, 184386.60000, 15610216222.04000, 124940.85089, 1.08598, 0.41309, 0.32170, 0.26522, 0.30000, 0.70000
2.83550, 2.83550, 2.83550, 4.91123, 0.78540, 0.95532, 18.00000, 330647.00000, 22153.00000, 157081.00000, 8049460973.55556, 89718.78830, 1.14286, 0.33333, 0.33333, 0.33333, 0.44444, 0.55556
-0.43315, 2.05481, 4.45876, 4.92853, 1.77855, 0.44016, 65.00000, 340446.00000, 24889.00000, 113797.55385, 7292865199.23172, 85398.27398, 0.90081, -0.08228, 0.33112, 0.75116, 0.95385, 0.04615
-1.70460, 1.50894, 4.37124, 4.92852, 2.41700, 0.48015, 95.00000, 405492.00000, 8289.00000, 111055.37895, 8796992973.98272, 93792.28632, 0.91102, -0.42255, 0.35294, 1.06961, 0.98947, 0.01053
-0.43811, 0.72621, 4.85499, 4.92852, 2.11363, 0.17295, 80.00000, 459727.00000, 16881.00000, 108511.83750, 8965098757.83609, 94684.20543, 0.91102, -0.09634, 0.13403, 0.96230, 0.97500, 0.02500
-0.87126, 1.44936, 4.62611, 4.92550, 2.11205, 0.35046, 68.00000, 494391.00000, 11563.00000, 100213.55882, 9895496304.04066, 99476.10921, 0.94766, -0.15634, 0.28534, 0.87099, 1.00000, 0.00000
-2.87963, 0.78273, 3.92241, 4.92852, 2.87619, 0.65037, 62.00000, 485056.00000, 13870.00000, 163029.61290, 16764592994.43080, 129478.15644, 0.91102, -1.48153, 0.40335, 2.07817, 0.98387, 0.01613
-3.75791, 0.00000, 3.18882, 4.92853, 3.14159, 0.86714, 24.00000, 495156.00000, 33448.00000, 147886.54167, 12891813033.58160, 113542.12009, 0.90081, 8.64229, -0.00000, -7.64229, 1.00000, 0.00000
-2.87963, -0.78273, 3.92241, 4.92852, -2.87619, 0.65037, 45.00000, 460467.00000, 13781.00000, 125922.62222, 11463527244.67951, 107067.86280, 0.91102, -7.66476, -2.08678, 10.75154, 1.00000, 0.00000
-3.21637, 0.00000, 3.73035, 4.92550, 3.14159, 0.71154, 37.00000, 423283.00000, 10228.00000, 114529.78378, 7906363777.30460, 88917.73601, 0.94766, -8.06739, 0.00000, 9.06739, 1.00000, 0.00000
-0.43811, -0.72621, 4.85499, 4.92852, -2.11363, 0.17295, 73.00000, 422505.00000, 19818.00000, 147424.71233, 12336135386.94464, 111068.15649, 0.91102, -0.13162, -0.18312, 1.31474, 0.95890, 0.04110
-1.70460, -1.50894, 4.37124, 4.92852, -2.41700, 0.48015, 49.00000, 495210.00000, 25589.00000, 171118.28571, 16344396833.30612, 127845.20653, 0.91102, -1.43665, -1.19997, 3.63662, 1.00000, 0.00000
-0.43315, -2.05481, 4.45876, 4.92853, -1.77855, 0.44016, 35.00000, 450239.00000, 34131.00000, 192838.34286, 16841132924.85388, 129773.39067, 0.90081, -0.24359, -0.98030, 2.22389, 0.94286, 0.05714
-0.87126, -1.44936, 4.62611, 4.92550, -2.11205, 0.35046, 49.00000, 297828.00000, 21482.00000, 108285.53061, 4849368685.06539, 69637.40866, 0.94766, -0.36416, -0.66465, 2.02881, 1.00000, 0.00000
-2.14766, 0.78579, 4.35121, 4.91558, 2.79084, 0.48390, 64.00000, 480883.00000, 10938.00000, 119345.42188, 11899586981.99390, 109085.22807, 1.08598, -0.71592, 0.25627, 1.45965, 1.00000, 0.00000
-2.14766, -0.78579, 4.35121, 4.91558, -2.79084, 0.48390, 63.00000, 475488.00000, 19455.00000, 133853.33333, 11721260663.65079, 108264.77111, 1.08598, -1.46868, -0.52573, 2.99442, 1.00000, 0.00000
-0.87622, 0.00000, 4.83686, 4.91558, 3.14159, 0.17921, 66.00000, 464087.00000, 16563.00000, 116910.04545, 11910444970.43733, 109134.98509, 1.08598, -0.22879, 0.00000, 1.22879, 1.00000, 0.00000
-1.75244, 0.00000, 4.58794, 4.91123, 3.14159, 0.36486, 83.00000, 452868.00000, 17071.00000, 115746.79518, 10385784108.69299, 101910.66730, 1.14286, -0.61803, 0.00000, 1.61803, 1.00000, 0.00000
-4.45876, -0.43315, 2.05481, 4.92853, -3.04475, 1.14074, 21.00000, 484278.00000, 38227.00000, 168015.33333, 12367383789.65079, 111208.73972, 0.90081, 1.49537, 0.16379, -0.65917, 1.00000, 0.00000
-4.85499, -0.43811, 0.72621, 4.92852, -3.05160, 1.42291, 8.00000, 440036.00000, 110270.00000, 284262.87500, 8247131573.35938, 90813.71908, 0.91102, 1.04077, 0.10419, -0.14496, 1.00000, 0.00000
-4.37124, -1.70460, 1.50894, 4.92852, -2.76977, 1.25963, 10.00000, 490020.00000, 41651.00000, 229631.80000, 21384195916.56000, 146233.36116, 0.91102, 0.93889, 0.37091, -0.30980, 1.00000, 0.00000
-4.62611, -0.87126, 1.44936, 4.92550, -2.95544, 1.27212, 7.00000, 287305.00000, 62503.00000, 170511.71429, 6257617149.34694, 79105.10192, 0.94766, 1.17386, 0.21070, -0.38457, 1.00000, 0.00000
-4.85499, -0.43811, -0.72621, 4.92852, -3.05160, 1.71868, 3.00000, 443425.00000, 207985.00000, 360241.66667, 11624228288.88889, 107815.71448, 0.91102, 0.80685, 0.08077, 0.11238, 1.00000, 0.00000
-4.45876, -0.43315, -2.05481, 4.92853, -3.04475, 2.00085, 2.00000, 359561.00000, 255157.00000, 307359.00000, 2725048804.00000, 52202.00000, 0.90081, 0.64502, 0.07065, 0.28433, 0.50000, 0.50000
-4.37124, -1.70460, -1.50894, 4.92852, -2.76977, 1.88196, 3.00000, 462654.00000, 355278.00000, 411085.33333, 1930584043.55556, 43938.41194, 0.91102, 0.57970, 0.22901, 0.19128, 0.66667, 0.33333
-4.62611, -0.87126, -1.44936, 4.92550, -2.95544, 1.86947, 1.00000, 176772.00000, 176772.00000, 176772.00000, 0.00000, 0.00000, 0.94766, 0.66353, 0.11910, 0.21738, 1.00000, 0.00000
-3.92241, -2.87963, 0.78273, 4.92852, -2.50831, 1.41130, 4.00000, 285660.00000, 104443.00000, 190162.75000, 5000757053.18750, 70716.03109, 0.91102, 0.65841, 0.46938, -0.12779, 1.00000, 0.00000
-3.92241, -2.87963, -0.78273, 4.92852, -2.50831, 1.73029, 0.00000, 0.00000, 0.00000, 0.00000, 0.00000, 0.00000, 0.91102, 0.52439, 0.37383, 0.10178, 0.00000, 0.00000
-3.18882, -3.75791, 0.00000, 4.92853, -2.27446, 1.57080, 2.00000, 478242.00000, 256114.00000, 367178.00000, 12335212096.00000, 111064.00000, 0.90081, 0.46930, 0.53070, 0.00000, 1.00000, 0.00000
-3.73035, -3.21637, 0.00000, 4.92550, -2.43005, 1.57080, 1.00000, 283899.00000, 283899.00000, 283899.00000, 0.00000, 0.00000, 0.94766, 0.52918, 0.47082, -0.00000, 1.00000, 0.00000
-4.83686, -0.87622, 0.00000, 4.91558, -2.96238, 1.57080, 4.00000, 452918.00000, 217874.00000, 335204.00000, 8404035646.50000, 91673.52751, 1.08598, 0.84303, 0.15697, -0.00000, 1.00000, 0.00000
-4.35121, -2.14766, -0.78579, 4.91558, -2.68310, 1.73134, 1.00000, 437765.00000, 437765.00000, 437765.00000, 0.00000, 0.00000, 1.08598, 0.60022, 0.29439, 0.10538, 1.00000, 0.00000
-4.35121, -2.14766, 0.78579, 4.91558, -2.68310, 1.41025, 9.00000, 301047.00000, 88515.00000, 191407.66667, 4989270901.11111, 70634.77119, 1.08598, 0.76051, 0.37301, -0.13352, 1.00000, 0.00000
-4.58794, -1.75244, 0.00000, 4.91123, -2.77673, 1.57080, 4.00000, 300252.00000, 85699.00000, 170347.25000, 7140408536.68750, 84500.93808, 1.14286, 0.72361, 0.27639, -0.00000, 1.00000, 0.00000
-3.75791, 0.00000, -3.18882, 4.92853, 3.14159, 2.27446, 1.00000, 429128.00000, 429128.00000, 429128.00000, 0.00000, 0.00000, 0.90081, 0.53070, -0.00000, 0.46930, 1.00000, 0.00000
-2.87963, 0.78273, -3.92241, 4.92852, 2.87619, 2.49122, 2.00000, 404786.00000, 312276.00000, 358531.00000, 2139525025.00000, 46255.00000, 0.91102, 0.46938, -0.12779, 0.65841, 0.50000, 0.50000
-2.87963, -0.78273, -3.92241, 4.92852, -2.87619, 2.49122, 0.00000, 0.00000, 0.00000, 0.00000, 0.00000, 0.00000, 0.91102, 0.37383, 0.10178, 0.52439, 0.00000, 0.00000
-3.21637, 0.00000, -3.73035, 4.92550, 3.14159, 2.43005, 1.00000, 392824.00000, 392824.00000, 392824.00000, 0.00000, 0.00000, 0.94766, 0.47082, 0.00000, 0.52918, 0.00000, 1.00000
-1.70460, 1.50894, -4.37124, 4.92852, 2.41700, 2.66145, 2.00000, 206457.00000, 128541.00000, 167499.00000, 1517725764.00000, 38958.00000, 0.91102, 0.37091, -0.30980, 0.93889, 0.00000, 1.00000
-0.43315, 2.05481, -4.45876, 4.92853, 1.77855, 2.70143, 7.00000, 488727.00000, 91104.00000, 276992.57143, 19437201395.10204, 139417.36404, 0.90081, 0.16379, -0.65917, 1.49537, 0.14286, 0.85714
-0.43811, 0.72621, -4.85499, 4.92852, 2.11363, 2.96865, 7.00000, 219733.00000, 85718.00000, 128888.71429, 1815717075.91837, 42611.23180, 0.91102, 0.10419, -0.14496, 1.04077, 0.00000, 1.00000
-0.87126, 1.44936, -4.62611, 4.92550, 2.11205, 2.79113, 1.00000, 121605.00000, 121605.00000, 121605.00000, 0.00000, 0.00000, 0.94766, 0.21070, -0.38457, 1.17386, 0.00000, 1.00000
-1.70460, -1.50894, -4.37124, 4.92852, -2.41700, 2.66145, 2.00000, 305772.00000, 292429.00000, 299100.50000, 44508912.25000, 6671.50000, 0.91102, 0.22901, 0.19128, 0.57970, 0.00000, 1.00000
-0.43811, -0.72621, -4.85499, 4.92852, -2.11363, 2.96865, 6.00000, 324205.00000, 208506.00000, 282486.50000, 1885128699.58333, 43418.06881, 0.91102, 0.08077, 0.11238, 0.80685, 0.00000, 1.00000
-0.43315, -2.05481, -4.45876, 4.92853, -1.77855, 2.70143, 3.00000, 345019.00000, 275592.00000, 302577.00000, 922810812.66667, 30377.80131, 0.90081, 0.07065, 0.28433, 0.64502, 0.00000, 1.00000
-0.87126, -1.44936, -4.62611, 4.92550, -2.11205, 2.79113, 1.00000, 288953.00000, 288953.00000, 288953.00000, 0.00000, 0.00000, 0.94766, 0.11910, 0.21738, 0.66353, 0.00000, 1.00000
-2.14766, 0.78579, -4.35121, 4.91558, 2.79084, 2.65769, 2.00000, 407746.00000, 151752.00000, 279749.00000, 16383232009.00000, 127997.00000, 1.08598, 0.37301, -0.13352, 0.76051, 0.00000, 1.00000
-0.87622, 0.00000, -4.83686, 4.91558, 3.14159, 2.96238, 2.00000, 328321.00000, 298706.00000, 313513.50000, 219262056.25000, 14807.50000, 1.08598, 0.15697, 0.00000, 0.84303, 0.00000, 1.00000
-2.14766, -0.78579, -4.35121, 4.91558, -2.79084, 2.65769, 0.00000, 0.00000, 0.00000, 0.00000, 0.00000, 0.00000, 1.08598, 0.29439, 0.10538, 0.60022, 0.00000, 0.00000
-1.75244, 0.00000, -4.58794, 4.91123, 3.14159, 2.77673, 2.00000, 345634.00000, 222951.00000, 284292.50000, 3762779622.25000, 61341.50000, 1.14286, 0.27639, 0.00000, 0.72361, 0.00000, 1.00000
0.70086, 2.75567, -4.02561, 4.92853, 1.32174, 2.52663, 10.00000, 459699.00000, 60733.00000, 210000.50000, 18399333118.45000, 135644.14148, 0.90081, -1.86160, -6.49176, 9.35336, 0.00000, 1.00000
1.49161, 3.48430, -3.15040, 4.92852, 1.16631, 2.26428, 15.00000, 451222.00000, 46643.00000, 200987.26667, 13588409057.92889, 116569.33155, 0.91102, 0.81587, 1.82322, -1.63909, 0.00000, 1.00000
1.97536, 2.21782, -3.93313, 4.92852, 0.84316, 2.49482, 20.00000, 491583.00000, 31773.00000, 178996.65000, 16204385440.62750, 127296.44709, 0.91102, 5.51065, 6.05607, -10.56672, 0.00000, 1.00000
1.40973, 2.85909, -3.75484, 4.92550, 1.11271, 2.43770, 14.00000, 476453.00000, 30851.00000, 167285.00000, 16487335731.85714, 128403.02073, 0.94766, 3.30198, 7.02665, -9.32863, 0.00000, 1.00000
2.21782, 3.93313, -1.97536, 4.92852, 1.05736, 1.98319, 28.00000, 439182.00000, 12567.00000, 165323.42857, 15233692135.38776, 123424.84408, 0.91102, 0.54500, 0.95092, -0.49591, 0.00000, 1.00000
2.75567, 4.02561, -0.70086, 4.92853, 0.97053, 1.71348, 34.00000, 447405.00000, 19620.00000, 161566.97059, 13142826769.20502, 114642.16837, 0.90081, 0.46424, 0.66888, -0.13313, 0.05882, 0.94118
3.48430, 3.15040, -1.49161, 4.92852, 0.73511, 1.87827, 72.00000, 464140.00000, 16199.00000, 119142.00000, 11071220375.52778, 105219.86683, 0.91102, 0.68893, 0.61936, -0.30829, 0.01389, 0.98611
2.85909, 3.75484, -1.40973, 4.92550, 0.92001, 1.86107, 35.00000, 472640.00000, 29655.00000, 156350.65714, 15334523954.28245, 123832.64495, 0.94766, 0.53830, 0.71466, -0.25296, 0.00000, 1.00000
3.15040, 1.49161, -3.48430, 4.92852, 0.44220, 2.35600, 48.00000, 428794.00000, 16754.00000, 126897.93750, 8711258758.55859, 93334.12430, 0.91102, 2.59457, 1.29147, -2.88604, 0.00000, 1.00000
3.93313, 1.97536, -2.21782, 4.92852, 0.46544, 2.03756, 109.00000, 486105.00000, 8652.00000, 94825.30275, 11146291601.58724, 105575.99917, 0.91102, 1.05443, 0.54989, -0.60432, 0.00000, 1.00000
4.02561, 0.70086, -2.75567, 4.92853, 0.17237, 2.16413, 66.00000, 334725.00000, 9872.00000, 76815.92424, 5450722871.76699, 73829.01104, 0.90081, 1.98030, 0.39414, -1.37444, 0.00000, 1.00000
3.75484, 1.40973, -2.85909, 4.92550, 0.35916, 2.19010, 68.00000, 478241.00000, 10542.00000, 98776.20588, 9911129481.07526, 99554.65575, 0.94766, 1.66465, 0.58922, -1.25387, 0.00000, 1.00000
2.20355, 3.47499, -2.68919, 4.91558, 1.00567, 2.14966, 28.00000, 409062.00000, 26037.00000, 121161.46429, 7686579554.32015, 87673.14044, 1.08598, 0.74373, 1.15838, -0.90211, 0.00000, 1.00000
3.47499, 2.68919, -2.20355, 4.91558, 0.65860, 2.03563, 62.00000, 463686.00000, 9350.00000, 108927.95161, 11359283755.62669, 106579.94068, 1.08598, 0.87972, 0.68510, -0.56481, 0.01613, 0.98387
2.68919, 2.20355, -3.47499, 4.91558, 0.68646, 2.35595, 30.00000, 359067.00000, 20303.00000, 152887.46667, 9556645354.51556, 97758.09611, 1.08598, 1.85065, 1.52573, -2.37638, 0.00000, 1.00000
2.83550, 2.83550, -2.83550, 4.91123, 0.78540, 2.18628, 44.00000, 456693.00000, 18677.00000, 121381.86364, 10190747765.16322, 100949.23360, 1.14286, 1.00000, 1.00000, -1.00000, 0.00000, 1.00000
2.75567, -4.02561, 0.70086, 4.92853, -0.97053, 1.42811, 9.00000, 476671.00000, 48401.00000, 342671.11111, 20960635888.98766, 144777.88467, 0.90081, -6.49176, 9.35336, -1.86160, 0.11111, 0.88889
3.48430, -3.15040, 1.49161, 4.92852, -0.73511, 1.26333, 12.00000, 362429.00000, 48832.00000, 152152.58333, 10946360699.24306, 104624.85699, 0.91102, 1.82322, -1.63909, 0.81587, 0.00000, 1.00000
2.21782, -3.93313, 1.97536, 4.92852, -1.05736, 1.15840, 5.00000, 426899.00000, 147388.00000, 233084.00000, 9845491799.20000, 99224.45162, 0.91102, 6.05607, -10.56672, 5.51065, 0.40000, 0.60000
2.85909, -3.75484, 1.40973, 4.92550, -0.92001, 1.28053, 9.00000, 451455.00000, 76985.00000, 296885.00000, 16250189105.77778, 127476.22957, 0.94766, 7.02665, -9.32863, 3.30198, 0.33333, 0.66667
3.93313, -1.97536, 2.21782, 4.92852, -0.46544, 1.10403, 20.00000, 435132.00000, 36769.00000, 194606.45000, 12749611759.14750, 112914.17873, 0.91102, 0.95092, -0.49591, 0.54500, 0.10000, 0.90000
4.02561, -0.70086, 2.75567, 4.92853, -0.17237, 0.97747, 25.00000, 393881.00000, 23036.00000, 150770.12000, 8671254548.74560, 93119.57124, 0.90081, 0.66888, -0.13313, 0.46424, 0.20000, 0.80000
3.15040, -1.49161, 3.48430, 4.92852, -0.44220, 0.78559, 21.00000, 472909.00000, 31658.00000, 225410.38095, 14340663596.42630, 119752.50977, 0.91102, 0.61936, -0.30829, 0.68893, 0.57143, 0.42857
3.75484, -1.40973, 2.85909, 4.92550, -0.35916, 0.95149, 13.00000, 482906.00000, 57200.00000, 193050.00000, 19071306753.07692, 138098.90207, 0.94766, 0.71466, -0.25296, 0.53830, 0.23077, 0.76923
1.49161, -3.48430, 3.15040, 4.92852, -1.16631, 0.87732, 6.00000, 294642.00000, 87334.00000, 174795.66667, 4323241071.55556, 65751.35794, 0.91102, 1.29147, -2.88604, 2.59457, 1.00000, 0.00000
1.97536, -2.21782, 3.93313, 4.92852, -0.84316, 0.64677, 22.00000, 480600.00000, 60428.00000, 214606.04545, 16391636819.77066, 128029.82785, 0.91102, 0.54989, -0.60432, 1.05443, 0.81818, 0.18182
0.70086, -2.75567, 4.02561, 4.92853, -1.32174, 0.61496, 11.00000, 470615.00000, 84127.00000, 214930.90909, 17684112195.35537, 132981.62353, 0.90081, 0.39414, -1.37444, 1.98030, 1.00000, 0.00000
1.40973, -2.85909, 3.75484, 4.92550, -1.11271, 0.70390, 15.00000, 481658.00000, 105954.00000, 246489.26667, 21221851300.46222, 145677.21613, 0.94766, 0.58922, -1.25387, 1.66465, 0.80000, 0.20000
3.47499, -2.68919, 2.20355, 4.91558, -0.65860, 1.10596, 12.00000, 464790.00000, 63085.00000, 257439.33333, 15145224053.22222, 123065.93376, 1.08598, 1.15838, -0.90211, 0.74373, 0.41667, 0.58333
2.68919, -2.20355, 3.47499, 4.91558, -0.68646, 0.78564, 13.00000, 451005.00000, 123571.00000, 245756.30769, 9758957789.13610, 98787.43741, 1.08598, 0.68510, -0.56481, 0.87972, 0.46154, 0.53846
2.20355, -3.47499, 2.68919, 4.91558, -1.00567, 0.99193, 9.00000, 404148.00000, 92757.00000, 234434.77778, 9873261180.17284, 99364.28523, 1.08598, 1.52573, -2.37638, 1.85065, 0.55556, 0.44444
2.83550, -2.83550, 2.83550, 4.91123, -0.78540, 0.95532, 13.00000, 280567.00000, 76554.00000, 167747.30769, 3802984824.82840, 61668.34540, 1.14286, 1.00000, -1.00000, 1.00000, 0.38462, 0.61538
2.05481, -4.45876, 0.43315, 4.92853, -1.13896, 1.48280, 5.00000, 404046.00000, 236544.00000, 333828.40000, 6216184457.04000, 78842.78316, 0.90081, -0.98030, 2.22389, -0.24359, 0.40000, 0.60000
1.50894, -4.37124, 1.70460, 4.92852, -1.23841, 1.21764, 5.00000, 384534.00000, 115071.00000, 242568.20000, 10760347304.56000, 103732.09390, 0.91102, -1.19997, 3.63662, -1.43665, 0.20000, 0.80000
0.72621, -4.85499, 0.43811, 4.92852, -1.42232, 1.48179, 4.00000, 453215.00000, 191271.00000, 299657.00000, 10635921928.50000, 103130.60617, 0.91102, -0.18312, 1.31474, -0.13162, 0.50000, 0.50000
1.44936, -4.62611, 0.87126, 4.92550, -1.26718, 1.39297, 4.00000, 453166.00000, 164649.00000, 271254.25000, 11877312846.68750, 108983.08514, 0.94766, -0.66465, 2.02881, -0.36416, 0.25000, 0.75000
0.78273, -3.92241, 2.87963, 4.92852, -1.37383, 0.94680, 18.00000, 464295.00000, 58597.00000, 276892.88889, 14473310691.54321, 120305.07342, 0.91102, -2.08678, 10.75154, -7.66476, 0.72222, 0.27778
0.00000, -3.18882, 3.75791, 4.92853, -1.57080, 0.70366, 18.00000, 457238.00000, 39154.00000, 213926.16667, 16611844260.69444, 128886.94372, 0.90081, 0.00000, -7.64229, 8.64229, 0.77778, 0.22222
-0.78273, -3.92241, 2.87963, 4.92852, -1.76776, 0.94680, 9.00000, 362572.00000, 44271.00000, 229493.77778, 7630037179.06173, 87350.08402, 0.91102, 0.40335, 2.07817, -1.48153, 1.00000, 0.00000
0.00000, -3.73035, 3.21637, 4.92550, -1.57080, 0.85925, 5.00000, 477656.00000, 143166.00000, 248655.00000, 14145268171.60000, 118933.88151, 0.94766, -0.00000, 9.06739, -8.06739, 1.00000, 0.00000
-0.72621, -4.85499, 0.43811, 4.92852, -1.71928, 1.48179, 6.00000, 478009.00000, 226881.00000, 315353.33333, 7271349576.55555, 85272.20870, 0.91102, 0.13403, 0.96230, -0.09634, 0.33333, 0.66667
-1.50894, -4.37124, 1.70460, 4.92852, -1.90319, 1.21764, 8.00000, 392328.00000, 53443.00000, 211321.50000, 9027642898.75000, 95013.90898, 0.91102, 0.35294, 1.06961, -0.42255, 0.87500, 0.12500
-2.05481, -4.45876, 0.43315, 4.92853, -2.00263, 1.48280, 2.00000, 425056.00000, 287033.00000, 356044.50000, 4762587132.25000, 69011.50000, 0.90081, 0.33112, 0.75116, -0.08228, 0.50000, 0.50000
-1.44936, -4.62611, 0.87126, 4.92550, -1.87441, 1.39297, 6.00000, 254823.00000, 127335.00000, 170692.66667, 1686568685.55556, 41067.85465, 0.94766, 0.28534, 0.87099, -0.15634, 1.00000, 0.00000
0.78579, -4.35121, 2.14766, 4.91558, -1.39213, 1.11864, 2.00000, 189493.00000, 146496.00000, 167994.50000, 462185502.25000, 21498.50000, 1.08598, -0.52573, 2.99442, -1.46868, 0.00000, 1.00000
-0.78579, -4.35121, 2.14766, 4.91558, -1.74946, 1.11864, 9.00000, 496250.00000, 139600.00000, 252425.11111, 11253593350.09876, 106082.95504, 1.08598, 0.25627, 1.45965, -0.71592, 0.88889, 0.11111
0.00000, -4.83686, 0.87622, 4.91558, -1.57080, 1.39159, 2.00000, 193420.00000, 100722.00000, 147071.00000, 2148229801.00000, 46349.00000, 1.08598, -0.00000, 1.22879, -0.22879, 0.50000, 0.50000
0.00000, -4.58794, 1.75244, 4.91123, -1.57080, 1.20593, 4.00000, 473694.00000, 318680.00000, 392290.50000, 4635778081.25000, 68086.54846, 1.14286, -0.00000, 1.61803, -0.61803, 0.25000, 0.75000
2.05481, -4.45876, -0.43315, 4.92853, -1.13896, 1.65880, 7.00000, 443684.00000, 214068.00000, 305294.42857, 4751016945.38776, 68927.62106, 0.90081, -0.65917, 1.49537, 0.16379, 0.14286, 0.85714
0.72621, -4.85499, -0.43811, 4.92852, -1.42232, 1.65981, 2.00000, 309597.00000, 200461.00000, 255029.00000, 2977666624.00000, 54568.00000, 0.91102, -0.14496, 1.04077, 0.10419, 0.50000, 0.50000
1.50894, -4.37124, -1.70460, 4.92852, -1.23841, 1.92396, 2.00000, 148150.00000, 55884.00000, 102017.00000, 2128253689.00000, 46133.00000, 0.91102, -0.30980, 0.93889, 0.37091, 0.50000, 0.50000
1.44936, -4.62611, -0.87126, 4.92550, -1.26718, 1.74862, 6.00000, 370563.00000, 101455.00000, 233570.00000, 7617394972.00000, 87277.68886, 0.94766, -0.38457, 1.17386, 0.21070, 0.00000, 1.00000
-0.72621, -4.85499, -0.43811, 4.92852, -1.71928, 1.65981, 1.00000, 218779.00000, 218779.00000, 218779.00000, 0.00000, 0.00000, 0.91102, 0.11238, 0.80685, 0.08077, 1.00000, 0.00000
-2.05481, -4.45876, -0.43315, 4.92853, -2.00263, 1.65880, 2.00000, 280003.00000, 196640.00000, 238321.50000, 1737347442.25000, 41681.50000, 0.90081, 0.28433, 0.64502, 0.07065, 1.00000, 0.00000
-1.50894, -4.37124, -1.70460, 4.92852, -1.90319, 1.92396, 1.00000, 477539.00000, 477539.00000, 477539.00000, 0.00000, 0.00000, 0.91102, 0.19128, 0.57970, 0.22901, 1.00000, 0.00000
-1.44936, -4.62611, -0.87126, 4.92550, -1.87441, 1.74862, 4.00000, 486029.00000, 166946.00000, 291811.75000, 17155366213.68750, 130978.49523, 0.94766, 0.21738, 0.66353, 0.11910, 0.50000, 0.50000
0.78273, -3.92241, -2.87963, 4.92852, -1.37383, 2.19479, 6.00000, 446190.00000, 74655.00000, 244771.83333, 20937442413.80556, 144697.76230, 0.91102, -0.12779, 0.65841, 0.46938, 0.16667, 0.83333
-0.78273, -3.92241, -2.87963, 4.92852, -1.76776, 2.19479, 4.00000, 281834.00000, 152737.00000, 223852.50000, 2202277275.25000, 46928.42716, 0.91102, 0.10178, 0.52439, 0.37383, 0.25000, 0.75000
0.00000, -3.18882, -3.75791, 4.92853, -1.57080, 2.43793, 4.00000, 402703.00000, 216244.00000, 307103.25000, 4887834672.18750, 69913.05080, 0.90081, 0.00000, 0.46930, 0.53070, 0.00000, 1.00000
0.00000, -3.73035, -3.21637, 4.92550, -1.57080, 2.28234, 0.00000, 0.00000, 0.00000, 0.00000, 0.00000, 0.00000, 0.94766, -0.00000, 0.52918, 0.47082, 0.00000, 0.00000
0.00000, -4.83686, -0.87622, 4.91558, -1.57080, 1.75001, 1.00000, 165948.00000, 165948.00000, 165948.00000, 0.00000, 0.00000, 1.08598, -0.00000, 0.84303, 0.15697, 1.00000, 0.00000
-0.78579, -4.35121, -2.14766, 4.91558, -1.74946, 2.02296, 0.00000, 0.00000, 0.00000, 0.00000, 0.00000, 0.00000, 1.08598, 0.10538, 0.60022, 0.29439, 0.00000, 0.00000
0.78579, -4.35121, -2.14766, 4.91558, -1.39213, 2.02296, 3.00000, 473014.00000, 234049.00000, 343961.33333, 9700554717.55556, 98491.39413, 1.08598, -0.13352, 0.76051, 0.37301, 0.33333, 0.66667
0.00000, -4.58794, -1.75244, 4.91123, -1.57080, 1.93566, 1.00000, 402244.00000, 402244.00000, 402244.00000, 0.00000, 0.00000, 1.14286, -0.00000, 0.72361, 0.27639, 0.00000, 1.00000
2.75567, -4.02561, -0.70086, 4.92853, -0.97053, 1.71348, 4.00000, 283371.00000, 93358.00000, 193222.50000, 4538084716.25000, 67365.30796, 0.90081, -1.37444, 1.98030, 0.39414, 0.00000, 1.00000
2.21782, -3.93313, -1.97536, 4.92852, -1.05736, 1.98319, 6.00000, 427859.00000, 173576.00000, 348144.50000, 6919537374.25000, 83183.75667, 0.91102, -0.60432, 1.05443, 0.54989, 0.00000, 1.00000
3.48430, -3.15040, -1.49161, 4.92852, -0.73511, 1.87827, 25.00000, 451456.00000, 39264.00000, 154882.68000, 11230715084.53760, 105975.06822, 0.91102, -2.88604, 2.59457, 1.29147, 0.04000, 0.96000
2.85909, -3.75484, -1.40973, 4.92550, -0.92001, 1.86107, 8.00000, 391211.00000, 61812.00000, 181911.00000, 13918666217.25000, 117977.39706, 0.94766, -1.25387, 1.66465, 0.58922, 0.00000, 1.00000
1.49161, -3.48430, -3.15040, 4.92852, -1.16631, 2.26428, 10.00000, 418453.00000, 91253.00000, 231247.70000, 10958971879.21000, 104685.10820, 0.91102, -0.30829, 0.68893, 0.61936, 0.00000, 1.00000
0.70086, -2.75567, -4.02561, 4.92853, -1.32174, 2.52663, 2.00000, 444550.00000, 287943.00000, 366246.50000, 6131438112.25000, 78303.50000, 0.90081, -0.13313, 0.46424, 0.66888, 0.00000, 1.00000
1.97536, -2.21782, -3.93313, 4.92852, -0.84316, 2.49482, 9.00000, 470689.00000, 59947.00000, 237887.44444, 20004572973.13580, 141437.52321, 0.91102, -0.49591, 0.54500, 0.95092, 0.11111, 0.88889
1.40973, -2.85909, -3.75484, 4.92550, -1.11271, 2.43770, 1.00000, 168526.00000, 168526.00000, 168526.00000, 0.00000, 0.00000, 0.94766, -0.25296, 0.53830, 0.71466, 0.00000, 1.00000
3.93313, -1.97536, -2.21782, 4.92852, -0.46544, 2.03756, 37.00000, 477066.00000, 28846.00000, 136136.05405, 13987129382.91600, 118267.19487, 0.91102, -10.56672, 5.51065, 6.05607, 0.00000, 1.00000
3.15040, -1.49161, -3.48430, 4.92852, -0.44220, 2.35600, 18.00000, 480779.00000, 21554.00000, 177181.33333, 21493498057.77778, 146606.60987, 0.91102, -1.63909, 0.81587, 1.82322, 0.00000, 1.00000
4.02561, -0.70086, -2.75567, 4.92853, -0.17237, 2.16413, 57.00000, 475671.00000, 12086.00000, 103990.82456, 8014347664.81133, 89522.88906, 0.90081, 9.35336, -1.86160, -6.49176, 0.00000, 1.00000
3.75484, -1.40973, -2.85909, 4.92550, -0.35916, 2.19010, 43.00000, 472525.00000, 17859.00000, 163167.18605, 14769490135.77934, 121529.79115, 0.94766, -9.32863, 3.30198, 7.02665, 0.02326, 0.97674
2.20355, -3.47499, -2.68919, 4.91558, -1.00567, 2.14966, 8.00000, 406476.00000, 42965.00000, 250108.00000, 21331317793.00000, 146052.44877, 1.08598, -0.56481, 0.87972, 0.68510, 0.00000, 1.00000
2.68919, -2.20355, -3.47499, 4.91558, -0.68646, 2.35595, 12.00000, 432336.00000, 58115.00000, 183549.83333, 17161601394.80556, 131002.29538, 1.08598, -0.90211, 0.74373, 1.15838, 0.08333, 0.91667
3.47499, -2.68919, -2.20355, 4.91558, -0.65860, 2.03563, 15.00000, 300818.00000, 27948.00000, 110477.53333, 6849903350.64889, 82764.14290, 1.08598, -2.37638, 1.85065, 1.52573, 0.00000, 1.00000
2.83550, -2.83550, -2.83550, 4.91123, -0.78540, 2.18628, 12.00000, 417517.00000, 51068.00000, 198211.33333, 13459332343.88889, 116014.36266, 1.14286, -1.00000, 1.00000, 1.00000, 0.00000, 1.00000
3.18882, -3.75791, 0.00000, 4.92853, -0.86714, 1.57080, 6.00000, 375898.00000, 115981.00000, 223603.50000, 7260772807.58333, 85210.16845, 0.90081, -7.64229, 8.64229, -0.00000, 0.16667, 0.83333
3.92241, -2.87963, -0.78273, 4.92852, -0.63328, 1.73029, 24.00000, 480064.00000, 31795.00000, 180151.54167, 11600160833.74827, 107704.04279, 0.91102, 10.75154, -7.66476, -2.08678, 0.04167, 0.95833
3.92241, -2.87963, 0.78273, 4.92852, -0.63328, 1.41130, 17.00000, 405435.00000, 28791.00000, 146791.58824, 10102062952.83045, 100509.01926, 0.91102, 2.07817, -1.48153, 0.40335, 0.05882, 0.94118
3.73035, -3.21637, 0.00000, 4.92550, -0.71154, 1.57080, 13.00000, 490236.00000, 32500.00000, 197393.84615, 20483705812.74557, 143121.29755, 0.94766, 9.06739, -8.06739, 0.00000, 0.23077, 0.76923
4.37124, -1.70460, -1.50894, 4.92852, -0.37182, 1.88196, 57.00000, 437808.00000, 17959.00000, 107008.73684, 7891597426.29917, 88834.66343, 0.91102, 3.63662, -1.43665, -1.19997, 0.01754, 0.98246
4.45876, -0.43315, -2.05481, 4.92853, -0.09684, 2.00085, 79.00000, 437113.00000, 12546.00000, 96044.16456, 11544515773.98558, 107445.40834, 0.90081, 2.22389, -0.24359, -0.98030, 0.00000, 1.00000
4.85499, -0.43811, -0.72621, 4.92852, -0.09000, 1.71868, 126.00000, 485183.00000, 7932.00000, 81615.69048, 9359894362.59467, 96746.54703, 0.91102, 1.31474, -0.13162, -0.18312, 0.00000, 1.00000
4.62611, -0.87126, -1.44936, 4.92550, -0.18616, 1.86947, 59.00000, 470129.00000, 9343.00000, 82197.10169, 7489451446.73542, 86541.61685, 0.94766, 2.02881, -0.36416, -0.66465, 0.00000, 1.00000
4.37124, -1.70460, 1.50894, 4.92852, -0.37182, 1.25963, 30.00000, 457754.00000, 23216.00000, 168082.56667, 10728093562.77889, 103576.51067, 0.91102, 1.06961, -0.42255, 0.35294, 0.13333, 0.86667
4.85499, -0.43811, 0.72621, 4.92852, -0.09000, 1.42291, 96.00000, 469910.00000, 13769.00000, 82560.16667, 7390039536.30555, 85965.33916, 0.91102, 0.96230, -0.09634, 0.13403, 0.02083, 0.97917
4.45876, -0.43315, 2.05481, 4.92853, -0.09684, 1.14074, 33.00000, 377049.00000, 14546.00000, 138286.39394, 9870777932.60239, 99351.78877, 0.90081, 0.75116, -0.08228, 0.33112, 0.12121, 0.87879
4.62611, -0.87126, 1.44936, 4.92550, -0.18616, 1.27212, 38.00000, 481478.00000, 13455.00000, 131675.28947, 15628373340.83726, 125013.49264, 0.94766, 0.87099, -0.15634, 0.28534, 0.05263, 0.94737
4.35121, -2.14766, -0.78579, 4.91558, -0.45850, 1.73134, 39.00000, 447842.00000, 13214.00000, 105260.64103, 8066017766.99934, 89811.01139, 1.08598, 2.99442, -1.46868, -0.52573, 0.02564, 0.97436
4.83686, -0.87622, 0.00000, 4.91558, -0.17921, 1.57080, 68.00000, 442391.00000, 6143.00000, 105942.52941, 11946233859.69031, 109298.82826, 1.08598, 1.22879, -0.22879, 0.00000, 0.00000, 1.00000
4.35121, -2.14766, 0.78579, 4.91558, -0.45850, 1.41025, 27.00000, 394411.00000, 27690.00000, 149646.40741, 10476011579.27846, 102352.38922, 1.08598, 1.45965, -0.71592, 0.25627, 0.03704, 0.96296
4.58794, -1.75244, 0.00000, 4.91123, -0.36486, 1.57080, 39.00000, 422350.00000, 11282.00000, 113405.12821, 9007010081.95792, 94905.26899, 1.14286, 1.61803, -0.61803, 0.00000, 0.00000, 1.00000
0.43315, -2.05481, 4.45876, 4.92853, -1.36304, 0.44016, 21.00000, 361355.00000, 33067.00000, 161451.14286, 9359532855.74150, 96744.67869, 0.90081, 0.16379, -0.65917, 1.49537, 0.95238, 0.04762
1.70460, -1.50894, 4.37124, 4.92852, -0.72459, 0.48015, 16.00000, 386386.00000, 48368.00000, 171432.18750, 12242562220.52734, 110646.11254, 0.91102, 0.37091, -0.30980, 0.93889, 1.00000, 0.00000
0.43811, -0.72621, 4.85499, 4.92852, -1.02797, 0.17295, 49.00000, 498130.00000, 17153.00000, 148999.32653, 16731041166.54644, 129348.52595, 0.91102, 0.10419, -0.14496, 1.04077, 0.93878, 0.06122
0.87126, -1.44936, 4.62611, 4.92550, -1.02954, 0.35046, 18.00000, 493408.00000, 28049.00000, 222672.88889, 20089835459.76543, 141738.61668, 0.94766, 0.21070, -0.38457, 1.17386, 0.88889, 0.11111
2.87963, -0.78273, 3.92241, 4.92852, -0.26540, 0.65037, 22.00000, 452934.00000, 40283.00000, 212337.18182, 15653541292.69422, 125114.11308, 0.91102, 0.46938, -0.12779, 0.65841, 0.45455, 0.54545
3.75791, 0.00000, 3.18882, 4.92853, 0.00000, 0.86714, 23.00000, 412517.00000, 34797.00000, 197077.82609, 12503803592.57845, 111820.40776, 0.90081, 0.53070, -0.00000, 0.46930, 0.34783, 0.65217
2.87963, 0.78273, 3.92241, 4.92852, 0.26540, 0.65037, 19.00000, 446855.00000, 59051.00000, 222156.47368, 14719424443.93352, 121323.63514, 0.91102, 0.37383, 0.10178, 0.52439, 0.84211, 0.15789
3.21637, 0.00000, 3.73035, 4.92550, 0.00000, 0.71154, 11.00000, 443873.00000, 79729.00000, 218724.72727, 15400159036.38017, 124097.37723, 0.94766, 0.47082, -0.00000, 0.52918, 0.36364, 0.63636
0.43811, 0.72621, 4.85499, 4.92852, 1.02797, 0.17295, 63.00000, 492165.00000, 12939.00000, 135296.77778, 17659303092.55379, 132888.31059, 0.91102, 0.08077, 0.11238, 0.80685, 0.92063, 0.07937
1.70460, 1.50894, 4.37124, 4.92852, 0.72459, 0.48015, 38.00000, 495993.00000, 23230.00000, 176699.10526, 15894790427.30471, 126074.54314, 0.91102, 0.22901, 0.19128, 0.57970, 0.86842, 0.13158
0.43315, 2.05481, 4.45876, 4.92853, 1.36304, 0.44016, 51.00000, 494931.00000, 28470.00000, 177740.70588, 15019625324.91350, 122554.58100, 0.90081, 0.07065, 0.28433, 0.64502, 0.96078, 0.03922
0.87126, 1.44936, 4.62611, 4.92550, 1.02954, 0.35046, 52.00000, 448361.00000, 25390.00000, 152751.25000, 9995733450.57211, 99978.66498, 0.94766, 0.11910, 0.21738, 0.66353, 0.94231, 0.05769
2.14766, -0.78579, 4.35121, 4.91558, -0.35075, 0.48390, 16.00000, 487748.00000, 101673.00000, 234585.25000, 12231748849.56250, 110597.23708, 1.08598, 0.37301, -0.13352, 0.76051, 0.68750, 0.31250
2.14766, 0.78579, 4.35121, 4.91558, 0.35075, 0.48390, 22.00000, 478109.00000, 26613.00000, 179702.40909, 13770034602.51446, 117345.79073, 1.08598, 0.29439, 0.10538, 0.60022, 0.68182, 0.31818
0.87622, 0.00000, 4.83686, 4.91558, 0.00000, 0.17921, 44.00000, 420720.00000, 17219.00000, 137026.20455, 10470162327.20816, 102323.81114, 1.08598, 0.15697, -0.00000, 0.84303, 0.97727, 0.02273
1.75244, 0.00000, 4.58794, 4.91123, 0.00000, 0.36486, 27.00000, 449139.00000, 25783.00000, 166618.22222, 16092056250.98765, 126854.46879, 1.14286, 0.27639, 0.00000, 0.72361, 0.85185, 0.14815
-2.75567, -4.02561, 0.70086, 4.92853, -2.17107, 1.42811, 5.00000, 301837.00000, 144764.00000, 248440.40000, 3292158597.44000, 57377.33522, 0.90081, 0.46424, 0.66888, -0.13313, 1.00000, 0.00000
-2.21782, -3.93313, 1.97536, 4.92852, -2.08423, 1.15840, 6.00000, 490822.00000, 134676.00000, 273360.66667, 18879435987.55556, 137402.45990, 0.91102, 0.54500, 0.95092, -0.49591, 1.00000, 0.00000
-3.48430, -3.15040, 1.49161, 4.92852, -2.40648, 1.26333, 8.00000, 493784.00000, 99600.00000, 295000.50000, 20093094323.00000, 141750.11225, 0.91102, 0.68893, 0.61936, -0.30829, 1.00000, 0.00000
-2.85909, -3.75484, 1.40973, 4.92550, -2.22158, 1.28053, 8.00000, 463953.00000, 54440.00000, 261540.75000, 14534484178.43750, 120559.04851, 0.94766, 0.53830, 0.71466, -0.25296, 1.00000, 0.00000
-1.49161, -3.48430, 3.15040, 4.92852, -1.97528, 0.87732, 14.00000, 467296.00000, 67192.00000, 222512.42857, 12992937006.10204, 113986.56502, 0.91102, 0.81587, 1.82322, -1.63909, 1.00000, 0.00000
-0.70086, -2.75567, 4.02561, 4.92853, -1.81985, 0.61496, 28.00000, 485572.00000, 30323.00000, 211746.50000, 20819075953.96429, 144288.16983, 0.90081, -1.86160, -6.49176, 9.35336, 0.96429, 0.03571
-1.97536, -2.21782, 3.93313, 4.92852, -2.29844, 0.64677, 28.00000, 459709.00000, 27724.00000, 170957.53571, 14613909290.46301, 120888.00309, 0.91102, 5.51065, 6.05607, -10.56672, 1.00000, 0.00000
-1.40973, -2.85909, 3.75484, 4.92550, -2.02888, 0.70390, 16.00000, 469858.00000, 83363.00000, 242090.68750, 18956720097.46484, 137683.40531, 0.94766, 3.30198, 7.02665, -9.32863, 1.00000, 0.00000
-3.93313, -1.97536, 2.21782, 4.92852, -2.67616, 1.10403, 11.00000, 359214.00000, 95606.00000, 211057.27273, 9312293055.28926, 96500.22308, 0.91102, 1.05443, 0.54989, -0.60432, 1.00000, 0.00000
-3.15040, -1.49161, 3.48430, 4.92852, -2.69940, 0.78559, 30.00000, 481116.00000, 35813.00000, 154953.23333, 14139053269.64555, 118907.75109, 0.91102, 2.59457, 1.29147, -2.88604, 1.00000, 0.00000
-4.02561, -0.70086, 2.75567, 4.92853, -2.96922, 0.97747, 24.00000, 441105.00000, 25715.00000, 182399.50000, 12479922350.08333, 111713.57281, 0.90081, 1.98030, 0.39414, -1.37444, 1.00000, 0.00000
-3.75484, -1.40973, 2.85909, 4.92550, -2.78243, 0.95149, 22.00000, 424529.00000, 41105.00000, 180231.50000, 11851272307.61364, 108863.54903, 0.94766, 1.66465, 0.58922, -1.25387, 1.00000, 0.00000
-2.20355, -3.47499, 2.68919, 4.91558, -2.13592, 0.99193, 12.00000, 427139.00000, 65782.00000, 225074.41667, 18804284339.74305, 137128.71450, 1.08598, 0.74373, 1.15838, -0.90211, 1.00000, 0.00000
-2.68919, -2.20355, 3.47499, 4.91558, -2.45513, 0.78564, 17.00000, 466041.00000, 38663.00000, 175707.52941, 13856344330.83737, 117712.97435, 1.08598, 1.85065, 1.52573, -2.37638, 1.00000, 0.00000
-3.47499, -2.68919, 2.20355, 4.91558, -2.48299, 1.10596, 9.00000, 387490.00000, 34235.00000, 171162.00000, 11618547521.33333, 107789.36646, 1.08598, 0.87972, 0.68510, -0.56481, 1.00000, 0.00000
-2.83550, -2.83550, 2.83550, 4.91123, -2.35619, 0.95532, 19.00000, 491445.00000, 36215.00000, 184224.89474, 14197950969.67313, 119155.15503, 1.14286, 1.00000, 1.00000, -1.00000, 1.00000, 0.00000
-0.70086, -2.75567, -4.02561, 4.92853, -1.81985, 2.52663, 0.00000, 0.00000, 0.00000, 0.00000, 0.00000, 0.00000, 0.90081, 0.10514, 0.36663, 0.52824, 0.00000, 0.00000
-1.49161, -3.48430, -3.15040, 4.92852, -1.97528, 2.26428, 1.00000, 364139.00000, 364139.00000, 364139.00000, 0.00000, 0.00000, 0.91102, 0.19070, 0.42617, 0.38313, 1.00000, 0.00000
-1.97536, -2.21782, -3.93313, 4.92852, -2.29844, 2.49482, 0.00000, 0.00000, 0.00000, 0.00000, 0.00000, 0.00000, 0.91102, 0.24897, 0.27362, 0.47741, 0.00000, 0.00000
-1.40973, -2.85909, -3.75484, 4.92550, -2.02888, 2.43770, 1.00000, 370154.00000, 370154.00000, 370154.00000, 0.00000, 0.00000, 0.94766, 0.16798, 0.35746, 0.47456, 0.00000, 1.00000
-2.21782, -3.93313, -1.97536, 4.92852, -2.08423, 1.98319, 4.00000, 435342.00000, 327733.00000, 392654.00000, 1754371208.50000, 41885.21468, 0.91102, 0.27362, 0.47741, 0.24897, 0.50000, 0.50000
-2.75567, -4.02561, -0.70086, 4.92853, -2.17107, 1.71348, 1.00000, 248411.00000, 248411.00000, 248411.00000, 0.00000, 0.00000, 0.90081, 0.36663, 0.52824, 0.10514, 0.00000, 1.00000
-3.48430, -3.15040, -1.49161, 4.92852, -2.40648, 1.87827, 1.00000, 259032.00000, 259032.00000, 259032.00000, 0.00000, 0.00000, 0.91102, 0.42617, 0.38313, 0.19070, 1.00000, 0.00000
-2.85909, -3.75484, -1.40973, 4.92550, -2.22158, 1.86107, 1.00000, 156684.00000, 156684.00000, 156684.00000, 0.00000, 0.00000, 0.94766, 0.35746, 0.47456, 0.16798, 1.00000, 0.00000
-3.15040, -1.49161, -3.48430, 4.92852, -2.69940, 2.35600, 0.00000, 0.00000, 0.00000, 0.00000, 0.00000, 0.00000, 0.91102, 0.38313, 0.19070, 0.42617, 0.00000, 0.00000
-3.93313, -1.97536, -2.21782, 4.92852, -2.67616, 2.03756, 1.00000, 309746.00000, 309746.00000, 309746.00000, 0.00000, 0.00000, 0.91102, 0.47741, 0.24897, 0.27362, 1.00000, 0.00000
-4.02561, -0.70086, -2.75567, 4.92853, -2.96922, 2.16413, 0.00000, 0.00000, 0.00000, 0.00000, 0.00000, 0.00000, 0.90081, 0.52824, 0.10514, 0.36663, 0.00000, 0.00000
-3.75484, -1.40973, -2.85909, 4.92550, -2.78243, 2.19010, 2.00000, 190192.00000, 172466.00000, 181329.00000, 78552769.00000, 8863.00000, 0.94766, 0.47456, 0.16798, 0.35746, 1.00000, 0.00000
-2.20355, -3.47499, -2.68919, 4.91558, -2.13592, 2.14966, 0.00000, 0.00000, 0.00000, 0.00000, 0.00000, 0.00000, 1.08598, 0.26522, 0.41309, 0.32170, 0.00000, 0.00000
-3.47499, -2.68919, -2.20355, 4.91558, -2.48299, 2.03563, 0.00000, 0.00000, 0.00000, 0.00000, 0.00000, 0.00000, 1.08598, 0.41309, 0.32170, 0.26522, 0.00000, 0.00000
-2.68919, -2.20355, -3.47499, 4.91558, -2.45513, 2.35595, 2.00000, 485416.00000, 226328.00000, 355872.00000, 16781647936.00000, 129544.00000, 1.08598, 0.32170, 0.26522, 0.41309, 0.00000, 1.00000
-2.83550, -2.83550, -2.83550, 4.91123, -2.35619, 2.18628, 0.00000, 0.00000, 0.00000, 0.00000, 0.00000, 0.00000, 1.14286, 0.33333, 0.33333, 0.33333, 0.00000, 0.00000
3.75791, 0.00000, -3.18882, 4.92853, 0.00000, 2.27446, 45.00000, 376544.00000, 24093.00000, 106684.64444, 7396296940.45136, 86001.72638, 0.90081, 8.64229, 0.00000, -7.64229, 0.00000, 1.00000
2.87963, -0.78273, -3.92241, 4.92852, -0.26540, 2.49122, 16.00000, 459098.00000, 49637.00000, 143452.18750, 10169266648.40234, 100842.78184, 0.91102, -1.48153, 0.40335, 2.07817, 0.00000, 1.00000
2.87963, 0.78273, -3.92241, 4.92852, 0.26540, 2.49122, 32.00000, 413818.00000, 27266.00000, 157389.40625, 14362296442.86621, 119842.79888, 0.91102, -7.66476, -2.08678, 10.75154, 0.03125, 0.96875
3.21637, 0.00000, -3.73035, 4.92550, 0.00000, 2.43005, 26.00000, 429205.00000, 17523.00000, 119614.84615, 10498074931.20710, 102460.11386, 0.94766, -8.06739, -0.00000, 9.06739, 0.00000, 1.00000
1.70460, -1.50894, -4.37124, 4.92852, -0.72459, 2.66145, 9.00000, 444937.00000, 44125.00000, 233163.88889, 18930443056.54321, 137587.94663, 0.91102, -0.42255, 0.35294, 1.06961, 0.00000, 1.00000
0.43315, -2.05481, -4.45876, 4.92853, -1.36304, 2.70143, 4.00000, 482139.00000, 195297.00000, 288253.25000, 13673520816.18750, 116933.83093, 0.90081, -0.08228, 0.33112, 0.75116, 0.25000, 0.75000
0.43811, -0.72621, -4.85499, 4.92852, -1.02797, 2.96865, 6.00000, 250787.00000, 108539.00000, 159431.16667, 2923267128.47222, 54067.24636, 0.91102, -0.09634, 0.13403, 0.96230, 0.00000, 1.00000
0.87126, -1.44936, -4.62611, 4.92550, -1.02954, 2.79113, 7.00000, 390469.00000, 35176.00000, 253263.42857, 15840130629.38775, 125857.58074, 0.94766, -0.15634, 0.28534, 0.87099, 0.00000, 1.00000
1.70460, 1.50894, -4.37124, 4.92852, 0.72459, 2.66145, 20.00000, 492754.00000, 32054.00000, 169955.00000, 13729387316.30000, 117172.46825, 0.91102, -1.43665, -1.19997, 3.63662, 0.00000, 1.00000
0.43811, 0.72621, -4.85499, 4.92852, 1.02797, 2.96865, 5.00000, 406386.00000, 88232.00000, 188105.60000, 12637669241.04000, 112417.38852, 0.91102, -0.13162, -0.18312, 1.31474, 0.00000, 1.00000
0.43315, 2.05481, -4.45876, 4.92853, 1.36304, 2.70143, 5.00000, 221052.00000, 132645.00000, 184961.20000, 1678070766.96000, 40964.26207, 0.90081, -0.24359, -0.98030, 2.22389, 0.00000, 1.00000
0.87126, 1.44936, -4.62611, 4.92550, 1.02954, 2.79113, 11.00000, 426711.00000, 58344.00000, 223198.63636, 15208251368.77686, 123321.73924, 0.94766, -0.36416, -0.66465, 2.02881, 0.09091, 0.90909
2.14766, -0.78579, -4.35121, 4.91558, -0.35075, 2.65769, 12.00000, 428490.00000, 36481.00000, 175692.75000, 15403024128.52083, 124108.92042, 1.08598, -0.71592, 0.25627, 1.45965, 0.00000, 1.00000
0.87622, 0.00000, -4.83686, 4.91558, 0.00000, 2.96238, 5.00000, 412482.00000, 104623.00000, 265742.80000, 14824988617.36000, 121757.90988, 1.08598, -0.22879, -0.00000, 1.22879, 0.00000, 1.00000
2.14766, 0.78579, -4.35121, 4.91558, 0.35075, 2.65769, 12.00000, 328215.00000, 54176.00000, 156506.25000, 6953619474.02083, 83388.36534, 1.08598, -1.46868, -0.52573, 2.99442, 0.00000, 1.00000
1.75244, 0.00000, -4.58794, 4.91123, 0.00000, 2.77673, 10.00000, 480370.00000, 28631.00000, 174056.60000, 16429349461.84000, 128177.02392, 1.14286, -0.61803, -0.00000, 1.61803, 0.00000, 1.00000
4.45876, 0.43315, 2.05481, 4.92853, 0.09684, 1.14074, 34.00000, 489798.00000, 22756.00000, 119558.44118, 8993120997.54066, 94832.06735, 0.90081, 0.64502, 0.07065, 0.28433, 0.05882, 0.94118
4.85499, 0.43811, 0.72621, 4.92852, 0.09000, 1.42291, 121.00000, 353715.00000, 9724.00000, 85124.76860, 7270280910.73984, 85265.94227, 0.91102, 0.80685, 0.08077, 0.11238, 0.01653, 0.98347
4.37124, 1.70460, 1.50894, 4.92852, 0.37182, 1.25963, 74.00000, 474774.00000, 8986.00000, 103849.87838, 12765994248.91764, 112986.69943, 0.91102, 0.57970, 0.22901, 0.19128, 0.04054, 0.95946
4.62611, 0.87126, 1.44936, 4.92550, 0.18616, 1.27212, 64.00000, 433166.00000, 12497.00000, 105442.07812, 9682982186.72827, 98402.14523, 0.94766, 0.66353, 0.11910, 0.21738, 0.06250, 0.93750
4.85499, 0.43811, -0.72621, 4.92852, 0.09000, 1.71868, 198.00000, 424175.00000, 4748.00000, 65564.10101, 6317120298.29283, 79480.31390, 0.91102, 1.04077, 0.10419, -0.14496, 0.00000, 1.00000
4.45876, 0.43315, -2.05481, 4.92853, 0.09684, 2.00085, 116.00000, 425534.00000, 6001.00000, 80124.09483, 7763517654.12032, 88110.82598, 0.90081, 1.49537, 0.16379, -0.65917, 0.00000, 1.00000
4.37124, 1.70460, -1.50894, 4.92852, 0.37182, 1.88196, 198.00000, 499199.00000, 3208.00000, 65292.19192, 6554982175.21569, 80962.84441, 0.91102, 0.93889, 0.37091, -0.30980, 0.00505, 0.99495
4.62611, 0.87126, -1.44936, 4.92550, 0.18616, 1.86947, 148.00000, 374270.00000, 7039.00000, 68467.68919, 6164511652.94394, 78514.40411, 0.94766, 1.17386, 0.21070, -0.38457, 0.00000, 1.00000
3.92241, 2.87963, 0.78273, 4.92852, 0.63328, 1.41130, 65.00000, 314943.00000, 16858.00000, 96217.80000, 5979956409.76000, 77330.17787, 0.91102, 0.52439, 0.37383, 0.10178, 0.03077, 0.96923
3.92241, 2.87963, -0.78273, 4.92852, 0.63328, 1.73029, 117.00000, 487930.00000, 7646.00000, 94056.89744, 10279377167.56213, 101387.26334, 0.91102, 0.65841, 0.46938, -0.12779, 0.00855, 0.99145
3.18882, 3.75791, 0.00000, 4.92853, 0.86714, 1.57080, 44.00000, 480235.00000, 19315.00000, 155904.11364, 17492748550.96436, 132260.15481, 0.90081, 0.46930, 0.53070, 0.00000, 0.02273, 0.97727
3.73035, 3.21637, 0.00000, 4.92550, 0.71154, 1.57080, 62.00000, 319423.00000, 13799.00000, 97230.24194, 7634102775.86082, 87373.35278, 0.94766, 0.52918, 0.47082, 0.00000, 0.00000, 1.00000
4.83686, 0.87622, 0.00000, 4.91558, 0.17921, 1.57080, 145.00000, 444184.00000, 4948.00000, 68175.77241, 6595305048.87924, 81211.48348, 1.08598, 0.84303, 0.15697, 0.00000, 0.00000, 1.00000
4.35121, 2.14766, -0.78579, 4.91558, 0.45850, 1.73134, 124.00000, 497963.00000, 8590.00000, 84770.36290, 10339117321.08604, 101681.45023, 1.08598, 0.76051, 0.37301, -0.13352, 0.00000, 1.00000
4.35121, 2.14766, 0.78579, 4.91558, 0.45850, 1.41025, 79.00000, 415825.00000, 6806.00000, 84020.02532, 9088407280.10062, 95333.13842, 1.08598, 0.60022, 0.29439, 0.10538, 0.02532, 0.97468
4.58794, 1.75244, 0.00000, 4.91123, 0.36486, 1.57080, 144.00000, 459508.00000, 4266.00000, 75195.09028, 9140428267.02657, 95605.58701, 1.14286, 0.72361, 0.27639, -0.00000, 0.01389, 0.98611
