-2.75567, 4.02561, 0.70086, 4.92853, 2.17107, 1.42811, 159.00000, 484229.00000, 6904.00000, 61562.50943, 4894646106.62727, 69961.74745, 0.90081, -1.37444, 1.98030, 0.39414, 1.00000, 0.00000
-3.48430, 3.15040, 1.49161, 4.92852, 2.40648, 1.26333, 133.00000, 399268.00000, 6277.00000, 63193.75940, 5206084990.13760, 72153.20499, 0.91102, -2.88604, 2.59457, 1.29147, 0.99248, 0.00752
-2.21782, 3.93313, 1.97536, 4.92852, 2.08423, 1.15840, 126.00000, 499740.00000, 7453.00000, 71920.73016, 6895310168.05417, 83038.00436, 0.91102, -0.60432, 1.05443, 0.54989, 1.00000, 0.00000
-2.85909, 3.75484, 1.40973, 4.92550, 2.22158, 1.28053, 158.00000, 499943.00000, 5653.00000, 54869.66456, 5186850335.86849, 72019.79128, 0.94766, -1.25387, 1.66465, 0.58922, 1.00000, 0.00000
-3.93313, 1.97536, 2.21782, 4.92852, 2.67616, 1.10403, 64.00000, 336009.00000, 7754.00000, 89934.28125, 5089433727.98340, 71340.26723, 0.91102, -10.56672, 5.51065, 6.05607, 0.98438, 0.01562
-4.02561, 0.70086, 2.75567, 4.92853, 2.96922, 0.97747, 23.00000, 459543.00000, 41472.00000, 216980.78261, 19064139697.99622, 138072.95064, 0.90081, 9.35336, -1.86160, -6.49176, 0.91304, 0.08696
-3.15040, 1.49161, 3.48430, 4.92852, 2.69940, 0.78559, 45.00000, 489601.00000, 26752.00000, 152192.40000, 16753217265.75111, 129434.21984, 0.91102, -1.63909, 0.81587, 1.82322, 1.00000, 0.00000
-3.75484, 1.40973, 2.85909, 4.92550, 2.78243, 0.95149, 36.00000, 364898.00000, 14658.00000, 131750.00000, 10994735888.16667, 104855.78615, 0.94766, -9.32863, 3.30198, 7.02665, 0.97222, 0.02778
-1.49161, 3.48430, 3.15040, 4.92852, 1.97528, 0.87732, 60.00000, 498051.00000, 10842.00000, 109484.41667, 11955851586.04305, 109342.81680, 0.91102, -0.30829, 0.68893, 0.61936, 1.00000, 0.00000
-1.97536, 2.21782, 3.93313, 4.92852, 2.29844, 0.64677, 27.00000, 448716.00000, 46191.00000, 167783.96296, 12512089416.03567, 111857.45132, 0.91102, -0.49591, 0.54500, 0.95092, 0.88889, 0.11111
-0.70086, 2.75567, 4.02561, 4.92853, 1.81985, 0.61496, 16.00000, 475458.00000, 83634.00000, 225586.87500, 17295248117.23438, 131511.39919, 0.90081, -0.13313, 0.46424, 0.66888, 0.93750, 0.06250
-1.40973, 2.85909, 3.75484, 4.92550, 2.02888, 0.70390, 29.00000, 496273.00000, 36470.00000, 165591.13793, 17852719753.98098, 133614.07019, 0.94766, -0.25296, 0.53830, 0.71466, 0.93103, 0.06897
-3.47499, 2.68919, 2.20355, 4.91558, 2.48299, 1.10596, 82.00000, 413412.00000, 7647.00000, 79385.89024, 5867993306.24405, 76602.82832, 1.08598, -2.37638, 1.85065, 1.52573, 1.00000, 0.00000
-2.68919, 2.20355, 3.47499, 4.91558, 2.45513, 0.78564, 34.00000, 471857.00000, 21142.00000, 116521.41176, 12381492442.94810, 111272.15484, 1.08598, -0.90211, 0.74373, 1.15838, 1.00000, 0.00000
-2.20355, 3.47499, 2.68919, 4.91558, 2.13592, 0.99193, 75.00000, 473564.00000, 10391.00000, 102738.41333, 12667884399.84249, 112551.69657, 1.08598, -0.56481, 0.87972, 0.68510, 0.98667, 0.01333
-2.83550, 2.83550, 2.83550, 4.91123, 2.35619, 0.95532, 84.00000, 445687.00000, 10528.00000, 84404.46429, 6185640104.72491, 78648.84045, 1.14286, -1.00000, 1.00000, 1.00000, 1.00000, 0.00000
-2.05481, 4.45876, 0.43315, 4.92853, 2.00263, 1.48280, 122.00000, 476296.00000, 8995.00000, 77517.36066, 8848549771.00108, 94066.73042, 0.90081, -0.65917, 1.49537, 0.16379, 1.00000, 0.00000
-1.50894, 4.37124, 1.70460, 4.92852, 1.90319, 1.21764, 99.00000, 448880.00000, 10098.00000, 101907.88889, 12188609841.59372, 110402.03731, 0.91102, -0.30980, 0.93889, 0.37091, 1.00000, 0.00000
-0.72621, 4.85499, 0.43811, 4.92852, 1.71928, 1.48179, 62.00000, 465956.00000, 8358.00000, 103897.03226, 9415272942.32154, 97032.32937, 0.91102, -0.14496, 1.04077, 0.10419, 1.00000, 0.00000
-1.44936, 4.62611, 0.87126, 4.92550, 1.87441, 1.39297, 77.00000, 492753.00000, 14784.00000, 93079.85714, 9908610120.90167, 99542.00179, 0.94766, -0.38457, 1.17386, 0.21070, 1.00000, 0.00000
-0.78273, 3.92241, 2.87963, 4.92852, 1.76776, 0.94680, 45.00000, 431405.00000, 17682.00000, 105449.55556, 7352180070.51358, 85744.85448, 0.91102, -0.12779, 0.65841, 0.46938, 1.00000, 0.00000
0.00000, 3.18882, 3.75791, 4.92853, 1.57080, 0.70366, 29.00000, 486691.00000, 32320.00000, 167417.10345, 17903403693.05827, 133803.60120, 0.90081, -0.00000, 0.46930, 0.53070, 0.89655, 0.10345
0.78273, 3.92241, 2.87963, 4.92852, 1.37383, 0.94680, 17.00000, 388688.00000, 22903.00000, 193238.58824, 9666033739.06574, 98315.98923, 0.91102, 0.10178, 0.52439, 0.37383, 1.00000, 0.00000
0.00000, 3.73035, 3.21637, 4.92550, 1.57080, 0.85925, 18.00000, 388935.00000, 17683.00000, 170073.50000, 11132935498.13889, 105512.72671, 0.94766, -0.00000, 0.52918, 0.47082, 1.00000, 0.00000
0.72621, 4.85499, 0.43811, 4.92852, 1.42232, 1.48179, 19.00000, 431081.00000, 20996.00000, 133587.42105, 10968235283.40166, 104729.34299, 0.91102, 0.11238, 0.80685, 0.08077, 1.00000, 0.00000
1.50894, 4.37124, 1.70460, 4.92852, 1.23841, 1.21764, 13.00000, 488592.00000, 73977.00000, 243851.30769, 20650158558.52071, 143701.63033, 0.91102, 0.19128, 0.57970, 0.22901, 0.92308, 0.07692
2.05481, 4.45876, 0.43315, 4.92853, 1.13896, 1.48280, 14.00000, 418519.00000, 47683.00000, 159014.35714, 10486139929.08673, 102401.85511, 0.90081, 0.28433, 0.64502, 0.07065, 0.92857, 0.07143
1.44936, 4.62611, 0.87126, 4.92550, 1.26718, 1.39297, 16.00000, 483519.00000, 36864.00000, 190050.93750, 18404253025.55859, 135662.27562, 0.94766, 0.21738, 0.66353, 0.11910, 1.00000, 0.00000
-0.78579, 4.35121, 2.14766, 4.91558, 1.74946, 1.11864, 49.00000, 347731.00000, 18543.00000, 121622.73469, 6985296574.03165, 83578.08669, 1.08598, -0.13352, 0.76051, 0.37301, 1.00000, 0.00000
0.78579, 4.35121, 2.14766, 4.91558, 1.39213, 1.11864, 28.00000, 438791.00000, 27653.00000, 154089.46429, 9367209768.17730, 96784.34671, 1.08598, 0.10538, 0.60022, 0.29439, 1.00000, 0.00000
0.00000, 4.83686, 0.87622, 4.91558, 1.57080, 1.39159, 32.00000, 385373.00000, 26035.00000, 142405.28125, 5962317193.45215, 77216.04233, 1.08598, -0.00000, 0.84303, 0.15697, 1.00000, 0.00000
0.00000, 4.58794, 1.75244, 4.91123, 1.57080, 1.20593, 42.00000, 274207.00000, 23351.00000, 102781.78571, 3634311252.21599, 60285.24904, 1.14286, 0.00000, 0.72361, 0.27639, 1.00000, 0.00000
-2.05481, 4.45876, -0.43315, 4.92853, 2.00263, 1.65880, 86.00000, 478824.00000, 6950.00000, 91267.06977, 9762664133.80909, 98806.19481, 0.90081, -0.98030, 2.22389, -0.24359, 1.00000, 0.00000
-0.72621, 4.85499, -0.43811, 4.92852, 1.71928, 1.65981, 52.00000, 403493.00000, 14457.00000, 109070.55769, 9858305711.82359, 99289.00096, 0.91102, -0.18312, 1.31474, -0.13162, 1.00000, 0.00000
-1.50894, 4.37124, -1.70460, 4.92852, 1.90319, 1.92396, 42.00000, 450379.00000, 14907.00000, 131654.88095, 11994744862.77154, 109520.52256, 0.91102, -1.19997, 3.63662, -1.43665, 1.00000, 0.00000
-1.44936, 4.62611, -0.87126, 4.92550, 1.87441, 1.74862, 46.00000, 437338.00000, 13663.00000, 124063.15217, 13797594284.08554, 117463.16139, 0.94766, -0.66465, 2.02881, -0.36416, 0.97826, 0.02174
0.72621, 4.85499, -0.43811, 4.92852, 1.42232, 1.65981, 26.00000, 432942.00000, 31864.00000, 153259.80769, 13801354333.15532, 117479.16553, 0.91102, 0.13403, 0.96230, -0.09634, 1.00000, 0.00000
2.05481, 4.45876, -0.43315, 4.92853, 1.13896, 1.65880, 8.00000, 275112.00000, 38791.00000, 144819.37500, 8143231033.98438, 90239.85280, 0.90081, 0.33112, 0.75116, -0.08228, 0.87500, 0.12500
1.50894, 4.37124, -1.70460, 4.92852, 1.23841, 1.92396, 12.00000, 473807.00000, 55216.00000, 187279.66667, 12637164037.72222, 112415.14150, 0.91102, 0.35294, 1.06961, -0.42255, 1.00000, 0.00000
1.44936, 4.62611, -0.87126, 4.92550, 1.26718, 1.74862, 13.00000, 413572.00000, 47071.00000, 197344.00000, 8911142209.84615, 94398.84644, 0.94766, 0.28534, 0.87099, -0.15634, 1.00000, 0.00000
-0.78273, 3.92241, -2.87963, 4.92852, 1.76776, 2.19479, 22.00000, 398925.00000, 31142.00000, 172251.22727, 11912576273.35744, 109144.74918, 0.91102, -2.08678, 10.75154, -7.66476, 1.00000, 0.00000
0.78273, 3.92241, -2.87963, 4.92852, 1.37383, 2.19479, 10.00000, 456184.00000, 60212.00000, 188912.00000, 17460759510.80000, 132139.16721, 0.91102, 0.40335, 2.07817, -1.48153, 1.00000, 0.00000
0.00000, 3.18882, -3.75791, 4.92853, 1.57080, 2.43793, 10.00000, 399343.00000, 45578.00000, 220383.80000, 12840849113.36000, 113317.47047, 0.90081, -0.00000, -7.64229, 8.64229, 1.00000, 0.00000
0.00000, 3.73035, -3.21637, 4.92550, 1.57080, 2.28234, 14.00000, 454145.00000, 92729.00000, 253811.42857, 12451475540.53061, 111586.17988, 0.94766, 0.00000, 9.06739, -8.06739, 1.00000, 0.00000
0.00000, 4.83686, -0.87622, 4.91558, 1.57080, 1.75001, 18.00000, 471049.00000, 51812.00000, 168176.77778, 12546950626.50617, 112013.17167, 1.08598, 0.00000, 1.22879, -0.22879, 1.00000, 0.00000
0.78579, 4.35121, -2.14766, 4.91558, 1.39213, 2.02296, 9.00000, 471454.00000, 40236.00000, 199954.88889, 15138645305.20988, 123039.20231, 1.08598, 0.25627, 1.45965, -0.71592, 1.00000, 0.00000
-0.78579, 4.35121, -2.14766, 4.91558, 1.74946, 2.02296, 17.00000, 375880.00000, 31642.00000, 128270.52941, 10181187070.83737, 100901.86852, 1.08598, -0.52573, 2.99442, -1.46868, 1.00000, 0.00000
0.00000, 4.58794, -1.75244, 4.91123, 1.57080, 1.93566, 19.00000, 366397.00000, 47049.00000, 162449.78947, 9753662437.21884, 98760.63202, 1.14286, 0.00000, 1.61803, -0.61803, 1.00000, 0.00000
-2.75567, 4.02561, -0.70086, 4.92853, 2.17107, 1.71348, 101.00000, 459493.00000, 7528.00000, 85230.11881, 9846772167.66905, 99230.90329, 0.90081, -6.49176, 9.35336, -1.86160, 1.00000, 0.00000
-2.21782, 3.93313, -1.97536, 4.92852, 2.08423, 1.98319, 54.00000, 403461.00000, 12366.00000, 128996.38889, 12746219478.83025, 112899.15624, 0.91102, 6.05607, -10.56672, 5.51065, 1.00000, 0.00000
-3.48430, 3.15040, -1.49161, 4.92852, 2.40648, 1.87827, 80.00000, 369252.00000, 8567.00000, 87262.51250, 6569333718.59984, 81051.42638, 0.91102, 1.82322, -1.63909, 0.81587, 1.00000, 0.00000
-2.85909, 3.75484, -1.40973, 4.92550, 2.22158, 1.86107, 57.00000, 356757.00000, 9873.00000, 71247.85965, 4732627750.08556, 68794.09677, 0.94766, 7.02665, -9.32863, 3.30198, 1.00000, 0.00000
-1.49161, 3.48430, -3.15040, 4.92852, 1.97528, 2.26428, 23.00000, 414636.00000, 31733.00000, 144288.30435, 6857861089.77694, 82812.20375, 0.91102, 1.29147, -2.88604, 2.59457, 1.00000, 0.00000
-0.70086, 2.75567, -4.02561, 4.92853, 1.81985, 2.52663, 12.00000, 473692.00000, 111146.00000, 225980.75000, 10382233990.35417, 101893.24801, 0.90081, 0.39414, -1.37444, 1.98030, 1.00000, 0.00000
-1.97536, 2.21782, -3.93313, 4.92852, 2.29844, 2.49482, 9.00000, 428624.00000, 53340.00000, 171541.11111, 13298406555.65432, 115318.71728, 0.91102, 0.54989, -0.60432, 1.05443, 1.00000, 0.00000
-1.40973, 2.85909, -3.75484, 4.92550, 2.02888, 2.43770, 8.00000, 334232.00000, 60305.00000, 209470.62500, 8261360370.48438, 90892.02589, 0.94766, 0.58922, -1.25387, 1.66465, 1.00000, 0.00000
-3.93313, 1.97536, -2.21782, 4.92852, 2.67616, 2.03756, 32.00000, 492950.00000, 17366.00000, 129107.09375, 10702080224.64746, 103450.85898, 0.91102, 0.95092, -0.49591, 0.54500, 0.96875, 0.03125
-3.15040, 1.49161, -3.48430, 4.92852, 2.69940, 2.35600, 11.00000, 270504.00000, 63097.00000, 135517.45455, 3131174614.97521, 55956.89962, 0.91102, 0.61936, -0.30829, 0.68893, 1.00000, 0.00000
-4.02561, 0.70086, -2.75567, 4.92853, 2.96922, 2.16413, 13.00000, 385462.00000, 28144.00000, 169204.15385, 12597367255.66864, 112237.99382, 0.90081, 0.66888, -0.13313, 0.46424, 1.00000, 0.00000
-3.75484, 1.40973, -2.85909, 4.92550, 2.78243, 2.19010, 13.00000, 462621.00000, 47300.00000, 257196.69231, 27956411417.75148, 167201.70878, 0.94766, 0.71466, -0.25296, 0.53830, 1.00000, 0.00000
-2.20355, 3.47499, -2.68919, 4.91558, 2.13592, 2.14966, 26.00000, 451761.00000, 31399.00000, 126499.57692, 11909667872.85947, 109131.42477, 1.08598, 1.52573, -2.37638, 1.85065, 1.00000, 0.00000
-2.68919, 2.20355, -3.47499, 4.91558, 2.45513, 2.35595, 18.00000, 445505.00000, 26976.00000, 196394.22222, 17116984269.28395, 130831.89317, 1.08598, 0.68510, -0.56481, 0.87972, 0.94444, 0.05556
-3.47499, 2.68919, -2.20355, 4.91558, 2.48299, 2.03563, 27.00000, 493602.00000, 16434.00000, 122362.33333, 11679964835.48148, 108073.88600, 1.08598, 1.15838, -0.90211, 0.74373, 1.00000, 0.00000
-2.83550, 2.83550, -2.83550, 4.91123, 2.35619, 2.18628, 25.00000, 427013.00000, 24053.00000, 169828.92000, 11125700109.83360, 105478.43434, 1.14286, 1.00000, -1.00000, 1.00000, 1.00000, 0.00000
-3.18882, 3.75791, 0.00000, 4.92853, 2.27446, 1.57080, 152.00000, 382056.00000, 6486.00000, 52222.46711, 3295095358.34102, 57402.92117, 0.90081, -7.64229, 8.64229, 0.00000, 1.00000, 0.00000
-3.92241, 2.87963, -0.78273, 4.92852, 2.50831, 1.73029, 78.00000, 447412.00000, 10258.00000, 92407.60256, 8888283592.31640, 94277.69403, 0.91102, 2.07817, -1.48153, 0.40335, 1.00000, 0.00000
-3.92241, 2.87963, 0.78273, 4.92852, 2.50831, 1.41130, 148.00000, 498426.00000, 6268.00000, 91321.33784, 10666262117.16965, 103277.59736, 0.91102, 10.75154, -7.66476, -2.08678, 1.00000, 0.00000
-3.73035, 3.21637, 0.00000, 4.92550, 2.43005, 1.57080, 110.00000, 426667.00000, 7600.00000, 69925.16364, 6405889448.90049, 80036.80059, 0.94766, 9.06739, -8.06739, -0.00000, 1.00000, 0.00000
-4.37124, 1.70460, -1.50894, 4.92852, 2.76977, 1.88196, 44.00000, 452949.00000, 24977.00000, 111181.18182, 10037851781.01240, 100189.08015, 0.91102, 1.06961, -0.42255, 0.35294, 0.97727, 0.02273
-4.45876, 0.43315, -2.05481, 4.92853, 3.04475, 2.00085, 13.00000, 475769.00000, 32117.00000, 181805.07692, 18630204604.99408, 136492.50750, 0.90081, 0.75116, -0.08228, 0.33112, 1.00000, 0.00000
-4.85499, 0.43811, -0.72621, 4.92852, 3.05160, 1.71868, 19.00000, 486758.00000, 32977.00000, 187299.94737, 22668426371.20776, 150560.37451, 0.91102, 0.96230, -0.09634, 0.13403, 0.89474, 0.10526
-4.62611, 0.87126, -1.44936, 4.92550, 2.95544, 1.86947, 11.00000, 370408.00000, 48770.00000, 148366.72727, 10382481773.10744, 101894.46390, 0.94766, 0.87099, -0.15634, 0.28534, 1.00000, 0.00000
-4.37124, 1.70460, 1.50894, 4.92852, 2.76977, 1.25963, 71.00000, 472275.00000, 13613.00000, 104177.33803, 9201270406.87165, 95923.25269, 0.91102, 3.63662, -1.43665, -1.19997, 1.00000, 0.00000
-4.85499, 0.43811, 0.72621, 4.92852, 3.05160, 1.42291, 14.00000, 265128.00000, 32100.00000, 107704.14286, 5349728653.40816, 73141.83928, 0.91102, 1.31474, -0.13162, -0.18312, 0.92857, 0.07143
-4.45876, 0.43315, 2.05481, 4.92853, 3.04475, 1.14074, 25.00000, 332592.00000, 26536.00000, 141136.00000, 8834304658.32000, 93990.98179, 0.90081, 2.22389, -0.24359, -0.98030, 1.00000, 0.00000
-4.62611, 0.87126, 1.44936, 4.92550, 2.95544, 1.27212, 28.00000, 444890.00000, 25357.00000, 171598.03571, 18280151888.10587, 135204.11195, 0.94766, 2.02881, -0.36416, -0.66465, 0.96429, 0.03571
-4.35121, 2.14766, -0.78579, 4.91558, 2.68310, 1.73134, 51.00000, 462190.00000, 14744.00000, 127315.27451, 16801023140.12072, 129618.76076, 1.08598, 1.45965, -0.71592, 0.25627, 0.98039, 0.01961
-4.83686, 0.87622, 0.00000, 4.91558, 2.96238, 1.57080, 21.00000, 412064.00000, 23132.00000, 182393.90476, 16660869134.75284, 129076.98918, 1.08598, 1.22879, -0.22879, -0.00000, 0.95238, 0.04762
-4.35121, 2.14766, 0.78579, 4.91558, 2.68310, 1.41025, 65.00000, 433637.00000, 13949.00000, 97955.53846, 9735303353.17160, 98667.64086, 1.08598, 2.99442, -1.46868, -0.52573, 0.98462, 0.01538
-4.58794, 1.75244, 0.00000, 4.91123, 2.77673, 1.57080, 65.00000, 377436.00000, 7368.00000, 90891.90769, 4266761553.56071, 65320.45280, 1.14286, 1.61803, -0.61803, -0.00000, 1.00000, 0.00000
2.75567, 4.02561, 0.70086, 4.92853, 0.97053, 1.42811, 7.00000, 336822.00000, 86396.00000, 217304.57143, 10556875484.81633, 102746.65681, 0.90081, 0.36663, 0.52824, 0.10514, 0.85714, 0.14286
2.21782, 3.93313, 1.97536, 4.92852, 1.05736, 1.15840, 8.00000, 328500.00000, 61422.00000, 165796.12500, 6758741480.35938, 82211.56537, 0.91102, 0.27362, 0.47741, 0.24897, 1.00000, 0.00000
3.48430, 3.15040, 1.49161, 4.92852, 0.73511, 1.26333, 4.00000, 222498.00000, 85983.00000, 147107.00000, 2433882605.50000, 49334.39577, 0.91102, 0.42617, 0.38313, 0.19070, 1.00000, 0.00000
2.85909, 3.75484, 1.40973, 4.92550, 0.92001, 1.28053, 5.00000, 498305.00000, 86546.00000, 350227.00000, 24570203124.40000, 156748.85366, 0.94766, 0.35746, 0.47456, 0.16798, 0.80000, 0.20000
1.49161, 3.48430, 3.15040, 4.92852, 1.16631, 0.87732, 13.00000, 351581.00000, 52053.00000, 166393.92308, 9934080566.22485, 99669.85786, 0.91102, 0.19070, 0.42617, 0.38313, 1.00000, 0.00000
0.70086, 2.75567, 4.02561, 4.92853, 1.32174, 0.61496, 15.00000, 484862.00000, 70575.00000, 231865.26667, 14359057637.39556, 119829.28539, 0.90081, 0.10514, 0.36663, 0.52824, 0.93333, 0.06667
1.97536, 2.21782, 3.93313, 4.92852, 0.84316, 0.64677, 10.00000, 481378.00000, 87713.00000, 297567.10000, 10916570593.69000, 104482.39370, 0.91102, 0.24897, 0.27362, 0.47741, 0.80000, 0.20000
1.40973, 2.85909, 3.75484, 4.92550, 1.11271, 0.70390, 9.00000, 460818.00000, 130616.00000, 270029.11111, 8553855047.20988, 92487.05340, 0.94766, 0.16798, 0.35746, 0.47456, 0.77778, 0.22222
3.93313, 1.97536, 2.21782, 4.92852, 0.46544, 1.10403, 4.00000, 333901.00000, 135477.00000, 257389.50000, 6319873484.75000, 79497.63194, 0.91102, 0.47741, 0.24897, 0.27362, 0.50000, 0.50000
3.15040, 1.49161, 3.48430, 4.92852, 0.44220, 0.78559, 6.00000, 466989.00000, 123334.00000, 293744.50000, 15942883650.91667, 126265.13236, 0.91102, 0.38313, 0.19070, 0.42617, 0.50000, 0.50000
4.02561, 0.70086, 2.75567, 4.92853, 0.17237, 0.97747, 3.00000, 320943.00000, 131254.00000, 201760.66667, 7181646382.88889, 84744.59501, 0.90081, 0.52824, 0.10514, 0.36663, 0.33333, 0.66667
3.75484, 1.40973, 2.85909, 4.92550, 0.35916, 0.95149, 6.00000, 384211.00000, 138191.00000, 240224.66667, 6382541604.88889, 79890.81052, 0.94766, 0.47456, 0.16798, 0.35746, 0.16667, 0.83333
2.20355, 3.47499, 2.68919, 4.91558, 1.00567, 0.99193, 10.00000, 465846.00000, 178609.00000, 312016.10000, 10265364308.89000, 101318.13416, 1.08598, 0.26522, 0.41309, 0.32170, 0.90000, 0.10000
2.68919, 2.20355, 3.47499, 4.91558, 0.68646, 0.78564, 4.00000, 313438.00000, 148931.00000, 207596.00000, 4001537166.50000, 63257.70440, 1.08598, 0.32170, 0.26522, 0.41309, 0.50000, 0.50000
3.47499, 2.68919, 2.20355, 4.91558, 0.65860, 1.10596, 6.00000, 429427.00000, 247711.00000, 331914.83333, 4793732716.13889, 69236.78730, 1.08598, 0.41309, 0.32170, 0.26522, 0.66667, 0.33333
2.83550, 2.83550, 2.83550, 4.91123, 0.78540, 0.95532, 10.00000, 378804.00000, 106755.00000, 266770.90000, 5870824833.69000, 76621.30796, 1.14286, 0.33333, 0.33333, 0.33333, 1.00000, 0.00000
-0.43315, 2.05481, 4.45876, 4.92853, 1.77855, 0.44016, 7.00000, 262437.00000, 70038.00000, 155391.14286, 4059142689.83673, 63711.40157, 0.90081, -0.08228, 0.33112, 0.75116, 1.00000, 0.00000
-1.70460, 1.50894, 4.37124, 4.92852, 2.41700, 0.48015, 14.00000, 418157.00000, 44826.00000, 220370.14286, 19837761895.40816, 140846.58993, 0.91102, -0.42255, 0.35294, 1.06961, 0.78571, 0.21429
-0.43811, 0.72621, 4.85499, 4.92852, 2.11363, 0.17295, 15.00000, 475010.00000, 106334.00000, 284772.73333, 10559737260.99556, 102760.58223, 0.91102, -0.09634, 0.13403, 0.96230, 0.40000, 0.60000
-0.87126, 1.44936, 4.62611, 4.92550, 2.11205, 0.35046, 9.00000, 438750.00000, 100467.00000, 208891.55556, 10964235755.13580, 104710.24666, 0.94766, -0.15634, 0.28534, 0.87099, 0.77778, 0.22222
-2.87963, 0.78273, 3.92241, 4.92852, 2.87619, 0.65037, 17.00000, 475214.00000, 34803.00000, 167034.52941, 16979851200.95502, 130306.75808, 0.91102, -1.48153, 0.40335, 2.07817, 1.00000, 0.00000
-3.75791, 0.00000, 3.18882, 4.92853, 3.14159, 0.86714, 15.00000, 394321.00000, 35867.00000, 202124.40000, 15486788983.97333, 124445.92795, 0.90081, 8.64229, -0.00000, -7.64229, 0.86667, 0.13333
-2.87963, -0.78273, 3.92241, 4.92852, -2.87619, 0.65037, 17.00000, 426104.00000, 81025.00000, 232937.76471, 8618045517.00346, 92833.42888, 0.91102, -7.66476, -2.08678, 10.75154, 0.64706, 0.35294
-3.21637, 0.00000, 3.73035, 4.92550, 3.14159, 0.71154, 13.00000, 491510.00000, 40573.00000, 233881.92308, 16710034792.68639, 129267.29978, 0.94766, -8.06739, 0.00000, 9.06739, 0.69231, 0.30769
-0.43811, -0.72621, 4.85499, 4.92852, -2.11363, 0.17295, 12.00000, 461032.00000, 64884.00000, 231138.25000, 21032445080.18750, 145025.67042, 0.91102, -0.13162, -0.18312, 1.31474, 0.58333, 0.41667
-1.70460, -1.50894, 4.37124, 4.92852, -2.41700, 0.48015, 8.00000, 444855.00000, 67265.00000, 219040.75000, 14858134400.18750, 121893.94735, 0.91102, -1.43665, -1.19997, 3.63662, 0.50000, 0.50000
-0.43315, -2.05481, 4.45876, 4.92853, -1.77855, 0.44016, 21.00000, 455495.00000, 50543.00000, 182413.04762, 16811883970.14059, 129660.64927, 0.90081, -0.24359, -0.98030, 2.22389, 0.09524, 0.90476
-0.87126, -1.44936, 4.62611, 4.92550, -2.11205, 0.35046, 12.00000, 465146.00000, 77684.00000, 203984.33333, 13940762776.22222, 118071.00735, 0.94766, -0.36416, -0.66465, 2.02881, 0.25000, 0.75000
-2.14766, 0.78579, 4.35121, 4.91558, 2.79084, 0.48390, 13.00000, 478653.00000, 122835.00000, 233440.69231, 12976738375.90532, 113915.48787, 1.08598, -0.71592, 0.25627, 1.45965, 0.69231, 0.30769
-2.14766, -0.78579, 4.35121, 4.91558, -2.79084, 0.48390, 11.00000, 444751.00000, 117178.00000, 230233.72727, 9467953505.28926, 97303.40953, 1.08598, -1.46868, -0.52573, 2.99442, 0.54545, 0.45455
-0.87622, 0.00000, 4.83686, 4.91558, 3.14159, 0.17921, 10.00000, 431354.00000, 89202.00000, 227224.50000, 13838697618.65000, 117637.99394, 1.08598, -0.22879, 0.00000, 1.22879, 0.40000, 0.60000
-1.75244, 0.00000, 4.58794, 4.91123, 3.14159, 0.36486, 12.00000, 454043.00000, 56585.00000, 238815.50000, 14134097892.75000, 118886.91220, 1.14286, -0.61803, 0.00000, 1.61803, 0.66667, 0.33333
-4.45876, -0.43315, 2.05481, 4.92853, -3.04475, 1.14074, 19.00000, 452947.00000, 52481.00000, 178576.31579, 15141210622.00554, 123049.62666, 0.90081, 1.49537, 0.16379, -0.65917, 0.73684, 0.26316
-4.85499, -0.43811, 0.72621, 4.92852, -3.05160, 1.42291, 18.00000, 409126.00000, 37921.00000, 192848.50000, 12882794061.02778, 113502.39672, 0.91102, 1.04077, 0.10419, -0.14496, 0.94444, 0.05556
-4.37124, -1.70460, 1.50894, 4.92852, -2.76977, 1.25963, 8.00000, 433119.00000, 200337.00000, 288277.12500, 4626748006.35938, 68020.20293, 0.91102, 0.93889, 0.37091, -0.30980, 0.37500, 0.62500
-4.62611, -0.87126, 1.44936, 4.92550, -2.95544, 1.27212, 12.00000, 499412.00000, 64982.00000, 245337.25000, 19073765330.85417, 138107.80329, 0.94766, 1.17386, 0.21070, -0.38457, 0.91667, 0.08333
-4.85499, -0.43811, -0.72621, 4.92852, -3.05160, 1.71868, 20.00000, 486470.00000, 19705.00000, 201077.65000, 17367607459.12749, 131786.21878, 0.91102, 0.80685, 0.08077, 0.11238, 0.95000, 0.05000
-4.45876, -0.43315, -2.05481, 4.92853, -3.04475, 2.00085, 4.00000, 445777.00000, 103898.00000, 227544.50000, 18501778457.25000, 136021.24267, 0.90081, 0.64502, 0.07065, 0.28433, 1.00000, 0.00000
-4.37124, -1.70460, -1.50894, 4.92852, -2.76977, 1.88196, 8.00000, 309092.00000, 60913.00000, 227215.25000, 6516423463.43750, 80724.36722, 0.91102, 0.57970, 0.22901, 0.19128, 0.50000, 0.50000
-4.62611, -0.87126, -1.44936, 4.92550, -2.95544, 1.86947, 10.00000, 472976.00000, 79706.00000, 226674.10000, 15832301122.69000, 125826.47227, 0.94766, 0.66353, 0.11910, 0.21738, 0.70000, 0.30000
-3.92241, -2.87963, 0.78273, 4.92852, -2.50831, 1.41130, 12.00000, 472985.00000, 80821.00000, 217307.83333, 17595563239.47223, 132648.26889, 0.91102, 0.65841, 0.46938, -0.12779, 0.25000, 0.75000
-3.92241, -2.87963, -0.78273, 4.92852, -2.50831, 1.73029, 8.00000, 401814.00000, 93598.00000, 221327.37500, 11604364466.98438, 107723.55577, 0.91102, 0.52439, 0.37383, 0.10178, 0.25000, 0.75000
-3.18882, -3.75791, 0.00000, 4.92853, -2.27446, 1.57080, 19.00000, 475524.00000, 58338.00000, 232298.57895, 15744933078.87535, 125478.81526, 0.90081, 0.46930, 0.53070, 0.00000, 0.10526, 0.89474
-3.73035, -3.21637, 0.00000, 4.92550, -2.43005, 1.57080, 8.00000, 467849.00000, 134592.00000, 286453.50000, 14630865052.25000, 120958.11280, 0.94766, 0.52918, 0.47082, -0.00000, 0.25000, 0.75000
-4.83686, -0.87622, 0.00000, 4.91558, -2.96238, 1.57080, 15.00000, 480398.00000, 53354.00000, 228827.26667, 15195349203.79556, 123269.41715, 1.08598, 0.84303, 0.15697, -0.00000, 0.93333, 0.06667
-4.35121, -2.14766, -0.78579, 4.91558, -2.68310, 1.73134, 6.00000, 214182.00000, 65319.00000, 138561.83333, 3636837490.13889, 60306.19778, 1.08598, 0.60022, 0.29439, 0.10538, 0.66667, 0.33333
-4.35121, -2.14766, 0.78579, 4.91558, -2.68310, 1.41025, 9.00000, 412148.00000, 139363.00000, 276494.22222, 9314631727.95062, 96512.33977, 1.08598, 0.76051, 0.37301, -0.13352, 0.66667, 0.33333
-4.58794, -1.75244, 0.00000, 4.91123, -2.77673, 1.57080, 11.00000, 422856.00000, 53959.00000, 247260.09091, 14542882262.26447, 120593.87324, 1.14286, 0.72361, 0.27639, -0.00000, 0.72727, 0.27273
-3.75791, 0.00000, -3.18882, 4.92853, 3.14159, 2.27446, 8.00000, 347063.00000, 63378.00000, 203476.75000, 11341666966.68750, 106497.26272, 0.90081, 0.53070, -0.00000, 0.46930, 1.00000, 0.00000
-2.87963, 0.78273, -3.92241, 4.92852, 2.87619, 2.49122, 9.00000, 496573.00000, 110772.00000, 251766.55556, 19556967090.24691, 139846.22659, 0.91102, 0.46938, -0.12779, 0.65841, 0.88889, 0.11111
-2.87963, -0.78273, -3.92241, 4.92852, -2.87619, 2.49122, 5.00000, 419639.00000, 184901.00000, 280093.20000, 5968787726.16000, 77257.92986, 0.91102, 0.37383, 0.10178, 0.52439, 1.00000, 0.00000
-3.21637, 0.00000, -3.73035, 4.92550, 3.14159, 2.43005, 4.00000, 310733.00000, 216599.00000, 258353.75000, 1586036259.68750, 39825.07074, 0.94766, 0.47082, 0.00000, 0.52918, 1.00000, 0.00000
-1.70460, 1.50894, -4.37124, 4.92852, 2.41700, 2.66145, 7.00000, 428849.00000, 36172.00000, 250863.14286, 19823997983.26531, 140797.72009, 0.91102, 0.37091, -0.30980, 0.93889, 0.85714, 0.14286
-0.43315, 2.05481, -4.45876, 4.92853, 1.77855, 2.70143, 5.00000, 401915.00000, 65004.00000, 214540.00000, 21207772642.40000, 145628.88670, 0.90081, 0.16379, -0.65917, 1.49537, 1.00000, 0.00000
-0.43811, 0.72621, -4.85499, 4.92852, 2.11363, 2.96865, 5.00000, 400512.00000, 145105.00000, 308260.60000, 8593068943.04000, 92698.80767, 0.91102, 0.10419, -0.14496, 1.04077, 1.00000, 0.00000
-0.87126, 1.44936, -4.62611, 4.92550, 2.11205, 2.79113, 3.00000, 255178.00000, 47056.00000, 144936.33333, 7295529094.88889, 85413.86945, 0.94766, 0.21070, -0.38457, 1.17386, 1.00000, 0.00000
-1.70460, -1.50894, -4.37124, 4.92852, -2.41700, 2.66145, 6.00000, 425809.00000, 185324.00000, 320274.33333, 9860077726.88889, 99297.92408, 0.91102, 0.22901, 0.19128, 0.57970, 0.83333, 0.16667
-0.43811, -0.72621, -4.85499, 4.92852, -2.11363, 2.96865, 4.00000, 498648.00000, 312340.00000, 367884.00000, 5905632110.00000, 76848.11065, 0.91102, 0.08077, 0.11238, 0.80685, 0.50000, 0.50000
-0.43315, -2.05481, -4.45876, 4.92853, -1.77855, 2.70143, 10.00000, 465690.00000, 111727.00000, 258390.40000, 13304443714.04000, 115344.89028, 0.90081, 0.07065, 0.28433, 0.64502, 0.10000, 0.90000
-0.87126, -1.44936, -4.62611, 4.92550, -2.11205, 2.79113, 1.00000, 448130.00000, 448130.00000, 448130.00000, 0.00000, 0.00000, 0.94766, 0.11910, 0.21738, 0.66353, 0.00000, 1.00000
-2.14766, 0.78579, -4.35121, 4.91558, 2.79084, 2.65769, 6.00000, 449783.00000, 91624.00000, 317756.33333, 14099457161.55555, 118741.13509, 1.08598, 0.37301, -0.13352, 0.76051, 0.50000, 0.50000
-0.87622, 0.00000, -4.83686, 4.91558, 3.14159, 2.96238, 2.00000, 488714.00000, 203380.00000, 346047.00000, 20353872889.00000, 142667.00000, 1.08598, 0.15697, 0.00000, 0.84303, 0.50000, 0.50000
-2.14766, -0.78579, -4.35121, 4.91558, -2.79084, 2.65769, 1.00000, 462174.00000, 462174.00000, 462174.00000, 0.00000, 0.00000, 1.08598, 0.29439, 0.10538, 0.60022, 0.00000, 1.00000
-1.75244, 0.00000, -4.58794, 4.91123, 3.14159, 2.77673, 0.00000, 0.00000, 0.00000, 0.00000, 0.00000, 0.00000, 1.14286, 0.27639, 0.00000, 0.72361, 0.00000, 0.00000
0.70086, 2.75567, -4.02561, 4.92853, 1.32174, 2.52663, 7.00000, 397826.00000, 130838.00000, 252553.28571, 10447152720.20408, 102211.31405, 0.90081, -1.86160, -6.49176, 9.35336, 0.85714, 0.14286
1.49161, 3.48430, -3.15040, 4.92852, 1.16631, 2.26428, 3.00000, 314750.00000, 220331.00000, 268805.00000, 1489022514.00000, 38587.85449, 0.91102, 0.81587, 1.82322, -1.63909, 1.00000, 0.00000
1.97536, 2.21782, -3.93313, 4.92852, 0.84316, 2.49482, 3.00000, 451644.00000, 236801.00000, 344926.66667, 7693910809.55555, 87714.94063, 0.91102, 5.51065, 6.05607, -10.56672, 0.66667, 0.33333
1.40973, 2.85909, -3.75484, 4.92550, 1.11271, 2.43770, 3.00000, 269938.00000, 232914.00000, 250768.00000, 229328690.66667, 15143.60230, 0.94766, 3.30198, 7.02665, -9.32863, 1.00000, 0.00000
2.21782, 3.93313, -1.97536, 4.92852, 1.05736, 1.98319, 6.00000, 401889.00000, 97702.00000, 164560.83333, 11728131625.80556, 108296.49868, 0.91102, 0.54500, 0.95092, -0.49591, 1.00000, 0.00000
2.75567, 4.02561, -0.70086, 4.92853, 0.97053, 1.71348, 4.00000, 332357.00000, 177945.00000, 227529.25000, 3979668961.18750, 63084.61747, 0.90081, 0.46424, 0.66888, -0.13313, 0.75000, 0.25000
3.48430, 3.15040, -1.49161, 4.92852, 0.73511, 1.87827, 1.00000, 152724.00000, 152724.00000, 152724.00000, 0.00000, 0.00000, 0.91102, 0.68893, 0.61936, -0.30829, 1.00000, 0.00000
2.85909, 3.75484, -1.40973, 4.92550, 0.92001, 1.86107, 5.00000, 411556.00000, 132059.00000, 276315.20000, 9417815862.16000, 97045.43195, 0.94766, 0.53830, 0.71466, -0.25296, 1.00000, 0.00000
3.15040, 1.49161, -3.48430, 4.92852, 0.44220, 2.35600, 4.00000, 433230.00000, 158385.00000, 255056.00000, 11118772171.50000, 105445.58868, 0.91102, 2.59457, 1.29147, -2.88604, 0.75000, 0.25000
3.93313, 1.97536, -2.21782, 4.92852, 0.46544, 2.03756, 1.00000, 226927.00000, 226927.00000, 226927.00000, 0.00000, 0.00000, 0.91102, 1.05443, 0.54989, -0.60432, 1.00000, 0.00000
4.02561, 0.70086, -2.75567, 4.92853, 0.17237, 2.16413, 1.00000, 324359.00000, 324359.00000, 324359.00000, 0.00000, 0.00000, 0.90081, 1.98030, 0.39414, -1.37444, 0.00000, 1.00000
3.75484, 1.40973, -2.85909, 4.92550, 0.35916, 2.19010, 1.00000, 408144.00000, 408144.00000, 408144.00000, 0.00000, 0.00000, 0.94766, 1.66465, 0.58922, -1.25387, 0.00000, 1.00000
2.20355, 3.47499, -2.68919, 4.91558, 1.00567, 2.14966, 2.00000, 268315.00000, 138335.00000, 203325.00000, 4223700100.00000, 64990.00000, 1.08598, 0.74373, 1.15838, -0.90211, 1.00000, 0.00000
3.47499, 2.68919, -2.20355, 4.91558, 0.65860, 2.03563, 3.00000, 457919.00000, 172738.00000, 323938.66667, 13702970400.22222, 117059.68734, 1.08598, 0.87972, 0.68510, -0.56481, 0.66667, 0.33333
2.68919, 2.20355, -3.47499, 4.91558, 0.68646, 2.35595, 1.00000, 300203.00000, 300203.00000, 300203.00000, 0.00000, 0.00000, 1.08598, 1.85065, 1.52573, -2.37638, 1.00000, 0.00000
2.83550, 2.83550, -2.83550, 4.91123, 0.78540, 2.18628, 4.00000, 402186.00000, 213735.00000, 323941.75000, 5164487289.18750, 71864.36731, 1.14286, 1.00000, 1.00000, -1.00000, 0.50000, 0.50000
2.75567, -4.02561, 0.70086, 4.92853, -0.97053, 1.42811, 66.00000, 452834.00000, 14686.00000, 132102.46970, 12085083578.88545, 109932.17718, 0.90081, -6.49176, 9.35336, -1.86160, 0.00000, 1.00000
3.48430, -3.15040, 1.49161, 4.92852, -0.73511, 1.26333, 52.00000, 496922.00000, 19816.00000, 148067.92308, 19425962878.30178, 139377.05291, 0.91102, 1.82322, -1.63909, 0.81587, 0.00000, 1.00000
2.21782, -3.93313, 1.97536, 4.92852, -1.05736, 1.15840, 92.00000, 476040.00000, 10764.00000, 92247.53261, 8254215725.79241, 90852.71447, 0.91102, 6.05607, -10.56672, 5.51065, 0.00000, 1.00000
2.85909, -3.75484, 1.40973, 4.92550, -0.92001, 1.28053, 70.00000, 423543.00000, 14076.00000, 109552.40000, 9177874217.26857, 95801.22242, 0.94766, 7.02665, -9.32863, 3.30198, 0.01429, 0.98571
3.93313, -1.97536, 2.21782, 4.92852, -0.46544, 1.10403, 27.00000, 344697.00000, 54579.00000, 167564.33333, 5666524413.25926, 75276.32040, 0.91102, 0.95092, -0.49591, 0.54500, 0.00000, 1.00000
4.02561, -0.70086, 2.75567, 4.92853, -0.17237, 0.97747, 10.00000, 462978.00000, 58842.00000, 285406.70000, 18456589533.41000, 135855.03131, 0.90081, 0.66888, -0.13313, 0.46424, 0.10000, 0.90000
3.15040, -1.49161, 3.48430, 4.92852, -0.44220, 0.78559, 25.00000, 349331.00000, 40152.00000, 166216.48000, 9112027240.88960, 95456.93920, 0.91102, 0.61936, -0.30829, 0.68893, 0.08000, 0.92000
3.75484, -1.40973, 2.85909, 4.92550, -0.35916, 0.95149, 17.00000, 459250.00000, 28312.00000, 231467.17647, 16737802629.08650, 129374.65992, 0.94766, 0.71466, -0.25296, 0.53830, 0.00000, 1.00000
1.49161, -3.48430, 3.15040, 4.92852, -1.16631, 0.87732, 68.00000, 460636.00000, 16619.00000, 105480.50000, 9287324969.89706, 96370.76823, 0.91102, 1.29147, -2.88604, 2.59457, 0.00000, 1.00000
1.97536, -2.21782, 3.93313, 4.92852, -0.84316, 0.64677, 29.00000, 420878.00000, 27532.00000, 184526.75862, 16216599541.01070, 127344.41307, 0.91102, 0.54989, -0.60432, 1.05443, 0.00000, 1.00000
0.70086, -2.75567, 4.02561, 4.92853, -1.32174, 0.61496, 35.00000, 490763.00000, 32495.00000, 150464.57143, 13736782155.50204, 117204.01937, 0.90081, 0.39414, -1.37444, 1.98030, 0.02857, 0.97143
1.40973, -2.85909, 3.75484, 4.92550, -1.11271, 0.70390, 38.00000, 497544.00000, 24239.00000, 145630.81579, 11655811504.25554, 107962.08364, 0.94766, 0.58922, -1.25387, 1.66465, 0.02632, 0.97368
3.47499, -2.68919, 2.20355, 4.91558, -0.65860, 1.10596, 24.00000, 494350.00000, 44372.00000, 178867.45833, 18598749218.83160, 136377.23131, 1.08598, 1.15838, -0.90211, 0.74373, 0.00000, 1.00000
2.68919, -2.20355, 3.47499, 4.91558, -0.68646, 0.78564, 23.00000, 319409.00000, 34795.00000, 137741.13043, 6907868793.93951, 83113.58971, 1.08598, 0.68510, -0.56481, 0.87972, 0.00000, 1.00000
2.20355, -3.47499, 2.68919, 4.91558, -1.00567, 0.99193, 69.00000, 445765.00000, 20585.00000, 120399.04348, 7710548700.27347, 87809.73010, 1.08598, 1.52573, -2.37638, 1.85065, 0.00000, 1.00000
2.83550, -2.83550, 2.83550, 4.91123, -0.78540, 0.95532, 49.00000, 478222.00000, 28738.00000, 141291.85714, 13250372884.89796, 115110.26403, 1.14286, 1.00000, -1.00000, 1.00000, 0.02041, 0.97959
2.05481, -4.45876, 0.43315, 4.92853, -1.13896, 1.48280, 90.00000, 456363.00000, 17280.00000, 110635.40000, 10183877143.68444, 100915.19778, 0.90081, -0.98030, 2.22389, -0.24359, 0.00000, 1.00000
1.50894, -4.37124, 1.70460, 4.92852, -1.23841, 1.21764, 112.00000, 456375.00000, 7554.00000, 97466.45536, 9819440780.69444, 99093.09149, 0.91102, -1.19997, 3.63662, -1.43665, 0.00000, 1.00000
0.72621, -4.85499, 0.43811, 4.92852, -1.42232, 1.48179, 93.00000, 467229.00000, 15113.00000, 108095.32258, 11348951759.87444, 106531.45902, 0.91102, -0.18312, 1.31474, -0.13162, 0.00000, 1.00000
1.44936, -4.62611, 0.87126, 4.92550, -1.26718, 1.39297, 72.00000, 495156.00000, 14978.00000, 93085.09722, 9263982839.50444, 96249.58618, 0.94766, -0.66465, 2.02881, -0.36416, 0.00000, 1.00000
0.78273, -3.92241, 2.87963, 4.92852, -1.37383, 0.94680, 98.00000, 430397.00000, 17110.00000, 99108.71429, 8469387910.02041, 92029.27746, 0.91102, -2.08678, 10.75154, -7.66476, 0.01020, 0.98980
0.00000, -3.18882, 3.75791, 4.92853, -1.57080, 0.70366, 35.00000, 445894.00000, 14547.00000, 170351.74286, 15415584410.19102, 124159.51196, 0.90081, 0.00000, -7.64229, 8.64229, 0.02857, 0.97143
-0.78273, -3.92241, 2.87963, 4.92852, -1.76776, 0.94680, 58.00000, 474342.00000, 18888.00000, 124280.36207, 11701098288.57580, 108171.61499, 0.91102, 0.40335, 2.07817, -1.48153, 0.00000, 1.00000
0.00000, -3.73035, 3.21637, 4.92550, -1.57080, 0.85925, 46.00000, 484702.00000, 17545.00000, 130506.97826, 15164485557.36909, 123144.16575, 0.94766, -0.00000, 9.06739, -8.06739, 0.00000, 1.00000
-0.72621, -4.85499, 0.43811, 4.92852, -1.71928, 1.48179, 66.00000, 467751.00000, 18728.00000, 128547.80303, 10754082548.18847, 103701.89269, 0.91102, 0.13403, 0.96230, -0.09634, 0.04545, 0.95455
-1.50894, -4.37124, 1.70460, 4.92852, -1.90319, 1.21764, 58.00000, 488564.00000, 17558.00000, 137443.89655, 13726618531.43757, 117160.65266, 0.91102, 0.35294, 1.06961, -0.42255, 0.01724, 0.98276
-2.05481, -4.45876, 0.43315, 4.92853, -2.00263, 1.48280, 34.00000, 459626.00000, 27149.00000, 179874.73529, 11380862900.84169, 106681.12720, 0.90081, 0.33112, 0.75116, -0.08228, 0.02941, 0.97059
-1.44936, -4.62611, 0.87126, 4.92550, -1.87441, 1.39297, 33.00000, 406531.00000, 21194.00000, 139386.09091, 11411101765.29477, 106822.75865, 0.94766, 0.28534, 0.87099, -0.15634, 0.00000, 1.00000
0.78579, -4.35121, 2.14766, 4.91558, -1.39213, 1.11864, 91.00000, 473654.00000, 15192.00000, 110862.64835, 9123507804.11810, 95517.05504, 1.08598, -0.52573, 2.99442, -1.46868, 0.00000, 1.00000
-0.78579, -4.35121, 2.14766, 4.91558, -1.74946, 1.11864, 45.00000, 436054.00000, 21626.00000, 125161.06667, 10998427550.90667, 104873.38819, 1.08598, 0.25627, 1.45965, -0.71592, 0.00000, 1.00000
0.00000, -4.83686, 0.87622, 4.91558, -1.57080, 1.39159, 71.00000, 498482.00000, 8852.00000, 88493.02817, 9327695691.49216, 96579.99633, 1.08598, -0.00000, 1.22879, -0.22879, 0.00000, 1.00000
0.00000, -4.58794, 1.75244, 4.91123, -1.57080, 1.20593, 96.00000, 468512.00000, 12492.00000, 122248.85417, 13337503767.04123, 115488.11093, 1.14286, -0.00000, 1.61803, -0.61803, 0.00000, 1.00000
2.05481, -4.45876, -0.43315, 4.92853, -1.13896, 1.65880, 44.00000, 410575.00000, 16745.00000, 107527.54545, 7534713411.42975, 86802.72698, 0.90081, -0.65917, 1.49537, 0.16379, 0.00000, 1.00000
0.72621, -4.85499, -0.43811, 4.92852, -1.42232, 1.65981, 70.00000, 468188.00000, 19081.00000, 140494.42857, 11032551827.24490, 105035.95493, 0.91102, -0.14496, 1.04077, 0.10419, 0.00000, 1.00000
1.50894, -4.37124, -1.70460, 4.92852, -1.23841, 1.92396, 32.00000, 406208.00000, 34331.00000, 175202.09375, 12395022819.83496, 111332.93681, 0.91102, -0.30980, 0.93889, 0.37091, 0.00000, 1.00000
1.44936, -4.62611, -0.87126, 4.92550, -1.26718, 1.74862, 45.00000, 465761.00000, 26721.00000, 136568.17778, 12756759804.72395, 112945.82686, 0.94766, -0.38457, 1.17386, 0.21070, 0.00000, 1.00000
-0.72621, -4.85499, -0.43811, 4.92852, -1.71928, 1.65981, 52.00000, 472040.00000, 17166.00000, 118949.23077, 9824181760.67752, 99117.01045, 0.91102, 0.11238, 0.80685, 0.08077, 0.00000, 1.00000
-2.05481, -4.45876, -0.43315, 4.92853, -2.00263, 1.65880, 14.00000, 275639.00000, 51958.00000, 153538.57143, 4572077732.67347, 67617.14082, 0.90081, 0.28433, 0.64502, 0.07065, 0.00000, 1.00000
-1.50894, -4.37124, -1.70460, 4.92852, -1.90319, 1.92396, 20.00000, 377647.00000, 44516.00000, 134315.85000, 7841003657.92750, 88549.44188, 0.91102, 0.19128, 0.57970, 0.22901, 0.00000, 1.00000
-1.44936, -4.62611, -0.87126, 4.92550, -1.87441, 1.74862, 20.00000, 355627.00000, 27769.00000, 160859.00000, 10241903527.80000, 101202.29013, 0.94766, 0.21738, 0.66353, 0.11910, 0.10000, 0.90000
0.78273, -3.92241, -2.87963, 4.92852, -1.37383, 2.19479, 13.00000, 498324.00000, 61052.00000, 260910.23077, 20634733400.17751, 143647.94952, 0.91102, -0.12779, 0.65841, 0.46938, 0.00000, 1.00000
-0.78273, -3.92241, -2.87963, 4.92852, -1.76776, 2.19479, 9.00000, 433178.00000, 74337.00000, 193829.77778, 14772167797.72840, 121540.80713, 0.91102, 0.10178, 0.52439, 0.37383, 0.00000, 1.00000
0.00000, -3.18882, -3.75791, 4.92853, -1.57080, 2.43793, 5.00000, 484584.00000, 102253.00000, 261720.40000, 17635487576.24000, 132798.67310, 0.90081, 0.00000, 0.46930, 0.53070, 0.20000, 0.80000
0.00000, -3.73035, -3.21637, 4.92550, -1.57080, 2.28234, 9.00000, 310592.00000, 61179.00000, 183669.00000, 6718154827.77778, 81964.35096, 0.94766, -0.00000, 0.52918, 0.47082, 0.00000, 1.00000
0.00000, -4.83686, -0.87622, 4.91558, -1.57080, 1.75001, 34.00000, 409974.00000, 14910.00000, 146063.67647, 12657809743.39533, 112506.93198, 1.08598, -0.00000, 0.84303, 0.15697, 0.00000, 1.00000
-0.78579, -4.35121, -2.14766, 4.91558, -1.74946, 2.02296, 10.00000, 370706.00000, 32706.00000, 151528.50000, 8062927370.25000, 89793.80474, 1.08598, 0.10538, 0.60022, 0.29439, 0.00000, 1.00000
0.78579, -4.35121, -2.14766, 4.91558, -1.39213, 2.02296, 21.00000, 489668.00000, 30050.00000, 233233.42857, 12990069939.48299, 113973.98799, 1.08598, -0.13352, 0.76051, 0.37301, 0.00000, 1.00000
0.00000, -4.58794, -1.75244, 4.91123, -1.57080, 1.93566, 20.00000, 475366.00000, 32157.00000, 205824.85000, 22974820634.12750, 151574.47224, 1.14286, -0.00000, 0.72361, 0.27639, 0.00000, 1.00000
2.75567, -4.02561, -0.70086, 4.92853, -0.97053, 1.71348, 47.00000, 482441.00000, 20808.00000, 133080.97872, 12128430378.99955, 110129.15317, 0.90081, -1.37444, 1.98030, 0.39414, 0.02128, 0.97872
2.21782, -3.93313, -1.97536, 4.92852, -1.05736, 1.98319, 23.00000, 396478.00000, 39310.00000, 185726.08696, 9523240926.77505, 97587.09406, 0.91102, -0.60432, 1.05443, 0.54989, 0.00000, 1.00000
3.48430, -3.15040, -1.49161, 4.92852, -0.73511, 1.87827, 24.00000, 462705.00000, 37254.00000, 178939.16667, 17908414391.05556, 133822.32396, 0.91102, -2.88604, 2.59457, 1.29147, 0.00000, 1.00000
2.85909, -3.75484, -1.40973, 4.92550, -0.92001, 1.86107, 29.00000, 428549.00000, 27199.00000, 159918.00000, 12368745850.55172, 111214.86344, 0.94766, -1.25387, 1.66465, 0.58922, 0.00000, 1.00000
1.49161, -3.48430, -3.15040, 4.92852, -1.16631, 2.26428, 12.00000, 418123.00000, 42450.00000, 218259.66667, 8574049012.05555, 92596.16089, 0.91102, -0.30829, 0.68893, 0.61936, 0.00000, 1.00000
0.70086, -2.75567, -4.02561, 4.92853, -1.32174, 2.52663, 6.00000, 462456.00000, 194246.00000, 276257.33333, 8460226697.22222, 91979.49063, 0.90081, -0.13313, 0.46424, 0.66888, 0.00000, 1.00000
1.97536, -2.21782, -3.93313, 4.92852, -0.84316, 2.49482, 12.00000, 384914.00000, 63020.00000, 227038.00000, 10606894779.33333, 102989.77998, 0.91102, -0.49591, 0.54500, 0.95092, 0.00000, 1.00000
1.40973, -2.85909, -3.75484, 4.92550, -1.11271, 2.43770, 16.00000, 448148.00000, 44188.00000, 198747.12500, 12928646726.98438, 113704.20716, 0.94766, -0.25296, 0.53830, 0.71466, 0.06250, 0.93750
3.93313, -1.97536, -2.21782, 4.92852, -0.46544, 2.03756, 5.00000, 406390.00000, 147204.00000, 300090.20000, 13749066995.36000, 117256.41558, 0.91102, -10.56672, 5.51065, 6.05607, 0.00000, 1.00000
3.15040, -1.49161, -3.48430, 4.92852, -0.44220, 2.35600, 6.00000, 432578.00000, 81519.00000, 200916.66667, 17267833936.88889, 131407.13046, 0.91102, -1.63909, 0.81587, 1.82322, 0.00000, 1.00000
4.02561, -0.70086, -2.75567, 4.92853, -0.17237, 2.16413, 1.00000, 181000.00000, 181000.00000, 181000.00000, 0.00000, 0.00000, 0.90081, 9.35336, -1.86160, -6.49176, 1.00000, 0.00000
3.75484, -1.40973, -2.85909, 4.92550, -0.35916, 2.19010, 4.00000, 378547.00000, 231830.00000, 320372.75000, 3213559873.68750, 56688.26928, 0.94766, -9.32863, 3.30198, 7.02665, 0.00000, 1.00000
2.20355, -3.47499, -2.68919, 4.91558, -1.00567, 2.14966, 11.00000, 482241.00000, 54145.00000, 202281.81818, 18488438227.78512, 135972.19652, 1.08598, -0.56481, 0.87972, 0.68510, 0.00000, 1.00000
2.68919, -2.20355, -3.47499, 4.91558, -0.68646, 2.35595, 2.00000, 207652.00000, 178044.00000, 192848.00000, 219158416.00000, 14804.00000, 1.08598, -0.90211, 0.74373, 1.15838, 0.00000, 1.00000
3.47499, -2.68919, -2.20355, 4.91558, -0.65860, 2.03563, 5.00000, 192119.00000, 64453.00000, 116497.40000, 1736859331.84000, 41675.64435, 1.08598, -2.37638, 1.85065, 1.52573, 0.00000, 1.00000
2.83550, -2.83550, -2.83550, 4.91123, -0.78540, 2.18628, 10.00000, 336798.00000, 77673.00000, 166145.20000, 8447890983.76000, 91912.40930, 1.14286, -1.00000, 1.00000, 1.00000, 0.00000, 1.00000
3.18882, -3.75791, 0.00000, 4.92853, -0.86714, 1.57080, 28.00000, 312605.00000, 25165.00000, 107116.32143, 3939361260.86097, 62764.33112, 0.90081, -7.64229, 8.64229, -0.00000, 0.00000, 1.00000
3.92241, -2.87963, -0.78273, 4.92852, -0.63328, 1.73029, 21.00000, 424845.00000, 42457.00000, 176378.42857, 9711743002.43538, 98548.17605, 0.91102, 10.75154, -7.66476, -2.08678, 0.00000, 1.00000
3.92241, -2.87963, 0.78273, 4.92852, -0.63328, 1.41130, 26.00000, 415199.00000, 33554.00000, 167049.65385, 13898676715.68787, 117892.64912, 0.91102, 2.07817, -1.48153, 0.40335, 0.00000, 1.00000
3.73035, -3.21637, 0.00000, 4.92550, -0.71154, 1.57080, 29.00000, 458871.00000, 22022.00000, 162311.48276, 10049119077.28419, 100245.29454, 0.94766, 9.06739, -8.06739, 0.00000, 0.00000, 1.00000
4.37124, -1.70460, -1.50894, 4.92852, -0.37182, 1.88196, 9.00000, 473507.00000, 141484.00000, 249971.66667, 11932926899.33333, 109237.93709, 0.91102, 3.63662, -1.43665, -1.19997, 0.11111, 0.88889
4.45876, -0.43315, -2.05481, 4.92853, -0.09684, 2.00085, 2.00000, 473535.00000, 342656.00000, 408095.50000, 4282328160.25000, 65439.50000, 0.90081, 2.22389, -0.24359, -0.98030, 0.00000, 1.00000
4.85499, -0.43811, -0.72621, 4.92852, -0.09000, 1.71868, 7.00000, 368298.00000, 92964.00000, 213222.14286, 9010519964.69388, 94923.75869, 0.91102, 1.31474, -0.13162, -0.18312, 0.14286, 0.85714
4.62611, -0.87126, -1.44936, 4.92550, -0.18616, 1.86947, 4.00000, 471957.00000, 71891.00000, 283095.00000, 24721074026.00000, 157229.36757, 0.94766, 2.02881, -0.36416, -0.66465, 0.25000, 0.75000
4.37124, -1.70460, 1.50894, 4.92852, -0.37182, 1.25963, 22.00000, 372475.00000, 27688.00000, 172874.27273, 13041020665.74380, 114197.28835, 0.91102, 1.06961, -0.42255, 0.35294, 0.00000, 1.00000
4.85499, -0.43811, 0.72621, 4.92852, -0.09000, 1.42291, 12.00000, 483026.00000, 92538.00000, 259350.33333, 10809870488.88889, 103970.52702, 0.91102, 0.96230, -0.09634, 0.13403, 0.08333, 0.91667
4.45876, -0.43315, 2.05481, 4.92853, -0.09684, 1.14074, 7.00000, 403023.00000, 67092.00000, 280886.71429, 16165290146.20408, 127142.79431, 0.90081, 0.75116, -0.08228, 0.33112, 0.00000, 1.00000
4.62611, -0.87126, 1.44936, 4.92550, -0.18616, 1.27212, 15.00000, 453723.00000, 64404.00000, 223728.93333, 15505035760.86222, 124519.21844, 0.94766, 0.87099, -0.15634, 0.28534, 0.00000, 1.00000
4.35121, -2.14766, -0.78579, 4.91558, -0.45850, 1.73134, 7.00000, 217869.00000, 34464.00000, 143091.00000, 4070214682.28571, 63798.23416, 1.08598, 2.99442, -1.46868, -0.52573, 0.00000, 1.00000
4.83686, -0.87622, 0.00000, 4.91558, -0.17921, 1.57080, 8.00000, 465810.00000, 140840.00000, 263254.37500, 12831128192.23438, 113274.56993, 1.08598, 1.22879, -0.22879, 0.00000, 0.00000, 1.00000
4.35121, -2.14766, 0.78579, 4.91558, -0.45850, 1.41025, 16.00000, 314553.00000, 38572.00000, 149625.31250, 7529025762.46484, 86769.95887, 1.08598, 1.45965, -0.71592, 0.25627, 0.00000, 1.00000
4.58794, -1.75244, 0.00000, 4.91123, -0.36486, 1.57080, 15.00000, 410584.00000, 39639.00000, 165443.93333, 11508462289.26222, 107277.50132, 1.14286, 1.61803, -0.61803, 0.00000, 0.00000, 1.00000
0.43315, -2.05481, 4.45876, 4.92853, -1.36304, 0.44016, 28.00000, 491092.00000, 27924.00000, 154293.17857, 10918822545.14668, 104493.16985, 0.90081, 0.16379, -0.65917, 1.49537, 0.00000, 1.00000
1.70460, -1.50894, 4.37124, 4.92852, -0.72459, 0.48015, 26.00000, 401388.00000, 34525.00000, 188174.96154, 16417020183.65237, 128128.92017, 0.91102, 0.37091, -0.30980, 0.93889, 0.07692, 0.92308
0.43811, -0.72621, 4.85499, 4.92852, -1.02797, 0.17295, 11.00000, 477922.00000, 66485.00000, 230173.18182, 11502903847.05785, 107251.59135, 0.91102, 0.10419, -0.14496, 1.04077, 0.00000, 1.00000
0.87126, -1.44936, 4.62611, 4.92550, -1.02954, 0.35046, 14.00000, 475615.00000, 80767.00000, 186076.28571, 11120419776.91837, 105453.40097, 0.94766, 0.21070, -0.38457, 1.17386, 0.14286, 0.85714
2.87963, -0.78273, 3.92241, 4.92852, -0.26540, 0.65037, 16.00000, 415357.00000, 41653.00000, 193044.93750, 12261818692.30859, 110733.09664, 0.91102, 0.46938, -0.12779, 0.65841, 0.06250, 0.93750
3.75791, 0.00000, 3.18882, 4.92853, 0.00000, 0.86714, 9.00000, 457318.00000, 73670.00000, 250308.33333, 21027381025.11111, 145008.21020, 0.90081, 0.53070, -0.00000, 0.46930, 0.11111, 0.88889
2.87963, 0.78273, 3.92241, 4.92852, 0.26540, 0.65037, 7.00000, 318687.00000, 116614.00000, 204091.00000, 5468373942.28571, 73948.45463, 0.91102, 0.37383, 0.10178, 0.52439, 0.14286, 0.85714
3.21637, 0.00000, 3.73035, 4.92550, 0.00000, 0.71154, 5.00000, 224476.00000, 90364.00000, 135354.00000, 2349618380.80000, 48472.86231, 0.94766, 0.47082, -0.00000, 0.52918, 0.00000, 1.00000
0.43811, 0.72621, 4.85499, 4.92852, 1.02797, 0.17295, 19.00000, 490742.00000, 92344.00000, 265960.42105, 14485264250.98061, 120354.74337, 0.91102, 0.08077, 0.11238, 0.80685, 0.78947, 0.21053
1.70460, 1.50894, 4.37124, 4.92852, 0.72459, 0.48015, 4.00000, 230187.00000, 93119.00000, 159533.00000, 2927248918.50000, 54104.05640, 0.91102, 0.22901, 0.19128, 0.57970, 0.25000, 0.75000
0.43315, 2.05481, 4.45876, 4.92853, 1.36304, 0.44016, 6.00000, 468475.00000, 120143.00000, 264808.66667, 20325361576.22222, 142567.04239, 0.90081, 0.07065, 0.28433, 0.64502, 1.00000, 0.00000
0.87126, 1.44936, 4.62611, 4.92550, 1.02954, 0.35046, 6.00000, 454829.00000, 88750.00000, 246552.16667, 16072229221.80556, 126776.29598, 0.94766, 0.11910, 0.21738, 0.66353, 1.00000, 0.00000
2.14766, -0.78579, 4.35121, 4.91558, -0.35075, 0.48390, 10.00000, 400045.00000, 103379.00000, 222905.80000, 7951633951.56000, 89171.93478, 1.08598, 0.37301, -0.13352, 0.76051, 0.00000, 1.00000
2.14766, 0.78579, 4.35121, 4.91558, 0.35075, 0.48390, 9.00000, 473978.00000, 137537.00000, 328033.55556, 13400506645.13580, 115760.55738, 1.08598, 0.29439, 0.10538, 0.60022, 0.11111, 0.88889
0.87622, 0.00000, 4.83686, 4.91558, 0.00000, 0.17921, 5.00000, 390358.00000, 157095.00000, 280532.40000, 9155785665.84000, 95685.86973, 1.08598, 0.15697, -0.00000, 0.84303, 0.20000, 0.80000
1.75244, 0.00000, 4.58794, 4.91123, 0.00000, 0.36486, 8.00000, 408407.00000, 91903.00000, 235424.12500, 8751126766.85938, 93547.45730, 1.14286, 0.27639, 0.00000, 0.72361, 0.50000, 0.50000
-2.75567, -4.02561, 0.70086, 4.92853, -2.17107, 1.42811, 21.00000, 417303.00000, 60118.00000, 213756.00000, 12652634748.66667, 112483.93107, 0.90081, 0.46424, 0.66888, -0.13313, 0.04762, 0.95238
-2.21782, -3.93313, 1.97536, 4.92852, -2.08423, 1.15840, 44.00000, 467885.00000, 35311.00000, 180247.54545, 11980206217.24793, 109454.12837, 0.91102, 0.54500, 0.95092, -0.49591, 0.02273, 0.97727
-3.48430, -3.15040, 1.49161, 4.92852, -2.40648, 1.26333, 18.00000, 497663.00000, 85247.00000, 294793.16667, 19542236054.91667, 139793.54797, 0.91102, 0.68893, 0.61936, -0.30829, 0.11111, 0.88889
-2.85909, -3.75484, 1.40973, 4.92550, -2.22158, 1.28053, 20.00000, 433356.00000, 32066.00000, 218312.25000, 14103177630.68750, 118756.80036, 0.94766, 0.53830, 0.71466, -0.25296, 0.00000, 1.00000
-1.49161, -3.48430, 3.15040, 4.92852, -1.97528, 0.87732, 45.00000, 499442.00000, 26019.00000, 189730.15556, 13165223935.99803, 114739.80973, 0.91102, 0.81587, 1.82322, -1.63909, 0.06667, 0.93333
-0.70086, -2.75567, 4.02561, 4.92853, -1.81985, 0.61496, 39.00000, 423432.00000, 27503.00000, 144231.25641, 12146262606.08810, 110210.08396, 0.90081, -1.86160, -6.49176, 9.35336, 0.00000, 1.00000
-1.97536, -2.21782, 3.93313, 4.92852, -2.29844, 0.64677, 17.00000, 375569.00000, 64473.00000, 205961.35294, 11511238672.46367, 107290.44073, 0.91102, 5.51065, 6.05607, -10.56672, 0.29412, 0.70588
-1.40973, -2.85909, 3.75484, 4.92550, -2.02888, 0.70390, 33.00000, 452116.00000, 44987.00000, 197075.60606, 12950340075.26905, 113799.56096, 0.94766, 3.30198, 7.02665, -9.32863, 0.12121, 0.87879
-3.93313, -1.97536, 2.21782, 4.92852, -2.67616, 1.10403, 16.00000, 376285.00000, 70478.00000, 200269.56250, 9824087469.49609, 99116.53479, 0.91102, 1.05443, 0.54989, -0.60432, 0.31250, 0.68750
-3.15040, -1.49161, 3.48430, 4.92852, -2.69940, 0.78559, 12.00000, 498423.00000, 61096.00000, 286673.66667, 23343754373.05556, 152786.63022, 0.91102, 2.59457, 1.29147, -2.88604, 0.66667, 0.33333
-4.02561, -0.70086, 2.75567, 4.92853, -2.96922, 0.97747, 12.00000, 488111.00000, 43400.00000, 222506.25000, 19337998411.52083, 139061.13192, 0.90081, 1.98030, 0.39414, -1.37444, 0.66667, 0.33333
-3.75484, -1.40973, 2.85909, 4.92550, -2.78243, 0.95149, 15.00000, 463370.00000, 72865.00000, 223522.86667, 12007254135.98222, 109577.61695, 0.94766, 1.66465, 0.58922, -1.25387, 0.66667, 0.33333
-2.20355, -3.47499, 2.68919, 4.91558, -2.13592, 0.99193, 17.00000, 419985.00000, 36688.00000, 156933.47059, 10509170305.19031, 102514.24440, 1.08598, 0.74373, 1.15838, -0.90211, 0.05882, 0.94118
-2.68919, -2.20355, 3.47499, 4.91558, -2.45513, 0.78564, 15.00000, 381267.00000, 48962.00000, 165107.00000, 9497782183.60000, 97456.56563, 1.08598, 1.85065, 1.52573, -2.37638, 0.06667, 0.93333
-3.47499, -2.68919, 2.20355, 4.91558, -2.48299, 1.10596, 12.00000, 467262.00000, 27622.00000, 256968.00000, 23956452311.50000, 154778.72047, 1.08598, 0.87972, 0.68510, -0.56481, 0.16667, 0.83333
-2.83550, -2.83550, 2.83550, 4.91123, -2.35619, 0.95532, 18.00000, 478650.00000, 46322.00000, 200465.77778, 17116094746.95062, 130828.49364, 1.14286, 1.00000, 1.00000, -1.00000, 0.11111, 0.88889
-0.70086, -2.75567, -4.02561, 4.92853, -1.81985, 2.52663, 3.00000, 362355.00000, 186191.00000, 250985.00000, 6256954370.66667, 79100.91258, 0.90081, 0.10514, 0.36663, 0.52824, 0.00000, 1.00000
-1.49161, -3.48430, -3.15040, 4.92852, -1.97528, 2.26428, 7.00000, 341299.00000, 78199.00000, 202919.14286, 7649245445.55102, 87459.96482, 0.91102, 0.19070, 0.42617, 0.38313, 0.00000, 1.00000
-1.97536, -2.21782, -3.93313, 4.92852, -2.29844, 2.49482, 3.00000, 435378.00000, 182802.00000, 325164.00000, 11149186248.00000, 105589.70711, 0.91102, 0.24897, 0.27362, 0.47741, 0.66667, 0.33333
-1.40973, -2.85909, -3.75484, 4.92550, -2.02888, 2.43770, 5.00000, 468420.00000, 88002.00000, 231816.20000, 18925700268.56000, 137570.71007, 0.94766, 0.16798, 0.35746, 0.47456, 0.40000, 0.60000
-2.21782, -3.93313, -1.97536, 4.92852, -2.08423, 1.98319, 11.00000, 480765.00000, 64888.00000, 241190.72727, 17641894141.83471, 132822.79225, 0.91102, 0.27362, 0.47741, 0.24897, 0.00000, 1.00000
-2.75567, -4.02561, -0.70086, 4.92853, -2.17107, 1.71348, 5.00000, 410299.00000, 96639.00000, 252386.60000, 10095105121.04000, 100474.40033, 0.90081, 0.36663, 0.52824, 0.10514, 0.00000, 1.00000
-3.48430, -3.15040, -1.49161, 4.92852, -2.40648, 1.87827, 9.00000, 474385.00000, 144900.00000, 295215.77778, 16812481735.28395, 129662.95437, 0.91102, 0.42617, 0.38313, 0.19070, 0.44444, 0.55556
-2.85909, -3.75484, -1.40973, 4.92550, -2.22158, 1.86107, 11.00000, 441941.00000, 74512.00000, 247839.72727, 19058738011.28926, 138053.38826, 0.94766, 0.35746, 0.47456, 0.16798, 0.09091, 0.90909
-3.15040, -1.49161, -3.48430, 4.92852, -2.69940, 2.35600, 2.00000, 196690.00000, 190500.00000, 193595.00000, 9579025.00000, 3095.00000, 0.91102, 0.38313, 0.19070, 0.42617, 1.00000, 0.00000
-3.93313, -1.97536, -2.21782, 4.92852, -2.67616, 2.03756, 8.00000, 369195.00000, 35012.00000, 193224.00000, 11609886168.00000, 107749.18175, 0.91102, 0.47741, 0.24897, 0.27362, 0.75000, 0.25000
-4.02561, -0.70086, -2.75567, 4.92853, -2.96922, 2.16413, 2.00000, 151809.00000, 77904.00000, 114856.50000, 1365487256.25000, 36952.50000, 0.90081, 0.52824, 0.10514, 0.36663, 1.00000, 0.00000
-3.75484, -1.40973, -2.85909, 4.92550, -2.78243, 2.19010, 1.00000, 182005.00000, 182005.00000, 182005.00000, 0.00000, 0.00000, 0.94766, 0.47456, 0.16798, 0.35746, 1.00000, 0.00000
-2.20355, -3.47499, -2.68919, 4.91558, -2.13592, 2.14966, 5.00000, 386833.00000, 110481.00000, 178347.40000, 11004801824.24000, 104903.77412, 1.08598, 0.26522, 0.41309, 0.32170, 0.20000, 0.80000
-3.47499, -2.68919, -2.20355, 4.91558, -2.48299, 2.03563, 9.00000, 445381.00000, 146999.00000, 231608.33333, 6885308088.88889, 82977.75659, 1.08598, 0.41309, 0.32170, 0.26522, 0.33333, 0.66667
-2.68919, -2.20355, -3.47499, 4.91558, -2.45513, 2.35595, 3.00000, 497732.00000, 134181.00000, 288565.00000, 23528810144.66667, 153391.03672, 1.08598, 0.32170, 0.26522, 0.41309, 0.66667, 0.33333
-2.83550, -2.83550, -2.83550, 4.91123, -2.35619, 2.18628, 2.00000, 315762.00000, 130844.00000, 223303.00000, 8548666681.00000, 92459.00000, 1.14286, 0.33333, 0.33333, 0.33333, 0.00000, 1.00000
3.75791, 0.00000, -3.18882, 4.92853, 0.00000, 2.27446, 2.00000, 495502.00000, 278843.00000, 387172.50000, 11735280570.25000, 108329.50000, 0.90081, 8.64229, 0.00000, -7.64229, 0.50000, 0.50000
2.87963, -0.78273, -3.92241, 4.92852, -0.26540, 2.49122, 2.00000, 172929.00000, 137568.00000, 155248.50000, 312600080.25000, 17680.50000, 0.91102, -1.48153, 0.40335, 2.07817, 0.00000, 1.00000
2.87963, 0.78273, -3.92241, 4.92852, 0.26540, 2.49122, 2.00000, 473026.00000, 253706.00000, 363366.00000, 12025315600.00000, 109660.00000, 0.91102, -7.66476, -2.08678, 10.75154, 0.00000, 1.00000
3.21637, 0.00000, -3.73035, 4.92550, 0.00000, 2.43005, 0.00000, 0.00000, 0.00000, 0.00000, 0.00000, 0.00000, 0.94766, -8.06739, -0.00000, 9.06739, 0.00000, 0.00000
1.70460, -1.50894, -4.37124, 4.92852, -0.72459, 2.66145, 7.00000, 497776.00000, 158426.00000, 333228.71429, 16138541770.77551, 127037.56047, 0.91102, -0.42255, 0.35294, 1.06961, 0.00000, 1.00000
0.43315, -2.05481, -4.45876, 4.92853, -1.36304, 2.70143, 3.00000, 453837.00000, 253774.00000, 374593.00000, 7535107640.66667, 86804.99779, 0.90081, -0.08228, 0.33112, 0.75116, 0.33333, 0.66667
0.43811, -0.72621, -4.85499, 4.92852, -1.02797, 2.96865, 3.00000, 423759.00000, 118517.00000, 307322.33333, 18147391718.22223, 134712.25526, 0.91102, -0.09634, 0.13403, 0.96230, 0.33333, 0.66667
0.87126, -1.44936, -4.62611, 4.92550, -1.02954, 2.79113, 4.00000, 485070.00000, 300731.00000, 379713.50000, 5147253185.25000, 71744.35995, 0.94766, -0.15634, 0.28534, 0.87099, 0.50000, 0.50000
1.70460, 1.50894, -4.37124, 4.92852, 0.72459, 2.66145, 2.00000, 428173.00000, 293780.00000, 360976.50000, 4515369612.25000, 67196.50000, 0.91102, -1.43665, -1.19997, 3.63662, 0.50000, 0.50000
0.43811, 0.72621, -4.85499, 4.92852, 1.02797, 2.96865, 4.00000, 354681.00000, 168307.00000, 260893.25000, 4369860691.18750, 66104.92184, 0.91102, -0.13162, -0.18312, 1.31474, 0.75000, 0.25000
0.43315, 2.05481, -4.45876, 4.92853, 1.36304, 2.70143, 1.00000, 235247.00000, 235247.00000, 235247.00000, 0.00000, 0.00000, 0.90081, -0.24359, -0.98030, 2.22389, 1.00000, 0.00000
0.87126, 1.44936, -4.62611, 4.92550, 1.02954, 2.79113, 3.00000, 425333.00000, 247576.00000, 354524.33333, 5919296261.55555, 76936.96291, 0.94766, -0.36416, -0.66465, 2.02881, 1.00000, 0.00000
2.14766, -0.78579, -4.35121, 4.91558, -0.35075, 2.65769, 0.00000, 0.00000, 0.00000, 0.00000, 0.00000, 0.00000, 1.08598, -0.71592, 0.25627, 1.45965, 0.00000, 0.00000
0.87622, 0.00000, -4.83686, 4.91558, 0.00000, 2.96238, 0.00000, 0.00000, 0.00000, 0.00000, 0.00000, 0.00000, 1.08598, -0.22879, -0.00000, 1.22879, 0.00000, 0.00000
2.14766, 0.78579, -4.35121, 4.91558, 0.35075, 2.65769, 2.00000, 287887.00000, 175494.00000, 231690.50000, 3158046612.25000, 56196.50000, 1.08598, -1.46868, -0.52573, 2.99442, 1.00000, 0.00000
1.75244, 0.00000, -4.58794, 4.91123, 0.00000, 2.77673, 1.00000, 459071.00000, 459071.00000, 459071.00000, 0.00000, 0.00000, 1.14286, -0.61803, -0.00000, 1.61803, 1.00000, 0.00000
4.45876, 0.43315, 2.05481, 4.92853, 0.09684, 1.14074, 6.00000, 491830.00000, 176609.00000, 342344.00000, 13556698973.33333, 116433.23827, 0.90081, 0.64502, 0.07065, 0.28433, 0.00000, 1.00000
4.85499, 0.43811, 0.72621, 4.92852, 0.09000, 1.42291, 6.00000, 477697.00000, 148771.00000, 322991.33333, 9647803207.88889, 98223.23151, 0.91102, 0.80685, 0.08077, 0.11238, 0.16667, 0.83333
4.37124, 1.70460, 1.50894, 4.92852, 0.37182, 1.25963, 4.00000, 435654.00000, 89320.00000, 198584.75000, 19084154835.68750, 138145.41192, 0.91102, 0.57970, 0.22901, 0.19128, 0.50000, 0.50000
4.62611, 0.87126, 1.44936, 4.92550, 0.18616, 1.27212, 5.00000, 483313.00000, 185191.00000, 331822.00000, 11705013383.20000, 108189.71015, 0.94766, 0.66353, 0.11910, 0.21738, 0.20000, 0.80000
4.85499, 0.43811, -0.72621, 4.92852, 0.09000, 1.71868, 3.00000, 447772.00000, 137816.00000, 261124.66667, 18018013670.22222, 134231.19485, 0.91102, 1.04077, 0.10419, -0.14496, 0.00000, 1.00000
4.45876, 0.43315, -2.05481, 4.92853, 0.09684, 2.00085, 3.00000, 416882.00000, 271064.00000, 340419.33333, 3569071947.55556, 59741.71028, 0.90081, 1.49537, 0.16379, -0.65917, 0.33333, 0.66667
4.37124, 1.70460, -1.50894, 4.92852, 0.37182, 1.88196, 2.00000, 393896.00000, 256827.00000, 325361.50000, 4696977690.25000, 68534.50000, 0.91102, 0.93889, 0.37091, -0.30980, 0.50000, 0.50000
4.62611, 0.87126, -1.44936, 4.92550, 0.18616, 1.86947, 3.00000, 407794.00000, 173193.00000, 289954.00000, 9173520320.66667, 95778.49613, 0.94766, 1.17386, 0.21070, -0.38457, 0.33333, 0.66667
3.92241, 2.87963, 0.78273, 4.92852, 0.63328, 1.41130, 5.00000, 393106.00000, 160093.00000, 263780.80000, 7632979650.16000, 87366.92538, 0.91102, 0.52439, 0.37383, 0.10178, 0.80000, 0.20000
3.92241, 2.87963, -0.78273, 4.92852, 0.63328, 1.73029, 7.00000, 467808.00000, 165194.00000, 295888.00000, 8405321730.00000, 91680.54172, 0.91102, 0.65841, 0.46938, -0.12779, 0.57143, 0.42857
3.18882, 3.75791, 0.00000, 4.92853, 0.86714, 1.57080, 5.00000, 429633.00000, 224946.00000, 352164.20000, 5600482002.16000, 74836.36818, 0.90081, 0.46930, 0.53070, 0.00000, 1.00000, 0.00000
3.73035, 3.21637, 0.00000, 4.92550, 0.71154, 1.57080, 2.00000, 418542.00000, 312895.00000, 365718.50000, 2790322152.25000, 52823.50000, 0.94766, 0.52918, 0.47082, 0.00000, 1.00000, 0.00000
4.83686, 0.87622, 0.00000, 4.91558, 0.17921, 1.57080, 4.00000, 282804.00000, 178452.00000, 229207.50000, 2064174432.75000, 45433.18647, 1.08598, 0.84303, 0.15697, 0.00000, 0.00000, 1.00000
4.35121, 2.14766, -0.78579, 4.91558, 0.45850, 1.73134, 3.00000, 493197.00000, 256597.00000, 388326.00000, 9690602748.66667, 98440.85914, 1.08598, 0.76051, 0.37301, -0.13352, 0.66667, 0.33333
4.35121, 2.14766, 0.78579, 4.91558, 0.45850, 1.41025, 6.00000, 315499.00000, 148447.00000, 232162.83333, 3413355674.80556, 58423.93067, 1.08598, 0.60022, 0.29439, 0.10538, 0.83333, 0.16667
4.58794, 1.75244, 0.00000, 4.91123, 0.36486, 1.57080, 4.00000, 422146.00000, 137025.00000, 319121.00000, 11836338420.50000, 108794.93748, 1.14286, 0.72361, 0.27639, -0.00000, 1.00000, 0.00000
