-2.75567, 4.02561, 0.70086, 4.92853, 2.17107, 1.42811, 60.00000, 470111.00000, 16137.00000, 131610.20000, 14238105008.19333, 119323.53082, 0.90081, -1.37444, 1.98030, 0.39414, 0.98333, 0.01667
-3.48430, 3.15040, 1.49161, 4.92852, 2.40648, 1.26333, 54.00000, 487578.00000, 32275.00000, 121022.44444, 12901865959.91358, 113586.38105, 0.91102, -2.88604, 2.59457, 1.29147, 1.00000, 0.00000
-2.21782, 3.93313, 1.97536, 4.92852, 2.08423, 1.15840, 44.00000, 494852.00000, 22014.00000, 177750.29545, 17849624891.84453, 133602.48834, 0.91102, -0.60432, 1.05443, 0.54989, 0.97727, 0.02273
-2.85909, 3.75484, 1.40973, 4.92550, 2.22158, 1.28053, 42.00000, 490272.00000, 29495.00000, 139541.23810, 12181906347.27664, 110371.67366, 0.94766, -1.25387, 1.66465, 0.58922, 1.00000, 0.00000
-3.93313, 1.97536, 2.21782, 4.92852, 2.67616, 1.10403, 35.00000, 493862.00000, 23625.00000, 172738.91429, 15451773712.24979, 124305.16366, 0.91102, -10.56672, 5.51065, 6.05607, 0.97143, 0.02857
-4.02561, 0.70086, 2.75567, 4.92853, 2.96922, 0.97747, 15.00000, 493546.00000, 69226.00000, 217466.73333, 14717712313.12889, 121316.57889, 0.90081, 9.35336, -1.86160, -6.49176, 0.93333, 0.06667
-3.15040, 1.49161, 3.48430, 4.92852, 2.69940, 0.78559, 24.00000, 471617.00000, 47613.00000, 229426.87500, 18626425840.27604, 136478.66441, 0.91102, -1.63909, 0.81587, 1.82322, 0.87500, 0.12500
-3.75484, 1.40973, 2.85909, 4.92550, 2.78243, 0.95149, 20.00000, 483214.00000, 30884.00000, 204669.40000, 19378860613.74000, 139207.97611, 0.94766, -9.32863, 3.30198, 7.02665, 1.00000, 0.00000
-1.49161, 3.48430, 3.15040, 4.92852, 1.97528, 0.87732, 27.00000, 451595.00000, 62227.00000, 234474.85185, 18239167104.64472, 135052.46056, 0.91102, -0.30829, 0.68893, 0.61936, 1.00000, 0.00000
-1.97536, 2.21782, 3.93313, 4.92852, 2.29844, 0.64677, 15.00000, 425814.00000, 71851.00000, 207437.46667, 9968603331.71556, 99842.89325, 0.91102, -0.49591, 0.54500, 0.95092, 0.86667, 0.13333
-0.70086, 2.75567, 4.02561, 4.92853, 1.81985, 0.61496, 9.00000, 431125.00000, 130200.00000, 249134.00000, 13603381553.77778, 116633.53529, 0.90081, -0.13313, 0.46424, 0.66888, 0.88889, 0.11111
-1.40973, 2.85909, 3.75484, 4.92550, 2.02888, 0.70390, 12.00000, 435446.00000, 40279.00000, 245230.58333, 17135300915.40972, 130901.87514, 0.94766, -0.25296, 0.53830, 0.71466, 0.91667, 0.08333
-3.47499, 2.68919, 2.20355, 4.91558, 2.48299, 1.10596, 29.00000, 478209.00000, 45689.00000, 192294.48276, 13837026037.00832, 117630.88896, 1.08598, -2.37638, 1.85065, 1.52573, 0.93103, 0.06897
-2.68919, 2.20355, 3.47499, 4.91558, 2.45513, 0.78564, 8.00000, 263246.00000, 80667.00000, 170894.50000, 2689326280.50000, 51858.71461, 1.08598, -0.90211, 0.74373, 1.15838, 1.00000, 0.00000
-2.20355, 3.47499, 2.68919, 4.91558, 2.13592, 0.99193, 21.00000, 449677.00000, 24680.00000, 193736.33333, 19368745936.79365, 139171.64200, 1.08598, -0.56481, 0.87972, 0.68510, 0.90476, 0.09524
-2.83550, 2.83550, 2.83550, 4.91123, 2.35619, 0.95532, 25.00000, 489290.00000, 37560.00000, 211302.52000, 21638023915.84960, 147098.68768, 1.14286, -1.00000, 1.00000, 1.00000, 1.00000, 0.00000
-2.05481, 4.45876, 0.43315, 4.92853, 2.00263, 1.48280, 63.00000, 456259.00000, 18031.00000, 105937.74603, 11390814335.49106, 106727.75804, 0.90081, -0.65917, 1.49537, 0.16379, 1.00000, 0.00000
-1.50894, 4.37124, 1.70460, 4.92852, 1.90319, 1.21764, 40.00000, 463105.00000, 31698.00000, 152101.65000, 11293775903.97750, 106272.17841, 0.91102, -0.30980, 0.93889, 0.37091, 0.97500, 0.02500
-0.72621, 4.85499, 0.43811, 4.92852, 1.71928, 1.48179, 38.00000, 362475.00000, 12648.00000, 141987.21053, 7452944328.21884, 86330.43686, 0.91102, -0.14496, 1.04077, 0.10419, 1.00000, 0.00000
-1.44936, 4.62611, 0.87126, 4.92550, 1.87441, 1.39297, 31.00000, 436874.00000, 28189.00000, 144662.58065, 11784187482.24349, 108554.99750, 0.94766, -0.38457, 1.17386, 0.21070, 1.00000, 0.00000
-0.78273, 3.92241, 2.87963, 4.92852, 1.76776, 0.94680, 14.00000, 495058.00000, 48317.00000, 169249.07143, 16396309091.63775, 128048.07336, 0.91102, -0.12779, 0.65841, 0.46938, 0.92857, 0.07143
0.00000, 3.18882, 3.75791, 4.92853, 1.57080, 0.70366, 8.00000, 300148.00000, 121850.00000, 205715.62500, 5233375070.23438, 72342.06985, 0.90081, -0.00000, 0.46930, 0.53070, 0.87500, 0.12500
0.78273, 3.92241, 2.87963, 4.92852, 1.37383, 0.94680, 14.00000, 413455.00000, 80281.00000, 144266.85714, 6717119565.83673, 81958.03540, 0.91102, 0.10178, 0.52439, 0.37383, 1.00000, 0.00000
0.00000, 3.73035, 3.21637, 4.92550, 1.57080, 0.85925, 10.00000, 392837.00000, 68293.00000, 255336.70000, 11899356929.61000, 109084.17360, 0.94766, -0.00000, 0.52918, 0.47082, 0.70000, 0.30000
0.72621, 4.85499, 0.43811, 4.92852, 1.42232, 1.48179, 20.00000, 449692.00000, 34223.00000, 179547.35000, 14182069699.12750, 119088.49524, 0.91102, 0.11238, 0.80685, 0.08077, 0.95000, 0.05000
1.50894, 4.37124, 1.70460, 4.92852, 1.23841, 1.21764, 12.00000, 455486.00000, 64132.00000, 236633.33333, 15430703484.38889, 124220.38273, 0.91102, 0.19128, 0.57970, 0.22901, 0.91667, 0.08333
2.05481, 4.45876, 0.43315, 4.92853, 1.13896, 1.48280, 5.00000, 486153.00000, 176983.00000, 333930.60000, 11915771881.04000, 109159.38751, 0.90081, 0.28433, 0.64502, 0.07065, 0.80000, 0.20000
1.44936, 4.62611, 0.87126, 4.92550, 1.26718, 1.39297, 13.00000, 417550.00000, 63361.00000, 244204.46154, 16391245081.17160, 128028.29797, 0.94766, 0.21738, 0.66353, 0.11910, 0.92308, 0.07692
-0.78579, 4.35121, 2.14766, 4.91558, 1.74946, 1.11864, 16.00000, 433404.00000, 35881.00000, 167097.56250, 14495557902.12109, 120397.49957, 1.08598, -0.13352, 0.76051, 0.37301, 1.00000, 0.00000
0.78579, 4.35121, 2.14766, 4.91558, 1.39213, 1.11864, 9.00000, 304395.00000, 38438.00000, 185339.55556, 5299574787.13580, 72798.17846, 1.08598, 0.10538, 0.60022, 0.29439, 1.00000, 0.00000
0.00000, 4.83686, 0.87622, 4.91558, 1.57080, 1.39159, 18.00000, 381089.00000, 34898.00000, 169174.61111, 9856713255.45988, 99280.98134, 1.08598, -0.00000, 0.84303, 0.15697, 0.94444, 0.05556
0.00000, 4.58794, 1.75244, 4.91123, 1.57080, 1.20593, 18.00000, 477038.00000, 58294.00000, 217692.88889, 17448758650.43210, 132093.74948, 1.14286, 0.00000, 0.72361, 0.27639, 1.00000, 0.00000
-2.05481, 4.45876, -0.43315, 4.92853, 2.00263, 1.65880, 59.00000, 429935.00000, 18628.00000, 119886.93220, 7994737647.38523, 89413.29682, 0.90081, -0.98030, 2.22389, -0.24359, 0.98305, 0.01695
-0.72621, 4.85499, -0.43811, 4.92852, 1.71928, 1.65981, 45.00000, 434694.00000, 13873.00000, 159289.97778, 12724564424.15506, 112803.21105, 0.91102, -0.18312, 1.31474, -0.13162, 1.00000, 0.00000
-1.50894, 4.37124, -1.70460, 4.92852, 1.90319, 1.92396, 48.00000, 457949.00000, 23071.00000, 138778.83333, 13237331617.26389, 115053.60323, 0.91102, -1.19997, 3.63662, -1.43665, 1.00000, 0.00000
-1.44936, 4.62611, -0.87126, 4.92550, 1.87441, 1.74862, 43.00000, 418456.00000, 15722.00000, 129449.46512, 7097096343.59762, 84244.26594, 0.94766, -0.66465, 2.02881, -0.36416, 1.00000, 0.00000
0.72621, 4.85499, -0.43811, 4.92852, 1.42232, 1.65981, 20.00000, 484042.00000, 40263.00000, 212327.30000, 17392367358.41000, 131880.12496, 0.91102, 0.13403, 0.96230, -0.09634, 0.95000, 0.05000
2.05481, 4.45876, -0.43315, 4.92853, 1.13896, 1.65880, 6.00000, 452209.00000, 103842.00000, 285902.33333, 15592655328.22222, 124870.55429, 0.90081, 0.33112, 0.75116, -0.08228, 1.00000, 0.00000
1.50894, 4.37124, -1.70460, 4.92852, 1.23841, 1.92396, 13.00000, 478973.00000, 54336.00000, 197895.38462, 14299646674.69822, 119581.13009, 0.91102, 0.35294, 1.06961, -0.42255, 1.00000, 0.00000
1.44936, 4.62611, -0.87126, 4.92550, 1.26718, 1.74862, 17.00000, 392505.00000, 67938.00000, 176398.05882, 7069376314.52595, 84079.58322, 0.94766, 0.28534, 0.87099, -0.15634, 1.00000, 0.00000
-0.78273, 3.92241, -2.87963, 4.92852, 1.76776, 2.19479, 15.00000, 433291.00000, 50012.00000, 202902.13333, 13569383356.91556, 116487.69616, 0.91102, -2.08678, 10.75154, -7.66476, 1.00000, 0.00000
0.78273, 3.92241, -2.87963, 4.92852, 1.37383, 2.19479, 24.00000, 431695.00000, 48079.00000, 191790.87500, 8312958496.77604, 91175.42704, 0.91102, 0.40335, 2.07817, -1.48153, 1.00000, 0.00000
0.00000, 3.18882, -3.75791, 4.92853, 1.57080, 2.43793, 8.00000, 460755.00000, 134857.00000, 243185.00000, 8628065736.50000, 92887.38201, 0.90081, -0.00000, -7.64229, 8.64229, 1.00000, 0.00000
0.00000, 3.73035, -3.21637, 4.92550, 1.57080, 2.28234, 24.00000, 388020.00000, 33861.00000, 175875.62500, 9679682391.48438, 98385.37692, 0.94766, 0.00000, 9.06739, -8.06739, 1.00000, 0.00000
0.00000, 4.83686, -0.87622, 4.91558, 1.57080, 1.75001, 17.00000, 456105.00000, 25861.00000, 136719.11765, 13716483208.80969, 117117.39072, 1.08598, 0.00000, 1.22879, -0.22879, 1.00000, 0.00000
0.78579, 4.35121, -2.14766, 4.91558, 1.39213, 2.02296, 6.00000, 432862.00000, 108139.00000, 208456.00000, 12604900523.33333, 112271.54815, 1.08598, 0.25627, 1.45965, -0.71592, 1.00000, 0.00000
-0.78579, 4.35121, -2.14766, 4.91558, 1.74946, 2.02296, 32.00000, 468438.00000, 48182.00000, 179861.15625, 15002839112.38184, 122486.07722, 1.08598, -0.52573, 2.99442, -1.46868, 1.00000, 0.00000
0.00000, 4.58794, -1.75244, 4.91123, 1.57080, 1.93566, 26.00000, 473268.00000, 49396.00000, 224483.84615, 21630881891.51479, 147074.40937, 1.14286, 0.00000, 1.61803, -0.61803, 1.00000, 0.00000
-2.75567, 4.02561, -0.70086, 4.92853, 2.17107, 1.71348, 89.00000, 484358.00000, 14560.00000, 100972.42697, 8729673827.30084, 93432.72354, 0.90081, -6.49176, 9.35336, -1.86160, 1.00000, 0.00000
-2.21782, 3.93313, -1.97536, 4.92852, 2.08423, 1.98319, 68.00000, 491325.00000, 22681.00000, 138416.54412, 13500642595.80688, 116192.26565, 0.91102, 6.05607, -10.56672, 5.51065, 1.00000, 0.00000
-3.48430, 3.15040, -1.49161, 4.92852, 2.40648, 1.87827, 67.00000, 498163.00000, 22341.00000, 141543.71642, 12232159407.12854, 110599.09316, 0.91102, 1.82322, -1.63909, 0.81587, 1.00000, 0.00000
-2.85909, 3.75484, -1.40973, 4.92550, 2.22158, 1.86107, 56.00000, 422443.00000, 21858.00000, 107337.10714, 9051891150.45281, 95141.42710, 0.94766, 7.02665, -9.32863, 3.30198, 1.00000, 0.00000
-1.49161, 3.48430, -3.15040, 4.92852, 1.97528, 2.26428, 33.00000, 412688.00000, 46165.00000, 176675.21212, 11640673612.89440, 107891.95342, 0.91102, 1.29147, -2.88604, 2.59457, 1.00000, 0.00000
-0.70086, 2.75567, -4.02561, 4.92853, 1.81985, 2.52663, 12.00000, 456345.00000, 67058.00000, 167920.83333, 11892633557.47222, 109053.35189, 0.90081, 0.39414, -1.37444, 1.98030, 1.00000, 0.00000
-1.97536, 2.21782, -3.93313, 4.92852, 2.29844, 2.49482, 18.00000, 466562.00000, 35345.00000, 173020.22222, 15694820804.83950, 125278.97192, 0.91102, 0.54989, -0.60432, 1.05443, 1.00000, 0.00000
-1.40973, 2.85909, -3.75484, 4.92550, 2.02888, 2.43770, 19.00000, 300087.00000, 38237.00000, 128974.05263, 4338705199.10249, 65868.84847, 0.94766, 0.58922, -1.25387, 1.66465, 1.00000, 0.00000
-3.93313, 1.97536, -2.21782, 4.92852, 2.67616, 2.03756, 46.00000, 397342.00000, 20757.00000, 147325.45652, 10320712473.24811, 101590.90743, 0.91102, 0.95092, -0.49591, 0.54500, 1.00000, 0.00000
-3.15040, 1.49161, -3.48430, 4.92852, 2.69940, 2.35600, 25.00000, 478281.00000, 20430.00000, 184236.96000, 12627863820.27840, 112373.76838, 0.91102, 0.61936, -0.30829, 0.68893, 1.00000, 0.00000
-4.02561, 0.70086, -2.75567, 4.92853, 2.96922, 2.16413, 16.00000, 432475.00000, 29640.00000, 152864.93750, 12107068025.80859, 110032.12270, 0.90081, 0.66888, -0.13313, 0.46424, 1.00000, 0.00000
-3.75484, 1.40973, -2.85909, 4.92550, 2.78243, 2.19010, 29.00000, 479107.00000, 27824.00000, 177478.65517, 18913465239.88110, 137526.23473, 0.94766, 0.71466, -0.25296, 0.53830, 0.96552, 0.03448
-2.20355, 3.47499, -2.68919, 4.91558, 2.13592, 2.14966, 40.00000, 432999.00000, 18980.00000, 146461.25000, 13550581659.68750, 116406.96568, 1.08598, 1.52573, -2.37638, 1.85065, 1.00000, 0.00000
-2.68919, 2.20355, -3.47499, 4.91558, 2.45513, 2.35595, 26.00000, 452899.00000, 33440.00000, 180281.46154, 15006675896.86390, 122501.73834, 1.08598, 0.68510, -0.56481, 0.87972, 1.00000, 0.00000
-3.47499, 2.68919, -2.20355, 4.91558, 2.48299, 2.03563, 45.00000, 415325.00000, 19995.00000, 126829.73333, 10480555350.68445, 102374.58352, 1.08598, 1.15838, -0.90211, 0.74373, 1.00000, 0.00000
-2.83550, 2.83550, -2.83550, 4.91123, 2.35619, 2.18628, 39.00000, 481121.00000, 28458.00000, 181992.38462, 13921485677.00592, 117989.34561, 1.14286, 1.00000, -1.00000, 1.00000, 1.00000, 0.00000
-3.18882, 3.75791, 0.00000, 4.92853, 2.27446, 1.57080, 70.00000, 491212.00000, 16450.00000, 126679.24286, 16546899493.89816, 128634.75228, 0.90081, -7.64229, 8.64229, 0.00000, 1.00000, 0.00000
-3.92241, 2.87963, -0.78273, 4.92852, 2.50831, 1.73029, 73.00000, 487545.00000, 17691.00000, 96616.97260, 8726511078.71158, 93415.79673, 0.91102, 2.07817, -1.48153, 0.40335, 1.00000, 0.00000
-3.92241, 2.87963, 0.78273, 4.92852, 2.50831, 1.41130, 57.00000, 494575.00000, 15762.00000, 128915.71930, 12530792490.90366, 111941.02238, 0.91102, 10.75154, -7.66476, -2.08678, 1.00000, 0.00000
-3.73035, 3.21637, 0.00000, 4.92550, 2.43005, 1.57080, 58.00000, 372041.00000, 17358.00000, 115770.87931, 10522915187.45095, 102581.26139, 0.94766, 9.06739, -8.06739, -0.00000, 1.00000, 0.00000
-4.37124, 1.70460, -1.50894, 4.92852, 2.76977, 1.88196, 46.00000, 483360.00000, 23580.00000, 143382.13043, 12220355255.76559, 110545.71568, 0.91102, 1.06961, -0.42255, 0.35294, 0.95652, 0.04348
-4.45876, 0.43315, -2.05481, 4.92853, 3.04475, 2.00085, 26.00000, 427537.00000, 34496.00000, 147565.42308, 12893007179.01331, 113547.37857, 0.90081, 0.75116, -0.08228, 0.33112, 0.96154, 0.03846
-4.85499, 0.43811, -0.72621, 4.92852, 3.05160, 1.71868, 31.00000, 491312.00000, 31670.00000, 196797.58065, 17686010313.34027, 132988.76010, 0.91102, 0.96230, -0.09634, 0.13403, 0.96774, 0.03226
-4.62611, 0.87126, -1.44936, 4.92550, 2.95544, 1.86947, 21.00000, 414213.00000, 25797.00000, 159444.00000, 11866882575.52381, 108935.22192, 0.94766, 0.87099, -0.15634, 0.28534, 1.00000, 0.00000
-4.37124, 1.70460, 1.50894, 4.92852, 2.76977, 1.25963, 33.00000, 498930.00000, 29388.00000, 173403.69697, 16880055346.33242, 129923.26715, 0.91102, 3.63662, -1.43665, -1.19997, 1.00000, 0.00000
-4.85499, 0.43811, 0.72621, 4.92852, 3.05160, 1.42291, 25.00000, 498769.00000, 41248.00000, 229012.28000, 22795889258.84160, 150983.07607, 0.91102, 1.31474, -0.13162, -0.18312, 0.96000, 0.04000
-4.45876, 0.43315, 2.05481, 4.92853, 3.04475, 1.14074, 22.00000, 475918.00000, 40565.00000, 235396.77273, 19460490813.63017, 139500.86313, 0.90081, 2.22389, -0.24359, -0.98030, 0.86364, 0.13636
-4.62611, 0.87126, 1.44936, 4.92550, 2.95544, 1.27212, 16.00000, 382616.00000, 60341.00000, 173559.81250, 9777176049.27734, 98879.60381, 0.94766, 2.02881, -0.36416, -0.66465, 1.00000, 0.00000
-4.35121, 2.14766, -0.78579, 4.91558, 2.68310, 1.73134, 40.00000, 483032.00000, 19574.00000, 145373.32500, 15866216485.41937, 125961.17055, 1.08598, 1.45965, -0.71592, 0.25627, 1.00000, 0.00000
-4.83686, 0.87622, 0.00000, 4.91558, 2.96238, 1.57080, 20.00000, 485565.00000, 43528.00000, 177744.45000, 15576954249.14750, 124807.66903, 1.08598, 1.22879, -0.22879, -0.00000, 0.95000, 0.05000
-4.35121, 2.14766, 0.78579, 4.91558, 2.68310, 1.41025, 39.00000, 491301.00000, 50534.00000, 175678.38462, 14824284238.85207, 121755.01730, 1.08598, 2.99442, -1.46868, -0.52573, 1.00000, 0.00000
-4.58794, 1.75244, 0.00000, 4.91123, 2.77673, 1.57080, 34.00000, 471274.00000, 24540.00000, 124771.23529, 10154822958.47405, 100771.14150, 1.14286, 1.61803, -0.61803, -0.00000, 1.00000, 0.00000
2.75567, 4.02561, 0.70086, 4.92853, 0.97053, 1.42811, 3.00000, 486873.00000, 117035.00000, 314662.66667, 23119711457.55556, 152051.67364, 0.90081, 0.36663, 0.52824, 0.10514, 1.00000, 0.00000
2.21782, 3.93313, 1.97536, 4.92852, 1.05736, 1.15840, 8.00000, 454589.00000, 95648.00000, 219393.25000, 18036077327.68750, 134298.46361, 0.91102, 0.27362, 0.47741, 0.24897, 0.75000, 0.25000
3.48430, 3.15040, 1.49161, 4.92852, 0.73511, 1.26333, 7.00000, 441352.00000, 112251.00000, 290058.42857, 12728797071.10204, 112821.97069, 0.91102, 0.42617, 0.38313, 0.19070, 0.42857, 0.57143
2.85909, 3.75484, 1.40973, 4.92550, 0.92001, 1.28053, 2.00000, 253626.00000, 227684.00000, 240655.00000, 168246841.00000, 12971.00000, 0.94766, 0.35746, 0.47456, 0.16798, 1.00000, 0.00000
1.49161, 3.48430, 3.15040, 4.92852, 1.16631, 0.87732, 6.00000, 496976.00000, 199665.00000, 325348.83333, 12651488100.47222, 112478.83401, 0.91102, 0.19070, 0.42617, 0.38313, 0.50000, 0.50000
0.70086, 2.75567, 4.02561, 4.92853, 1.32174, 0.61496, 6.00000, 343947.00000, 123595.00000, 247990.66667, 6908313578.22222, 83116.26543, 0.90081, 0.10514, 0.36663, 0.52824, 0.66667, 0.33333
1.97536, 2.21782, 3.93313, 4.92852, 0.84316, 0.64677, 12.00000, 486814.00000, 110484.00000, 286396.91667, 14050856711.07639, 118536.30967, 0.91102, 0.24897, 0.27362, 0.47741, 0.25000, 0.75000
1.40973, 2.85909, 3.75484, 4.92550, 1.11271, 0.70390, 11.00000, 472622.00000, 104723.00000, 304272.54545, 9745239728.24793, 98717.98077, 0.94766, 0.16798, 0.35746, 0.47456, 0.36364, 0.63636
3.93313, 1.97536, 2.21782, 4.92852, 0.46544, 1.10403, 3.00000, 478039.00000, 122941.00000, 246116.00000, 26928828686.00000, 164100.05693, 0.91102, 0.47741, 0.24897, 0.27362, 0.33333, 0.66667
3.15040, 1.49161, 3.48430, 4.92852, 0.44220, 0.78559, 9.00000, 461809.00000, 113444.00000, 215014.11111, 8981665216.54321, 94771.64775, 0.91102, 0.38313, 0.19070, 0.42617, 0.22222, 0.77778
4.02561, 0.70086, 2.75567, 4.92853, 0.17237, 0.97747, 5.00000, 225785.00000, 150888.00000, 194694.20000, 759779476.16000, 27564.09759, 0.90081, 0.52824, 0.10514, 0.36663, 0.00000, 1.00000
3.75484, 1.40973, 2.85909, 4.92550, 0.35916, 0.95149, 4.00000, 378757.00000, 103249.00000, 297052.25000, 12908399374.68750, 113615.13708, 0.94766, 0.47456, 0.16798, 0.35746, 0.00000, 1.00000
2.20355, 3.47499, 2.68919, 4.91558, 1.00567, 0.99193, 4.00000, 445248.00000, 99310.00000, 207421.50000, 19552414271.25000, 139829.94769, 1.08598, 0.26522, 0.41309, 0.32170, 0.50000, 0.50000
2.68919, 2.20355, 3.47499, 4.91558, 0.68646, 0.78564, 9.00000, 455584.00000, 84170.00000, 236571.88889, 14631144275.87655, 120959.26701, 1.08598, 0.32170, 0.26522, 0.41309, 0.11111, 0.88889
3.47499, 2.68919, 2.20355, 4.91558, 0.65860, 1.10596, 4.00000, 485109.00000, 199751.00000, 284487.75000, 13846692840.68750, 117671.97135, 1.08598, 0.41309, 0.32170, 0.26522, 0.50000, 0.50000
2.83550, 2.83550, 2.83550, 4.91123, 0.78540, 0.95532, 6.00000, 451051.00000, 140591.00000, 243564.50000, 10553711514.91667, 102731.25870, 1.14286, 0.33333, 0.33333, 0.33333, 0.50000, 0.50000
-0.43315, 2.05481, 4.45876, 4.92853, 1.77855, 0.44016, 7.00000, 485172.00000, 134386.00000, 302622.85714, 14667910107.55102, 121111.14774, 0.90081, -0.08228, 0.33112, 0.75116, 0.28571, 0.71429
-1.70460, 1.50894, 4.37124, 4.92852, 2.41700, 0.48015, 8.00000, 454875.00000, 93614.00000, 244427.37500, 12086787076.23438, 109939.92485, 0.91102, -0.42255, 0.35294, 1.06961, 0.75000, 0.25000
-0.43811, 0.72621, 4.85499, 4.92852, 2.11363, 0.17295, 13.00000, 406864.00000, 65868.00000, 180804.00000, 10845687877.38461, 104142.63237, 0.91102, -0.09634, 0.13403, 0.96230, 0.15385, 0.84615
-0.87126, 1.44936, 4.62611, 4.92550, 2.11205, 0.35046, 15.00000, 447263.00000, 164288.00000, 301488.86667, 8077769529.18222, 89876.41253, 0.94766, -0.15634, 0.28534, 0.87099, 0.60000, 0.40000
-2.87963, 0.78273, 3.92241, 4.92852, 2.87619, 0.65037, 12.00000, 350547.00000, 111309.00000, 211366.41667, 8370066019.40972, 91488.06490, 0.91102, -1.48153, 0.40335, 2.07817, 0.66667, 0.33333
-3.75791, 0.00000, 3.18882, 4.92853, 3.14159, 0.86714, 11.00000, 399864.00000, 81557.00000, 218589.27273, 11842222863.47108, 108821.97785, 0.90081, 8.64229, -0.00000, -7.64229, 0.45455, 0.54545
-2.87963, -0.78273, 3.92241, 4.92852, -2.87619, 0.65037, 15.00000, 456485.00000, 72381.00000, 216675.46667, 14319009897.44889, 119662.06541, 0.91102, -7.66476, -2.08678, 10.75154, 0.40000, 0.60000
-3.21637, 0.00000, 3.73035, 4.92550, 3.14159, 0.71154, 9.00000, 453086.00000, 75174.00000, 285492.11111, 17402019388.32099, 131916.71383, 0.94766, -8.06739, 0.00000, 9.06739, 0.55556, 0.44444
-0.43811, -0.72621, 4.85499, 4.92852, -2.11363, 0.17295, 24.00000, 350868.00000, 33844.00000, 152528.66667, 7108141379.72222, 84309.79409, 0.91102, -0.13162, -0.18312, 1.31474, 0.04167, 0.95833
-1.70460, -1.50894, 4.37124, 4.92852, -2.41700, 0.48015, 15.00000, 499864.00000, 50170.00000, 185427.86667, 16276575613.31556, 127579.68339, 0.91102, -1.43665, -1.19997, 3.63662, 0.00000, 1.00000
-0.43315, -2.05481, 4.45876, 4.92853, -1.77855, 0.44016, 22.00000, 340054.00000, 24923.00000, 123460.63636, 7913169098.68595, 88955.99529, 0.90081, -0.24359, -0.98030, 2.22389, 0.00000, 1.00000
-0.87126, -1.44936, 4.62611, 4.92550, -2.11205, 0.35046, 18.00000, 451460.00000, 39374.00000, 171820.38889, 11449446221.45988, 107002.08513, 0.94766, -0.36416, -0.66465, 2.02881, 0.05556, 0.94444
-2.14766, 0.78579, 4.35121, 4.91558, 2.79084, 0.48390, 13.00000, 353338.00000, 134213.00000, 221220.30769, 5261559125.44379, 72536.60542, 1.08598, -0.71592, 0.25627, 1.45965, 0.76923, 0.23077
-2.14766, -0.78579, 4.35121, 4.91558, -2.79084, 0.48390, 10.00000, 488006.00000, 81056.00000, 250848.40000, 10558387826.04000, 102754.01611, 1.08598, -1.46868, -0.52573, 2.99442, 0.30000, 0.70000
-0.87622, 0.00000, 4.83686, 4.91558, 3.14159, 0.17921, 7.00000, 269081.00000, 87132.00000, 174700.28571, 3535461432.20408, 59459.74632, 1.08598, -0.22879, 0.00000, 1.22879, 0.00000, 1.00000
-1.75244, 0.00000, 4.58794, 4.91123, 3.14159, 0.36486, 12.00000, 394651.00000, 64980.00000, 201066.41667, 13221540143.74305, 114984.95616, 1.14286, -0.61803, 0.00000, 1.61803, 0.16667, 0.83333
-4.45876, -0.43315, 2.05481, 4.92853, -3.04475, 1.14074, 6.00000, 173937.00000, 60672.00000, 122988.00000, 1688003252.00000, 41085.31674, 0.90081, 1.49537, 0.16379, -0.65917, 1.00000, 0.00000
-4.85499, -0.43811, 0.72621, 4.92852, -3.05160, 1.42291, 14.00000, 426849.00000, 41684.00000, 214929.50000, 13079130770.10714, 114364.02743, 0.91102, 1.04077, 0.10419, -0.14496, 0.92857, 0.07143
-4.37124, -1.70460, 1.50894, 4.92852, -2.76977, 1.25963, 13.00000, 464357.00000, 76893.00000, 258207.69231, 13690742314.36686, 117007.44555, 0.91102, 0.93889, 0.37091, -0.30980, 0.61538, 0.38462
-4.62611, -0.87126, 1.44936, 4.92550, -2.95544, 1.27212, 11.00000, 475638.00000, 133121.00000, 339046.18182, 14361366448.87604, 119838.91876, 0.94766, 1.17386, 0.21070, -0.38457, 0.72727, 0.27273
-4.85499, -0.43811, -0.72621, 4.92852, -3.05160, 1.71868, 14.00000, 385790.00000, 58226.00000, 208312.57143, 8351143844.38776, 91384.59304, 0.91102, 0.80685, 0.08077, 0.11238, 0.85714, 0.14286
-4.45876, -0.43315, -2.05481, 4.92853, -3.04475, 2.00085, 15.00000, 447900.00000, 41404.00000, 172155.40000, 12095183550.10667, 109978.10487, 0.90081, 0.64502, 0.07065, 0.28433, 0.93333, 0.06667
-4.37124, -1.70460, -1.50894, 4.92852, -2.76977, 1.88196, 3.00000, 440285.00000, 189144.00000, 300774.33333, 10900623473.55556, 104406.05094, 0.91102, 0.57970, 0.22901, 0.19128, 0.66667, 0.33333
-4.62611, -0.87126, -1.44936, 4.92550, -2.95544, 1.86947, 6.00000, 305947.00000, 68654.00000, 167207.00000, 9045575189.33333, 95108.22882, 0.94766, 0.66353, 0.11910, 0.21738, 1.00000, 0.00000
-3.92241, -2.87963, 0.78273, 4.92852, -2.50831, 1.41130, 4.00000, 477730.00000, 191455.00000, 388230.25000, 13685559382.68750, 116985.29558, 0.91102, 0.65841, 0.46938, -0.12779, 0.50000, 0.50000
-3.92241, -2.87963, -0.78273, 4.92852, -2.50831, 1.73029, 6.00000, 485620.00000, 213002.00000, 346371.16667, 10505067749.13889, 102494.23276, 0.91102, 0.52439, 0.37383, 0.10178, 0.66667, 0.33333
-3.18882, -3.75791, 0.00000, 4.92853, -2.27446, 1.57080, 10.00000, 467940.00000, 59498.00000, 278453.50000, 12491583235.05000, 111765.75162, 0.90081, 0.46930, 0.53070, 0.00000, 0.10000, 0.90000
-3.73035, -3.21637, 0.00000, 4.92550, -2.43005, 1.57080, 2.00000, 367882.00000, 112811.00000, 240346.50000, 16265303760.25000, 127535.50000, 0.94766, 0.52918, 0.47082, -0.00000, 0.00000, 1.00000
-4.83686, -0.87622, 0.00000, 4.91558, -2.96238, 1.57080, 4.00000, 267022.00000, 138980.00000, 206535.25000, 2631687063.68750, 51299.97138, 1.08598, 0.84303, 0.15697, -0.00000, 0.75000, 0.25000
-4.35121, -2.14766, -0.78579, 4.91558, -2.68310, 1.73134, 5.00000, 437714.00000, 46770.00000, 258508.60000, 22920319931.44000, 151394.58356, 1.08598, 0.60022, 0.29439, 0.10538, 0.80000, 0.20000
-4.35121, -2.14766, 0.78579, 4.91558, -2.68310, 1.41025, 3.00000, 422225.00000, 142055.00000, 321438.00000, 16171203758.00000, 127166.04798, 1.08598, 0.76051, 0.37301, -0.13352, 0.33333, 0.66667
-4.58794, -1.75244, 0.00000, 4.91123, -2.77673, 1.57080, 12.00000, 488409.00000, 140354.00000, 280110.33333, 14139444206.38889, 118909.39495, 1.14286, 0.72361, 0.27639, -0.00000, 0.58333, 0.41667
-3.75791, 0.00000, -3.18882, 4.92853, 3.14159, 2.27446, 12.00000, 478158.00000, 72143.00000, 221794.91667, 20868488438.07639, 144459.29682, 0.90081, 0.53070, -0.00000, 0.46930, 0.91667, 0.08333
-2.87963, 0.78273, -3.92241, 4.92852, 2.87619, 2.49122, 17.00000, 481513.00000, 69918.00000, 262849.88235, 19151326678.57439, 138388.31843, 0.91102, 0.46938, -0.12779, 0.65841, 0.88235, 0.11765
-2.87963, -0.78273, -3.92241, 4.92852, -2.87619, 2.49122, 10.00000, 458972.00000, 110652.00000, 254386.00000, 9986706164.20000, 99933.50872, 0.91102, 0.37383, 0.10178, 0.52439, 0.90000, 0.10000
-3.21637, 0.00000, -3.73035, 4.92550, 3.14159, 2.43005, 15.00000, 415505.00000, 75710.00000, 220691.13333, 12501564495.04889, 111810.39529, 0.94766, 0.47082, 0.00000, 0.52918, 0.86667, 0.13333
-1.70460, 1.50894, -4.37124, 4.92852, 2.41700, 2.66145, 12.00000, 460849.00000, 79682.00000, 227215.00000, 16080405567.16667, 126808.53902, 0.91102, 0.37091, -0.30980, 0.93889, 0.91667, 0.08333
-0.43315, 2.05481, -4.45876, 4.92853, 1.77855, 2.70143, 9.00000, 286063.00000, 60988.00000, 148890.33333, 4117552280.00000, 64168.15628, 0.90081, 0.16379, -0.65917, 1.49537, 1.00000, 0.00000
-0.43811, 0.72621, -4.85499, 4.92852, 2.11363, 2.96865, 1.00000, 481204.00000, 481204.00000, 481204.00000, 0.00000, 0.00000, 0.91102, 0.10419, -0.14496, 1.04077, 0.00000, 1.00000
-0.87126, 1.44936, -4.62611, 4.92550, 2.11205, 2.79113, 7.00000, 324189.00000, 93240.00000, 243179.85714, 5950780091.26531, 77141.29952, 0.94766, 0.21070, -0.38457, 1.17386, 1.00000, 0.00000
-1.70460, -1.50894, -4.37124, 4.92852, -2.41700, 2.66145, 4.00000, 450073.00000, 126199.00000, 260719.50000, 17956866137.25000, 134003.23182, 0.91102, 0.22901, 0.19128, 0.57970, 1.00000, 0.00000
-0.43811, -0.72621, -4.85499, 4.92852, -2.11363, 2.96865, 3.00000, 428483.00000, 220121.00000, 344534.66667, 8054508774.88889, 89746.91513, 0.91102, 0.08077, 0.11238, 0.80685, 0.33333, 0.66667
-0.43315, -2.05481, -4.45876, 4.92853, -1.77855, 2.70143, 8.00000, 421502.00000, 142122.00000, 310258.00000, 9354534336.75000, 96718.84168, 0.90081, 0.07065, 0.28433, 0.64502, 0.37500, 0.62500
-0.87126, -1.44936, -4.62611, 4.92550, -2.11205, 2.79113, 4.00000, 493199.00000, 195864.00000, 302848.25000, 13890469566.68750, 117857.83625, 0.94766, 0.11910, 0.21738, 0.66353, 0.50000, 0.50000
-2.14766, 0.78579, -4.35121, 4.91558, 2.79084, 2.65769, 7.00000, 282066.00000, 101856.00000, 188382.57143, 3387705519.95918, 58203.99917, 1.08598, 0.37301, -0.13352, 0.76051, 1.00000, 0.00000
-0.87622, 0.00000, -4.83686, 4.91558, 3.14159, 2.96238, 5.00000, 410785.00000, 151463.00000, 224333.20000, 8900416010.56000, 94342.01615, 1.08598, 0.15697, 0.00000, 0.84303, 1.00000, 0.00000
-2.14766, -0.78579, -4.35121, 4.91558, -2.79084, 2.65769, 4.00000, 275623.00000, 76827.00000, 168255.25000, 5097692792.18750, 71398.12877, 1.08598, 0.29439, 0.10538, 0.60022, 1.00000, 0.00000
-1.75244, 0.00000, -4.58794, 4.91123, 3.14159, 2.77673, 5.00000, 314820.00000, 56203.00000, 128855.40000, 8865535994.24000, 94156.97528, 1.14286, 0.27639, 0.00000, 0.72361, 1.00000, 0.00000
0.70086, 2.75567, -4.02561, 4.92853, 1.32174, 2.52663, 12.00000, 456040.00000, 64092.00000, 179498.66667, 15976696396.38889, 126398.95726, 0.90081, -1.86160, -6.49176, 9.35336, 1.00000, 0.00000
1.49161, 3.48430, -3.15040, 4.92852, 1.16631, 2.26428, 7.00000, 469477.00000, 71702.00000, 186502.00000, 15428332963.71428, 124210.84077, 0.91102, 0.81587, 1.82322, -1.63909, 1.00000, 0.00000
1.97536, 2.21782, -3.93313, 4.92852, 0.84316, 2.49482, 3.00000, 180244.00000, 162560.00000, 171514.33333, 52145880.22222, 7221.21044, 0.91102, 5.51065, 6.05607, -10.56672, 1.00000, 0.00000
1.40973, 2.85909, -3.75484, 4.92550, 1.11271, 2.43770, 3.00000, 492832.00000, 39613.00000, 240042.66667, 35605344340.22222, 188693.78458, 0.94766, 3.30198, 7.02665, -9.32863, 1.00000, 0.00000
2.21782, 3.93313, -1.97536, 4.92852, 1.05736, 1.98319, 8.00000, 463521.00000, 174327.00000, 278806.62500, 10036375925.98438, 100181.71453, 0.91102, 0.54500, 0.95092, -0.49591, 0.87500, 0.12500
2.75567, 4.02561, -0.70086, 4.92853, 0.97053, 1.71348, 4.00000, 346765.00000, 163497.00000, 235999.50000, 5611352310.75000, 74908.96015, 0.90081, 0.46424, 0.66888, -0.13313, 1.00000, 0.00000
3.48430, 3.15040, -1.49161, 4.92852, 0.73511, 1.87827, 5.00000, 377136.00000, 197633.00000, 311298.00000, 6058334493.20000, 77835.30364, 0.91102, 0.68893, 0.61936, -0.30829, 0.80000, 0.20000
2.85909, 3.75484, -1.40973, 4.92550, 0.92001, 1.86107, 6.00000, 383912.00000, 78222.00000, 236623.83333, 12672832160.13889, 112573.67437, 0.94766, 0.53830, 0.71466, -0.25296, 1.00000, 0.00000
3.15040, 1.49161, -3.48430, 4.92852, 0.44220, 2.35600, 3.00000, 498261.00000, 177460.00000, 322364.66667, 17632455301.55555, 132787.25579, 0.91102, 2.59457, 1.29147, -2.88604, 0.66667, 0.33333
3.93313, 1.97536, -2.21782, 4.92852, 0.46544, 2.03756, 0.00000, 0.00000, 0.00000, 0.00000, 0.00000, 0.00000, 0.91102, 1.05443, 0.54989, -0.60432, 0.00000, 0.00000
4.02561, 0.70086, -2.75567, 4.92853, 0.17237, 2.16413, 1.00000, 415212.00000, 415212.00000, 415212.00000, 0.00000, 0.00000, 0.90081, 1.98030, 0.39414, -1.37444, 1.00000, 0.00000
3.75484, 1.40973, -2.85909, 4.92550, 0.35916, 2.19010, 3.00000, 345405.00000, 315001.00000, 326564.00000, 180551844.66667, 13436.95816, 0.94766, 1.66465, 0.58922, -1.25387, 0.00000, 1.00000
2.20355, 3.47499, -2.68919, 4.91558, 1.00567, 2.14966, 3.00000, 405279.00000, 249336.00000, 332604.66667, 4109156490.88889, 64102.70268, 1.08598, 0.74373, 1.15838, -0.90211, 1.00000, 0.00000
3.47499, 2.68919, -2.20355, 4.91558, 0.65860, 2.03563, 0.00000, 0.00000, 0.00000, 0.00000, 0.00000, 0.00000, 1.08598, 0.87972, 0.68510, -0.56481, 0.00000, 0.00000
2.68919, 2.20355, -3.47499, 4.91558, 0.68646, 2.35595, 1.00000, 249943.00000, 249943.00000, 249943.00000, 0.00000, 0.00000, 1.08598, 1.85065, 1.52573, -2.37638, 1.00000, 0.00000
2.83550, 2.83550, -2.83550, 4.91123, 0.78540, 2.18628, 4.00000, 481649.00000, 60446.00000, 349236.00000, 28290854768.50000, 168198.85484, 1.14286, 1.00000, 1.00000, -1.00000, 0.75000, 0.25000
2.75567, -4.02561, 0.70086, 4.92853, -0.97053, 1.42811, 47.00000, 488576.00000, 15877.00000, 159676.27660, 16461006961.56179, 128300.45581, 0.90081, -6.49176, 9.35336, -1.86160, 0.00000, 1.00000
3.48430, -3.15040, 1.49161, 4.92852, -0.73511, 1.26333, 62.00000, 426802.00000, 13659.00000, 117899.01613, 11632871390.95135, 107855.78979, 0.91102, 1.82322, -1.63909, 0.81587, 0.00000, 1.00000
2.21782, -3.93313, 1.97536, 4.92852, -1.05736, 1.15840, 103.00000, 442394.00000, 11422.00000, 111166.95146, 11938814052.25978, 109264.88023, 0.91102, 6.05607, -10.56672, 5.51065, 0.00000, 1.00000
2.85909, -3.75484, 1.40973, 4.92550, -0.92001, 1.28053, 52.00000, 399201.00000, 22038.00000, 129138.40385, 10629635502.50999, 103100.12368, 0.94766, 7.02665, -9.32863, 3.30198, 0.00000, 1.00000
3.93313, -1.97536, 2.21782, 4.92852, -0.46544, 1.10403, 30.00000, 347058.00000, 20955.00000, 107331.00000, 6159425598.26667, 78482.00812, 0.91102, 0.95092, -0.49591, 0.54500, 0.00000, 1.00000
4.02561, -0.70086, 2.75567, 4.92853, -0.17237, 0.97747, 20.00000, 439647.00000, 36889.00000, 178468.30000, 13919325969.51000, 117980.19312, 0.90081, 0.66888, -0.13313, 0.46424, 0.00000, 1.00000
3.15040, -1.49161, 3.48430, 4.92852, -0.44220, 0.78559, 46.00000, 464957.00000, 24643.00000, 150613.93478, 17847925915.10444, 133596.12987, 0.91102, 0.61936, -0.30829, 0.68893, 0.00000, 1.00000
3.75484, -1.40973, 2.85909, 4.92550, -0.35916, 0.95149, 33.00000, 452526.00000, 23763.00000, 132990.00000, 13795581052.06061, 117454.59145, 0.94766, 0.71466, -0.25296, 0.53830, 0.00000, 1.00000
1.49161, -3.48430, 3.15040, 4.92852, -1.16631, 0.87732, 112.00000, 477013.00000, 10549.00000, 84085.59821, 7212934969.49036, 84928.99958, 0.91102, 1.29147, -2.88604, 2.59457, 0.00000, 1.00000
1.97536, -2.21782, 3.93313, 4.92852, -0.84316, 0.64677, 81.00000, 452417.00000, 10929.00000, 107418.24691, 10640010117.88965, 103150.42471, 0.91102, 0.54989, -0.60432, 1.05443, 0.00000, 1.00000
0.70086, -2.75567, 4.02561, 4.92853, -1.32174, 0.61496, 60.00000, 497145.00000, 16375.00000, 137738.01667, 14435558569.18305, 120148.06935, 0.90081, 0.39414, -1.37444, 1.98030, 0.00000, 1.00000
1.40973, -2.85909, 3.75484, 4.92550, -1.11271, 0.70390, 73.00000, 481567.00000, 16379.00000, 108479.83562, 11603365868.68531, 107718.92066, 0.94766, 0.58922, -1.25387, 1.66465, 0.00000, 1.00000
3.47499, -2.68919, 2.20355, 4.91558, -0.65860, 1.10596, 53.00000, 409773.00000, 11906.00000, 115085.60377, 9999327863.78640, 99996.63926, 1.08598, 1.15838, -0.90211, 0.74373, 0.00000, 1.00000
2.68919, -2.20355, 3.47499, 4.91558, -0.68646, 0.78564, 55.00000, 496841.00000, 10035.00000, 133938.89091, 18412526055.47901, 135692.76346, 1.08598, 0.68510, -0.56481, 0.87972, 0.00000, 1.00000
2.20355, -3.47499, 2.68919, 4.91558, -1.00567, 0.99193, 84.00000, 403250.00000, 9880.00000, 97659.39286, 8123225737.23852, 90128.93951, 1.08598, 1.52573, -2.37638, 1.85065, 0.00000, 1.00000
2.83550, -2.83550, 2.83550, 4.91123, -0.78540, 0.95532, 85.00000, 490955.00000, 14876.00000, 105416.31765, 10719071852.47557, 103532.95056, 1.14286, 1.00000, -1.00000, 1.00000, 0.00000, 1.00000
2.05481, -4.45876, 0.43315, 4.92853, -1.13896, 1.48280, 42.00000, 450461.00000, 20422.00000, 126791.00000, 12243329155.33333, 110649.57820, 0.90081, -0.98030, 2.22389, -0.24359, 0.00000, 1.00000
1.50894, -4.37124, 1.70460, 4.92852, -1.23841, 1.21764, 104.00000, 477743.00000, 8662.00000, 97072.62500, 7762033960.08053, 88102.40610, 0.91102, -1.19997, 3.63662, -1.43665, 0.00000, 1.00000
0.72621, -4.85499, 0.43811, 4.92852, -1.42232, 1.48179, 36.00000, 468161.00000, 26316.00000, 108218.75000, 7981232881.85417, 89337.74612, 0.91102, -0.18312, 1.31474, -0.13162, 0.00000, 1.00000
1.44936, -4.62611, 0.87126, 4.92550, -1.26718, 1.39297, 50.00000, 309466.00000, 22134.00000, 123640.12000, 6772714921.54560, 82296.50613, 0.94766, -0.66465, 2.02881, -0.36416, 0.00000, 1.00000
0.78273, -3.92241, 2.87963, 4.92852, -1.37383, 0.94680, 104.00000, 479672.00000, 13151.00000, 100573.29808, 8147398499.82461, 90262.94090, 0.91102, -2.08678, 10.75154, -7.66476, 0.00000, 1.00000
0.00000, -3.18882, 3.75791, 4.92853, -1.57080, 0.70366, 63.00000, 484203.00000, 17955.00000, 128795.23810, 12369597167.57823, 111218.69073, 0.90081, 0.00000, -7.64229, 8.64229, 0.00000, 1.00000
-0.78273, -3.92241, 2.87963, 4.92852, -1.76776, 0.94680, 42.00000, 440288.00000, 18670.00000, 107740.61905, 7375834316.28345, 85882.67763, 0.91102, 0.40335, 2.07817, -1.48153, 0.00000, 1.00000
0.00000, -3.73035, 3.21637, 4.92550, -1.57080, 0.85925, 55.00000, 437416.00000, 15457.00000, 102724.21818, 9024269071.07967, 94996.15293, 0.94766, -0.00000, 9.06739, -8.06739, 0.00000, 1.00000
-0.72621, -4.85499, 0.43811, 4.92852, -1.71928, 1.48179, 23.00000, 461789.00000, 41725.00000, 154224.60870, 13701198692.58601, 117052.11956, 0.91102, 0.13403, 0.96230, -0.09634, 0.00000, 1.00000
-1.50894, -4.37124, 1.70460, 4.92852, -1.90319, 1.21764, 39.00000, 439058.00000, 24043.00000, 147808.69231, 11447008073.85404, 106990.69153, 0.91102, 0.35294, 1.06961, -0.42255, 0.00000, 1.00000
-2.05481, -4.45876, 0.43315, 4.92853, -2.00263, 1.48280, 17.00000, 488356.00000, 29257.00000, 267694.05882, 20776890888.76125, 144141.91233, 0.90081, 0.33112, 0.75116, -0.08228, 0.11765, 0.88235
-1.44936, -4.62611, 0.87126, 4.92550, -1.87441, 1.39297, 18.00000, 449679.00000, 49086.00000, 166912.27778, 13688029400.64506, 116995.85207, 0.94766, 0.28534, 0.87099, -0.15634, 0.00000, 1.00000
0.78579, -4.35121, 2.14766, 4.91558, -1.39213, 1.11864, 66.00000, 482031.00000, 16190.00000, 121813.27273, 13410467539.89532, 115803.57309, 1.08598, -0.52573, 2.99442, -1.46868, 0.01515, 0.98485
-0.78579, -4.35121, 2.14766, 4.91558, -1.74946, 1.11864, 24.00000, 377907.00000, 41574.00000, 132432.04167, 8364309120.45660, 91456.59692, 1.08598, 0.25627, 1.45965, -0.71592, 0.00000, 1.00000
0.00000, -4.83686, 0.87622, 4.91558, -1.57080, 1.39159, 37.00000, 415937.00000, 16150.00000, 152968.43243, 12576814712.13733, 112146.39857, 1.08598, -0.00000, 1.22879, -0.22879, 0.00000, 1.00000
0.00000, -4.58794, 1.75244, 4.91123, -1.57080, 1.20593, 54.00000, 471107.00000, 21862.00000, 158842.05556, 15195159077.57099, 123268.64596, 1.14286, -0.00000, 1.61803, -0.61803, 0.01852, 0.98148
2.05481, -4.45876, -0.43315, 4.92853, -1.13896, 1.65880, 35.00000, 498867.00000, 44808.00000, 185255.00000, 17145941015.02857, 130942.51034, 0.90081, -0.65917, 1.49537, 0.16379, 0.00000, 1.00000
0.72621, -4.85499, -0.43811, 4.92852, -1.42232, 1.65981, 25.00000, 452030.00000, 35291.00000, 172879.32000, 13807777803.65760, 117506.50111, 0.91102, -0.14496, 1.04077, 0.10419, 0.04000, 0.96000
1.50894, -4.37124, -1.70460, 4.92852, -1.23841, 1.92396, 13.00000, 468930.00000, 64028.00000, 184505.00000, 10796568300.00000, 103906.53637, 0.91102, -0.30980, 0.93889, 0.37091, 0.07692, 0.92308
1.44936, -4.62611, -0.87126, 4.92550, -1.26718, 1.74862, 19.00000, 451640.00000, 21534.00000, 192651.84211, 18245330017.71191, 135075.27538, 0.94766, -0.38457, 1.17386, 0.21070, 0.00000, 1.00000
-0.72621, -4.85499, -0.43811, 4.92852, -1.71928, 1.65981, 17.00000, 435331.00000, 37264.00000, 195050.94118, 17281885943.58477, 131460.58703, 0.91102, 0.11238, 0.80685, 0.08077, 0.00000, 1.00000
-2.05481, -4.45876, -0.43315, 4.92853, -2.00263, 1.65880, 4.00000, 246747.00000, 109553.00000, 206901.75000, 3179969328.68750, 56391.21677, 0.90081, 0.28433, 0.64502, 0.07065, 0.50000, 0.50000
-1.50894, -4.37124, -1.70460, 4.92852, -1.90319, 1.92396, 8.00000, 367576.00000, 98522.00000, 253848.62500, 9317015223.23438, 96524.68712, 0.91102, 0.19128, 0.57970, 0.22901, 0.25000, 0.75000
-1.44936, -4.62611, -0.87126, 4.92550, -1.87441, 1.74862, 8.00000, 387822.00000, 73492.00000, 211212.00000, 10557199863.50000, 102748.23533, 0.94766, 0.21738, 0.66353, 0.11910, 0.00000, 1.00000
0.78273, -3.92241, -2.87963, 4.92852, -1.37383, 2.19479, 11.00000, 436605.00000, 164887.00000, 276482.81818, 7150029413.78512, 84557.84655, 0.91102, -0.12779, 0.65841, 0.46938, 0.00000, 1.00000
-0.78273, -3.92241, -2.87963, 4.92852, -1.76776, 2.19479, 4.00000, 382779.00000, 152362.00000, 250001.50000, 8692785757.25000, 93235.11011, 0.91102, 0.10178, 0.52439, 0.37383, 0.00000, 1.00000
0.00000, -3.18882, -3.75791, 4.92853, -1.57080, 2.43793, 6.00000, 420211.00000, 206377.00000, 297093.66667, 4937193793.22222, 70265.16771, 0.90081, 0.00000, 0.46930, 0.53070, 0.33333, 0.66667
0.00000, -3.73035, -3.21637, 4.92550, -1.57080, 2.28234, 5.00000, 486582.00000, 171727.00000, 267223.20000, 12938105813.36000, 113745.79471, 0.94766, -0.00000, 0.52918, 0.47082, 0.20000, 0.80000
0.00000, -4.83686, -0.87622, 4.91558, -1.57080, 1.75001, 18.00000, 473360.00000, 71067.00000, 264611.22222, 15047478580.61728, 122668.16450, 1.08598, -0.00000, 0.84303, 0.15697, 0.00000, 1.00000
-0.78579, -4.35121, -2.14766, 4.91558, -1.74946, 2.02296, 10.00000, 450063.00000, 114548.00000, 258555.90000, 10813556680.09000, 103988.25261, 1.08598, 0.10538, 0.60022, 0.29439, 0.00000, 1.00000
0.78579, -4.35121, -2.14766, 4.91558, -1.39213, 2.02296, 11.00000, 382734.00000, 61217.00000, 193404.63636, 12249843954.04959, 110679.01316, 1.08598, -0.13352, 0.76051, 0.37301, 0.00000, 1.00000
0.00000, -4.58794, -1.75244, 4.91123, -1.57080, 1.93566, 8.00000, 473499.00000, 60680.00000, 297956.25000, 19982414043.68750, 141359.16682, 1.14286, -0.00000, 0.72361, 0.27639, 0.12500, 0.87500
2.75567, -4.02561, -0.70086, 4.92853, -0.97053, 1.71348, 26.00000, 475099.00000, 53708.00000, 186701.50000, 14845446836.25000, 121841.89278, 0.90081, -1.37444, 1.98030, 0.39414, 0.00000, 1.00000
2.21782, -3.93313, -1.97536, 4.92852, -1.05736, 1.98319, 5.00000, 444642.00000, 28492.00000, 163111.40000, 22148612689.04000, 148824.09983, 0.91102, -0.60432, 1.05443, 0.54989, 0.00000, 1.00000
3.48430, -3.15040, -1.49161, 4.92852, -0.73511, 1.87827, 19.00000, 495933.00000, 37784.00000, 219080.84211, 19611482598.23822, 140041.00327, 0.91102, -2.88604, 2.59457, 1.29147, 0.00000, 1.00000
2.85909, -3.75484, -1.40973, 4.92550, -0.92001, 1.86107, 17.00000, 362979.00000, 66038.00000, 220935.23529, 6026766576.41523, 77632.25217, 0.94766, -1.25387, 1.66465, 0.58922, 0.00000, 1.00000
1.49161, -3.48430, -3.15040, 4.92852, -1.16631, 2.26428, 7.00000, 454101.00000, 127587.00000, 291249.71429, 12033631469.06122, 109697.91005, 0.91102, -0.30829, 0.68893, 0.61936, 0.00000, 1.00000
0.70086, -2.75567, -4.02561, 4.92853, -1.32174, 2.52663, 6.00000, 403420.00000, 96583.00000, 229555.83333, 16137627068.47222, 127033.96030, 0.90081, -0.13313, 0.46424, 0.66888, 0.16667, 0.83333
1.97536, -2.21782, -3.93313, 4.92852, -0.84316, 2.49482, 1.00000, 136815.00000, 136815.00000, 136815.00000, 0.00000, 0.00000, 0.91102, -0.49591, 0.54500, 0.95092, 0.00000, 1.00000
1.40973, -2.85909, -3.75484, 4.92550, -1.11271, 2.43770, 3.00000, 219871.00000, 161501.00000, 195481.33333, 613833260.22222, 24775.65862, 0.94766, -0.25296, 0.53830, 0.71466, 0.33333, 0.66667
3.93313, -1.97536, -2.21782, 4.92852, -0.46544, 2.03756, 6.00000, 423626.00000, 117091.00000, 267031.50000, 11792524017.58333, 108593.38846, 0.91102, -10.56672, 5.51065, 6.05607, 0.00000, 1.00000
3.15040, -1.49161, -3.48430, 4.92852, -0.44220, 2.35600, 6.00000, 369441.00000, 239179.00000, 272291.16667, 2104264690.13889, 45872.26493, 0.91102, -1.63909, 0.81587, 1.82322, 0.00000, 1.00000
4.02561, -0.70086, -2.75567, 4.92853, -0.17237, 2.16413, 0.00000, 0.00000, 0.00000, 0.00000, 0.00000, 0.00000, 0.90081, 9.35336, -1.86160, -6.49176, 0.00000, 0.00000
3.75484, -1.40973, -2.85909, 4.92550, -0.35916, 2.19010, 3.00000, 351680.00000, 235340.00000, 281146.33333, 2561553106.88889, 50611.78822, 0.94766, -9.32863, 3.30198, 7.02665, 0.33333, 0.66667
2.20355, -3.47499, -2.68919, 4.91558, -1.00567, 2.14966, 9.00000, 340164.00000, 102847.00000, 194851.88889, 7640764841.87654, 87411.46859, 1.08598, -0.56481, 0.87972, 0.68510, 0.00000, 1.00000
2.68919, -2.20355, -3.47499, 4.91558, -0.68646, 2.35595, 8.00000, 407375.00000, 110597.00000, 278588.50000, 9690686295.00000, 98441.28349, 1.08598, -0.90211, 0.74373, 1.15838, 0.00000, 1.00000
3.47499, -2.68919, -2.20355, 4.91558, -0.65860, 2.03563, 4.00000, 294940.00000, 49665.00000, 172718.75000, 7523710579.18750, 86739.32545, 1.08598, -2.37638, 1.85065, 1.52573, 0.00000, 1.00000
2.83550, -2.83550, -2.83550, 4.91123, -0.78540, 2.18628, 3.00000, 460905.00000, 157228.00000, 311044.66667, 15377779674.88889, 124007.17590, 1.14286, -1.00000, 1.00000, 1.00000, 0.00000, 1.00000
3.18882, -3.75791, 0.00000, 4.92853, -0.86714, 1.57080, 32.00000, 354222.00000, 28414.00000, 160192.06250, 8875847695.37109, 94211.71740, 0.90081, -7.64229, 8.64229, -0.00000, 0.00000, 1.00000
3.92241, -2.87963, -0.78273, 4.92852, -0.63328, 1.73029, 11.00000, 481079.00000, 90110.00000, 288709.54545, 13107869557.15703, 114489.60458, 0.91102, 10.75154, -7.66476, -2.08678, 0.00000, 1.00000
3.92241, -2.87963, 0.78273, 4.92852, -0.63328, 1.41130, 42.00000, 488938.00000, 28764.00000, 159984.59524, 14671083825.28855, 121124.24953, 0.91102, 2.07817, -1.48153, 0.40335, 0.00000, 1.00000
3.73035, -3.21637, 0.00000, 4.92550, -0.71154, 1.57080, 17.00000, 494960.00000, 46120.00000, 197893.52941, 21361570262.24913, 146155.97922, 0.94766, 9.06739, -8.06739, 0.00000, 0.00000, 1.00000
4.37124, -1.70460, -1.50894, 4.92852, -0.37182, 1.88196, 6.00000, 340113.00000, 59708.00000, 188075.83333, 10371817692.80556, 101842.12141, 0.91102, 3.63662, -1.43665, -1.19997, 0.00000, 1.00000
4.45876, -0.43315, -2.05481, 4.92853, -0.09684, 2.00085, 2.00000, 360664.00000, 350741.00000, 355702.50000, 24616482.25000, 4961.50000, 0.90081, 2.22389, -0.24359, -0.98030, 0.00000, 1.00000
4.85499, -0.43811, -0.72621, 4.92852, -0.09000, 1.71868, 8.00000, 455888.00000, 87056.00000, 214778.87500, 12274320161.60938, 110789.53092, 0.91102, 1.31474, -0.13162, -0.18312, 0.00000, 1.00000
4.62611, -0.87126, -1.44936, 4.92550, -0.18616, 1.86947, 6.00000, 287206.00000, 125138.00000, 202266.83333, 2884073062.13889, 53703.56657, 0.94766, 2.02881, -0.36416, -0.66465, 0.00000, 1.00000
4.37124, -1.70460, 1.50894, 4.92852, -0.37182, 1.25963, 37.00000, 444744.00000, 14373.00000, 171060.59459, 15139240774.13294, 123041.62212, 0.91102, 1.06961, -0.42255, 0.35294, 0.00000, 1.00000
4.85499, -0.43811, 0.72621, 4.92852, -0.09000, 1.42291, 7.00000, 401002.00000, 91343.00000, 244273.42857, 12840645583.67347, 113316.57241, 0.91102, 0.96230, -0.09634, 0.13403, 0.14286, 0.85714
4.45876, -0.43315, 2.05481, 4.92853, -0.09684, 1.14074, 11.00000, 384917.00000, 81980.00000, 170943.27273, 7579070508.56198, 87057.85725, 0.90081, 0.75116, -0.08228, 0.33112, 0.00000, 1.00000
4.62611, -0.87126, 1.44936, 4.92550, -0.18616, 1.27212, 18.00000, 463418.00000, 51131.00000, 201214.16667, 16797818929.02778, 129606.40003, 0.94766, 0.87099, -0.15634, 0.28534, 0.00000, 1.00000
4.35121, -2.14766, -0.78579, 4.91558, -0.45850, 1.73134, 9.00000, 419556.00000, 65795.00000, 159306.55556, 10209827679.35802, 101043.69193, 1.08598, 2.99442, -1.46868, -0.52573, 0.00000, 1.00000
4.83686, -0.87622, 0.00000, 4.91558, -0.17921, 1.57080, 8.00000, 482328.00000, 119214.00000, 235877.50000, 14295567405.50000, 119564.07239, 1.08598, 1.22879, -0.22879, 0.00000, 0.00000, 1.00000
4.35121, -2.14766, 0.78579, 4.91558, -0.45850, 1.41025, 22.00000, 457305.00000, 40340.00000, 158576.04545, 15645386836.13430, 125081.52076, 1.08598, 1.45965, -0.71592, 0.25627, 0.00000, 1.00000
4.58794, -1.75244, 0.00000, 4.91123, -0.36486, 1.57080, 16.00000, 461979.00000, 41780.00000, 195351.43750, 11406779252.87109, 106802.52456, 1.14286, 1.61803, -0.61803, 0.00000, 0.00000, 1.00000
0.43315, -2.05481, 4.45876, 4.92853, -1.36304, 0.44016, 42.00000, 469445.00000, 20760.00000, 114345.64286, 8910725821.08673, 94396.64094, 0.90081, 0.16379, -0.65917, 1.49537, 0.02381, 0.97619
1.70460, -1.50894, 4.37124, 4.92852, -0.72459, 0.48015, 52.00000, 487821.00000, 18456.00000, 143073.76923, 10681516930.48521, 103351.42442, 0.91102, 0.37091, -0.30980, 0.93889, 0.00000, 1.00000
0.43811, -0.72621, 4.85499, 4.92852, -1.02797, 0.17295, 27.00000, 459897.00000, 37405.00000, 201137.81481, 14113671559.26200, 118800.97457, 0.91102, 0.10419, -0.14496, 1.04077, 0.03704, 0.96296
0.87126, -1.44936, 4.62611, 4.92550, -1.02954, 0.35046, 29.00000, 477822.00000, 40476.00000, 150902.55172, 17659152359.07491, 132887.74345, 0.94766, 0.21070, -0.38457, 1.17386, 0.00000, 1.00000
2.87963, -0.78273, 3.92241, 4.92852, -0.26540, 0.65037, 35.00000, 465232.00000, 34145.00000, 166262.65714, 15846439841.76816, 125882.64313, 0.91102, 0.46938, -0.12779, 0.65841, 0.02857, 0.97143
3.75791, 0.00000, 3.18882, 4.92853, 0.00000, 0.86714, 18.00000, 486695.00000, 49123.00000, 219604.11111, 15555263945.09877, 124720.74384, 0.90081, 0.53070, -0.00000, 0.46930, 0.05556, 0.94444
2.87963, 0.78273, 3.92241, 4.92852, 0.26540, 0.65037, 16.00000, 418574.00000, 50237.00000, 209699.81250, 8957710785.15234, 94645.18363, 0.91102, 0.37383, 0.10178, 0.52439, 0.06250, 0.93750
3.21637, 0.00000, 3.73035, 4.92550, 0.00000, 0.71154, 22.00000, 499262.00000, 37964.00000, 163116.22727, 11771376193.26653, 108495.97317, 0.94766, 0.47082, -0.00000, 0.52918, 0.00000, 1.00000
0.43811, 0.72621, 4.85499, 4.92852, 1.02797, 0.17295, 6.00000, 395860.00000, 57253.00000, 222431.66667, 10634840771.22222, 103125.36434, 0.91102, 0.08077, 0.11238, 0.80685, 0.00000, 1.00000
1.70460, 1.50894, 4.37124, 4.92852, 0.72459, 0.48015, 11.00000, 453875.00000, 63568.00000, 274938.63636, 13466733861.86777, 116046.25742, 0.91102, 0.22901, 0.19128, 0.57970, 0.18182, 0.81818
0.43315, 2.05481, 4.45876, 4.92853, 1.36304, 0.44016, 14.00000, 467395.00000, 63078.00000, 242750.78571, 14677223092.45408, 121149.58973, 0.90081, 0.07065, 0.28433, 0.64502, 0.50000, 0.50000
0.87126, 1.44936, 4.62611, 4.92550, 1.02954, 0.35046, 8.00000, 436608.00000, 157800.00000, 284974.00000, 9874485889.25000, 99370.44777, 0.94766, 0.11910, 0.21738, 0.66353, 0.25000, 0.75000
2.14766, -0.78579, 4.35121, 4.91558, -0.35075, 0.48390, 27.00000, 404727.00000, 28559.00000, 145862.40741, 12559391211.87106, 112068.68970, 1.08598, 0.37301, -0.13352, 0.76051, 0.00000, 1.00000
2.14766, 0.78579, 4.35121, 4.91558, 0.35075, 0.48390, 12.00000, 380477.00000, 77564.00000, 161125.66667, 7690223578.22222, 87693.91985, 1.08598, 0.29439, 0.10538, 0.60022, 0.08333, 0.91667
0.87622, 0.00000, 4.83686, 4.91558, 0.00000, 0.17921, 16.00000, 446681.00000, 30400.00000, 168607.00000, 12547611223.75000, 112016.12037, 1.08598, 0.15697, -0.00000, 0.84303, 0.12500, 0.87500
1.75244, 0.00000, 4.58794, 4.91123, 0.00000, 0.36486, 28.00000, 356959.00000, 49725.00000, 135581.17857, 4782061861.78954, 69152.45377, 1.14286, 0.27639, 0.00000, 0.72361, 0.00000, 1.00000
-2.75567, -4.02561, 0.70086, 4.92853, -2.17107, 1.42811, 12.00000, 443246.00000, 44456.00000, 235688.83333, 15861353330.97222, 125941.86489, 0.90081, 0.46424, 0.66888, -0.13313, 0.08333, 0.91667
-2.21782, -3.93313, 1.97536, 4.92852, -2.08423, 1.15840, 11.00000, 449664.00000, 62776.00000, 172783.27273, 10373137470.38017, 101848.60073, 0.91102, 0.54500, 0.95092, -0.49591, 0.00000, 1.00000
-3.48430, -3.15040, 1.49161, 4.92852, -2.40648, 1.26333, 9.00000, 483691.00000, 86210.00000, 217349.66667, 19424448326.66667, 139371.61952, 0.91102, 0.68893, 0.61936, -0.30829, 0.00000, 1.00000
-2.85909, -3.75484, 1.40973, 4.92550, -2.22158, 1.28053, 19.00000, 488890.00000, 55797.00000, 227702.10526, 14123653419.67313, 118842.97800, 0.94766, 0.53830, 0.71466, -0.25296, 0.05263, 0.94737
-1.49161, -3.48430, 3.15040, 4.92852, -1.97528, 0.87732, 40.00000, 477612.00000, 20301.00000, 153748.12500, 12665905374.80938, 112542.90460, 0.91102, 0.81587, 1.82322, -1.63909, 0.02500, 0.97500
-0.70086, -2.75567, 4.02561, 4.92853, -1.81985, 0.61496, 44.00000, 461905.00000, 15647.00000, 140549.20455, 13424927950.57180, 115865.99135, 0.90081, -1.86160, -6.49176, 9.35336, 0.02273, 0.97727
-1.97536, -2.21782, 3.93313, 4.92852, -2.29844, 0.64677, 32.00000, 479052.00000, 36874.00000, 233786.12500, 15112898870.79688, 122934.53083, 0.91102, 5.51065, 6.05607, -10.56672, 0.00000, 1.00000
-1.40973, -2.85909, 3.75484, 4.92550, -2.02888, 0.70390, 17.00000, 473778.00000, 23151.00000, 216204.52941, 23283832313.30796, 152590.40702, 0.94766, 3.30198, 7.02665, -9.32863, 0.05882, 0.94118
-3.93313, -1.97536, 2.21782, 4.92852, -2.67616, 1.10403, 6.00000, 421621.00000, 87894.00000, 245557.16667, 13891350945.13889, 117861.57535, 0.91102, 1.05443, 0.54989, -0.60432, 0.16667, 0.83333
-3.15040, -1.49161, 3.48430, 4.92852, -2.69940, 0.78559, 10.00000, 457729.00000, 111766.00000, 293010.70000, 12509654991.41000, 111846.56897, 0.91102, 2.59457, 1.29147, -2.88604, 0.40000, 0.60000
-4.02561, -0.70086, 2.75567, 4.92853, -2.96922, 0.97747, 11.00000, 462256.00000, 79208.00000, 250930.09091, 18175916472.26446, 134818.08659, 0.90081, 1.98030, 0.39414, -1.37444, 0.72727, 0.27273
-3.75484, -1.40973, 2.85909, 4.92550, -2.78243, 0.95149, 8.00000, 424473.00000, 71915.00000, 262949.12500, 13556496607.35938, 116432.36924, 0.94766, 1.66465, 0.58922, -1.25387, 0.12500, 0.87500
-2.20355, -3.47499, 2.68919, 4.91558, -2.13592, 0.99193, 18.00000, 471167.00000, 24274.00000, 153557.16667, 17146600393.91667, 130945.02814, 1.08598, 0.74373, 1.15838, -0.90211, 0.05556, 0.94444
-2.68919, -2.20355, 3.47499, 4.91558, -2.45513, 0.78564, 10.00000, 434216.00000, 71793.00000, 236269.20000, 17411966058.76000, 131954.40902, 1.08598, 1.85065, 1.52573, -2.37638, 0.30000, 0.70000
-3.47499, -2.68919, 2.20355, 4.91558, -2.48299, 1.10596, 7.00000, 429870.00000, 93115.00000, 295123.14286, 14034606367.83673, 118467.74400, 1.08598, 0.87972, 0.68510, -0.56481, 0.00000, 1.00000
-2.83550, -2.83550, 2.83550, 4.91123, -2.35619, 0.95532, 16.00000, 394476.00000, 50718.00000, 192410.87500, 12624975732.85938, 112360.91728, 1.14286, 1.00000, 1.00000, -1.00000, 0.06250, 0.93750
-0.70086, -2.75567, -4.02561, 4.92853, -1.81985, 2.52663, 8.00000, 443174.00000, 121142.00000, 303539.00000, 15249740871.00000, 123489.84117, 0.90081, 0.10514, 0.36663, 0.52824, 0.25000, 0.75000
-1.49161, -3.48430, -3.15040, 4.92852, -1.97528, 2.26428, 1.00000, 364989.00000, 364989.00000, 364989.00000, 0.00000, 0.00000, 0.91102, 0.19070, 0.42617, 0.38313, 0.00000, 1.00000
-1.97536, -2.21782, -3.93313, 4.92852, -2.29844, 2.49482, 3.00000, 348620.00000, 201212.00000, 297146.33333, 4609895184.22222, 67896.20891, 0.91102, 0.24897, 0.27362, 0.47741, 0.33333, 0.66667
-1.40973, -2.85909, -3.75484, 4.92550, -2.02888, 2.43770, 0.00000, 0.00000, 0.00000, 0.00000, 0.00000, 0.00000, 0.94766, 0.16798, 0.35746, 0.47456, 0.00000, 0.00000
-2.21782, -3.93313, -1.97536, 4.92852, -2.08423, 1.98319, 8.00000, 455453.00000, 100768.00000, 283509.12500, 18204262802.10938, 134923.17370, 0.91102, 0.27362, 0.47741, 0.24897, 0.00000, 1.00000
-2.75567, -4.02561, -0.70086, 4.92853, -2.17107, 1.71348, 6.00000, 357420.00000, 138251.00000, 277317.50000, 7643961340.91667, 87429.75089, 0.90081, 0.36663, 0.52824, 0.10514, 0.00000, 1.00000
-3.48430, -3.15040, -1.49161, 4.92852, -2.40648, 1.87827, 6.00000, 493164.00000, 99423.00000, 358795.83333, 17485977137.80555, 132234.55349, 0.91102, 0.42617, 0.38313, 0.19070, 0.50000, 0.50000
-2.85909, -3.75484, -1.40973, 4.92550, -2.22158, 1.86107, 9.00000, 428192.00000, 124217.00000, 237493.55556, 6700469676.69136, 81856.39668, 0.94766, 0.35746, 0.47456, 0.16798, 0.22222, 0.77778
-3.15040, -1.49161, -3.48430, 4.92852, -2.69940, 2.35600, 11.00000, 479484.00000, 125437.00000, 255111.36364, 12041286520.95868, 109732.79601, 0.91102, 0.38313, 0.19070, 0.42617, 1.00000, 0.00000
-3.93313, -1.97536, -2.21782, 4.92852, -2.67616, 2.03756, 12.00000, 456139.00000, 206422.00000, 326245.50000, 5819028213.58333, 76282.55511, 0.91102, 0.47741, 0.24897, 0.27362, 0.83333, 0.16667
-4.02561, -0.70086, -2.75567, 4.92853, -2.96922, 2.16413, 4.00000, 338415.00000, 75691.00000, 217782.00000, 12283457767.50000, 110830.76183, 0.90081, 0.52824, 0.10514, 0.36663, 1.00000, 0.00000
-3.75484, -1.40973, -2.85909, 4.92550, -2.78243, 2.19010, 9.00000, 471059.00000, 100128.00000, 223248.44444, 11165141233.13580, 105665.23190, 0.94766, 0.47456, 0.16798, 0.35746, 0.88889, 0.11111
-2.20355, -3.47499, -2.68919, 4.91558, -2.13592, 2.14966, 6.00000, 486131.00000, 98931.00000, 307204.83333, 13459347228.13889, 116014.42681, 1.08598, 0.26522, 0.41309, 0.32170, 0.33333, 0.66667
-3.47499, -2.68919, -2.20355, 4.91558, -2.48299, 2.03563, 2.00000, 274281.00000, 159149.00000, 216715.00000, 3313844356.00000, 57566.00000, 1.08598, 0.41309, 0.32170, 0.26522, 1.00000, 0.00000
-2.68919, -2.20355, -3.47499, 4.91558, -2.45513, 2.35595, 3.00000, 384110.00000, 163142.00000, 252677.66667, 9015474842.88889, 94949.85436, 1.08598, 0.32170, 0.26522, 0.41309, 0.33333, 0.66667
-2.83550, -2.83550, -2.83550, 4.91123, -2.35619, 2.18628, 3.00000, 498284.00000, 205549.00000, 328578.00000, 15371667868.66667, 123982.53050, 1.14286, 0.33333, 0.33333, 0.33333, 0.33333, 0.66667
3.75791, 0.00000, -3.18882, 4.92853, 0.00000, 2.27446, 1.00000, 415246.00000, 415246.00000, 415246.00000, 0.00000, 0.00000, 0.90081, 8.64229, 0.00000, -7.64229, 0.00000, 1.00000
2.87963, -0.78273, -3.92241, 4.92852, -0.26540, 2.49122, 2.00000, 264389.00000, 225764.00000, 245076.50000, 372972656.25000, 19312.50000, 0.91102, -1.48153, 0.40335, 2.07817, 0.50000, 0.50000
2.87963, 0.78273, -3.92241, 4.92852, 0.26540, 2.49122, 2.00000, 358593.00000, 242943.00000, 300768.00000, 3343730625.00000, 57825.00000, 0.91102, -7.66476, -2.08678, 10.75154, 0.50000, 0.50000
3.21637, 0.00000, -3.73035, 4.92550, 0.00000, 2.43005, 2.00000, 287766.00000, 212774.00000, 250270.00000, 1405950016.00000, 37496.00000, 0.94766, -8.06739, -0.00000, 9.06739, 0.00000, 1.00000
1.70460, -1.50894, -4.37124, 4.92852, -0.72459, 2.66145, 3.00000, 456030.00000, 355208.00000, 391354.66667, 2101121691.55556, 45837.99397, 0.91102, -0.42255, 0.35294, 1.06961, 0.33333, 0.66667
0.43315, -2.05481, -4.45876, 4.92853, -1.36304, 2.70143, 5.00000, 411607.00000, 240018.00000, 347295.20000, 3413821486.16000, 58427.91701, 0.90081, -0.08228, 0.33112, 0.75116, 0.60000, 0.40000
0.43811, -0.72621, -4.85499, 4.92852, -1.02797, 2.96865, 2.00000, 455190.00000, 222607.00000, 338898.50000, 13523712972.25000, 116291.50000, 0.91102, -0.09634, 0.13403, 0.96230, 0.50000, 0.50000
0.87126, -1.44936, -4.62611, 4.92550, -1.02954, 2.79113, 3.00000, 387815.00000, 262189.00000, 333000.00000, 2758251320.66667, 52519.05674, 0.94766, -0.15634, 0.28534, 0.87099, 0.33333, 0.66667
1.70460, 1.50894, -4.37124, 4.92852, 0.72459, 2.66145, 2.00000, 433243.00000, 338100.00000, 385671.50000, 2263047612.25000, 47571.50000, 0.91102, -1.43665, -1.19997, 3.63662, 1.00000, 0.00000
0.43811, 0.72621, -4.85499, 4.92852, 1.02797, 2.96865, 6.00000, 389209.00000, 112582.00000, 242286.50000, 8746841652.25000, 93524.55107, 0.91102, -0.13162, -0.18312, 1.31474, 1.00000, 0.00000
0.43315, 2.05481, -4.45876, 4.92853, 1.36304, 2.70143, 7.00000, 480560.00000, 152448.00000, 284652.42857, 15562467179.10204, 124749.61795, 0.90081, -0.24359, -0.98030, 2.22389, 1.00000, 0.00000
0.87126, 1.44936, -4.62611, 4.92550, 1.02954, 2.79113, 5.00000, 458791.00000, 147967.00000, 300344.40000, 10382740518.24000, 101895.73356, 0.94766, -0.36416, -0.66465, 2.02881, 1.00000, 0.00000
2.14766, -0.78579, -4.35121, 4.91558, -0.35075, 2.65769, 4.00000, 475629.00000, 320529.00000, 409106.00000, 3787259491.50000, 61540.71410, 1.08598, -0.71592, 0.25627, 1.45965, 0.50000, 0.50000
0.87622, 0.00000, -4.83686, 4.91558, 0.00000, 2.96238, 0.00000, 0.00000, 0.00000, 0.00000, 0.00000, 0.00000, 1.08598, -0.22879, -0.00000, 1.22879, 0.00000, 0.00000
2.14766, 0.78579, -4.35121, 4.91558, 0.35075, 2.65769, 2.00000, 323164.00000, 226809.00000, 274986.50000, 2321071506.25000, 48177.50000, 1.08598, -1.46868, -0.52573, 2.99442, 1.00000, 0.00000
1.75244, 0.00000, -4.58794, 4.91123, 0.00000, 2.77673, 4.00000, 495025.00000, 181224.00000, 296507.75000, 14633584211.18750, 120969.35236, 1.14286, -0.61803, -0.00000, 1.61803, 0.25000, 0.75000
4.45876, 0.43315, 2.05481, 4.92853, 0.09684, 1.14074, 11.00000, 406962.00000, 131500.00000, 272565.72727, 9897361157.47108, 99485.48214, 0.90081, 0.64502, 0.07065, 0.28433, 0.09091, 0.90909
4.85499, 0.43811, 0.72621, 4.92852, 0.09000, 1.42291, 8.00000, 430278.00000, 95896.00000, 201345.50000, 12838035504.50000, 113305.05507, 0.91102, 0.80685, 0.08077, 0.11238, 0.00000, 1.00000
4.37124, 1.70460, 1.50894, 4.92852, 0.37182, 1.25963, 8.00000, 381410.00000, 85371.00000, 213297.37500, 8287811889.23438, 91037.42027, 0.91102, 0.57970, 0.22901, 0.19128, 0.12500, 0.87500
4.62611, 0.87126, 1.44936, 4.92550, 0.18616, 1.27212, 6.00000, 431404.00000, 131635.00000, 230139.83333, 10367834852.13889, 101822.56554, 0.94766, 0.66353, 0.11910, 0.21738, 0.00000, 1.00000
4.85499, 0.43811, -0.72621, 4.92852, 0.09000, 1.71868, 3.00000, 370613.00000, 228039.00000, 295925.66667, 3411015446.22222, 58403.89924, 0.91102, 1.04077, 0.10419, -0.14496, 0.00000, 1.00000
4.45876, 0.43315, -2.05481, 4.92853, 0.09684, 2.00085, 2.00000, 445429.00000, 316719.00000, 381074.00000, 4141566025.00000, 64355.00000, 0.90081, 1.49537, 0.16379, -0.65917, 0.00000, 1.00000
4.37124, 1.70460, -1.50894, 4.92852, 0.37182, 1.88196, 0.00000, 0.00000, 0.00000, 0.00000, 0.00000, 0.00000, 0.91102, 0.93889, 0.37091, -0.30980, 0.00000, 0.00000
4.62611, 0.87126, -1.44936, 4.92550, 0.18616, 1.86947, 1.00000, 254642.00000, 254642.00000, 254642.00000, 0.00000, 0.00000, 0.94766, 1.17386, 0.21070, -0.38457, 1.00000, 0.00000
3.92241, 2.87963, 0.78273, 4.92852, 0.63328, 1.41130, 1.00000, 297365.00000, 297365.00000, 297365.00000, 0.00000, 0.00000, 0.91102, 0.52439, 0.37383, 0.10178, 1.00000, 0.00000
3.92241, 2.87963, -0.78273, 4.92852, 0.63328, 1.73029, 2.00000, 409661.00000, 221967.00000, 315814.00000, 8807259409.00000, 93847.00000, 0.91102, 0.65841, 0.46938, -0.12779, 0.50000, 0.50000
3.18882, 3.75791, 0.00000, 4.92853, 0.86714, 1.57080, 5.00000, 466092.00000, 142168.00000, 288589.20000, 11600001800.96000, 107703.30450, 0.90081, 0.46930, 0.53070, 0.00000, 0.80000, 0.20000
3.73035, 3.21637, 0.00000, 4.92550, 0.71154, 1.57080, 2.00000, 354759.00000, 299380.00000, 327069.50000, 766708410.25000, 27689.50000, 0.94766, 0.52918, 0.47082, 0.00000, 0.50000, 0.50000
4.83686, 0.87622, 0.00000, 4.91558, 0.17921, 1.57080, 3.00000, 472899.00000, 80987.00000, 305316.00000, 27209223548.66667, 164952.18564, 1.08598, 0.84303, 0.15697, 0.00000, 0.00000, 1.00000
4.35121, 2.14766, -0.78579, 4.91558, 0.45850, 1.73134, 3.00000, 416195.00000, 289682.00000, 334685.00000, 3333970386.00000, 57740.54369, 1.08598, 0.76051, 0.37301, -0.13352, 0.33333, 0.66667
4.35121, 2.14766, 0.78579, 4.91558, 0.45850, 1.41025, 2.00000, 337308.00000, 335306.00000, 336307.00000, 1002001.00000, 1001.00000, 1.08598, 0.60022, 0.29439, 0.10538, 0.00000, 1.00000
4.58794, 1.75244, 0.00000, 4.91123, 0.36486, 1.57080, 4.00000, 247996.00000, 88775.00000, 177988.00000, 3262484286.50000, 57118.16074, 1.14286, 0.72361, 0.27639, -0.00000, 0.50000, 0.50000
