-2.75567, 4.02561, 0.70086, 4.92853, 2.17107, 1.42811, 9.00000, 450657.00000, 90307.00000, 233942.55556, 14389035299.13580, 119954.30505, 0.90081, -1.37444, 1.98030, 0.39414, 0.22222, 0.77778
-3.48430, 3.15040, 1.49161, 4.92852, 2.40648, 1.26333, 10.00000, 479495.00000, 96061.00000, 275572.20000, 17674923788.96000, 132947.07138, 0.91102, -2.88604, 2.59457, 1.29147, 0.20000, 0.80000
-2.21782, 3.93313, 1.97536, 4.92852, 2.08423, 1.15840, 24.00000, 487246.00000, 34132.00000, 213087.58333, 14825146677.90972, 121758.55895, 0.91102, -0.60432, 1.05443, 0.54989, 0.00000, 1.00000
-2.85909, 3.75484, 1.40973, 4.92550, 2.22158, 1.28053, 8.00000, 329026.00000, 41791.00000, 196483.37500, 8335419623.73438, 91298.51929, 0.94766, -1.25387, 1.66465, 0.58922, 0.00000, 1.00000
-3.93313, 1.97536, 2.21782, 4.92852, 2.67616, 1.10403, 5.00000, 447301.00000, 71709.00000, 263747.00000, 16373372254.00000, 127958.47863, 0.91102, -10.56672, 5.51065, 6.05607, 0.00000, 1.00000
-4.02561, 0.70086, 2.75567, 4.92853, 2.96922, 0.97747, 8.00000, 419440.00000, 55863.00000, 204108.37500, 15993320634.98438, 126464.70114, 0.90081, 9.35336, -1.86160, -6.49176, 0.00000, 1.00000
-3.15040, 1.49161, 3.48430, 4.92852, 2.69940, 0.78559, 17.00000, 331325.00000, 51981.00000, 153555.35294, 6983881612.69896, 83569.62135, 0.91102, -1.63909, 0.81587, 1.82322, 0.00000, 1.00000
-3.75484, 1.40973, 2.85909, 4.92550, 2.78243, 0.95149, 10.00000, 494670.00000, 58026.00000, 225177.60000, 22209680112.04000, 149029.12505, 0.94766, -9.32863, 3.30198, 7.02665, 0.00000, 1.00000
-1.49161, 3.48430, 3.15040, 4.92852, 1.97528, 0.87732, 29.00000, 488252.00000, 25637.00000, 183532.75862, 18711610476.87277, 136790.38883, 0.91102, -0.30829, 0.68893, 0.61936, 0.00000, 1.00000
-1.97536, 2.21782, 3.93313, 4.92852, 2.29844, 0.64677, 41.00000, 498988.00000, 37765.00000, 188765.65854, 15740990606.27365, 125463.10456, 0.91102, -0.49591, 0.54500, 0.95092, 0.00000, 1.00000
-0.70086, 2.75567, 4.02561, 4.92853, 1.81985, 0.61496, 60.00000, 453251.00000, 18695.00000, 146798.08333, 12156675488.20972, 110257.31490, 0.90081, -0.13313, 0.46424, 0.66888, 0.00000, 1.00000
-1.40973, 2.85909, 3.75484, 4.92550, 2.02888, 0.70390, 25.00000, 447130.00000, 17123.00000, 181728.04000, 18553064572.99840, 136209.63466, 0.94766, -0.25296, 0.53830, 0.71466, 0.00000, 1.00000
-3.47499, 2.68919, 2.20355, 4.91558, 2.48299, 1.10596, 10.00000, 420364.00000, 53014.00000, 200272.20000, 11695632819.56000, 108146.34908, 1.08598, -2.37638, 1.85065, 1.52573, 0.00000, 1.00000
-2.68919, 2.20355, 3.47499, 4.91558, 2.45513, 0.78564, 24.00000, 339367.00000, 43001.00000, 168632.83333, 6218051384.80556, 78854.62184, 1.08598, -0.90211, 0.74373, 1.15838, 0.00000, 1.00000
-2.20355, 3.47499, 2.68919, 4.91558, 2.13592, 0.99193, 11.00000, 404173.00000, 55119.00000, 247164.27273, 17164786800.74380, 131014.45264, 1.08598, -0.56481, 0.87972, 0.68510, 0.00000, 1.00000
-2.83550, 2.83550, 2.83550, 4.91123, 2.35619, 0.95532, 29.00000, 473498.00000, 38076.00000, 189636.34483, 15136879261.05351, 123032.02535, 1.14286, -1.00000, 1.00000, 1.00000, 0.00000, 1.00000
-2.05481, 4.45876, 0.43315, 4.92853, 2.00263, 1.48280, 10.00000, 455886.00000, 59724.00000, 220736.00000, 13323363974.60000, 115426.87718, 0.90081, -0.65917, 1.49537, 0.16379, 0.10000, 0.90000
-1.50894, 4.37124, 1.70460, 4.92852, 1.90319, 1.21764, 23.00000, 491212.00000, 56171.00000, 201119.86957, 14563331290.46124, 120678.62814, 0.91102, -0.30980, 0.93889, 0.37091, 0.00000, 1.00000
-0.72621, 4.85499, 0.43811, 4.92852, 1.71928, 1.48179, 11.00000, 451807.00000, 59305.00000, 220450.45455, 9242620648.97521, 96138.54923, 0.91102, -0.14496, 1.04077, 0.10419, 0.09091, 0.90909
-1.44936, 4.62611, 0.87126, 4.92550, 1.87441, 1.39297, 13.00000, 447069.00000, 67996.00000, 202131.00000, 9892221925.38461, 99459.64973, 0.94766, -0.38457, 1.17386, 0.21070, 0.07692, 0.92308
-0.78273, 3.92241, 2.87963, 4.92852, 1.76776, 0.94680, 46.00000, 478184.00000, 18636.00000, 182347.97826, 16189638254.67344, 127238.50932, 0.91102, -0.12779, 0.65841, 0.46938, 0.00000, 1.00000
0.00000, 3.18882, 3.75791, 4.92853, 1.57080, 0.70366, 55.00000, 453088.00000, 19258.00000, 147286.47273, 13285965346.64925, 115264.76195, 0.90081, -0.00000, 0.46930, 0.53070, 0.00000, 1.00000
0.78273, 3.92241, 2.87963, 4.92852, 1.37383, 0.94680, 40.00000, 475207.00000, 27309.00000, 173782.50000, 16020057258.00000, 126570.36485, 0.91102, 0.10178, 0.52439, 0.37383, 0.00000, 1.00000
0.00000, 3.73035, 3.21637, 4.92550, 1.57080, 0.85925, 39.00000, 432036.00000, 18350.00000, 124348.69231, 12412781271.08481, 111412.66208, 0.94766, -0.00000, 0.52918, 0.47082, 0.00000, 1.00000
0.72621, 4.85499, 0.43811, 4.92852, 1.42232, 1.48179, 13.00000, 441608.00000, 72743.00000, 289801.00000, 13023113928.00000, 114118.85877, 0.91102, 0.11238, 0.80685, 0.08077, 0.07692, 0.92308
1.50894, 4.37124, 1.70460, 4.92852, 1.23841, 1.21764, 30.00000, 443477.00000, 32497.00000, 195487.73333, 13725976437.66222, 117157.91240, 0.91102, 0.19128, 0.57970, 0.22901, 0.00000, 1.00000
2.05481, 4.45876, 0.43315, 4.92853, 1.13896, 1.48280, 18.00000, 498777.00000, 78404.00000, 253497.44444, 22589481686.13580, 150297.97632, 0.90081, 0.28433, 0.64502, 0.07065, 0.05556, 0.94444
1.44936, 4.62611, 0.87126, 4.92550, 1.26718, 1.39297, 11.00000, 488114.00000, 71956.00000, 212404.81818, 17823836466.69421, 133505.94169, 0.94766, 0.21738, 0.66353, 0.11910, 0.00000, 1.00000
-0.78579, 4.35121, 2.14766, 4.91558, 1.74946, 1.11864, 28.00000, 451911.00000, 33427.00000, 185744.85714, 13077716374.69388, 114357.84352, 1.08598, -0.13352, 0.76051, 0.37301, 0.03571, 0.96429
0.78579, 4.35121, 2.14766, 4.91558, 1.39213, 1.11864, 24.00000, 480507.00000, 25558.00000, 183002.79167, 15612829618.33160, 124951.30899, 1.08598, 0.10538, 0.60022, 0.29439, 0.08333, 0.91667
0.00000, 4.83686, 0.87622, 4.91558, 1.57080, 1.39159, 12.00000, 412574.00000, 66804.00000, 224968.58333, 11518227310.90972, 107323.00457, 1.08598, -0.00000, 0.84303, 0.15697, 0.00000, 1.00000
0.00000, 4.58794, 1.75244, 4.91123, 1.57080, 1.20593, 22.00000, 475523.00000, 41218.00000, 189569.54545, 15614663054.06611, 124958.64538, 1.14286, 0.00000, 0.72361, 0.27639, 0.00000, 1.00000
-2.05481, 4.45876, -0.43315, 4.92853, 2.00263, 1.65880, 4.00000, 413469.00000, 215728.00000, 322455.00000, 6228808297.50000, 78922.79961, 0.90081, -0.98030, 2.22389, -0.24359, 0.00000, 1.00000
-0.72621, 4.85499, -0.43811, 4.92852, 1.71928, 1.65981, 9.00000, 489857.00000, 109985.00000, 225611.66667, 14458347416.44445, 120242.86846, 0.91102, -0.18312, 1.31474, -0.13162, 0.11111, 0.88889
-1.50894, 4.37124, -1.70460, 4.92852, 1.90319, 1.92396, 7.00000, 479195.00000, 196897.00000, 312598.00000, 12040990359.42857, 109731.44654, 0.91102, -1.19997, 3.63662, -1.43665, 0.57143, 0.42857
-1.44936, 4.62611, -0.87126, 4.92550, 1.87441, 1.74862, 7.00000, 493362.00000, 87147.00000, 284075.42857, 18157126462.81633, 134748.38204, 0.94766, -0.66465, 2.02881, -0.36416, 0.42857, 0.57143
0.72621, 4.85499, -0.43811, 4.92852, 1.42232, 1.65981, 12.00000, 387598.00000, 19078.00000, 213736.75000, 9753160497.52083, 98758.09080, 0.91102, 0.13403, 0.96230, -0.09634, 0.08333, 0.91667
2.05481, 4.45876, -0.43315, 4.92853, 1.13896, 1.65880, 8.00000, 448023.00000, 125482.00000, 256633.37500, 14804412380.48438, 121673.38403, 0.90081, 0.33112, 0.75116, -0.08228, 0.12500, 0.87500
1.50894, 4.37124, -1.70460, 4.92852, 1.23841, 1.92396, 6.00000, 306356.00000, 187306.00000, 244663.16667, 2108206691.80556, 45915.21199, 0.91102, 0.35294, 1.06961, -0.42255, 0.66667, 0.33333
1.44936, 4.62611, -0.87126, 4.92550, 1.26718, 1.74862, 4.00000, 427281.00000, 205372.00000, 329397.25000, 9015672840.68750, 94950.89700, 0.94766, 0.28534, 0.87099, -0.15634, 0.00000, 1.00000
-0.78273, 3.92241, -2.87963, 4.92852, 1.76776, 2.19479, 4.00000, 398116.00000, 172799.00000, 285182.25000, 7788641471.68750, 88253.28023, 0.91102, -2.08678, 10.75154, -7.66476, 0.75000, 0.25000
0.78273, 3.92241, -2.87963, 4.92852, 1.37383, 2.19479, 12.00000, 471285.00000, 119400.00000, 256696.91667, 10746087594.40972, 103663.33775, 0.91102, 0.40335, 2.07817, -1.48153, 0.83333, 0.16667
0.00000, 3.18882, -3.75791, 4.92853, 1.57080, 2.43793, 6.00000, 476458.00000, 48461.00000, 257668.00000, 29316205973.66667, 171219.75930, 0.90081, -0.00000, -7.64229, 8.64229, 0.83333, 0.16667
0.00000, 3.73035, -3.21637, 4.92550, 1.57080, 2.28234, 8.00000, 344021.00000, 56401.00000, 190553.25000, 10390865043.43750, 101935.59262, 0.94766, 0.00000, 9.06739, -8.06739, 0.75000, 0.25000
0.00000, 4.83686, -0.87622, 4.91558, 1.57080, 1.75001, 8.00000, 466425.00000, 69393.00000, 266415.87500, 18511953029.10938, 136058.63820, 1.08598, 0.00000, 1.22879, -0.22879, 0.12500, 0.87500
0.78579, 4.35121, -2.14766, 4.91558, 1.39213, 2.02296, 7.00000, 408921.00000, 51836.00000, 230599.28571, 11708037769.91837, 108203.68649, 1.08598, 0.25627, 1.45965, -0.71592, 0.42857, 0.57143
-0.78579, 4.35121, -2.14766, 4.91558, 1.74946, 2.02296, 2.00000, 410065.00000, 235283.00000, 322674.00000, 7637186881.00000, 87391.00000, 1.08598, -0.52573, 2.99442, -1.46868, 0.50000, 0.50000
0.00000, 4.58794, -1.75244, 4.91123, 1.57080, 1.93566, 7.00000, 481328.00000, 64880.00000, 343089.71429, 16280998783.06123, 127597.01714, 1.14286, 0.00000, 1.61803, -0.61803, 0.14286, 0.85714
-2.75567, 4.02561, -0.70086, 4.92853, 2.17107, 1.71348, 5.00000, 319062.00000, 209275.00000, 267153.60000, 1716497374.64000, 41430.63329, 0.90081, -6.49176, 9.35336, -1.86160, 0.00000, 1.00000
-2.21782, 3.93313, -1.97536, 4.92852, 2.08423, 1.98319, 5.00000, 338624.00000, 178981.00000, 268132.60000, 3954126969.04000, 62881.84928, 0.91102, 6.05607, -10.56672, 5.51065, 0.40000, 0.60000
-3.48430, 3.15040, -1.49161, 4.92852, 2.40648, 1.87827, 6.00000, 482594.00000, 218349.00000, 375909.83333, 8224506845.80556, 90689.06685, 0.91102, 1.82322, -1.63909, 0.81587, 0.33333, 0.66667
-2.85909, 3.75484, -1.40973, 4.92550, 2.22158, 1.86107, 5.00000, 295954.00000, 129089.00000, 198519.80000, 3447998188.56000, 58719.65760, 0.94766, 7.02665, -9.32863, 3.30198, 0.60000, 0.40000
-1.49161, 3.48430, -3.15040, 4.92852, 1.97528, 2.26428, 8.00000, 367285.00000, 105578.00000, 229867.37500, 8273583233.73438, 90959.23941, 0.91102, 1.29147, -2.88604, 2.59457, 0.87500, 0.12500
-0.70086, 2.75567, -4.02561, 4.92853, 1.81985, 2.52663, 17.00000, 454392.00000, 68770.00000, 237876.64706, 15140531184.58131, 123046.86581, 0.90081, 0.39414, -1.37444, 1.98030, 1.00000, 0.00000
-1.97536, 2.21782, -3.93313, 4.92852, 2.29844, 2.49482, 9.00000, 410286.00000, 51330.00000, 227295.88889, 19596352153.87654, 139986.97137, 0.91102, 0.54989, -0.60432, 1.05443, 1.00000, 0.00000
-1.40973, 2.85909, -3.75484, 4.92550, 2.02888, 2.43770, 3.00000, 412600.00000, 59262.00000, 224102.00000, 21087807522.66667, 145216.41616, 0.94766, 0.58922, -1.25387, 1.66465, 1.00000, 0.00000
-3.93313, 1.97536, -2.21782, 4.92852, 2.67616, 2.03756, 7.00000, 458627.00000, 197308.00000, 313635.00000, 10057283890.28572, 100286.01044, 0.91102, 0.95092, -0.49591, 0.54500, 0.85714, 0.14286
-3.15040, 1.49161, -3.48430, 4.92852, 2.69940, 2.35600, 10.00000, 306817.00000, 39251.00000, 137409.40000, 5697660287.84000, 75482.84764, 0.91102, 0.61936, -0.30829, 0.68893, 1.00000, 0.00000
-4.02561, 0.70086, -2.75567, 4.92853, 2.96922, 2.16413, 5.00000, 465608.00000, 129612.00000, 299243.20000, 14963369173.36000, 122324.85100, 0.90081, 0.66888, -0.13313, 0.46424, 1.00000, 0.00000
-3.75484, 1.40973, -2.85909, 4.92550, 2.78243, 2.19010, 12.00000, 378508.00000, 70301.00000, 253516.58333, 10390835551.74306, 101935.44796, 0.94766, 0.71466, -0.25296, 0.53830, 0.91667, 0.08333
-2.20355, 3.47499, -2.68919, 4.91558, 2.13592, 2.14966, 8.00000, 386560.00000, 94564.00000, 240254.00000, 9713283790.25000, 98555.99317, 1.08598, 1.52573, -2.37638, 1.85065, 0.62500, 0.37500
-2.68919, 2.20355, -3.47499, 4.91558, 2.45513, 2.35595, 6.00000, 457209.00000, 110610.00000, 253748.83333, 17973990286.13889, 134067.11113, 1.08598, 0.68510, -0.56481, 0.87972, 1.00000, 0.00000
-3.47499, 2.68919, -2.20355, 4.91558, 2.48299, 2.03563, 1.00000, 146430.00000, 146430.00000, 146430.00000, 0.00000, 0.00000, 1.08598, 1.15838, -0.90211, 0.74373, 1.00000, 0.00000
-2.83550, 2.83550, -2.83550, 4.91123, 2.35619, 2.18628, 5.00000, 372422.00000, 147061.00000, 299237.60000, 6345917990.64000, 79661.27033, 1.14286, 1.00000, -1.00000, 1.00000, 0.80000, 0.20000
-3.18882, 3.75791, 0.00000, 4.92853, 2.27446, 1.57080, 9.00000, 367454.00000, 89044.00000, 241053.33333, 11482397514.22222, 107155.94950, 0.90081, -7.64229, 8.64229, 0.00000, 0.00000, 1.00000
-3.92241, 2.87963, -0.78273, 4.92852, 2.50831, 1.73029, 5.00000, 432879.00000, 128936.00000, 254567.00000, 11086214179.60000, 105291.09259, 0.91102, 2.07817, -1.48153, 0.40335, 0.60000, 0.40000
-3.92241, 2.87963, 0.78273, 4.92852, 2.50831, 1.41130, 6.00000, 439125.00000, 154981.00000, 307766.16667, 7956027351.80555, 89196.56581, 0.91102, 10.75154, -7.66476, -2.08678, 0.16667, 0.83333
-3.73035, 3.21637, 0.00000, 4.92550, 2.43005, 1.57080, 2.00000, 307982.00000, 265625.00000, 286803.50000, 448528862.25000, 21178.50000, 0.94766, 9.06739, -8.06739, -0.00000, 0.00000, 1.00000
-4.37124, 1.70460, -1.50894, 4.92852, 2.76977, 1.88196, 5.00000, 415168.00000, 144364.00000, 285658.80000, 7581127239.76000, 87069.66889, 0.91102, 1.06961, -0.42255, 0.35294, 0.40000, 0.60000
-4.45876, 0.43315, -2.05481, 4.92853, 3.04475, 2.00085, 5.00000, 291094.00000, 90938.00000, 217462.60000, 5250930077.04000, 72463.30159, 0.90081, 0.75116, -0.08228, 0.33112, 1.00000, 0.00000
-4.85499, 0.43811, -0.72621, 4.92852, 3.05160, 1.71868, 3.00000, 351823.00000, 158335.00000, 224869.66667, 8064808664.88889, 89804.27977, 0.91102, 0.96230, -0.09634, 0.13403, 0.66667, 0.33333
-4.62611, 0.87126, -1.44936, 4.92550, 2.95544, 1.86947, 3.00000, 324187.00000, 118664.00000, 238100.66667, 7596072954.88889, 87155.45281, 0.94766, 0.87099, -0.15634, 0.28534, 1.00000, 0.00000
-4.37124, 1.70460, 1.50894, 4.92852, 2.76977, 1.25963, 2.00000, 495444.00000, 217696.00000, 356570.00000, 19285987876.00000, 138874.00000, 0.91102, 3.63662, -1.43665, -1.19997, 0.00000, 1.00000
-4.85499, 0.43811, 0.72621, 4.92852, 3.05160, 1.42291, 3.00000, 493839.00000, 384750.00000, 446086.33333, 2075659653.55556, 45559.40796, 0.91102, 1.31474, -0.13162, -0.18312, 0.66667, 0.33333
-4.45876, 0.43315, 2.05481, 4.92853, 3.04475, 1.14074, 5.00000, 458283.00000, 188630.00000, 287357.20000, 10267574621.36000, 101329.04135, 0.90081, 2.22389, -0.24359, -0.98030, 0.20000, 0.80000
-4.62611, 0.87126, 1.44936, 4.92550, 2.95544, 1.27212, 5.00000, 499924.00000, 76723.00000, 298577.80000, 21997820020.56000, 148316.62085, 0.94766, 2.02881, -0.36416, -0.66465, 0.00000, 1.00000
-4.35121, 2.14766, -0.78579, 4.91558, 2.68310, 1.73134, 4.00000, 482703.00000, 113717.00000, 297804.75000, 18111755627.18750, 134579.92282, 1.08598, 1.45965, -0.71592, 0.25627, 0.50000, 0.50000
-4.83686, 0.87622, 0.00000, 4.91558, 2.96238, 1.57080, 3.00000, 374850.00000, 179786.00000, 253293.66667, 7495997866.88889, 86579.43097, 1.08598, 1.22879, -0.22879, -0.00000, 0.33333, 0.66667
-4.35121, 2.14766, 0.78579, 4.91558, 2.68310, 1.41025, 5.00000, 484927.00000, 261333.00000, 322833.40000, 7353254351.04000, 85751.11866, 1.08598, 2.99442, -1.46868, -0.52573, 0.20000, 0.80000
-4.58794, 1.75244, 0.00000, 4.91123, 2.77673, 1.57080, 4.00000, 391910.00000, 309461.00000, 341805.50000, 947326603.25000, 30778.67124, 1.14286, 1.61803, -0.61803, -0.00000, 0.00000, 1.00000
2.75567, 4.02561, 0.70086, 4.92853, 0.97053, 1.42811, 14.00000, 445729.00000, 43218.00000, 212862.85714, 17760626759.12245, 133269.00149, 0.90081, 0.36663, 0.52824, 0.10514, 0.07143, 0.92857
2.21782, 3.93313, 1.97536, 4.92852, 1.05736, 1.15840, 25.00000, 488856.00000, 37560.00000, 185071.84000, 17065441866.13441, 130634.76515, 0.91102, 0.27362, 0.47741, 0.24897, 0.00000, 1.00000
3.48430, 3.15040, 1.49161, 4.92852, 0.73511, 1.26333, 22.00000, 434456.00000, 45723.00000, 205276.18182, 13817391099.05785, 117547.39937, 0.91102, 0.42617, 0.38313, 0.19070, 0.13636, 0.86364
2.85909, 3.75484, 1.40973, 4.92550, 0.92001, 1.28053, 19.00000, 439499.00000, 27272.00000, 199376.05263, 12085751660.99723, 109935.21575, 0.94766, 0.35746, 0.47456, 0.16798, 0.05263, 0.94737
1.49161, 3.48430, 3.15040, 4.92852, 1.16631, 0.87732, 57.00000, 484495.00000, 21069.00000, 147300.26316, 15677738790.47461, 125210.77745, 0.91102, 0.19070, 0.42617, 0.38313, 0.00000, 1.00000
0.70086, 2.75567, 4.02561, 4.92853, 1.32174, 0.61496, 53.00000, 476283.00000, 15340.00000, 141221.49057, 11524161782.55180, 107350.64873, 0.90081, 0.10514, 0.36663, 0.52824, 0.00000, 1.00000
1.97536, 2.21782, 3.93313, 4.92852, 0.84316, 0.64677, 62.00000, 483097.00000, 26690.00000, 154130.83871, 12469541985.52238, 111667.10342, 0.91102, 0.24897, 0.27362, 0.47741, 0.00000, 1.00000
1.40973, 2.85909, 3.75484, 4.92550, 1.11271, 0.70390, 36.00000, 450905.00000, 25246.00000, 151902.11111, 13389096473.59876, 115711.26338, 0.94766, 0.16798, 0.35746, 0.47456, 0.00000, 1.00000
3.93313, 1.97536, 2.21782, 4.92852, 0.46544, 1.10403, 21.00000, 421698.00000, 35258.00000, 187733.80952, 14576444036.91610, 120732.94512, 0.91102, 0.47741, 0.24897, 0.27362, 0.00000, 1.00000
3.15040, 1.49161, 3.48430, 4.92852, 0.44220, 0.78559, 34.00000, 442209.00000, 33020.00000, 193475.23529, 15353859587.35640, 123910.69198, 0.91102, 0.38313, 0.19070, 0.42617, 0.02941, 0.97059
4.02561, 0.70086, 2.75567, 4.92853, 0.17237, 0.97747, 16.00000, 483612.00000, 49761.00000, 220791.00000, 15475501086.50000, 124400.56707, 0.90081, 0.52824, 0.10514, 0.36663, 0.06250, 0.93750
3.75484, 1.40973, 2.85909, 4.92550, 0.35916, 0.95149, 24.00000, 485644.00000, 40758.00000, 181384.70833, 13506039782.70659, 116215.48857, 0.94766, 0.47456, 0.16798, 0.35746, 0.00000, 1.00000
2.20355, 3.47499, 2.68919, 4.91558, 1.00567, 0.99193, 26.00000, 403048.00000, 17688.00000, 159647.76923, 10985792314.79290, 104813.13045, 1.08598, 0.26522, 0.41309, 0.32170, 0.03846, 0.96154
2.68919, 2.20355, 3.47499, 4.91558, 0.68646, 0.78564, 33.00000, 469274.00000, 29824.00000, 162954.69697, 10876162756.99908, 104288.84292, 1.08598, 0.32170, 0.26522, 0.41309, 0.03030, 0.96970
3.47499, 2.68919, 2.20355, 4.91558, 0.65860, 1.10596, 16.00000, 475301.00000, 54967.00000, 194101.18750, 14105619690.77734, 118767.08168, 1.08598, 0.41309, 0.32170, 0.26522, 0.00000, 1.00000
2.83550, 2.83550, 2.83550, 4.91123, 0.78540, 0.95532, 35.00000, 486726.00000, 43673.00000, 211323.62857, 21305764289.60490, 145964.94199, 1.14286, 0.33333, 0.33333, 0.33333, 0.00000, 1.00000
-0.43315, 2.05481, 4.45876, 4.92853, 1.77855, 0.44016, 51.00000, 444537.00000, 18527.00000, 138895.62745, 11171280161.21415, 105694.27686, 0.90081, -0.08228, 0.33112, 0.75116, 0.01961, 0.98039
-1.70460, 1.50894, 4.37124, 4.92852, 2.41700, 0.48015, 30.00000, 442533.00000, 43409.00000, 174383.90000, 13819282616.35667, 117555.44486, 0.91102, -0.42255, 0.35294, 1.06961, 0.00000, 1.00000
-0.43811, 0.72621, 4.85499, 4.92852, 2.11363, 0.17295, 42.00000, 486151.00000, 22771.00000, 155232.59524, 10323567458.57426, 101604.95784, 0.91102, -0.09634, 0.13403, 0.96230, 0.02381, 0.97619
-0.87126, 1.44936, 4.62611, 4.92550, 2.11205, 0.35046, 40.00000, 402194.00000, 28623.00000, 143152.87500, 10358516810.45938, 101776.79898, 0.94766, -0.15634, 0.28534, 0.87099, 0.00000, 1.00000
-2.87963, 0.78273, 3.92241, 4.92852, 2.87619, 0.65037, 16.00000, 488564.00000, 37289.00000, 233709.06250, 22670085535.68359, 150565.88437, 0.91102, -1.48153, 0.40335, 2.07817, 0.00000, 1.00000
-3.75791, 0.00000, 3.18882, 4.92853, 3.14159, 0.86714, 4.00000, 353431.00000, 114605.00000, 196994.50000, 8562655388.75000, 92534.61725, 0.90081, 8.64229, -0.00000, -7.64229, 0.00000, 1.00000
-2.87963, -0.78273, 3.92241, 4.92852, -2.87619, 0.65037, 7.00000, 421180.00000, 140785.00000, 254158.28571, 8746211378.48980, 93521.18144, 0.91102, -7.66476, -2.08678, 10.75154, 0.14286, 0.85714
-3.21637, 0.00000, 3.73035, 4.92550, 3.14159, 0.71154, 15.00000, 489244.00000, 81903.00000, 224983.20000, 16227309492.02667, 127386.45726, 0.94766, -8.06739, 0.00000, 9.06739, 0.00000, 1.00000
-0.43811, -0.72621, 4.85499, 4.92852, -2.11363, 0.17295, 26.00000, 486050.00000, 45311.00000, 203312.96154, 17698077720.49852, 133034.12239, 0.91102, -0.13162, -0.18312, 1.31474, 0.00000, 1.00000
-1.70460, -1.50894, 4.37124, 4.92852, -2.41700, 0.48015, 10.00000, 332038.00000, 45270.00000, 141867.30000, 7015118106.21000, 83756.30189, 0.91102, -1.43665, -1.19997, 3.63662, 0.00000, 1.00000
-0.43315, -2.05481, 4.45876, 4.92853, -1.77855, 0.44016, 3.00000, 336222.00000, 88515.00000, 197563.33333, 10664845561.55556, 103270.73914, 0.90081, -0.24359, -0.98030, 2.22389, 0.00000, 1.00000
-0.87126, -1.44936, 4.62611, 4.92550, -2.11205, 0.35046, 17.00000, 456088.00000, 40099.00000, 240376.88235, 16901341557.16263, 130005.15973, 0.94766, -0.36416, -0.66465, 2.02881, 0.00000, 1.00000
-2.14766, 0.78579, 4.35121, 4.91558, 2.79084, 0.48390, 12.00000, 373311.00000, 38250.00000, 142128.16667, 7453223750.47222, 86332.05517, 1.08598, -0.71592, 0.25627, 1.45965, 0.00000, 1.00000
-2.14766, -0.78579, 4.35121, 4.91558, -2.79084, 0.48390, 9.00000, 355896.00000, 50542.00000, 235611.00000, 9292759047.33333, 96398.95771, 1.08598, -1.46868, -0.52573, 2.99442, 0.00000, 1.00000
-0.87622, 0.00000, 4.83686, 4.91558, 3.14159, 0.17921, 23.00000, 462071.00000, 34759.00000, 200805.69565, 10133436174.12477, 100664.96995, 1.08598, -0.22879, 0.00000, 1.22879, 0.00000, 1.00000
-1.75244, 0.00000, 4.58794, 4.91123, 3.14159, 0.36486, 23.00000, 465873.00000, 45726.00000, 200999.60870, 15928241941.45558, 126207.13903, 1.14286, -0.61803, 0.00000, 1.61803, 0.00000, 1.00000
-4.45876, -0.43315, 2.05481, 4.92853, -3.04475, 1.14074, 5.00000, 456876.00000, 162367.00000, 299588.20000, 12992068988.16000, 113982.75742, 0.90081, 1.49537, 0.16379, -0.65917, 0.40000, 0.60000
-4.85499, -0.43811, 0.72621, 4.92852, -3.05160, 1.42291, 2.00000, 289814.00000, 183645.00000, 236729.50000, 2817964140.25000, 53084.50000, 0.91102, 1.04077, 0.10419, -0.14496, 0.00000, 1.00000
-4.37124, -1.70460, 1.50894, 4.92852, -2.76977, 1.25963, 4.00000, 473265.00000, 173280.00000, 325984.25000, 11673053680.68750, 108041.90706, 0.91102, 0.93889, 0.37091, -0.30980, 0.50000, 0.50000
-4.62611, -0.87126, 1.44936, 4.92550, -2.95544, 1.27212, 4.00000, 437152.00000, 225571.00000, 288521.25000, 7594021265.68750, 87143.68173, 0.94766, 1.17386, 0.21070, -0.38457, 0.75000, 0.25000
-4.85499, -0.43811, -0.72621, 4.92852, -3.05160, 1.71868, 8.00000, 474291.00000, 166286.00000, 338911.50000, 9721262224.00000, 98596.46152, 0.91102, 0.80685, 0.08077, 0.11238, 0.62500, 0.37500
-4.45876, -0.43315, -2.05481, 4.92853, -3.04475, 2.00085, 3.00000, 340777.00000, 284181.00000, 306957.00000, 594836170.66667, 24389.26343, 0.90081, 0.64502, 0.07065, 0.28433, 1.00000, 0.00000
-4.37124, -1.70460, -1.50894, 4.92852, -2.76977, 1.88196, 6.00000, 390367.00000, 127721.00000, 258419.50000, 7356650312.91667, 85770.91764, 0.91102, 0.57970, 0.22901, 0.19128, 1.00000, 0.00000
-4.62611, -0.87126, -1.44936, 4.92550, -2.95544, 1.86947, 6.00000, 464903.00000, 63621.00000, 325257.66667, 16670713271.88889, 129115.11636, 0.94766, 0.66353, 0.11910, 0.21738, 1.00000, 0.00000
-3.92241, -2.87963, 0.78273, 4.92852, -2.50831, 1.41130, 3.00000, 407660.00000, 200722.00000, 283120.33333, 8025168628.22222, 89583.30552, 0.91102, 0.65841, 0.46938, -0.12779, 1.00000, 0.00000
-3.92241, -2.87963, -0.78273, 4.92852, -2.50831, 1.73029, 6.00000, 444729.00000, 92695.00000, 302128.00000, 12213725800.00000, 110515.72648, 0.91102, 0.52439, 0.37383, 0.10178, 1.00000, 0.00000
-3.18882, -3.75791, 0.00000, 4.92853, -2.27446, 1.57080, 8.00000, 471517.00000, 96739.00000, 294628.87500, 12133678008.60938, 110152.97549, 0.90081, 0.46930, 0.53070, 0.00000, 0.62500, 0.37500
-3.73035, -3.21637, 0.00000, 4.92550, -2.43005, 1.57080, 3.00000, 252129.00000, 100129.00000, 164289.66667, 4131006294.22222, 64272.90482, 0.94766, 0.52918, 0.47082, -0.00000, 1.00000, 0.00000
-4.83686, -0.87622, 0.00000, 4.91558, -2.96238, 1.57080, 4.00000, 469132.00000, 155151.00000, 291467.50000, 12763630051.25000, 112976.23667, 1.08598, 0.84303, 0.15697, -0.00000, 0.75000, 0.25000
-4.35121, -2.14766, -0.78579, 4.91558, -2.68310, 1.73134, 3.00000, 220633.00000, 94590.00000, 139573.33333, 3298557221.55556, 57433.06732, 1.08598, 0.60022, 0.29439, 0.10538, 1.00000, 0.00000
-4.35121, -2.14766, 0.78579, 4.91558, -2.68310, 1.41025, 1.00000, 270831.00000, 270831.00000, 270831.00000, 0.00000, 0.00000, 1.08598, 0.76051, 0.37301, -0.13352, 1.00000, 0.00000
-4.58794, -1.75244, 0.00000, 4.91123, -2.77673, 1.57080, 4.00000, 370477.00000, 220272.00000, 295819.25000, 2902772003.68750, 53877.37933, 1.14286, 0.72361, 0.27639, -0.00000, 1.00000, 0.00000
-3.75791, 0.00000, -3.18882, 4.92853, 3.14159, 2.27446, 14.00000, 451148.00000, 81997.00000, 211155.71429, 9024860008.77551, 94999.26320, 0.90081, 0.53070, -0.00000, 0.46930, 1.00000, 0.00000
-2.87963, 0.78273, -3.92241, 4.92852, 2.87619, 2.49122, 20.00000, 486803.00000, 35236.00000, 198244.60000, 15967214111.04000, 126361.44234, 0.91102, 0.46938, -0.12779, 0.65841, 1.00000, 0.00000
-2.87963, -0.78273, -3.92241, 4.92852, -2.87619, 2.49122, 30.00000, 407703.00000, 38277.00000, 174982.56667, 11513435054.84555, 107300.67593, 0.91102, 0.37383, 0.10178, 0.52439, 1.00000, 0.00000
-3.21637, 0.00000, -3.73035, 4.92550, 3.14159, 2.43005, 14.00000, 368348.00000, 63297.00000, 173820.57143, 11768523409.67347, 108482.82541, 0.94766, 0.47082, 0.00000, 0.52918, 1.00000, 0.00000
-1.70460, 1.50894, -4.37124, 4.92852, 2.41700, 2.66145, 20.00000, 425674.00000, 59216.00000, 203252.50000, 11424682377.05000, 106886.30584, 0.91102, 0.37091, -0.30980, 0.93889, 1.00000, 0.00000
-0.43315, 2.05481, -4.45876, 4.92853, 1.77855, 2.70143, 20.00000, 477213.00000, 52442.00000, 231296.50000, 16122117422.15000, 126972.90035, 0.90081, 0.16379, -0.65917, 1.49537, 0.90000, 0.10000
-0.43811, 0.72621, -4.85499, 4.92852, 2.11363, 2.96865, 41.00000, 410500.00000, 22971.00000, 117745.92683, 7859622925.77514, 88654.51441, 0.91102, 0.10419, -0.14496, 1.04077, 1.00000, 0.00000
-0.87126, 1.44936, -4.62611, 4.92550, 2.11205, 2.79113, 25.00000, 419831.00000, 28000.00000, 167653.00000, 9439448399.12000, 97156.82374, 0.94766, 0.21070, -0.38457, 1.17386, 1.00000, 0.00000
-1.70460, -1.50894, -4.37124, 4.92852, -2.41700, 2.66145, 54.00000, 401171.00000, 25686.00000, 125477.85185, 10729606552.01509, 103583.81414, 0.91102, 0.22901, 0.19128, 0.57970, 1.00000, 0.00000
-0.43811, -0.72621, -4.85499, 4.92852, -2.11363, 2.96865, 72.00000, 474155.00000, 18380.00000, 120767.02778, 9923048843.38812, 99614.50117, 0.91102, 0.08077, 0.11238, 0.80685, 1.00000, 0.00000
-0.43315, -2.05481, -4.45876, 4.92853, -1.77855, 2.70143, 82.00000, 466733.00000, 10667.00000, 97658.80488, 9619735426.13266, 98080.24993, 0.90081, 0.07065, 0.28433, 0.64502, 1.00000, 0.00000
-0.87126, -1.44936, -4.62611, 4.92550, -2.11205, 2.79113, 67.00000, 411129.00000, 13068.00000, 103630.92537, 6592692445.17353, 81195.39670, 0.94766, 0.11910, 0.21738, 0.66353, 1.00000, 0.00000
-2.14766, 0.78579, -4.35121, 4.91558, 2.79084, 2.65769, 21.00000, 465652.00000, 37278.00000, 201632.14286, 12795627901.74150, 113117.76121, 1.08598, 0.37301, -0.13352, 0.76051, 1.00000, 0.00000
-0.87622, 0.00000, -4.83686, 4.91558, 3.14159, 2.96238, 27.00000, 360447.00000, 38254.00000, 115705.25926, 6509833222.26612, 80683.53749, 1.08598, 0.15697, 0.00000, 0.84303, 1.00000, 0.00000
-2.14766, -0.78579, -4.35121, 4.91558, -2.79084, 2.65769, 36.00000, 420072.00000, 31010.00000, 131064.22222, 12350585922.61728, 111133.19001, 1.08598, 0.29439, 0.10538, 0.60022, 1.00000, 0.00000
-1.75244, 0.00000, -4.58794, 4.91123, 3.14159, 2.77673, 34.00000, 486160.00000, 42217.00000, 179542.88235, 16742773350.16263, 129393.86906, 1.14286, 0.27639, 0.00000, 0.72361, 0.97059, 0.02941
0.70086, 2.75567, -4.02561, 4.92853, 1.32174, 2.52663, 6.00000, 435035.00000, 56067.00000, 250842.83333, 20705793046.13889, 143895.07652, 0.90081, -1.86160, -6.49176, 9.35336, 0.83333, 0.16667
1.49161, 3.48430, -3.15040, 4.92852, 1.16631, 2.26428, 9.00000, 417576.00000, 125301.00000, 252479.55556, 9011790114.02469, 94930.44882, 0.91102, 0.81587, 1.82322, -1.63909, 0.88889, 0.11111
1.97536, 2.21782, -3.93313, 4.92852, 0.84316, 2.49482, 10.00000, 460237.00000, 57196.00000, 221035.30000, 15802614036.81000, 125708.44855, 0.91102, 5.51065, 6.05607, -10.56672, 0.80000, 0.20000
1.40973, 2.85909, -3.75484, 4.92550, 1.11271, 2.43770, 10.00000, 486325.00000, 135678.00000, 309976.30000, 14689024210.01000, 121198.28468, 0.94766, 3.30198, 7.02665, -9.32863, 1.00000, 0.00000
2.21782, 3.93313, -1.97536, 4.92852, 1.05736, 1.98319, 8.00000, 499145.00000, 133450.00000, 303034.25000, 17772115831.93750, 133312.09935, 0.91102, 0.54500, 0.95092, -0.49591, 0.87500, 0.12500
2.75567, 4.02561, -0.70086, 4.92853, 0.97053, 1.71348, 8.00000, 420917.00000, 59115.00000, 256552.12500, 12425523535.60938, 111469.83240, 0.90081, 0.46424, 0.66888, -0.13313, 0.25000, 0.75000
3.48430, 3.15040, -1.49161, 4.92852, 0.73511, 1.87827, 12.00000, 491167.00000, 186814.00000, 320941.91667, 9665098046.40972, 98311.23052, 0.91102, 0.68893, 0.61936, -0.30829, 0.58333, 0.41667
2.85909, 3.75484, -1.40973, 4.92550, 0.92001, 1.86107, 5.00000, 415697.00000, 81181.00000, 344611.40000, 17388488749.04000, 131865.41908, 0.94766, 0.53830, 0.71466, -0.25296, 0.40000, 0.60000
3.15040, 1.49161, -3.48430, 4.92852, 0.44220, 2.35600, 8.00000, 367447.00000, 45324.00000, 169366.87500, 14518737962.10938, 120493.72582, 0.91102, 2.59457, 1.29147, -2.88604, 1.00000, 0.00000
3.93313, 1.97536, -2.21782, 4.92852, 0.46544, 2.03756, 10.00000, 496063.00000, 90646.00000, 265320.80000, 12996235681.36000, 114001.03369, 0.91102, 1.05443, 0.54989, -0.60432, 0.90000, 0.10000
4.02561, 0.70086, -2.75567, 4.92853, 0.17237, 2.16413, 10.00000, 328754.00000, 59265.00000, 170388.60000, 8145602180.04000, 90252.98987, 0.90081, 1.98030, 0.39414, -1.37444, 0.90000, 0.10000
3.75484, 1.40973, -2.85909, 4.92550, 0.35916, 2.19010, 12.00000, 475591.00000, 89864.00000, 267265.75000, 16305483660.68750, 127692.92721, 0.94766, 1.66465, 0.58922, -1.25387, 0.91667, 0.08333
2.20355, 3.47499, -2.68919, 4.91558, 1.00567, 2.14966, 10.00000, 486099.00000, 92842.00000, 297081.50000, 18354139059.05000, 135477.44853, 1.08598, 0.74373, 1.15838, -0.90211, 0.90000, 0.10000
3.47499, 2.68919, -2.20355, 4.91558, 0.65860, 2.03563, 5.00000, 490683.00000, 146983.00000, 274353.80000, 15017146512.56000, 122544.46749, 1.08598, 0.87972, 0.68510, -0.56481, 0.60000, 0.40000
2.68919, 2.20355, -3.47499, 4.91558, 0.68646, 2.35595, 9.00000, 475690.00000, 73657.00000, 215344.44444, 12103172523.13580, 110014.41961, 1.08598, 1.85065, 1.52573, -2.37638, 0.88889, 0.11111
2.83550, 2.83550, -2.83550, 4.91123, 0.78540, 2.18628, 11.00000, 380136.00000, 108476.00000, 254777.90909, 11235752465.17355, 105998.83238, 1.14286, 1.00000, 1.00000, -1.00000, 0.81818, 0.18182
2.75567, -4.02561, 0.70086, 4.92853, -0.97053, 1.42811, 6.00000, 433309.00000, 154929.00000, 286670.50000, 9684980389.25000, 98412.29796, 0.90081, -6.49176, 9.35336, -1.86160, 1.00000, 0.00000
3.48430, -3.15040, 1.49161, 4.92852, -0.73511, 1.26333, 2.00000, 171028.00000, 125224.00000, 148126.00000, 524501604.00000, 22902.00000, 0.91102, 1.82322, -1.63909, 0.81587, 0.50000, 0.50000
2.21782, -3.93313, 1.97536, 4.92852, -1.05736, 1.15840, 7.00000, 453001.00000, 102116.00000, 318005.85714, 13986378649.55102, 118264.02094, 0.91102, 6.05607, -10.56672, 5.51065, 0.71429, 0.28571
2.85909, -3.75484, 1.40973, 4.92550, -0.92001, 1.28053, 7.00000, 475183.00000, 201095.00000, 350263.57143, 13538601700.53061, 116355.49708, 0.94766, 7.02665, -9.32863, 3.30198, 0.85714, 0.14286
3.93313, -1.97536, 2.21782, 4.92852, -0.46544, 1.10403, 8.00000, 332845.00000, 94134.00000, 220026.00000, 3817280384.25000, 61784.14347, 0.91102, 0.95092, -0.49591, 0.54500, 0.25000, 0.75000
4.02561, -0.70086, 2.75567, 4.92853, -0.17237, 0.97747, 10.00000, 399772.00000, 64591.00000, 157117.60000, 8231418553.24000, 90727.16546, 0.90081, 0.66888, -0.13313, 0.46424, 0.00000, 1.00000
3.15040, -1.49161, 3.48430, 4.92852, -0.44220, 0.78559, 7.00000, 474423.00000, 61693.00000, 233525.28571, 20610946564.20408, 143565.13004, 0.91102, 0.61936, -0.30829, 0.68893, 0.00000, 1.00000
3.75484, -1.40973, 2.85909, 4.92550, -0.35916, 0.95149, 9.00000, 353484.00000, 73250.00000, 217665.44444, 10963659929.58025, 104707.49701, 0.94766, 0.71466, -0.25296, 0.53830, 0.22222, 0.77778
1.49161, -3.48430, 3.15040, 4.92852, -1.16631, 0.87732, 5.00000, 429263.00000, 248257.00000, 370359.40000, 4109495911.44000, 64105.35010, 0.91102, 1.29147, -2.88604, 2.59457, 0.20000, 0.80000
1.97536, -2.21782, 3.93313, 4.92852, -0.84316, 0.64677, 12.00000, 498302.00000, 44427.00000, 216202.66667, 15076447345.55556, 122786.18548, 0.91102, 0.54989, -0.60432, 1.05443, 0.00000, 1.00000
0.70086, -2.75567, 4.02561, 4.92853, -1.32174, 0.61496, 7.00000, 348137.00000, 98276.00000, 185345.28571, 6478640852.20408, 80490.00467, 0.90081, 0.39414, -1.37444, 1.98030, 0.00000, 1.00000
1.40973, -2.85909, 3.75484, 4.92550, -1.11271, 0.70390, 6.00000, 412132.00000, 38307.00000, 251325.50000, 15299166733.58333, 123689.80044, 0.94766, 0.58922, -1.25387, 1.66465, 0.00000, 1.00000
3.47499, -2.68919, 2.20355, 4.91558, -0.65860, 1.10596, 3.00000, 380147.00000, 183419.00000, 276488.66667, 6506377594.88889, 80662.11995, 1.08598, 1.15838, -0.90211, 0.74373, 0.33333, 0.66667
2.68919, -2.20355, 3.47499, 4.91558, -0.68646, 0.78564, 5.00000, 302595.00000, 90595.00000, 200245.00000, 4855949230.00000, 69684.64128, 1.08598, 0.68510, -0.56481, 0.87972, 0.00000, 1.00000
2.20355, -3.47499, 2.68919, 4.91558, -1.00567, 0.99193, 6.00000, 497090.00000, 149805.00000, 309412.33333, 14523820984.22222, 120514.81645, 1.08598, 1.52573, -2.37638, 1.85065, 0.33333, 0.66667
2.83550, -2.83550, 2.83550, 4.91123, -0.78540, 0.95532, 9.00000, 486960.00000, 83645.00000, 341533.00000, 16119287106.66667, 126961.75450, 1.14286, 1.00000, -1.00000, 1.00000, 0.44444, 0.55556
2.05481, -4.45876, 0.43315, 4.92853, -1.13896, 1.48280, 5.00000, 338326.00000, 194659.00000, 251533.40000, 3085921589.04000, 55551.07190, 0.90081, -0.98030, 2.22389, -0.24359, 1.00000, 0.00000
1.50894, -4.37124, 1.70460, 4.92852, -1.23841, 1.21764, 2.00000, 191048.00000, 185995.00000, 188521.50000, 6383202.25000, 2526.50000, 0.91102, -1.19997, 3.63662, -1.43665, 0.50000, 0.50000
0.72621, -4.85499, 0.43811, 4.92852, -1.42232, 1.48179, 5.00000, 413212.00000, 355861.00000, 384130.80000, 349945144.56000, 18706.82080, 0.91102, -0.18312, 1.31474, -0.13162, 1.00000, 0.00000
1.44936, -4.62611, 0.87126, 4.92550, -1.26718, 1.39297, 0.00000, 0.00000, 0.00000, 0.00000, 0.00000, 0.00000, 0.94766, -0.66465, 2.02881, -0.36416, 0.00000, 0.00000
0.78273, -3.92241, 2.87963, 4.92852, -1.37383, 0.94680, 5.00000, 463258.00000, 309217.00000, 418217.80000, 3224505561.36000, 56784.73000, 0.91102, -2.08678, 10.75154, -7.66476, 0.20000, 0.80000
0.00000, -3.18882, 3.75791, 4.92853, -1.57080, 0.70366, 4.00000, 481754.00000, 232888.00000, 360625.00000, 11132930802.50000, 105512.70446, 0.90081, 0.00000, -7.64229, 8.64229, 0.00000, 1.00000
-0.78273, -3.92241, 2.87963, 4.92852, -1.76776, 0.94680, 6.00000, 398021.00000, 138357.00000, 269640.00000, 8890944382.66667, 94291.80443, 0.91102, 0.40335, 2.07817, -1.48153, 0.33333, 0.66667
0.00000, -3.73035, 3.21637, 4.92550, -1.57080, 0.85925, 3.00000, 416811.00000, 112987.00000, 282453.00000, 16001122994.66667, 126495.54536, 0.94766, -0.00000, 9.06739, -8.06739, 0.33333, 0.66667
-0.72621, -4.85499, 0.43811, 4.92852, -1.71928, 1.48179, 9.00000, 367154.00000, 119553.00000, 240776.33333, 7016555935.33333, 83764.88486, 0.91102, 0.13403, 0.96230, -0.09634, 0.88889, 0.11111
-1.50894, -4.37124, 1.70460, 4.92852, -1.90319, 1.21764, 4.00000, 499661.00000, 277070.00000, 400215.75000, 6573993865.68750, 81080.16937, 0.91102, 0.35294, 1.06961, -0.42255, 0.50000, 0.50000
-2.05481, -4.45876, 0.43315, 4.92853, -2.00263, 1.48280, 10.00000, 461769.00000, 102200.00000, 247569.80000, 11975727519.56000, 109433.66721, 0.90081, 0.33112, 0.75116, -0.08228, 1.00000, 0.00000
-1.44936, -4.62611, 0.87126, 4.92550, -1.87441, 1.39297, 4.00000, 316537.00000, 101234.00000, 234817.75000, 8004532828.68750, 89468.05479, 0.94766, 0.28534, 0.87099, -0.15634, 1.00000, 0.00000
0.78579, -4.35121, 2.14766, 4.91558, -1.39213, 1.11864, 2.00000, 478696.00000, 309011.00000, 393853.50000, 7198249806.25000, 84842.50000, 1.08598, -0.52573, 2.99442, -1.46868, 0.00000, 1.00000
-0.78579, -4.35121, 2.14766, 4.91558, -1.74946, 1.11864, 2.00000, 493817.00000, 236548.00000, 365182.50000, 16546834590.25000, 128634.50000, 1.08598, 0.25627, 1.45965, -0.71592, 0.00000, 1.00000
0.00000, -4.83686, 0.87622, 4.91558, -1.57080, 1.39159, 3.00000, 384713.00000, 237429.00000, 327586.00000, 4160919892.66667, 64505.19276, 1.08598, -0.00000, 1.22879, -0.22879, 1.00000, 0.00000
0.00000, -4.58794, 1.75244, 4.91123, -1.57080, 1.20593, 4.00000, 417399.00000, 350295.00000, 389140.50000, 816755752.25000, 28578.93896, 1.14286, -0.00000, 1.61803, -0.61803, 0.50000, 0.50000
2.05481, -4.45876, -0.43315, 4.92853, -1.13896, 1.65880, 8.00000, 486228.00000, 88346.00000, 198107.87500, 16222991664.60938, 127369.50838, 0.90081, -0.65917, 1.49537, 0.16379, 1.00000, 0.00000
0.72621, -4.85499, -0.43811, 4.92852, -1.42232, 1.65981, 11.00000, 332170.00000, 65281.00000, 200116.81818, 5296860197.23967, 72779.53144, 0.91102, -0.14496, 1.04077, 0.10419, 0.90909, 0.09091
1.50894, -4.37124, -1.70460, 4.92852, -1.23841, 1.92396, 28.00000, 445317.00000, 43516.00000, 160107.35714, 13406467470.01531, 115786.30087, 0.91102, -0.30980, 0.93889, 0.37091, 1.00000, 0.00000
1.44936, -4.62611, -0.87126, 4.92550, -1.26718, 1.74862, 17.00000, 475080.00000, 61674.00000, 215823.41176, 13748514208.24221, 117254.05839, 0.94766, -0.38457, 1.17386, 0.21070, 1.00000, 0.00000
-0.72621, -4.85499, -0.43811, 4.92852, -1.71928, 1.65981, 9.00000, 447173.00000, 67527.00000, 265656.88889, 10535776429.87654, 102643.93031, 0.91102, 0.11238, 0.80685, 0.08077, 0.88889, 0.11111
-2.05481, -4.45876, -0.43315, 4.92853, -2.00263, 1.65880, 8.00000, 401865.00000, 51677.00000, 199792.62500, 10074164785.48438, 100370.13891, 0.90081, 0.28433, 0.64502, 0.07065, 0.87500, 0.12500
-1.50894, -4.37124, -1.70460, 4.92852, -1.90319, 1.92396, 16.00000, 496322.00000, 43384.00000, 286824.25000, 24066683488.31250, 155134.40459, 0.91102, 0.19128, 0.57970, 0.22901, 0.93750, 0.06250
-1.44936, -4.62611, -0.87126, 4.92550, -1.87441, 1.74862, 13.00000, 444474.00000, 62019.00000, 267925.15385, 12214091356.13018, 110517.38034, 0.94766, 0.21738, 0.66353, 0.11910, 0.92308, 0.07692
0.78273, -3.92241, -2.87963, 4.92852, -1.37383, 2.19479, 53.00000, 383993.00000, 22538.00000, 124003.45283, 10245353651.49306, 101219.33438, 0.91102, -0.12779, 0.65841, 0.46938, 1.00000, 0.00000
-0.78273, -3.92241, -2.87963, 4.92852, -1.76776, 2.19479, 34.00000, 496245.00000, 37428.00000, 136187.44118, 13507564165.12889, 116222.04681, 0.91102, 0.10178, 0.52439, 0.37383, 1.00000, 0.00000
0.00000, -3.18882, -3.75791, 4.92853, -1.57080, 2.43793, 60.00000, 385008.00000, 15609.00000, 112367.11667, 7219121160.66972, 84965.41155, 0.90081, 0.00000, 0.46930, 0.53070, 1.00000, 0.00000
0.00000, -3.73035, -3.21637, 4.92550, -1.57080, 2.28234, 36.00000, 461141.00000, 26607.00000, 126972.63889, 10590598335.39738, 102910.63276, 0.94766, -0.00000, 0.52918, 0.47082, 1.00000, 0.00000
0.00000, -4.83686, -0.87622, 4.91558, -1.57080, 1.75001, 12.00000, 476826.00000, 115151.00000, 269977.83333, 13889506209.63889, 117853.74924, 1.08598, -0.00000, 0.84303, 0.15697, 1.00000, 0.00000
-0.78579, -4.35121, -2.14766, 4.91558, -1.74946, 2.02296, 23.00000, 496066.00000, 23561.00000, 160014.21739, 13542154823.03970, 116370.76447, 1.08598, 0.10538, 0.60022, 0.29439, 1.00000, 0.00000
0.78579, -4.35121, -2.14766, 4.91558, -1.39213, 2.02296, 18.00000, 385464.00000, 32248.00000, 211536.22222, 11637083239.50617, 107875.31339, 1.08598, -0.13352, 0.76051, 0.37301, 1.00000, 0.00000
0.00000, -4.58794, -1.75244, 4.91123, -1.57080, 1.93566, 14.00000, 368417.00000, 41113.00000, 135975.85714, 9354325500.69388, 96717.76207, 1.14286, -0.00000, 0.72361, 0.27639, 1.00000, 0.00000
2.75567, -4.02561, -0.70086, 4.92853, -0.97053, 1.71348, 10.00000, 476644.00000, 72343.00000, 298936.20000, 23307866477.96000, 152669.14056, 0.90081, -1.37444, 1.98030, 0.39414, 0.80000, 0.20000
2.21782, -3.93313, -1.97536, 4.92852, -1.05736, 1.98319, 27.00000, 458154.00000, 36668.00000, 192654.96296, 16887095067.44308, 129950.35617, 0.91102, -0.60432, 1.05443, 0.54989, 1.00000, 0.00000
3.48430, -3.15040, -1.49161, 4.92852, -0.73511, 1.87827, 19.00000, 472687.00000, 43700.00000, 220503.36842, 18440462255.49584, 135795.66361, 0.91102, -2.88604, 2.59457, 1.29147, 1.00000, 0.00000
2.85909, -3.75484, -1.40973, 4.92550, -0.92001, 1.86107, 17.00000, 475601.00000, 50204.00000, 214997.17647, 17974317154.73356, 134068.33017, 0.94766, -1.25387, 1.66465, 0.58922, 1.00000, 0.00000
1.49161, -3.48430, -3.15040, 4.92852, -1.16631, 2.26428, 51.00000, 472820.00000, 13487.00000, 141081.23529, 11819191684.88581, 108716.10591, 0.91102, -0.30829, 0.68893, 0.61936, 1.00000, 0.00000
0.70086, -2.75567, -4.02561, 4.92853, -1.32174, 2.52663, 67.00000, 449273.00000, 16555.00000, 107418.10448, 7991442137.37714, 89394.86639, 0.90081, -0.13313, 0.46424, 0.66888, 1.00000, 0.00000
1.97536, -2.21782, -3.93313, 4.92852, -0.84316, 2.49482, 69.00000, 389143.00000, 11810.00000, 101758.15942, 6405604131.75720, 80035.01816, 0.91102, -0.49591, 0.54500, 0.95092, 1.00000, 0.00000
1.40973, -2.85909, -3.75484, 4.92550, -1.11271, 2.43770, 64.00000, 450425.00000, 11454.00000, 111625.35938, 9381447697.01147, 96857.87370, 0.94766, -0.25296, 0.53830, 0.71466, 1.00000, 0.00000
3.93313, -1.97536, -2.21782, 4.92852, -0.46544, 2.03756, 18.00000, 414377.00000, 57296.00000, 177520.72222, 11597760234.86728, 107692.89779, 0.91102, -10.56672, 5.51065, 6.05607, 1.00000, 0.00000
3.15040, -1.49161, -3.48430, 4.92852, -0.44220, 2.35600, 36.00000, 487414.00000, 24713.00000, 164429.11111, 15591208131.37654, 124864.75937, 0.91102, -1.63909, 0.81587, 1.82322, 1.00000, 0.00000
4.02561, -0.70086, -2.75567, 4.92853, -0.17237, 2.16413, 11.00000, 376595.00000, 69957.00000, 237022.45455, 9155832198.24793, 95686.11288, 0.90081, 9.35336, -1.86160, -6.49176, 1.00000, 0.00000
3.75484, -1.40973, -2.85909, 4.92550, -0.35916, 2.19010, 15.00000, 428651.00000, 28062.00000, 173401.20000, 16353048474.16000, 127879.03845, 0.94766, -9.32863, 3.30198, 7.02665, 1.00000, 0.00000
2.20355, -3.47499, -2.68919, 4.91558, -1.00567, 2.14966, 20.00000, 403121.00000, 13776.00000, 176467.60000, 13842937206.24000, 117656.01220, 1.08598, -0.56481, 0.87972, 0.68510, 1.00000, 0.00000
2.68919, -2.20355, -3.47499, 4.91558, -0.68646, 2.35595, 38.00000, 388253.00000, 19478.00000, 123455.92105, 9568721465.70429, 97819.84188, 1.08598, -0.90211, 0.74373, 1.15838, 1.00000, 0.00000
3.47499, -2.68919, -2.20355, 4.91558, -0.65860, 2.03563, 16.00000, 478712.00000, 45955.00000, 210993.87500, 15983703988.23438, 126426.67435, 1.08598, -2.37638, 1.85065, 1.52573, 1.00000, 0.00000
2.83550, -2.83550, -2.83550, 4.91123, -0.78540, 2.18628, 22.00000, 480785.00000, 21000.00000, 172606.09091, 17087383941.90082, 130718.72070, 1.14286, -1.00000, 1.00000, 1.00000, 1.00000, 0.00000
3.18882, -3.75791, 0.00000, 4.92853, -0.86714, 1.57080, 10.00000, 478034.00000, 50965.00000, 321290.00000, 18658688659.40000, 136596.81058, 0.90081, -7.64229, 8.64229, -0.00000, 0.80000, 0.20000
3.92241, -2.87963, -0.78273, 4.92852, -0.63328, 1.73029, 5.00000, 333998.00000, 109731.00000, 190485.60000, 6323493955.44000, 79520.39962, 0.91102, 10.75154, -7.66476, -2.08678, 1.00000, 0.00000
3.92241, -2.87963, 0.78273, 4.92852, -0.63328, 1.41130, 4.00000, 489829.00000, 117207.00000, 385243.00000, 24076539306.00000, 155166.16676, 0.91102, 2.07817, -1.48153, 0.40335, 1.00000, 0.00000
3.73035, -3.21637, 0.00000, 4.92550, -0.71154, 1.57080, 5.00000, 427906.00000, 35356.00000, 255169.00000, 20738142560.80000, 144007.43926, 0.94766, 9.06739, -8.06739, 0.00000, 0.60000, 0.40000
4.37124, -1.70460, -1.50894, 4.92852, -0.37182, 1.88196, 12.00000, 358440.00000, 47802.00000, 165514.91667, 9122583134.57639, 95512.21458, 0.91102, 3.63662, -1.43665, -1.19997, 1.00000, 0.00000
4.45876, -0.43315, -2.05481, 4.92853, -0.09684, 2.00085, 13.00000, 331569.00000, 56135.00000, 184325.23077, 6306747034.94675, 79415.03028, 0.90081, 2.22389, -0.24359, -0.98030, 1.00000, 0.00000
4.85499, -0.43811, -0.72621, 4.92852, -0.09000, 1.71868, 6.00000, 496959.00000, 111310.00000, 326413.66667, 21638091189.88889, 147098.91635, 0.91102, 1.31474, -0.13162, -0.18312, 0.50000, 0.50000
4.62611, -0.87126, -1.44936, 4.92550, -0.18616, 1.86947, 5.00000, 370487.00000, 107233.00000, 216706.20000, 7949228930.96000, 89158.44846, 0.94766, 2.02881, -0.36416, -0.66465, 0.80000, 0.20000
4.37124, -1.70460, 1.50894, 4.92852, -0.37182, 1.25963, 4.00000, 475206.00000, 189271.00000, 293950.00000, 12542531788.50000, 111993.44529, 0.91102, 1.06961, -0.42255, 0.35294, 0.25000, 0.75000
4.85499, -0.43811, 0.72621, 4.92852, -0.09000, 1.42291, 8.00000, 478574.00000, 139918.00000, 299345.75000, 12705663247.18750, 112719.40049, 0.91102, 0.96230, -0.09634, 0.13403, 0.12500, 0.87500
4.45876, -0.43315, 2.05481, 4.92853, -0.09684, 1.14074, 7.00000, 293982.00000, 67756.00000, 188422.14286, 5872493354.69388, 76632.19529, 0.90081, 0.75116, -0.08228, 0.33112, 0.14286, 0.85714
4.62611, -0.87126, 1.44936, 4.92550, -0.18616, 1.27212, 3.00000, 341626.00000, 190336.00000, 277725.66667, 4090651740.22222, 63958.20307, 0.94766, 0.87099, -0.15634, 0.28534, 0.33333, 0.66667
4.35121, -2.14766, -0.78579, 4.91558, -0.45850, 1.73134, 5.00000, 434840.00000, 138859.00000, 249041.40000, 11209861905.44000, 105876.63531, 1.08598, 2.99442, -1.46868, -0.52573, 1.00000, 0.00000
4.83686, -0.87622, 0.00000, 4.91558, -0.17921, 1.57080, 3.00000, 414301.00000, 154399.00000, 257904.66667, 12656886244.22222, 112502.82772, 1.08598, 1.22879, -0.22879, 0.00000, 1.00000, 0.00000
4.35121, -2.14766, 0.78579, 4.91558, -0.45850, 1.41025, 5.00000, 443365.00000, 168860.00000, 327576.20000, 8478633134.16000, 92079.49356, 1.08598, 1.45965, -0.71592, 0.25627, 0.80000, 0.20000
4.58794, -1.75244, 0.00000, 4.91123, -0.36486, 1.57080, 1.00000, 353680.00000, 353680.00000, 353680.00000, 0.00000, 0.00000, 1.14286, 1.61803, -0.61803, 0.00000, 0.00000, 1.00000
0.43315, -2.05481, 4.45876, 4.92853, -1.36304, 0.44016, 8.00000, 436197.00000, 89371.00000, 210375.62500, 13290425820.48438, 115284.10914, 0.90081, 0.16379, -0.65917, 1.49537, 0.00000, 1.00000
1.70460, -1.50894, 4.37124, 4.92852, -0.72459, 0.48015, 16.00000, 394476.00000, 36218.00000, 185620.31250, 12719963422.08984, 112782.81528, 0.91102, 0.37091, -0.30980, 0.93889, 0.00000, 1.00000
0.43811, -0.72621, 4.85499, 4.92852, -1.02797, 0.17295, 21.00000, 394619.00000, 32730.00000, 164191.90476, 10951005973.22902, 104647.05430, 0.91102, 0.10419, -0.14496, 1.04077, 0.04762, 0.95238
0.87126, -1.44936, 4.62611, 4.92550, -1.02954, 0.35046, 13.00000, 307650.00000, 57812.00000, 206793.46154, 6363114259.17160, 79769.13099, 0.94766, 0.21070, -0.38457, 1.17386, 0.00000, 1.00000
2.87963, -0.78273, 3.92241, 4.92852, -0.26540, 0.65037, 14.00000, 345433.00000, 41602.00000, 142155.78571, 7336283586.16837, 85652.10789, 0.91102, 0.46938, -0.12779, 0.65841, 0.07143, 0.92857
3.75791, 0.00000, 3.18882, 4.92853, 0.00000, 0.86714, 20.00000, 497233.00000, 44448.00000, 196394.75000, 14998810300.98750, 122469.63012, 0.90081, 0.53070, -0.00000, 0.46930, 0.00000, 1.00000
2.87963, 0.78273, 3.92241, 4.92852, 0.26540, 0.65037, 38.00000, 484253.00000, 37629.00000, 196600.07895, 12792189223.59903, 113102.56064, 0.91102, 0.37383, 0.10178, 0.52439, 0.02632, 0.97368
3.21637, 0.00000, 3.73035, 4.92550, 0.00000, 0.71154, 10.00000, 460845.00000, 46167.00000, 224552.00000, 25909822558.80000, 160965.28371, 0.94766, 0.47082, -0.00000, 0.52918, 0.00000, 1.00000
0.43811, 0.72621, 4.85499, 4.92852, 1.02797, 0.17295, 47.00000, 446923.00000, 29758.00000, 169158.55319, 14070314868.54504, 118618.35806, 0.91102, 0.08077, 0.11238, 0.80685, 0.00000, 1.00000
1.70460, 1.50894, 4.37124, 4.92852, 0.72459, 0.48015, 50.00000, 487437.00000, 26987.00000, 148184.56000, 11974006247.08640, 109425.80247, 0.91102, 0.22901, 0.19128, 0.57970, 0.00000, 1.00000
0.43315, 2.05481, 4.45876, 4.92853, 1.36304, 0.44016, 66.00000, 474832.00000, 15386.00000, 168653.25758, 19904045693.76699, 141081.69865, 0.90081, 0.07065, 0.28433, 0.64502, 0.01515, 0.98485
0.87126, 1.44936, 4.62611, 4.92550, 1.02954, 0.35046, 45.00000, 493811.00000, 22087.00000, 132372.13333, 12977511171.18222, 113918.87978, 0.94766, 0.11910, 0.21738, 0.66353, 0.00000, 1.00000
2.14766, -0.78579, 4.35121, 4.91558, -0.35075, 0.48390, 13.00000, 441360.00000, 30096.00000, 179607.38462, 13242072982.23668, 115074.20642, 1.08598, 0.37301, -0.13352, 0.76051, 0.00000, 1.00000
2.14766, 0.78579, 4.35121, 4.91558, 0.35075, 0.48390, 29.00000, 376298.00000, 27436.00000, 162785.96552, 9860718727.27467, 99301.15169, 1.08598, 0.29439, 0.10538, 0.60022, 0.00000, 1.00000
0.87622, 0.00000, 4.83686, 4.91558, 0.00000, 0.17921, 20.00000, 488592.00000, 39912.00000, 147459.60000, 11173374429.44000, 105704.18359, 1.08598, 0.15697, -0.00000, 0.84303, 0.00000, 1.00000
1.75244, 0.00000, 4.58794, 4.91123, 0.00000, 0.36486, 32.00000, 487514.00000, 22548.00000, 167457.15625, 12157243132.50684, 110259.88905, 1.14286, 0.27639, 0.00000, 0.72361, 0.00000, 1.00000
-2.75567, -4.02561, 0.70086, 4.92853, -2.17107, 1.42811, 6.00000, 486938.00000, 185578.00000, 314598.66667, 13302154593.55556, 115334.96692, 0.90081, 0.46424, 0.66888, -0.13313, 0.83333, 0.16667
-2.21782, -3.93313, 1.97536, 4.92852, -2.08423, 1.15840, 4.00000, 481702.00000, 218043.00000, 341625.50000, 8969197144.25000, 94705.84535, 0.91102, 0.54500, 0.95092, -0.49591, 0.75000, 0.25000
-3.48430, -3.15040, 1.49161, 4.92852, -2.40648, 1.26333, 2.00000, 391865.00000, 215424.00000, 303644.50000, 7782856620.25000, 88220.50000, 0.91102, 0.68893, 0.61936, -0.30829, 0.50000, 0.50000
-2.85909, -3.75484, 1.40973, 4.92550, -2.22158, 1.28053, 0.00000, 0.00000, 0.00000, 0.00000, 0.00000, 0.00000, 0.94766, 0.53830, 0.71466, -0.25296, 0.00000, 0.00000
-1.49161, -3.48430, 3.15040, 4.92852, -1.97528, 0.87732, 2.00000, 249681.00000, 139318.00000, 194499.50000, 3044997942.25000, 55181.50000, 0.91102, 0.81587, 1.82322, -1.63909, 0.50000, 0.50000
-0.70086, -2.75567, 4.02561, 4.92853, -1.81985, 0.61496, 5.00000, 362523.00000, 154627.00000, 277517.60000, 5125605484.64000, 71593.33408, 0.90081, -1.86160, -6.49176, 9.35336, 0.00000, 1.00000
-1.97536, -2.21782, 3.93313, 4.92852, -2.29844, 0.64677, 7.00000, 380151.00000, 58559.00000, 198313.57143, 11222701274.53061, 105937.25159, 0.91102, 5.51065, 6.05607, -10.56672, 0.00000, 1.00000
-1.40973, -2.85909, 3.75484, 4.92550, -2.02888, 0.70390, 3.00000, 314407.00000, 106419.00000, 192711.00000, 7836556298.66667, 88524.32603, 0.94766, 3.30198, 7.02665, -9.32863, 0.00000, 1.00000
-3.93313, -1.97536, 2.21782, 4.92852, -2.67616, 1.10403, 1.00000, 342870.00000, 342870.00000, 342870.00000, 0.00000, 0.00000, 0.91102, 1.05443, 0.54989, -0.60432, 0.00000, 1.00000
-3.15040, -1.49161, 3.48430, 4.92852, -2.69940, 0.78559, 8.00000, 334662.00000, 130500.00000, 224343.25000, 4555827240.43750, 67496.86838, 0.91102, 2.59457, 1.29147, -2.88604, 0.00000, 1.00000
-4.02561, -0.70086, 2.75567, 4.92853, -2.96922, 0.97747, 4.00000, 490301.00000, 133637.00000, 306688.50000, 18949778056.75000, 137658.19284, 0.90081, 1.98030, 0.39414, -1.37444, 0.00000, 1.00000
-3.75484, -1.40973, 2.85909, 4.92550, -2.78243, 0.95149, 4.00000, 450152.00000, 100754.00000, 224226.25000, 18464483772.18750, 135884.08211, 0.94766, 1.66465, 0.58922, -1.25387, 0.25000, 0.75000
-2.20355, -3.47499, 2.68919, 4.91558, -2.13592, 0.99193, 1.00000, 321252.00000, 321252.00000, 321252.00000, 0.00000, 0.00000, 1.08598, 0.74373, 1.15838, -0.90211, 0.00000, 1.00000
-2.68919, -2.20355, 3.47499, 4.91558, -2.45513, 0.78564, 4.00000, 389454.00000, 107643.00000, 231441.25000, 10240503988.18750, 101195.37533, 1.08598, 1.85065, 1.52573, -2.37638, 0.50000, 0.50000
-3.47499, -2.68919, 2.20355, 4.91558, -2.48299, 1.10596, 2.00000, 356836.00000, 318721.00000, 337778.50000, 363188306.25000, 19057.50000, 1.08598, 0.87972, 0.68510, -0.56481, 0.50000, 0.50000
-2.83550, -2.83550, 2.83550, 4.91123, -2.35619, 0.95532, 3.00000, 287217.00000, 128892.00000, 182109.00000, 5524138878.00000, 74324.55098, 1.14286, 1.00000, 1.00000, -1.00000, 0.00000, 1.00000
-0.70086, -2.75567, -4.02561, 4.92853, -1.81985, 2.52663, 69.00000, 452836.00000, 18364.00000, 107256.71014, 8263385669.04642, 90903.16644, 0.90081, 0.10514, 0.36663, 0.52824, 1.00000, 0.00000
-1.49161, -3.48430, -3.15040, 4.92852, -1.97528, 2.26428, 42.00000, 456782.00000, 35014.00000, 119702.42857, 7405638310.76871, 86056.01845, 0.91102, 0.19070, 0.42617, 0.38313, 1.00000, 0.00000
-1.97536, -2.21782, -3.93313, 4.92852, -2.29844, 2.49482, 36.00000, 448357.00000, 17449.00000, 123921.22222, 12667370524.56173, 112549.41370, 0.91102, 0.24897, 0.27362, 0.47741, 1.00000, 0.00000
-1.40973, -2.85909, -3.75484, 4.92550, -2.02888, 2.43770, 44.00000, 397649.00000, 14616.00000, 136247.09091, 10942157898.94628, 104604.76996, 0.94766, 0.16798, 0.35746, 0.47456, 1.00000, 0.00000
-2.21782, -3.93313, -1.97536, 4.92852, -2.08423, 1.98319, 11.00000, 399222.00000, 52864.00000, 182767.09091, 10814486148.62810, 103992.72161, 0.91102, 0.27362, 0.47741, 0.24897, 1.00000, 0.00000
-2.75567, -4.02561, -0.70086, 4.92853, -2.17107, 1.71348, 13.00000, 432131.00000, 69574.00000, 150524.46154, 7893400619.17160, 88844.81200, 0.90081, 0.36663, 0.52824, 0.10514, 1.00000, 0.00000
-3.48430, -3.15040, -1.49161, 4.92852, -2.40648, 1.87827, 11.00000, 389175.00000, 68777.00000, 220222.45455, 11529734120.42975, 107376.59950, 0.91102, 0.42617, 0.38313, 0.19070, 1.00000, 0.00000
-2.85909, -3.75484, -1.40973, 4.92550, -2.22158, 1.86107, 9.00000, 495219.00000, 45607.00000, 282618.66667, 23465153019.11111, 153183.39668, 0.94766, 0.35746, 0.47456, 0.16798, 1.00000, 0.00000
-3.15040, -1.49161, -3.48430, 4.92852, -2.69940, 2.35600, 23.00000, 475295.00000, 39499.00000, 172148.13043, 13674747216.28733, 116939.07481, 0.91102, 0.38313, 0.19070, 0.42617, 1.00000, 0.00000
-3.93313, -1.97536, -2.21782, 4.92852, -2.67616, 2.03756, 15.00000, 448996.00000, 45264.00000, 187009.93333, 14792447111.12889, 121624.20446, 0.91102, 0.47741, 0.24897, 0.27362, 0.86667, 0.13333
-4.02561, -0.70086, -2.75567, 4.92853, -2.96922, 2.16413, 10.00000, 464464.00000, 57156.00000, 223893.80000, 13954610579.56000, 118129.63464, 0.90081, 0.52824, 0.10514, 0.36663, 1.00000, 0.00000
-3.75484, -1.40973, -2.85909, 4.92550, -2.78243, 2.19010, 17.00000, 430939.00000, 74152.00000, 209883.35294, 12042853941.87543, 109739.93777, 0.94766, 0.47456, 0.16798, 0.35746, 1.00000, 0.00000
-2.20355, -3.47499, -2.68919, 4.91558, -2.13592, 2.14966, 14.00000, 493679.00000, 45043.00000, 189340.85714, 19474546916.26530, 139551.23402, 1.08598, 0.26522, 0.41309, 0.32170, 1.00000, 0.00000
-3.47499, -2.68919, -2.20355, 4.91558, -2.48299, 2.03563, 13.00000, 478173.00000, 63759.00000, 256702.69231, 18606653424.52071, 136406.20743, 1.08598, 0.41309, 0.32170, 0.26522, 0.92308, 0.07692
-2.68919, -2.20355, -3.47499, 4.91558, -2.45513, 2.35595, 19.00000, 365784.00000, 54447.00000, 131396.47368, 4943797012.56510, 70312.13987, 1.08598, 0.32170, 0.26522, 0.41309, 1.00000, 0.00000
-2.83550, -2.83550, -2.83550, 4.91123, -2.35619, 2.18628, 13.00000, 374275.00000, 52462.00000, 159635.38462, 12882269821.15976, 113500.08732, 1.14286, 0.33333, 0.33333, 0.33333, 1.00000, 0.00000
3.75791, 0.00000, -3.18882, 4.92853, 0.00000, 2.27446, 14.00000, 486195.00000, 41902.00000, 233294.78571, 17689007483.31122, 133000.02813, 0.90081, 8.64229, 0.00000, -7.64229, 1.00000, 0.00000
2.87963, -0.78273, -3.92241, 4.92852, -0.26540, 2.49122, 40.00000, 483907.00000, 18060.00000, 175274.65000, 21166093705.62750, 145485.71650, 0.91102, -1.48153, 0.40335, 2.07817, 1.00000, 0.00000
2.87963, 0.78273, -3.92241, 4.92852, 0.26540, 2.49122, 29.00000, 432437.00000, 28717.00000, 154614.24138, 13490287823.56243, 116147.69831, 0.91102, -7.66476, -2.08678, 10.75154, 1.00000, 0.00000
3.21637, 0.00000, -3.73035, 4.92550, 0.00000, 2.43005, 14.00000, 426837.00000, 89495.00000, 217713.42857, 13334016339.38775, 115473.01130, 0.94766, -8.06739, -0.00000, 9.06739, 1.00000, 0.00000
1.70460, -1.50894, -4.37124, 4.92852, -0.72459, 2.66145, 69.00000, 493231.00000, 10497.00000, 120007.08696, 9263082851.12287, 96244.91078, 0.91102, -0.42255, 0.35294, 1.06961, 1.00000, 0.00000
0.43315, -2.05481, -4.45876, 4.92853, -1.36304, 2.70143, 88.00000, 402040.00000, 12487.00000, 98511.85227, 7807240284.67136, 88358.58920, 0.90081, -0.08228, 0.33112, 0.75116, 1.00000, 0.00000
0.43811, -0.72621, -4.85499, 4.92852, -1.02797, 2.96865, 71.00000, 450973.00000, 17238.00000, 125731.14085, 15184001095.61396, 123223.37885, 0.91102, -0.09634, 0.13403, 0.96230, 0.98592, 0.01408
0.87126, -1.44936, -4.62611, 4.92550, -1.02954, 2.79113, 76.00000, 486836.00000, 11223.00000, 114387.02632, 12462391121.68352, 111635.08016, 0.94766, -0.15634, 0.28534, 0.87099, 1.00000, 0.00000
1.70460, 1.50894, -4.37124, 4.92852, 0.72459, 2.66145, 24.00000, 498976.00000, 32317.00000, 173127.83333, 15970528339.30556, 126374.55574, 0.91102, -1.43665, -1.19997, 3.63662, 0.95833, 0.04167
0.43811, 0.72621, -4.85499, 4.92852, 1.02797, 2.96865, 41.00000, 472914.00000, 18292.00000, 129719.63415, 9311681302.32957, 96497.05333, 0.91102, -0.13162, -0.18312, 1.31474, 1.00000, 0.00000
0.43315, 2.05481, -4.45876, 4.92853, 1.36304, 2.70143, 17.00000, 456476.00000, 73993.00000, 227570.88235, 14036291133.28028, 118474.85443, 0.90081, -0.24359, -0.98030, 2.22389, 1.00000, 0.00000
0.87126, 1.44936, -4.62611, 4.92550, 1.02954, 2.79113, 29.00000, 476519.00000, 34863.00000, 202920.06897, 13201105676.13317, 114896.06467, 0.94766, -0.36416, -0.66465, 2.02881, 1.00000, 0.00000
2.14766, -0.78579, -4.35121, 4.91558, -0.35075, 2.65769, 41.00000, 329830.00000, 22510.00000, 124715.90244, 8242782692.42951, 90789.77196, 1.08598, -0.71592, 0.25627, 1.45965, 0.97561, 0.02439
0.87622, 0.00000, -4.83686, 4.91558, 0.00000, 2.96238, 47.00000, 430972.00000, 16140.00000, 115395.51064, 9298424035.35627, 96428.33627, 1.08598, -0.22879, -0.00000, 1.22879, 1.00000, 0.00000
2.14766, 0.78579, -4.35121, 4.91558, 0.35075, 2.65769, 28.00000, 418412.00000, 20067.00000, 145680.00000, 9966137453.42857, 99830.54369, 1.08598, -1.46868, -0.52573, 2.99442, 1.00000, 0.00000
1.75244, 0.00000, -4.58794, 4.91123, 0.00000, 2.77673, 54.00000, 454147.00000, 21090.00000, 133453.22222, 11710829683.20988, 108216.58691, 1.14286, -0.61803, -0.00000, 1.61803, 1.00000, 0.00000
4.45876, 0.43315, 2.05481, 4.92853, 0.09684, 1.14074, 13.00000, 450811.00000, 58142.00000, 204383.46154, 14494737876.24852, 120394.09403, 0.90081, 0.64502, 0.07065, 0.28433, 0.07692, 0.92308
4.85499, 0.43811, 0.72621, 4.92852, 0.09000, 1.42291, 13.00000, 496564.00000, 53543.00000, 208488.76923, 15016309132.02367, 122541.05080, 0.91102, 0.80685, 0.08077, 0.11238, 0.15385, 0.84615
4.37124, 1.70460, 1.50894, 4.92852, 0.37182, 1.25963, 12.00000, 379854.00000, 91572.00000, 244632.25000, 10745522549.68750, 103660.61234, 0.91102, 0.57970, 0.22901, 0.19128, 0.16667, 0.83333
4.62611, 0.87126, 1.44936, 4.92550, 0.18616, 1.27212, 12.00000, 486228.00000, 73461.00000, 236105.16667, 15258049876.97222, 123523.47905, 0.94766, 0.66353, 0.11910, 0.21738, 0.33333, 0.66667
4.85499, 0.43811, -0.72621, 4.92852, 0.09000, 1.71868, 8.00000, 448962.00000, 127897.00000, 319156.75000, 9414820461.68750, 97029.99774, 0.91102, 1.04077, 0.10419, -0.14496, 0.62500, 0.37500
4.45876, 0.43315, -2.05481, 4.92853, 0.09684, 2.00085, 12.00000, 439633.00000, 46259.00000, 231197.66667, 12714481118.38889, 112758.50796, 0.90081, 1.49537, 0.16379, -0.65917, 1.00000, 0.00000
4.37124, 1.70460, -1.50894, 4.92852, 0.37182, 1.88196, 7.00000, 458326.00000, 189683.00000, 285723.00000, 10568988049.71428, 102805.58375, 0.91102, 0.93889, 0.37091, -0.30980, 0.71429, 0.28571
4.62611, 0.87126, -1.44936, 4.92550, 0.18616, 1.86947, 12.00000, 492455.00000, 77951.00000, 276036.25000, 12223241440.18750, 110558.76917, 0.94766, 1.17386, 0.21070, -0.38457, 0.58333, 0.41667
3.92241, 2.87963, 0.78273, 4.92852, 0.63328, 1.41130, 16.00000, 380841.00000, 123572.00000, 275376.75000, 6621611108.68750, 81373.28252, 0.91102, 0.52439, 0.37383, 0.10178, 0.12500, 0.87500
3.92241, 2.87963, -0.78273, 4.92852, 0.63328, 1.73029, 8.00000, 478717.00000, 159993.00000, 303905.50000, 11466004953.25000, 107079.43291, 0.91102, 0.65841, 0.46938, -0.12779, 0.25000, 0.75000
3.18882, 3.75791, 0.00000, 4.92853, 0.86714, 1.57080, 10.00000, 383954.00000, 94781.00000, 227287.60000, 5534123435.84000, 74391.68929, 0.90081, 0.46930, 0.53070, 0.00000, 0.10000, 0.90000
3.73035, 3.21637, 0.00000, 4.92550, 0.71154, 1.57080, 6.00000, 421641.00000, 143370.00000, 224702.66667, 9614120632.88889, 98051.62229, 0.94766, 0.52918, 0.47082, 0.00000, 0.00000, 1.00000
4.83686, 0.87622, 0.00000, 4.91558, 0.17921, 1.57080, 5.00000, 485379.00000, 94446.00000, 263223.80000, 27843417447.76000, 166863.46948, 1.08598, 0.84303, 0.15697, 0.00000, 0.80000, 0.20000
4.35121, 2.14766, -0.78579, 4.91558, 0.45850, 1.73134, 5.00000, 316323.00000, 193697.00000, 243687.00000, 1871700181.20000, 43263.15038, 1.08598, 0.76051, 0.37301, -0.13352, 0.20000, 0.80000
4.35121, 2.14766, 0.78579, 4.91558, 0.45850, 1.41025, 8.00000, 371674.00000, 145701.00000, 235035.12500, 5379630182.85938, 73345.96228, 1.08598, 0.60022, 0.29439, 0.10538, 0.00000, 1.00000
4.58794, 1.75244, 0.00000, 4.91123, 0.36486, 1.57080, 6.00000, 489726.00000, 119350.00000, 282894.83333, 14712384115.47222, 121294.61701, 1.14286, 0.72361, 0.27639, -0.00000, 0.00000, 1.00000
