-2.75567, 4.02561, 0.70086, 4.92853, 2.17107, 1.42811, 10.00000, 494788.00000, 117983.00000, 318613.30000, 15411963388.41000, 124144.92897, 0.90081, -1.37444, 1.98030, 0.39414, 1.00000, 0.00000
-3.48430, 3.15040, 1.49161, 4.92852, 2.40648, 1.26333, 7.00000, 360636.00000, 149929.00000, 263791.57143, 7685756217.10204, 87668.44482, 0.91102, -2.88604, 2.59457, 1.29147, 1.00000, 0.00000
-2.21782, 3.93313, 1.97536, 4.92852, 2.08423, 1.15840, 4.00000, 354219.00000, 86993.00000, 218611.50000, 11839742959.25000, 108810.58294, 0.91102, -0.60432, 1.05443, 0.54989, 1.00000, 0.00000
-2.85909, 3.75484, 1.40973, 4.92550, 2.22158, 1.28053, 7.00000, 367758.00000, 100970.00000, 235625.42857, 10069021510.24490, 100344.51410, 0.94766, -1.25387, 1.66465, 0.58922, 1.00000, 0.00000
-3.93313, 1.97536, 2.21782, 4.92852, 2.67616, 1.10403, 3.00000, 374178.00000, 271577.00000, 308351.00000, 2176532604.66667, 46653.32362, 0.91102, -10.56672, 5.51065, 6.05607, 1.00000, 0.00000
-4.02561, 0.70086, 2.75567, 4.92853, 2.96922, 0.97747, 1.00000, 419143.00000, 419143.00000, 419143.00000, 0.00000, 0.00000, 0.90081, 9.35336, -1.86160, -6.49176, 0.00000, 1.00000
-3.15040, 1.49161, 3.48430, 4.92852, 2.69940, 0.78559, 5.00000, 473856.00000, 182288.00000, 273343.00000, 11291681393.20000, 106262.32349, 0.91102, -1.63909, 0.81587, 1.82322, 0.40000, 0.60000
-3.75484, 1.40973, 2.85909, 4.92550, 2.78243, 0.95149, 3.00000, 450511.00000, 349698.00000, 398007.66667, 1702670248.22222, 41263.42507, 0.94766, -9.32863, 3.30198, 7.02665, 1.00000, 0.00000
-1.49161, 3.48430, 3.15040, 4.92852, 1.97528, 0.87732, 8.00000, 432671.00000, 73942.00000, 219980.62500, 12071925568.23438, 109872.31484, 0.91102, -0.30829, 0.68893, 0.61936, 1.00000, 0.00000
-1.97536, 2.21782, 3.93313, 4.92852, 2.29844, 0.64677, 0.00000, 0.00000, 0.00000, 0.00000, 0.00000, 0.00000, 0.91102, -0.49591, 0.54500, 0.95092, 0.00000, 0.00000
-0.70086, 2.75567, 4.02561, 4.92853, 1.81985, 0.61496, 0.00000, 0.00000, 0.00000, 0.00000, 0.00000, 0.00000, 0.90081, -0.13313, 0.46424, 0.66888, 0.00000, 0.00000
-1.40973, 2.85909, 3.75484, 4.92550, 2.02888, 0.70390, 1.00000, 491321.00000, 491321.00000, 491321.00000, 0.00000, 0.00000, 0.94766, -0.25296, 0.53830, 0.71466, 1.00000, 0.00000
-3.47499, 2.68919, 2.20355, 4.91558, 2.48299, 1.10596, 2.00000, 401219.00000, 386180.00000, 393699.50000, 56542880.25000, 7519.50000, 1.08598, -2.37638, 1.85065, 1.52573, 1.00000, 0.00000
-2.68919, 2.20355, 3.47499, 4.91558, 2.45513, 0.78564, 1.00000, 199934.00000, 199934.00000, 199934.00000, 0.00000, 0.00000, 1.08598, -0.90211, 0.74373, 1.15838, 1.00000, 0.00000
-2.20355, 3.47499, 2.68919, 4.91558, 2.13592, 0.99193, 2.00000, 143356.00000, 114216.00000, 128786.00000, 212284900.00000, 14570.00000, 1.08598, -0.56481, 0.87972, 0.68510, 1.00000, 0.00000
-2.83550, 2.83550, 2.83550, 4.91123, 2.35619, 0.95532, 2.00000, 243845.00000, 134118.00000, 188981.50000, 3010003632.25000, 54863.50000, 1.14286, -1.00000, 1.00000, 1.00000, 1.00000, 0.00000
-2.05481, 4.45876, 0.43315, 4.92853, 2.00263, 1.48280, 18.00000, 340960.00000, 37405.00000, 130589.55556, 7060305515.46914, 84025.62416, 0.90081, -0.65917, 1.49537, 0.16379, 1.00000, 0.00000
-1.50894, 4.37124, 1.70460, 4.92852, 1.90319, 1.21764, 11.00000, 449764.00000, 59568.00000, 195950.90909, 16760493530.80992, 129462.32475, 0.91102, -0.30980, 0.93889, 0.37091, 1.00000, 0.00000
-0.72621, 4.85499, 0.43811, 4.92852, 1.71928, 1.48179, 43.00000, 499883.00000, 34844.00000, 182461.83721, 18225222701.29908, 135000.82482, 0.91102, -0.14496, 1.04077, 0.10419, 1.00000, 0.00000
-1.44936, 4.62611, 0.87126, 4.92550, 1.87441, 1.39297, 19.00000, 496893.00000, 67368.00000, 279869.89474, 21814853508.72576, 147698.52236, 0.94766, -0.38457, 1.17386, 0.21070, 1.00000, 0.00000
-0.78273, 3.92241, 2.87963, 4.92852, 1.76776, 0.94680, 9.00000, 402520.00000, 95207.00000, 208719.00000, 9746867128.00000, 98726.22310, 0.91102, -0.12779, 0.65841, 0.46938, 1.00000, 0.00000
0.00000, 3.18882, 3.75791, 4.92853, 1.57080, 0.70366, 4.00000, 385903.00000, 91722.00000, 225619.00000, 11657034138.50000, 107967.74582, 0.90081, -0.00000, 0.46930, 0.53070, 1.00000, 0.00000
0.78273, 3.92241, 2.87963, 4.92852, 1.37383, 0.94680, 15.00000, 495325.00000, 65539.00000, 293753.53333, 20577202847.84889, 143447.56132, 0.91102, 0.10178, 0.52439, 0.37383, 1.00000, 0.00000
0.00000, 3.73035, 3.21637, 4.92550, 1.57080, 0.85925, 5.00000, 350388.00000, 100399.00000, 248943.40000, 7904248445.04000, 88905.84033, 0.94766, -0.00000, 0.52918, 0.47082, 1.00000, 0.00000
0.72621, 4.85499, 0.43811, 4.92852, 1.42232, 1.48179, 33.00000, 380174.00000, 25217.00000, 163277.18182, 10018424429.11846, 100092.07975, 0.91102, 0.11238, 0.80685, 0.08077, 1.00000, 0.00000
1.50894, 4.37124, 1.70460, 4.92852, 1.23841, 1.21764, 31.00000, 420075.00000, 39730.00000, 175003.16129, 8678774305.23205, 93159.93938, 0.91102, 0.19128, 0.57970, 0.22901, 1.00000, 0.00000
2.05481, 4.45876, 0.43315, 4.92853, 1.13896, 1.48280, 33.00000, 489987.00000, 31588.00000, 167235.57576, 14767006170.60790, 121519.57114, 0.90081, 0.28433, 0.64502, 0.07065, 1.00000, 0.00000
1.44936, 4.62611, 0.87126, 4.92550, 1.26718, 1.39297, 23.00000, 499535.00000, 38320.00000, 155344.00000, 14152048766.86957, 118962.38383, 0.94766, 0.21738, 0.66353, 0.11910, 1.00000, 0.00000
-0.78579, 4.35121, 2.14766, 4.91558, 1.74946, 1.11864, 6.00000, 347817.00000, 129354.00000, 188665.00000, 5234048665.00000, 72346.72532, 1.08598, -0.13352, 0.76051, 0.37301, 1.00000, 0.00000
0.78579, 4.35121, 2.14766, 4.91558, 1.39213, 1.11864, 14.00000, 362293.00000, 63187.00000, 155327.71429, 5432908938.77551, 73708.26913, 1.08598, 0.10538, 0.60022, 0.29439, 1.00000, 0.00000
0.00000, 4.83686, 0.87622, 4.91558, 1.57080, 1.39159, 24.00000, 404485.00000, 25696.00000, 190097.16667, 12090065398.05556, 109954.83345, 1.08598, -0.00000, 0.84303, 0.15697, 1.00000, 0.00000
0.00000, 4.58794, 1.75244, 4.91123, 1.57080, 1.20593, 21.00000, 493096.00000, 46426.00000, 208426.80952, 19314970261.86848, 138978.30860, 1.14286, 0.00000, 0.72361, 0.27639, 1.00000, 0.00000
-2.05481, 4.45876, -0.43315, 4.92853, 2.00263, 1.65880, 24.00000, 482571.00000, 46841.00000, 167540.91667, 9342754637.07639, 96657.92589, 0.90081, -0.98030, 2.22389, -0.24359, 1.00000, 0.00000
-0.72621, 4.85499, -0.43811, 4.92852, 1.71928, 1.65981, 39.00000, 417281.00000, 23669.00000, 127339.43590, 8467529612.39974, 92019.18068, 0.91102, -0.18312, 1.31474, -0.13162, 1.00000, 0.00000
-1.50894, 4.37124, -1.70460, 4.92852, 1.90319, 1.92396, 34.00000, 483820.00000, 31503.00000, 159590.91176, 13373058736.08045, 115641.94194, 0.91102, -1.19997, 3.63662, -1.43665, 1.00000, 0.00000
-1.44936, 4.62611, -0.87126, 4.92550, 1.87441, 1.74862, 27.00000, 439096.00000, 19033.00000, 148730.14815, 14277623045.16324, 119489.00805, 0.94766, -0.66465, 2.02881, -0.36416, 1.00000, 0.00000
0.72621, 4.85499, -0.43811, 4.92852, 1.42232, 1.65981, 61.00000, 416069.00000, 13241.00000, 119264.85246, 8416947569.47003, 91743.92388, 0.91102, 0.13403, 0.96230, -0.09634, 0.98361, 0.01639
2.05481, 4.45876, -0.43315, 4.92853, 1.13896, 1.65880, 66.00000, 467193.00000, 9103.00000, 130488.81818, 14390533242.75482, 119960.54869, 0.90081, 0.33112, 0.75116, -0.08228, 1.00000, 0.00000
1.50894, 4.37124, -1.70460, 4.92852, 1.23841, 1.92396, 95.00000, 391080.00000, 9884.00000, 97820.95789, 7544284966.27191, 86857.84344, 0.91102, 0.35294, 1.06961, -0.42255, 0.98947, 0.01053
1.44936, 4.62611, -0.87126, 4.92550, 1.26718, 1.74862, 62.00000, 488216.00000, 23714.00000, 128420.27419, 13554715061.39256, 116424.71843, 0.94766, 0.28534, 0.87099, -0.15634, 0.98387, 0.01613
-0.78273, 3.92241, -2.87963, 4.92852, 1.76776, 2.19479, 53.00000, 453621.00000, 16419.00000, 136865.60377, 15510195320.08829, 124539.93464, 0.91102, -2.08678, 10.75154, -7.66476, 0.96226, 0.03774
0.78273, 3.92241, -2.87963, 4.92852, 1.37383, 2.19479, 98.00000, 436756.00000, 9932.00000, 103266.71429, 8465308441.59184, 92007.11082, 0.91102, 0.40335, 2.07817, -1.48153, 0.98980, 0.01020
0.00000, 3.18882, -3.75791, 4.92853, 1.57080, 2.43793, 39.00000, 445466.00000, 21457.00000, 128826.35897, 11739819025.40960, 108350.44543, 0.90081, -0.00000, -7.64229, 8.64229, 0.97436, 0.02564
0.00000, 3.73035, -3.21637, 4.92550, 1.57080, 2.28234, 55.00000, 474620.00000, 21082.00000, 125387.09091, 13958390577.68264, 118145.63292, 0.94766, 0.00000, 9.06739, -8.06739, 1.00000, 0.00000
0.00000, 4.83686, -0.87622, 4.91558, 1.57080, 1.75001, 47.00000, 471537.00000, 23204.00000, 122731.02128, 9081086206.61657, 95294.73336, 1.08598, 0.00000, 1.22879, -0.22879, 1.00000, 0.00000
0.78579, 4.35121, -2.14766, 4.91558, 1.39213, 2.02296, 73.00000, 386983.00000, 16691.00000, 107160.20548, 9512861803.12216, 97533.90079, 1.08598, 0.25627, 1.45965, -0.71592, 1.00000, 0.00000
-0.78579, 4.35121, -2.14766, 4.91558, 1.74946, 2.02296, 38.00000, 412062.00000, 23816.00000, 159037.21053, 11835378359.21884, 108790.52514, 1.08598, -0.52573, 2.99442, -1.46868, 1.00000, 0.00000
0.00000, 4.58794, -1.75244, 4.91123, 1.57080, 1.93566, 74.00000, 456327.00000, 16445.00000, 120779.00000, 8329271109.83784, 91264.84049, 1.14286, 0.00000, 1.61803, -0.61803, 1.00000, 0.00000
-2.75567, 4.02561, -0.70086, 4.92853, 2.17107, 1.71348, 8.00000, 385648.00000, 99619.00000, 203516.62500, 7159437868.23438, 84613.46151, 0.90081, -6.49176, 9.35336, -1.86160, 1.00000, 0.00000
-2.21782, 3.93313, -1.97536, 4.92852, 2.08423, 1.98319, 31.00000, 492783.00000, 28561.00000, 150492.48387, 8679622640.24974, 93164.49238, 0.91102, 6.05607, -10.56672, 5.51065, 0.96774, 0.03226
-3.48430, 3.15040, -1.49161, 4.92852, 2.40648, 1.87827, 13.00000, 313170.00000, 46024.00000, 157609.38462, 7938148633.77515, 89096.28855, 0.91102, 1.82322, -1.63909, 0.81587, 1.00000, 0.00000
-2.85909, 3.75484, -1.40973, 4.92550, 2.22158, 1.86107, 10.00000, 396845.00000, 34158.00000, 236687.50000, 11447513917.05000, 106993.05546, 0.94766, 7.02665, -9.32863, 3.30198, 0.90000, 0.10000
-1.49161, 3.48430, -3.15040, 4.92852, 1.97528, 2.26428, 32.00000, 468534.00000, 37291.00000, 169348.62500, 11164412903.92188, 105661.78545, 0.91102, 1.29147, -2.88604, 2.59457, 1.00000, 0.00000
-0.70086, 2.75567, -4.02561, 4.92853, 1.81985, 2.52663, 30.00000, 469206.00000, 33975.00000, 157886.10000, 13364435057.89000, 115604.64981, 0.90081, 0.39414, -1.37444, 1.98030, 0.93333, 0.06667
-1.97536, 2.21782, -3.93313, 4.92852, 2.29844, 2.49482, 14.00000, 458618.00000, 44740.00000, 198355.78571, 19155581638.02551, 138403.69084, 0.91102, 0.54989, -0.60432, 1.05443, 0.85714, 0.14286
-1.40973, 2.85909, -3.75484, 4.92550, 2.02888, 2.43770, 20.00000, 433353.00000, 33764.00000, 142711.70000, 11895765039.21000, 109067.70851, 0.94766, 0.58922, -1.25387, 1.66465, 0.95000, 0.05000
-3.93313, 1.97536, -2.21782, 4.92852, 2.67616, 2.03756, 5.00000, 248111.00000, 101348.00000, 171318.40000, 2738866119.44000, 52334.17736, 0.91102, 0.95092, -0.49591, 0.54500, 0.80000, 0.20000
-3.15040, 1.49161, -3.48430, 4.92852, 2.69940, 2.35600, 12.00000, 492317.00000, 66330.00000, 279579.83333, 21182511140.30556, 145542.12840, 0.91102, 0.61936, -0.30829, 0.68893, 0.83333, 0.16667
-4.02561, 0.70086, -2.75567, 4.92853, 2.96922, 2.16413, 5.00000, 403704.00000, 176404.00000, 301077.00000, 5257613976.80000, 72509.40613, 0.90081, 0.66888, -0.13313, 0.46424, 0.40000, 0.60000
-3.75484, 1.40973, -2.85909, 4.92550, 2.78243, 2.19010, 5.00000, 439157.00000, 98322.00000, 243884.40000, 15999299151.44000, 126488.33603, 0.94766, 0.71466, -0.25296, 0.53830, 0.40000, 0.60000
-2.20355, 3.47499, -2.68919, 4.91558, 2.13592, 2.14966, 18.00000, 442974.00000, 30057.00000, 153867.94444, 10417739764.49691, 102067.32956, 1.08598, 1.52573, -2.37638, 1.85065, 0.94444, 0.05556
-2.68919, 2.20355, -3.47499, 4.91558, 2.45513, 2.35595, 11.00000, 448180.00000, 55903.00000, 254544.90909, 17011430270.99174, 130427.87383, 1.08598, 0.68510, -0.56481, 0.87972, 0.90909, 0.09091
-3.47499, 2.68919, -2.20355, 4.91558, 2.48299, 2.03563, 7.00000, 447385.00000, 116237.00000, 265701.42857, 13698431823.67347, 117040.30000, 1.08598, 1.15838, -0.90211, 0.74373, 1.00000, 0.00000
-2.83550, 2.83550, -2.83550, 4.91123, 2.35619, 2.18628, 12.00000, 303498.00000, 52683.00000, 158501.16667, 5414827992.13889, 73585.51483, 1.14286, 1.00000, -1.00000, 1.00000, 0.91667, 0.08333
-3.18882, 3.75791, 0.00000, 4.92853, 2.27446, 1.57080, 8.00000, 451756.00000, 114376.00000, 285447.75000, 11968891496.18750, 109402.42911, 0.90081, -7.64229, 8.64229, 0.00000, 1.00000, 0.00000
-3.92241, 2.87963, -0.78273, 4.92852, 2.50831, 1.73029, 4.00000, 435137.00000, 65471.00000, 209852.00000, 18999326169.00000, 137838.04326, 0.91102, 2.07817, -1.48153, 0.40335, 1.00000, 0.00000
-3.92241, 2.87963, 0.78273, 4.92852, 2.50831, 1.41130, 5.00000, 441951.00000, 106468.00000, 272029.80000, 15446526053.76000, 124284.05390, 0.91102, 10.75154, -7.66476, -2.08678, 0.80000, 0.20000
-3.73035, 3.21637, 0.00000, 4.92550, 2.43005, 1.57080, 3.00000, 439768.00000, 144591.00000, 300119.66667, 14647669381.55556, 121027.55629, 0.94766, 9.06739, -8.06739, -0.00000, 1.00000, 0.00000
-4.37124, 1.70460, -1.50894, 4.92852, 2.76977, 1.88196, 7.00000, 494512.00000, 112142.00000, 399488.42857, 19215295121.95918, 138619.24514, 0.91102, 1.06961, -0.42255, 0.35294, 0.71429, 0.28571
-4.45876, 0.43315, -2.05481, 4.92853, 3.04475, 2.00085, 6.00000, 468844.00000, 198756.00000, 300362.66667, 10542759436.55556, 102677.94036, 0.90081, 0.75116, -0.08228, 0.33112, 0.33333, 0.66667
-4.85499, 0.43811, -0.72621, 4.92852, 3.05160, 1.71868, 4.00000, 366632.00000, 133710.00000, 246576.25000, 8586443533.18750, 92663.06456, 0.91102, 0.96230, -0.09634, 0.13403, 0.50000, 0.50000
-4.62611, 0.87126, -1.44936, 4.92550, 2.95544, 1.86947, 6.00000, 401033.00000, 194474.00000, 294499.83333, 6410027787.47222, 80062.64914, 0.94766, 0.87099, -0.15634, 0.28534, 0.16667, 0.83333
-4.37124, 1.70460, 1.50894, 4.92852, 2.76977, 1.25963, 1.00000, 264084.00000, 264084.00000, 264084.00000, 0.00000, 0.00000, 0.91102, 3.63662, -1.43665, -1.19997, 1.00000, 0.00000
-4.85499, 0.43811, 0.72621, 4.92852, 3.05160, 1.42291, 5.00000, 488465.00000, 107772.00000, 280547.60000, 15742200622.64000, 125467.92667, 0.91102, 1.31474, -0.13162, -0.18312, 0.20000, 0.80000
-4.45876, 0.43315, 2.05481, 4.92853, 3.04475, 1.14074, 3.00000, 497612.00000, 223569.00000, 360585.00000, 12516594368.66667, 111877.58653, 0.90081, 2.22389, -0.24359, -0.98030, 0.33333, 0.66667
-4.62611, 0.87126, 1.44936, 4.92550, 2.95544, 1.27212, 1.00000, 256578.00000, 256578.00000, 256578.00000, 0.00000, 0.00000, 0.94766, 2.02881, -0.36416, -0.66465, 1.00000, 0.00000
-4.35121, 2.14766, -0.78579, 4.91558, 2.68310, 1.73134, 3.00000, 441616.00000, 129531.00000, 253179.00000, 18331648464.66667, 135394.41814, 1.08598, 1.45965, -0.71592, 0.25627, 1.00000, 0.00000
-4.83686, 0.87622, 0.00000, 4.91558, 2.96238, 1.57080, 4.00000, 427558.00000, 352605.00000, 382310.75000, 768196366.18750, 27716.35557, 1.08598, 1.22879, -0.22879, -0.00000, 0.50000, 0.50000
-4.35121, 2.14766, 0.78579, 4.91558, 2.68310, 1.41025, 2.00000, 447780.00000, 149083.00000, 298431.50000, 22304974452.25000, 149348.50000, 1.08598, 2.99442, -1.46868, -0.52573, 1.00000, 0.00000
-4.58794, 1.75244, 0.00000, 4.91123, 2.77673, 1.57080, 1.00000, 498732.00000, 498732.00000, 498732.00000, 0.00000, 0.00000, 1.14286, 1.61803, -0.61803, -0.00000, 0.00000, 1.00000
2.75567, 4.02561, 0.70086, 4.92853, 0.97053, 1.42811, 39.00000, 473035.00000, 19166.00000, 148640.35897, 10959865448.43524, 104689.37601, 0.90081, 0.36663, 0.52824, 0.10514, 1.00000, 0.00000
2.21782, 3.93313, 1.97536, 4.92852, 1.05736, 1.15840, 24.00000, 492358.00000, 52244.00000, 216593.70833, 18640820789.45660, 136531.39122, 0.91102, 0.27362, 0.47741, 0.24897, 1.00000, 0.00000
3.48430, 3.15040, 1.49161, 4.92852, 0.73511, 1.26333, 28.00000, 464074.00000, 27545.00000, 205916.53571, 15809900196.46301, 125737.42560, 0.91102, 0.42617, 0.38313, 0.19070, 1.00000, 0.00000
2.85909, 3.75484, 1.40973, 4.92550, 0.92001, 1.28053, 18.00000, 410722.00000, 46411.00000, 214676.50000, 17519798412.69444, 132362.37537, 0.94766, 0.35746, 0.47456, 0.16798, 1.00000, 0.00000
1.49161, 3.48430, 3.15040, 4.92852, 1.16631, 0.87732, 6.00000, 289716.00000, 69124.00000, 177672.33333, 8040750166.88889, 89670.23010, 0.91102, 0.19070, 0.42617, 0.38313, 1.00000, 0.00000
0.70086, 2.75567, 4.02561, 4.92853, 1.32174, 0.61496, 1.00000, 311309.00000, 311309.00000, 311309.00000, 0.00000, 0.00000, 0.90081, 0.10514, 0.36663, 0.52824, 1.00000, 0.00000
1.97536, 2.21782, 3.93313, 4.92852, 0.84316, 0.64677, 4.00000, 222842.00000, 184862.00000, 201962.50000, 271383480.75000, 16473.72091, 0.91102, 0.24897, 0.27362, 0.47741, 1.00000, 0.00000
1.40973, 2.85909, 3.75484, 4.92550, 1.11271, 0.70390, 4.00000, 477938.00000, 45919.00000, 212580.50000, 28674176824.25000, 169334.51162, 0.94766, 0.16798, 0.35746, 0.47456, 1.00000, 0.00000
3.93313, 1.97536, 2.21782, 4.92852, 0.46544, 1.10403, 10.00000, 460507.00000, 125359.00000, 281070.50000, 9940273466.65000, 99700.92009, 0.91102, 0.47741, 0.24897, 0.27362, 0.90000, 0.10000
3.15040, 1.49161, 3.48430, 4.92852, 0.44220, 0.78559, 6.00000, 299326.00000, 149000.00000, 214650.50000, 3010875864.91667, 54871.44854, 0.91102, 0.38313, 0.19070, 0.42617, 1.00000, 0.00000
4.02561, 0.70086, 2.75567, 4.92853, 0.17237, 0.97747, 6.00000, 496729.00000, 93514.00000, 332459.00000, 23169207600.00000, 152214.34755, 0.90081, 0.52824, 0.10514, 0.36663, 0.83333, 0.16667
3.75484, 1.40973, 2.85909, 4.92550, 0.35916, 0.95149, 7.00000, 434999.00000, 124222.00000, 272617.85714, 14229758362.97959, 119288.55085, 0.94766, 0.47456, 0.16798, 0.35746, 0.85714, 0.14286
2.20355, 3.47499, 2.68919, 4.91558, 1.00567, 0.99193, 9.00000, 480137.00000, 110179.00000, 237369.11111, 13737014090.09876, 117205.00881, 1.08598, 0.26522, 0.41309, 0.32170, 1.00000, 0.00000
2.68919, 2.20355, 3.47499, 4.91558, 0.68646, 0.78564, 5.00000, 335537.00000, 89991.00000, 216245.40000, 10231842066.64000, 101152.56827, 1.08598, 0.32170, 0.26522, 0.41309, 1.00000, 0.00000
3.47499, 2.68919, 2.20355, 4.91558, 0.65860, 1.10596, 6.00000, 423673.00000, 94019.00000, 249505.83333, 15019391406.47222, 122553.62666, 1.08598, 0.41309, 0.32170, 0.26522, 1.00000, 0.00000
2.83550, 2.83550, 2.83550, 4.91123, 0.78540, 0.95532, 6.00000, 477532.00000, 90948.00000, 235414.33333, 16929157631.55556, 130112.09641, 1.14286, 0.33333, 0.33333, 0.33333, 1.00000, 0.00000
-0.43315, 2.05481, 4.45876, 4.92853, 1.77855, 0.44016, 2.00000, 211488.00000, 170278.00000, 190883.00000, 424566025.00000, 20605.00000, 0.90081, -0.08228, 0.33112, 0.75116, 1.00000, 0.00000
-1.70460, 1.50894, 4.37124, 4.92852, 2.41700, 0.48015, 1.00000, 495191.00000, 495191.00000, 495191.00000, 0.00000, 0.00000, 0.91102, -0.42255, 0.35294, 1.06961, 0.00000, 1.00000
-0.43811, 0.72621, 4.85499, 4.92852, 2.11363, 0.17295, 1.00000, 345903.00000, 345903.00000, 345903.00000, 0.00000, 0.00000, 0.91102, -0.09634, 0.13403, 0.96230, 1.00000, 0.00000
-0.87126, 1.44936, 4.62611, 4.92550, 2.11205, 0.35046, 1.00000, 334310.00000, 334310.00000, 334310.00000, 0.00000, 0.00000, 0.94766, -0.15634, 0.28534, 0.87099, 0.00000, 1.00000
-2.87963, 0.78273, 3.92241, 4.92852, 2.87619, 0.65037, 0.00000, 0.00000, 0.00000, 0.00000, 0.00000, 0.00000, 0.91102, -1.48153, 0.40335, 2.07817, 0.00000, 0.00000
-3.75791, 0.00000, 3.18882, 4.92853, 3.14159, 0.86714, 3.00000, 421337.00000, 191138.00000, 335522.00000, 10547093814.00000, 102699.04485, 0.90081, 8.64229, -0.00000, -7.64229, 0.66667, 0.33333
-2.87963, -0.78273, 3.92241, 4.92852, -2.87619, 0.65037, 1.00000, 370219.00000, 370219.00000, 370219.00000, 0.00000, 0.00000, 0.91102, -7.66476, -2.08678, 10.75154, 0.00000, 1.00000
-3.21637, 0.00000, 3.73035, 4.92550, 3.14159, 0.71154, 2.00000, 331654.00000, 324767.00000, 328210.50000, 11857692.25000, 3443.50000, 0.94766, -8.06739, 0.00000, 9.06739, 1.00000, 0.00000
-0.43811, -0.72621, 4.85499, 4.92852, -2.11363, 0.17295, 3.00000, 432395.00000, 240287.00000, 333600.33333, 6165936451.55556, 78523.47707, 0.91102, -0.13162, -0.18312, 1.31474, 0.33333, 0.66667
-1.70460, -1.50894, 4.37124, 4.92852, -2.41700, 0.48015, 0.00000, 0.00000, 0.00000, 0.00000, 0.00000, 0.00000, 0.91102, -1.43665, -1.19997, 3.63662, 0.00000, 0.00000
-0.43315, -2.05481, 4.45876, 4.92853, -1.77855, 0.44016, 2.00000, 469825.00000, 118211.00000, 294018.00000, 30908101249.00000, 175807.00000, 0.90081, -0.24359, -0.98030, 2.22389, 0.00000, 1.00000
-0.87126, -1.44936, 4.62611, 4.92550, -2.11205, 0.35046, 1.00000, 121794.00000, 121794.00000, 121794.00000, 0.00000, 0.00000, 0.94766, -0.36416, -0.66465, 2.02881, 0.00000, 1.00000
-2.14766, 0.78579, 4.35121, 4.91558, 2.79084, 0.48390, 0.00000, 0.00000, 0.00000, 0.00000, 0.00000, 0.00000, 1.08598, -0.71592, 0.25627, 1.45965, 0.00000, 0.00000
-2.14766, -0.78579, 4.35121, 4.91558, -2.79084, 0.48390, 3.00000, 453734.00000, 400883.00000, 420934.33333, 546798034.88889, 23383.71303, 1.08598, -1.46868, -0.52573, 2.99442, 1.00000, 0.00000
-0.87622, 0.00000, 4.83686, 4.91558, 3.14159, 0.17921, 0.00000, 0.00000, 0.00000, 0.00000, 0.00000, 0.00000, 1.08598, -0.22879, 0.00000, 1.22879, 0.00000, 0.00000
-1.75244, 0.00000, 4.58794, 4.91123, 3.14159, 0.36486, 0.00000, 0.00000, 0.00000, 0.00000, 0.00000, 0.00000, 1.14286, -0.61803, 0.00000, 1.61803, 0.00000, 0.00000
-4.45876, -0.43315, 2.05481, 4.92853, -3.04475, 1.14074, 3.00000, 497240.00000, 271770.00000, 355193.33333, 10191134422.22222, 100951.14869, 0.90081, 1.49537, 0.16379, -0.65917, 0.00000, 1.00000
-4.85499, -0.43811, 0.72621, 4.92852, -3.05160, 1.42291, 5.00000, 444870.00000, 160694.00000, 290862.00000, 13131015443.20000, 114590.64291, 0.91102, 1.04077, 0.10419, -0.14496, 0.00000, 1.00000
-4.37124, -1.70460, 1.50894, 4.92852, -2.76977, 1.25963, 6.00000, 478720.00000, 154302.00000, 386374.33333, 13387903624.22222, 115706.10885, 0.91102, 0.93889, 0.37091, -0.30980, 0.00000, 1.00000
-4.62611, -0.87126, 1.44936, 4.92550, -2.95544, 1.27212, 4.00000, 403122.00000, 82601.00000, 183591.50000, 16666684501.25000, 129099.51395, 0.94766, 1.17386, 0.21070, -0.38457, 0.00000, 1.00000
-4.85499, -0.43811, -0.72621, 4.92852, -3.05160, 1.71868, 7.00000, 434231.00000, 87354.00000, 242391.00000, 15579356671.42857, 124817.29316, 0.91102, 0.80685, 0.08077, 0.11238, 0.00000, 1.00000
-4.45876, -0.43315, -2.05481, 4.92853, -3.04475, 2.00085, 10.00000, 425160.00000, 253538.00000, 335571.30000, 4307162261.61000, 65628.97425, 0.90081, 0.64502, 0.07065, 0.28433, 0.30000, 0.70000
-4.37124, -1.70460, -1.50894, 4.92852, -2.76977, 1.88196, 12.00000, 416464.00000, 99675.00000, 203047.91667, 8580009357.07639, 92628.33992, 0.91102, 0.57970, 0.22901, 0.19128, 0.00000, 1.00000
-4.62611, -0.87126, -1.44936, 4.92550, -2.95544, 1.86947, 9.00000, 491697.00000, 137842.00000, 297974.33333, 13579834110.00000, 116532.54528, 0.94766, 0.66353, 0.11910, 0.21738, 0.11111, 0.88889
-3.92241, -2.87963, 0.78273, 4.92852, -2.50831, 1.41130, 10.00000, 477335.00000, 111074.00000, 257079.90000, 13857684645.49000, 117718.66736, 0.91102, 0.65841, 0.46938, -0.12779, 0.00000, 1.00000
-3.92241, -2.87963, -0.78273, 4.92852, -2.50831, 1.73029, 18.00000, 480538.00000, 92476.00000, 235369.77778, 11870146773.39506, 108950.20318, 0.91102, 0.52439, 0.37383, 0.10178, 0.05556, 0.94444
-3.18882, -3.75791, 0.00000, 4.92853, -2.27446, 1.57080, 24.00000, 451449.00000, 85400.00000, 219685.37500, 12717559625.31771, 112772.15802, 0.90081, 0.46930, 0.53070, 0.00000, 0.00000, 1.00000
-3.73035, -3.21637, 0.00000, 4.92550, -2.43005, 1.57080, 22.00000, 466147.00000, 68916.00000, 266579.31818, 12684405363.94421, 112625.06543, 0.94766, 0.52918, 0.47082, -0.00000, 0.00000, 1.00000
-4.83686, -0.87622, 0.00000, 4.91558, -2.96238, 1.57080, 8.00000, 485808.00000, 90609.00000, 301457.00000, 17146193049.25000, 130943.47272, 1.08598, 0.84303, 0.15697, -0.00000, 0.00000, 1.00000
-4.35121, -2.14766, -0.78579, 4.91558, -2.68310, 1.73134, 6.00000, 437650.00000, 104388.00000, 251274.50000, 16241268024.91667, 127441.23361, 1.08598, 0.60022, 0.29439, 0.10538, 0.00000, 1.00000
-4.35121, -2.14766, 0.78579, 4.91558, -2.68310, 1.41025, 4.00000, 253264.00000, 166258.00000, 206980.75000, 1609042404.68750, 40112.87081, 1.08598, 0.76051, 0.37301, -0.13352, 0.00000, 1.00000
-4.58794, -1.75244, 0.00000, 4.91123, -2.77673, 1.57080, 10.00000, 475767.00000, 147879.00000, 284631.70000, 8272943628.61000, 90955.72345, 1.14286, 0.72361, 0.27639, -0.00000, 0.20000, 0.80000
-3.75791, 0.00000, -3.18882, 4.92853, 3.14159, 2.27446, 6.00000, 493521.00000, 237132.00000, 322308.50000, 6687398115.58333, 81776.51323, 0.90081, 0.53070, -0.00000, 0.46930, 0.33333, 0.66667
-2.87963, 0.78273, -3.92241, 4.92852, 2.87619, 2.49122, 7.00000, 495854.00000, 91635.00000, 312780.71429, 14820271261.91837, 121738.53647, 0.91102, 0.46938, -0.12779, 0.65841, 0.42857, 0.57143
-2.87963, -0.78273, -3.92241, 4.92852, -2.87619, 2.49122, 17.00000, 476623.00000, 124751.00000, 257394.70588, 10455138413.97232, 102250.37122, 0.91102, 0.37383, 0.10178, 0.52439, 0.17647, 0.82353
-3.21637, 0.00000, -3.73035, 4.92550, 3.14159, 2.43005, 5.00000, 471105.00000, 176156.00000, 331360.60000, 14755533058.64000, 121472.35512, 0.94766, 0.47082, 0.00000, 0.52918, 0.40000, 0.60000
-1.70460, 1.50894, -4.37124, 4.92852, 2.41700, 2.66145, 8.00000, 422198.00000, 45134.00000, 242285.75000, 16840843073.18750, 129772.27390, 0.91102, 0.37091, -0.30980, 0.93889, 0.87500, 0.12500
-0.43315, 2.05481, -4.45876, 4.92853, 1.77855, 2.70143, 24.00000, 473861.00000, 24801.00000, 125410.20833, 9953190592.74826, 99765.67843, 0.90081, 0.16379, -0.65917, 1.49537, 1.00000, 0.00000
-0.43811, 0.72621, -4.85499, 4.92852, 2.11363, 2.96865, 12.00000, 467471.00000, 68394.00000, 254908.25000, 14152384232.85417, 118963.79379, 0.91102, 0.10419, -0.14496, 1.04077, 0.75000, 0.25000
-0.87126, 1.44936, -4.62611, 4.92550, 2.11205, 2.79113, 18.00000, 413494.00000, 66397.00000, 222198.11111, 12205344648.98765, 110477.80161, 0.94766, 0.21070, -0.38457, 1.17386, 0.72222, 0.27778
-1.70460, -1.50894, -4.37124, 4.92852, -2.41700, 2.66145, 15.00000, 476079.00000, 47347.00000, 266153.33333, 19067549451.95555, 138085.29774, 0.91102, 0.22901, 0.19128, 0.57970, 0.00000, 1.00000
-0.43811, -0.72621, -4.85499, 4.92852, -2.11363, 2.96865, 18.00000, 476196.00000, 68626.00000, 237554.50000, 16855788059.80556, 129829.84272, 0.91102, 0.08077, 0.11238, 0.80685, 0.44444, 0.55556
-0.43315, -2.05481, -4.45876, 4.92853, -1.77855, 2.70143, 13.00000, 486259.00000, 50199.00000, 203968.07692, 14044002766.84024, 118507.39541, 0.90081, 0.07065, 0.28433, 0.64502, 0.23077, 0.76923
-0.87126, -1.44936, -4.62611, 4.92550, -2.11205, 2.79113, 17.00000, 499947.00000, 90017.00000, 250925.00000, 13405016892.94118, 115780.03668, 0.94766, 0.11910, 0.21738, 0.66353, 0.47059, 0.52941
-2.14766, 0.78579, -4.35121, 4.91558, 2.79084, 2.65769, 8.00000, 271152.00000, 75067.00000, 179991.12500, 4649209666.60938, 68185.11323, 1.08598, 0.37301, -0.13352, 0.76051, 0.87500, 0.12500
-0.87622, 0.00000, -4.83686, 4.91558, 3.14159, 2.96238, 9.00000, 488603.00000, 148356.00000, 288752.22222, 14360367229.72839, 119834.74968, 1.08598, 0.15697, 0.00000, 0.84303, 0.77778, 0.22222
-2.14766, -0.78579, -4.35121, 4.91558, -2.79084, 2.65769, 13.00000, 386305.00000, 64354.00000, 216622.53846, 9732280053.63314, 98652.31905, 1.08598, 0.29439, 0.10538, 0.60022, 0.38462, 0.61538
-1.75244, 0.00000, -4.58794, 4.91123, 3.14159, 2.77673, 10.00000, 493766.00000, 140165.00000, 366007.70000, 8469299526.81000, 92028.79727, 1.14286, 0.27639, 0.00000, 0.72361, 0.30000, 0.70000
0.70086, 2.75567, -4.02561, 4.92853, 1.32174, 2.52663, 50.00000, 446523.00000, 17002.00000, 119153.62000, 5441628393.23560, 73767.39384, 0.90081, -1.86160, -6.49176, 9.35336, 0.98000, 0.02000
1.49161, 3.48430, -3.15040, 4.92852, 1.16631, 2.26428, 101.00000, 469473.00000, 7553.00000, 121817.14851, 12212914478.28488, 110512.05581, 0.91102, 0.81587, 1.82322, -1.63909, 0.99010, 0.00990
1.97536, 2.21782, -3.93313, 4.92852, 0.84316, 2.49482, 35.00000, 499353.00000, 17421.00000, 139325.88571, 12706025271.07265, 112721.00634, 0.91102, 5.51065, 6.05607, -10.56672, 1.00000, 0.00000
1.40973, 2.85909, -3.75484, 4.92550, 1.11271, 2.43770, 49.00000, 464088.00000, 19865.00000, 138650.67347, 11371000589.68930, 106634.89387, 0.94766, 3.30198, 7.02665, -9.32863, 1.00000, 0.00000
2.21782, 3.93313, -1.97536, 4.92852, 1.05736, 1.98319, 93.00000, 390657.00000, 10028.00000, 91587.95699, 6729361258.75084, 82032.68409, 0.91102, 0.54500, 0.95092, -0.49591, 1.00000, 0.00000
2.75567, 4.02561, -0.70086, 4.92853, 0.97053, 1.71348, 58.00000, 493673.00000, 17027.00000, 112201.93103, 10169882058.54697, 100845.83312, 0.90081, 0.46424, 0.66888, -0.13313, 1.00000, 0.00000
3.48430, 3.15040, -1.49161, 4.92852, 0.73511, 1.87827, 51.00000, 492449.00000, 18703.00000, 131395.66667, 12799564249.16340, 113135.15921, 0.91102, 0.68893, 0.61936, -0.30829, 1.00000, 0.00000
2.85909, 3.75484, -1.40973, 4.92550, 0.92001, 1.86107, 62.00000, 433722.00000, 10894.00000, 136203.08065, 11766577074.78382, 108473.85434, 0.94766, 0.53830, 0.71466, -0.25296, 1.00000, 0.00000
3.15040, 1.49161, -3.48430, 4.92852, 0.44220, 2.35600, 23.00000, 485661.00000, 25349.00000, 155941.91304, 16230414542.77505, 127398.64420, 0.91102, 2.59457, 1.29147, -2.88604, 0.95652, 0.04348
3.93313, 1.97536, -2.21782, 4.92852, 0.46544, 2.03756, 34.00000, 465547.00000, 37786.00000, 148232.02941, 14662705399.32266, 121089.65852, 0.91102, 1.05443, 0.54989, -0.60432, 1.00000, 0.00000
4.02561, 0.70086, -2.75567, 4.92853, 0.17237, 2.16413, 18.00000, 490645.00000, 55845.00000, 241446.11111, 17189782567.43210, 131109.81110, 0.90081, 1.98030, 0.39414, -1.37444, 0.83333, 0.16667
3.75484, 1.40973, -2.85909, 4.92550, 0.35916, 2.19010, 25.00000, 449237.00000, 20172.00000, 179822.48000, 15044733275.28960, 122656.97402, 0.94766, 1.66465, 0.58922, -1.25387, 0.96000, 0.04000
2.20355, 3.47499, -2.68919, 4.91558, 1.00567, 2.14966, 66.00000, 497379.00000, 15134.00000, 130018.07576, 16243126007.31244, 127448.52297, 1.08598, 0.74373, 1.15838, -0.90211, 1.00000, 0.00000
3.47499, 2.68919, -2.20355, 4.91558, 0.65860, 2.03563, 45.00000, 485678.00000, 18136.00000, 129817.24444, 14995563003.69580, 122456.37184, 1.08598, 0.87972, 0.68510, -0.56481, 1.00000, 0.00000
2.68919, 2.20355, -3.47499, 4.91558, 0.68646, 2.35595, 41.00000, 433749.00000, 33622.00000, 168559.39024, 12654801753.35991, 112493.56316, 1.08598, 1.85065, 1.52573, -2.37638, 0.97561, 0.02439
2.83550, 2.83550, -2.83550, 4.91123, 0.78540, 2.18628, 70.00000, 492970.00000, 12008.00000, 130532.62857, 11017245486.03347, 104963.06725, 1.14286, 1.00000, 1.00000, -1.00000, 0.98571, 0.01429
2.75567, -4.02561, 0.70086, 4.92853, -0.97053, 1.42811, 8.00000, 482570.00000, 43506.00000, 230077.62500, 19391457085.73438, 139253.21212, 0.90081, -6.49176, 9.35336, -1.86160, 0.00000, 1.00000
3.48430, -3.15040, 1.49161, 4.92852, -0.73511, 1.26333, 9.00000, 482944.00000, 118546.00000, 273495.88889, 16753328698.09877, 129434.65030, 0.91102, 1.82322, -1.63909, 0.81587, 0.00000, 1.00000
2.21782, -3.93313, 1.97536, 4.92852, -1.05736, 1.15840, 11.00000, 362358.00000, 79621.00000, 216642.45455, 8984494269.15702, 94786.57220, 0.91102, 6.05607, -10.56672, 5.51065, 0.00000, 1.00000
2.85909, -3.75484, 1.40973, 4.92550, -0.92001, 1.28053, 6.00000, 439255.00000, 138725.00000, 301452.83333, 10283782046.47222, 101408.98405, 0.94766, 7.02665, -9.32863, 3.30198, 0.16667, 0.83333
3.93313, -1.97536, 2.21782, 4.92852, -0.46544, 1.10403, 7.00000, 452506.00000, 225181.00000, 348361.42857, 7201501041.95918, 84861.65826, 0.91102, 0.95092, -0.49591, 0.54500, 0.42857, 0.57143
4.02561, -0.70086, 2.75567, 4.92853, -0.17237, 0.97747, 4.00000, 389538.00000, 271913.00000, 322375.00000, 1830111108.50000, 42779.79790, 0.90081, 0.66888, -0.13313, 0.46424, 0.25000, 0.75000
3.15040, -1.49161, 3.48430, 4.92852, -0.44220, 0.78559, 1.00000, 335614.00000, 335614.00000, 335614.00000, 0.00000, 0.00000, 0.91102, 0.61936, -0.30829, 0.68893, 1.00000, 0.00000
3.75484, -1.40973, 2.85909, 4.92550, -0.35916, 0.95149, 1.00000, 98282.00000, 98282.00000, 98282.00000, 0.00000, 0.00000, 0.94766, 0.71466, -0.25296, 0.53830, 1.00000, 0.00000
1.49161, -3.48430, 3.15040, 4.92852, -1.16631, 0.87732, 11.00000, 475435.00000, 172015.00000, 283531.63636, 9649967678.04959, 98234.24901, 0.91102, 1.29147, -2.88604, 2.59457, 0.00000, 1.00000
1.97536, -2.21782, 3.93313, 4.92852, -0.84316, 0.64677, 3.00000, 471751.00000, 271753.00000, 380116.33333, 6806457478.22222, 82501.25743, 0.91102, 0.54989, -0.60432, 1.05443, 0.00000, 1.00000
0.70086, -2.75567, 4.02561, 4.92853, -1.32174, 0.61496, 2.00000, 388164.00000, 242822.00000, 315493.00000, 5281074241.00000, 72671.00000, 0.90081, 0.39414, -1.37444, 1.98030, 0.00000, 1.00000
1.40973, -2.85909, 3.75484, 4.92550, -1.11271, 0.70390, 5.00000, 382931.00000, 128313.00000, 244200.40000, 7846704748.24000, 88581.62760, 0.94766, 0.58922, -1.25387, 1.66465, 0.00000, 1.00000
3.47499, -2.68919, 2.20355, 4.91558, -0.65860, 1.10596, 3.00000, 262238.00000, 60139.00000, 164338.33333, 6827177200.22222, 82626.73417, 1.08598, 1.15838, -0.90211, 0.74373, 0.33333, 0.66667
2.68919, -2.20355, 3.47499, 4.91558, -0.68646, 0.78564, 1.00000, 271287.00000, 271287.00000, 271287.00000, 0.00000, 0.00000, 1.08598, 0.68510, -0.56481, 0.87972, 0.00000, 1.00000
2.20355, -3.47499, 2.68919, 4.91558, -1.00567, 0.99193, 1.00000, 237421.00000, 237421.00000, 237421.00000, 0.00000, 0.00000, 1.08598, 1.52573, -2.37638, 1.85065, 0.00000, 1.00000
2.83550, -2.83550, 2.83550, 4.91123, -0.78540, 0.95532, 5.00000, 317534.00000, 123917.00000, 237586.20000, 4043218850.16000, 63586.31024, 1.14286, 1.00000, -1.00000, 1.00000, 0.00000, 1.00000
2.05481, -4.45876, 0.43315, 4.92853, -1.13896, 1.48280, 10.00000, 448521.00000, 55361.00000, 198361.60000, 16563453970.84000, 128699.08302, 0.90081, -0.98030, 2.22389, -0.24359, 0.00000, 1.00000
1.50894, -4.37124, 1.70460, 4.92852, -1.23841, 1.21764, 10.00000, 238148.00000, 38338.00000, 140730.70000, 4420884348.01000, 66489.73115, 0.91102, -1.19997, 3.63662, -1.43665, 0.00000, 1.00000
0.72621, -4.85499, 0.43811, 4.92852, -1.42232, 1.48179, 30.00000, 457830.00000, 65501.00000, 195068.03333, 9701701400.96556, 98497.21519, 0.91102, -0.18312, 1.31474, -0.13162, 0.00000, 1.00000
1.44936, -4.62611, 0.87126, 4.92550, -1.26718, 1.39297, 14.00000, 394610.00000, 65302.00000, 189592.35714, 11457301521.37245, 107038.78513, 0.94766, -0.66465, 2.02881, -0.36416, 0.00000, 1.00000
0.78273, -3.92241, 2.87963, 4.92852, -1.37383, 0.94680, 8.00000, 449047.00000, 83857.00000, 224158.87500, 16190660817.85938, 127242.52755, 0.91102, -2.08678, 10.75154, -7.66476, 0.00000, 1.00000
0.00000, -3.18882, 3.75791, 4.92853, -1.57080, 0.70366, 6.00000, 409752.00000, 121220.00000, 219557.33333, 8849920434.55556, 94074.01572, 0.90081, 0.00000, -7.64229, 8.64229, 0.00000, 1.00000
-0.78273, -3.92241, 2.87963, 4.92852, -1.76776, 0.94680, 16.00000, 469861.00000, 41637.00000, 260785.81250, 20906835471.15234, 144591.96199, 0.91102, 0.40335, 2.07817, -1.48153, 0.00000, 1.00000
0.00000, -3.73035, 3.21637, 4.92550, -1.57080, 0.85925, 8.00000, 477422.00000, 77731.00000, 277722.25000, 20336809672.43750, 142607.18661, 0.94766, -0.00000, 9.06739, -8.06739, 0.00000, 1.00000
-0.72621, -4.85499, 0.43811, 4.92852, -1.71928, 1.48179, 31.00000, 372471.00000, 19616.00000, 144279.35484, 10095048980.22893, 100474.12095, 0.91102, 0.13403, 0.96230, -0.09634, 0.00000, 1.00000
-1.50894, -4.37124, 1.70460, 4.92852, -1.90319, 1.21764, 22.00000, 433137.00000, 52956.00000, 200576.36364, 12193263544.14050, 110423.11146, 0.91102, 0.35294, 1.06961, -0.42255, 0.00000, 1.00000
-2.05481, -4.45876, 0.43315, 4.92853, -2.00263, 1.48280, 21.00000, 437699.00000, 43023.00000, 183209.14286, 12819135513.93197, 113221.62123, 0.90081, 0.33112, 0.75116, -0.08228, 0.00000, 1.00000
-1.44936, -4.62611, 0.87126, 4.92550, -1.87441, 1.39297, 30.00000, 466538.00000, 40161.00000, 206075.90000, 12062147305.09000, 109827.80752, 0.94766, 0.28534, 0.87099, -0.15634, 0.00000, 1.00000
0.78579, -4.35121, 2.14766, 4.91558, -1.39213, 1.11864, 13.00000, 461557.00000, 70824.00000, 235167.07692, 12239291016.84024, 110631.32927, 1.08598, -0.52573, 2.99442, -1.46868, 0.00000, 1.00000
-0.78579, -4.35121, 2.14766, 4.91558, -1.74946, 1.11864, 15.00000, 491523.00000, 100578.00000, 296411.20000, 10898476272.29333, 104395.76750, 1.08598, 0.25627, 1.45965, -0.71592, 0.00000, 1.00000
0.00000, -4.83686, 0.87622, 4.91558, -1.57080, 1.39159, 26.00000, 458345.00000, 56824.00000, 229273.96154, 15038416456.11390, 122631.22138, 1.08598, -0.00000, 1.22879, -0.22879, 0.00000, 1.00000
0.00000, -4.58794, 1.75244, 4.91123, -1.57080, 1.20593, 14.00000, 302745.00000, 51164.00000, 168663.42857, 6767867385.53061, 82267.04921, 1.14286, -0.00000, 1.61803, -0.61803, 0.00000, 1.00000
2.05481, -4.45876, -0.43315, 4.92853, -1.13896, 1.65880, 15.00000, 495431.00000, 43310.00000, 240774.20000, 17875207149.89333, 133698.19427, 0.90081, -0.65917, 1.49537, 0.16379, 0.06667, 0.93333
0.72621, -4.85499, -0.43811, 4.92852, -1.42232, 1.65981, 33.00000, 499219.00000, 34169.00000, 204854.90909, 17844100758.74931, 133581.81298, 0.91102, -0.14496, 1.04077, 0.10419, 0.00000, 1.00000
1.50894, -4.37124, -1.70460, 4.92852, -1.23841, 1.92396, 27.00000, 449124.00000, 41141.00000, 194999.77778, 10622859997.20988, 103067.25958, 0.91102, -0.30980, 0.93889, 0.37091, 0.00000, 1.00000
1.44936, -4.62611, -0.87126, 4.92550, -1.26718, 1.74862, 20.00000, 433549.00000, 28672.00000, 189310.75000, 12266320163.48750, 110753.42055, 0.94766, -0.38457, 1.17386, 0.21070, 0.00000, 1.00000
-0.72621, -4.85499, -0.43811, 4.92852, -1.71928, 1.65981, 49.00000, 408043.00000, 30926.00000, 143783.00000, 11134878504.57143, 105521.93376, 0.91102, 0.11238, 0.80685, 0.08077, 0.02041, 0.97959
-2.05481, -4.45876, -0.43315, 4.92853, -2.00263, 1.65880, 29.00000, 445945.00000, 32528.00000, 164445.68966, 13999790315.11058, 118320.70958, 0.90081, 0.28433, 0.64502, 0.07065, 0.00000, 1.00000
-1.50894, -4.37124, -1.70460, 4.92852, -1.90319, 1.92396, 48.00000, 487331.00000, 27895.00000, 182659.25000, 14857158337.06250, 121889.94354, 0.91102, 0.19128, 0.57970, 0.22901, 0.02083, 0.97917
-1.44936, -4.62611, -0.87126, 4.92550, -1.87441, 1.74862, 42.00000, 438300.00000, 36228.00000, 173817.59524, 12962863325.85998, 113854.57095, 0.94766, 0.21738, 0.66353, 0.11910, 0.00000, 1.00000
0.78273, -3.92241, -2.87963, 4.92852, -1.37383, 2.19479, 37.00000, 493492.00000, 25450.00000, 165239.18919, 13327979599.01826, 115446.86916, 0.91102, -0.12779, 0.65841, 0.46938, 0.00000, 1.00000
-0.78273, -3.92241, -2.87963, 4.92852, -1.76776, 2.19479, 42.00000, 482967.00000, 23644.00000, 170256.45238, 11179553341.34297, 105733.40693, 0.91102, 0.10178, 0.52439, 0.37383, 0.02381, 0.97619
0.00000, -3.18882, -3.75791, 4.92853, -1.57080, 2.43793, 27.00000, 398382.00000, 35123.00000, 184451.40741, 10214704902.16735, 101067.82328, 0.90081, 0.00000, 0.46930, 0.53070, 0.03704, 0.96296
0.00000, -3.73035, -3.21637, 4.92550, -1.57080, 2.28234, 17.00000, 496076.00000, 52046.00000, 232160.47059, 21097668420.71972, 145250.36461, 0.94766, -0.00000, 0.52918, 0.47082, 0.00000, 1.00000
0.00000, -4.83686, -0.87622, 4.91558, -1.57080, 1.75001, 36.00000, 455311.00000, 31695.00000, 174139.55556, 13068012374.69136, 114315.40742, 1.08598, -0.00000, 0.84303, 0.15697, 0.00000, 1.00000
-0.78579, -4.35121, -2.14766, 4.91558, -1.74946, 2.02296, 35.00000, 490502.00000, 51668.00000, 175229.57143, 12927460792.75919, 113698.99205, 1.08598, 0.10538, 0.60022, 0.29439, 0.00000, 1.00000
0.78579, -4.35121, -2.14766, 4.91558, -1.39213, 2.02296, 29.00000, 468410.00000, 37509.00000, 170126.51724, 9875513957.07729, 99375.62054, 1.08598, -0.13352, 0.76051, 0.37301, 0.00000, 1.00000
0.00000, -4.58794, -1.75244, 4.91123, -1.57080, 1.93566, 34.00000, 488625.00000, 41870.00000, 199258.17647, 15455005114.73357, 124318.16084, 1.14286, -0.00000, 0.72361, 0.27639, 0.00000, 1.00000
2.75567, -4.02561, -0.70086, 4.92853, -0.97053, 1.71348, 16.00000, 495542.00000, 81637.00000, 255664.43750, 12867070218.37109, 113433.10900, 0.90081, -1.37444, 1.98030, 0.39414, 0.00000, 1.00000
2.21782, -3.93313, -1.97536, 4.92852, -1.05736, 1.98319, 16.00000, 454510.00000, 77638.00000, 210876.18750, 16394073680.15234, 128039.34427, 0.91102, -0.60432, 1.05443, 0.54989, 0.06250, 0.93750
3.48430, -3.15040, -1.49161, 4.92852, -0.73511, 1.87827, 9.00000, 492771.00000, 139425.00000, 249898.66667, 9830490147.77778, 99148.82827, 0.91102, -2.88604, 2.59457, 1.29147, 0.11111, 0.88889
2.85909, -3.75484, -1.40973, 4.92550, -0.92001, 1.86107, 16.00000, 440125.00000, 80515.00000, 244197.12500, 14525938840.98438, 120523.60284, 0.94766, -1.25387, 1.66465, 0.58922, 0.00000, 1.00000
1.49161, -3.48430, -3.15040, 4.92852, -1.16631, 2.26428, 25.00000, 477773.00000, 52249.00000, 229579.32000, 17114721995.81760, 130823.24715, 0.91102, -0.30829, 0.68893, 0.61936, 0.00000, 1.00000
0.70086, -2.75567, -4.02561, 4.92853, -1.32174, 2.52663, 18.00000, 454045.00000, 49846.00000, 211412.16667, 16224646581.91667, 127376.00473, 0.90081, -0.13313, 0.46424, 0.66888, 0.00000, 1.00000
1.97536, -2.21782, -3.93313, 4.92852, -0.84316, 2.49482, 24.00000, 455395.00000, 54238.00000, 212978.95833, 10744292295.62326, 103654.67812, 0.91102, -0.49591, 0.54500, 0.95092, 0.16667, 0.83333
1.40973, -2.85909, -3.75484, 4.92550, -1.11271, 2.43770, 13.00000, 449191.00000, 67708.00000, 207714.38462, 13577576661.77515, 116522.85897, 0.94766, -0.25296, 0.53830, 0.71466, 0.07692, 0.92308
3.93313, -1.97536, -2.21782, 4.92852, -0.46544, 2.03756, 10.00000, 419950.00000, 149100.00000, 294122.40000, 6949154369.44000, 83361.58809, 0.91102, -10.56672, 5.51065, 6.05607, 0.30000, 0.70000
3.15040, -1.49161, -3.48430, 4.92852, -0.44220, 2.35600, 12.00000, 455707.00000, 61385.00000, 289856.50000, 13712551116.91667, 117100.60255, 0.91102, -1.63909, 0.81587, 1.82322, 0.58333, 0.41667
4.02561, -0.70086, -2.75567, 4.92853, -0.17237, 2.16413, 12.00000, 481192.00000, 85785.00000, 263558.08333, 16950129638.74306, 130192.66354, 0.90081, 9.35336, -1.86160, -6.49176, 0.50000, 0.50000
3.75484, -1.40973, -2.85909, 4.92550, -0.35916, 2.19010, 9.00000, 490568.00000, 63232.00000, 283746.77778, 22306098361.95061, 149352.26266, 0.94766, -9.32863, 3.30198, 7.02665, 0.33333, 0.66667
2.20355, -3.47499, -2.68919, 4.91558, -1.00567, 2.14966, 19.00000, 493532.00000, 83362.00000, 275618.42105, 12647285625.92798, 112460.15128, 1.08598, -0.56481, 0.87972, 0.68510, 0.05263, 0.94737
2.68919, -2.20355, -3.47499, 4.91558, -0.68646, 2.35595, 10.00000, 437580.00000, 110206.00000, 250141.60000, 9651839977.64000, 98243.77832, 1.08598, -0.90211, 0.74373, 1.15838, 0.50000, 0.50000
3.47499, -2.68919, -2.20355, 4.91558, -0.65860, 2.03563, 12.00000, 433482.00000, 66467.00000, 222472.41667, 11439848507.07639, 106957.22747, 1.08598, -2.37638, 1.85065, 1.52573, 0.33333, 0.66667
2.83550, -2.83550, -2.83550, 4.91123, -0.78540, 2.18628, 16.00000, 479598.00000, 61784.00000, 258505.12500, 15777990535.23438, 125610.47144, 1.14286, -1.00000, 1.00000, 1.00000, 0.18750, 0.81250
3.18882, -3.75791, 0.00000, 4.92853, -0.86714, 1.57080, 9.00000, 441454.00000, 90321.00000, 252874.00000, 16188578272.44444, 127234.34392, 0.90081, -7.64229, 8.64229, -0.00000, 0.00000, 1.00000
3.92241, -2.87963, -0.78273, 4.92852, -0.63328, 1.73029, 5.00000, 258304.00000, 179923.00000, 211266.80000, 776201160.96000, 27860.38695, 0.91102, 10.75154, -7.66476, -2.08678, 0.00000, 1.00000
3.92241, -2.87963, 0.78273, 4.92852, -0.63328, 1.41130, 5.00000, 432212.00000, 237578.00000, 339110.00000, 5461143060.40000, 73899.54709, 0.91102, 2.07817, -1.48153, 0.40335, 0.00000, 1.00000
3.73035, -3.21637, 0.00000, 4.92550, -0.71154, 1.57080, 5.00000, 431482.00000, 85396.00000, 292141.20000, 15746505588.56000, 125485.08114, 0.94766, 9.06739, -8.06739, 0.00000, 0.00000, 1.00000
4.37124, -1.70460, -1.50894, 4.92852, -0.37182, 1.88196, 8.00000, 388824.00000, 126656.00000, 278122.50000, 8044320947.25000, 89690.13852, 0.91102, 3.63662, -1.43665, -1.19997, 0.37500, 0.62500
4.45876, -0.43315, -2.05481, 4.92853, -0.09684, 2.00085, 7.00000, 418182.00000, 82869.00000, 209563.57143, 10959343218.53061, 104686.88179, 0.90081, 2.22389, -0.24359, -0.98030, 0.57143, 0.42857
4.85499, -0.43811, -0.72621, 4.92852, -0.09000, 1.71868, 3.00000, 370575.00000, 120670.00000, 255717.33333, 10612562824.22222, 103017.29381, 0.91102, 1.31474, -0.13162, -0.18312, 1.00000, 0.00000
4.62611, -0.87126, -1.44936, 4.92550, -0.18616, 1.86947, 4.00000, 409689.00000, 105942.00000, 232081.75000, 12481376202.18750, 111720.07967, 0.94766, 2.02881, -0.36416, -0.66465, 1.00000, 0.00000
4.37124, -1.70460, 1.50894, 4.92852, -0.37182, 1.25963, 1.00000, 163957.00000, 163957.00000, 163957.00000, 0.00000, 0.00000, 0.91102, 1.06961, -0.42255, 0.35294, 0.00000, 1.00000
4.85499, -0.43811, 0.72621, 4.92852, -0.09000, 1.42291, 4.00000, 441923.00000, 287365.00000, 356671.75000, 3502538541.68750, 59182.24854, 0.91102, 0.96230, -0.09634, 0.13403, 0.50000, 0.50000
4.45876, -0.43315, 2.05481, 4.92853, -0.09684, 1.14074, 3.00000, 449748.00000, 246323.00000, 325024.00000, 7956013368.66667, 89196.48742, 0.90081, 0.75116, -0.08228, 0.33112, 0.66667, 0.33333
4.62611, -0.87126, 1.44936, 4.92550, -0.18616, 1.27212, 2.00000, 451795.00000, 328414.00000, 390104.50000, 3805717790.25000, 61690.50000, 0.94766, 0.87099, -0.15634, 0.28534, 0.50000, 0.50000
4.35121, -2.14766, -0.78579, 4.91558, -0.45850, 1.73134, 4.00000, 339966.00000, 150357.00000, 243930.25000, 5510258887.18750, 74231.11805, 1.08598, 2.99442, -1.46868, -0.52573, 0.00000, 1.00000
4.83686, -0.87622, 0.00000, 4.91558, -0.17921, 1.57080, 5.00000, 370993.00000, 88651.00000, 249129.80000, 9305721322.56000, 96466.16672, 1.08598, 1.22879, -0.22879, 0.00000, 0.80000, 0.20000
4.35121, -2.14766, 0.78579, 4.91558, -0.45850, 1.41025, 3.00000, 330918.00000, 119839.00000, 205258.66667, 8235339426.88889, 90748.77094, 1.08598, 1.45965, -0.71592, 0.25627, 0.00000, 1.00000
4.58794, -1.75244, 0.00000, 4.91123, -0.36486, 1.57080, 4.00000, 481622.00000, 117130.00000, 259178.50000, 21764514876.75000, 147528.01387, 1.14286, 1.61803, -0.61803, 0.00000, 0.75000, 0.25000
0.43315, -2.05481, 4.45876, 4.92853, -1.36304, 0.44016, 5.00000, 405443.00000, 134127.00000, 281183.20000, 7913413824.16000, 88957.37083, 0.90081, 0.16379, -0.65917, 1.49537, 0.20000, 0.80000
1.70460, -1.50894, 4.37124, 4.92852, -0.72459, 0.48015, 2.00000, 415089.00000, 363957.00000, 389523.00000, 653620356.00000, 25566.00000, 0.91102, 0.37091, -0.30980, 0.93889, 0.50000, 0.50000
0.43811, -0.72621, 4.85499, 4.92852, -1.02797, 0.17295, 1.00000, 355407.00000, 355407.00000, 355407.00000, 0.00000, 0.00000, 0.91102, 0.10419, -0.14496, 1.04077, 0.00000, 1.00000
0.87126, -1.44936, 4.62611, 4.92550, -1.02954, 0.35046, 1.00000, 345043.00000, 345043.00000, 345043.00000, 0.00000, 0.00000, 0.94766, 0.21070, -0.38457, 1.17386, 0.00000, 1.00000
2.87963, -0.78273, 3.92241, 4.92852, -0.26540, 0.65037, 2.00000, 496277.00000, 193160.00000, 344718.50000, 22969978922.25000, 151558.50000, 0.91102, 0.46938, -0.12779, 0.65841, 0.50000, 0.50000
3.75791, 0.00000, 3.18882, 4.92853, 0.00000, 0.86714, 6.00000, 464232.00000, 227714.00000, 356346.83333, 6690253798.80555, 81793.97165, 0.90081, 0.53070, -0.00000, 0.46930, 0.83333, 0.16667
2.87963, 0.78273, 3.92241, 4.92852, 0.26540, 0.65037, 3.00000, 479451.00000, 314227.00000, 424085.00000, 6034517394.66667, 77682.15622, 0.91102, 0.37383, 0.10178, 0.52439, 1.00000, 0.00000
3.21637, 0.00000, 3.73035, 4.92550, 0.00000, 0.71154, 1.00000, 390935.00000, 390935.00000, 390935.00000, 0.00000, 0.00000, 0.94766, 0.47082, -0.00000, 0.52918, 0.00000, 1.00000
0.43811, 0.72621, 4.85499, 4.92852, 1.02797, 0.17295, 2.00000, 473383.00000, 220464.00000, 346923.50000, 15992005140.25000, 126459.50000, 0.91102, 0.08077, 0.11238, 0.80685, 1.00000, 0.00000
1.70460, 1.50894, 4.37124, 4.92852, 0.72459, 0.48015, 2.00000, 187038.00000, 100192.00000, 143615.00000, 1885556929.00000, 43423.00000, 0.91102, 0.22901, 0.19128, 0.57970, 1.00000, 0.00000
0.43315, 2.05481, 4.45876, 4.92853, 1.36304, 0.44016, 4.00000, 492171.00000, 177175.00000, 299357.50000, 14472835286.75000, 120303.09758, 0.90081, 0.07065, 0.28433, 0.64502, 1.00000, 0.00000
0.87126, 1.44936, 4.62611, 4.92550, 1.02954, 0.35046, 1.00000, 164854.00000, 164854.00000, 164854.00000, 0.00000, 0.00000, 0.94766, 0.11910, 0.21738, 0.66353, 1.00000, 0.00000
2.14766, -0.78579, 4.35121, 4.91558, -0.35075, 0.48390, 1.00000, 290961.00000, 290961.00000, 290961.00000, 0.00000, 0.00000, 1.08598, 0.37301, -0.13352, 0.76051, 1.00000, 0.00000
2.14766, 0.78579, 4.35121, 4.91558, 0.35075, 0.48390, 4.00000, 313444.00000, 64733.00000, 224218.75000, 9437432559.68750, 97146.44903, 1.08598, 0.29439, 0.10538, 0.60022, 0.75000, 0.25000
0.87622, 0.00000, 4.83686, 4.91558, 0.00000, 0.17921, 1.00000, 244015.00000, 244015.00000, 244015.00000, 0.00000, 0.00000, 1.08598, 0.15697, -0.00000, 0.84303, 1.00000, 0.00000
1.75244, 0.00000, 4.58794, 4.91123, 0.00000, 0.36486, 1.00000, 409214.00000, 409214.00000, 409214.00000, 0.00000, 0.00000, 1.14286, 0.27639, 0.00000, 0.72361, 0.00000, 1.00000
-2.75567, -4.02561, 0.70086, 4.92853, -2.17107, 1.42811, 33.00000, 466131.00000, 67419.00000, 214218.90909, 13404319637.05234, 115777.02551, 0.90081, 0.46424, 0.66888, -0.13313, 0.00000, 1.00000
-2.21782, -3.93313, 1.97536, 4.92852, -2.08423, 1.15840, 16.00000, 400149.00000, 79190.00000, 231134.81250, 10424688738.77734, 102101.36502, 0.91102, 0.54500, 0.95092, -0.49591, 0.00000, 1.00000
-3.48430, -3.15040, 1.49161, 4.92852, -2.40648, 1.26333, 16.00000, 474691.00000, 55998.00000, 210439.93750, 13412463160.18359, 115812.18917, 0.91102, 0.68893, 0.61936, -0.30829, 0.06250, 0.93750
-2.85909, -3.75484, 1.40973, 4.92550, -2.22158, 1.28053, 17.00000, 469655.00000, 36793.00000, 187490.29412, 9801473556.91349, 99002.39167, 0.94766, 0.53830, 0.71466, -0.25296, 0.00000, 1.00000
-1.49161, -3.48430, 3.15040, 4.92852, -1.97528, 0.87732, 12.00000, 477947.00000, 57917.00000, 295290.25000, 20744808343.85417, 144030.58128, 0.91102, 0.81587, 1.82322, -1.63909, 0.00000, 1.00000
-0.70086, -2.75567, 4.02561, 4.92853, -1.81985, 0.61496, 4.00000, 420409.00000, 100123.00000, 311635.75000, 15564122334.68750, 124756.25169, 0.90081, -1.86160, -6.49176, 9.35336, 0.00000, 1.00000
-1.97536, -2.21782, 3.93313, 4.92852, -2.29844, 0.64677, 2.00000, 310018.00000, 289397.00000, 299707.50000, 106306410.25000, 10310.50000, 0.91102, 5.51065, 6.05607, -10.56672, 0.00000, 1.00000
-1.40973, -2.85909, 3.75484, 4.92550, -2.02888, 0.70390, 2.00000, 455275.00000, 252464.00000, 353869.50000, 10283075430.25000, 101405.50000, 0.94766, 3.30198, 7.02665, -9.32863, 0.00000, 1.00000
-3.93313, -1.97536, 2.21782, 4.92852, -2.67616, 1.10403, 5.00000, 433108.00000, 103848.00000, 245052.80000, 13887228468.56000, 117844.08542, 0.91102, 1.05443, 0.54989, -0.60432, 0.00000, 1.00000
-3.15040, -1.49161, 3.48430, 4.92852, -2.69940, 0.78559, 5.00000, 403453.00000, 147124.00000, 298435.80000, 9220941280.56000, 96025.73239, 0.91102, 2.59457, 1.29147, -2.88604, 0.00000, 1.00000
-4.02561, -0.70086, 2.75567, 4.92853, -2.96922, 0.97747, 1.00000, 310138.00000, 310138.00000, 310138.00000, 0.00000, 0.00000, 0.90081, 1.98030, 0.39414, -1.37444, 0.00000, 1.00000
-3.75484, -1.40973, 2.85909, 4.92550, -2.78243, 0.95149, 4.00000, 319435.00000, 147345.00000, 242768.75000, 4262597839.18750, 65288.57357, 0.94766, 1.66465, 0.58922, -1.25387, 0.00000, 1.00000
-2.20355, -3.47499, 2.68919, 4.91558, -2.13592, 0.99193, 9.00000, 499117.00000, 97025.00000, 293260.66667, 23684554695.11111, 153897.87099, 1.08598, 0.74373, 1.15838, -0.90211, 0.00000, 1.00000
-2.68919, -2.20355, 3.47499, 4.91558, -2.45513, 0.78564, 3.00000, 498242.00000, 107916.00000, 243035.00000, 32602961584.66667, 180562.90202, 1.08598, 1.85065, 1.52573, -2.37638, 0.00000, 1.00000
-3.47499, -2.68919, 2.20355, 4.91558, -2.48299, 1.10596, 5.00000, 311178.00000, 122345.00000, 250219.60000, 4656576488.24000, 68239.11260, 1.08598, 0.87972, 0.68510, -0.56481, 0.00000, 1.00000
-2.83550, -2.83550, 2.83550, 4.91123, -2.35619, 0.95532, 13.00000, 472117.00000, 122454.00000, 283875.07692, 12888193982.07100, 113526.18192, 1.14286, 1.00000, 1.00000, -1.00000, 0.00000, 1.00000
-0.70086, -2.75567, -4.02561, 4.92853, -1.81985, 2.52663, 23.00000, 480173.00000, 43298.00000, 177552.34783, 9042284425.70510, 95090.92715, 0.90081, 0.10514, 0.36663, 0.52824, 0.04348, 0.95652
-1.49161, -3.48430, -3.15040, 4.92852, -1.97528, 2.26428, 33.00000, 416587.00000, 27262.00000, 185563.06061, 10376624171.51148, 101865.71637, 0.91102, 0.19070, 0.42617, 0.38313, 0.03030, 0.96970
-1.97536, -2.21782, -3.93313, 4.92852, -2.29844, 2.49482, 15.00000, 321784.00000, 42591.00000, 161243.33333, 6860625293.68889, 82828.89166, 0.91102, 0.24897, 0.27362, 0.47741, 0.06667, 0.93333
-1.40973, -2.85909, -3.75484, 4.92550, -2.02888, 2.43770, 29.00000, 431848.00000, 29665.00000, 202411.93103, 15260917098.68490, 123535.08448, 0.94766, 0.16798, 0.35746, 0.47456, 0.06897, 0.93103
-2.21782, -3.93313, -1.97536, 4.92852, -2.08423, 1.98319, 56.00000, 486145.00000, 34291.00000, 165183.92857, 12907051781.31633, 113609.20641, 0.91102, 0.27362, 0.47741, 0.24897, 0.01786, 0.98214
-2.75567, -4.02561, -0.70086, 4.92853, -2.17107, 1.71348, 24.00000, 455259.00000, 36186.00000, 212869.83333, 14989155380.13889, 122430.20616, 0.90081, 0.36663, 0.52824, 0.10514, 0.00000, 1.00000
-3.48430, -3.15040, -1.49161, 4.92852, -2.40648, 1.87827, 23.00000, 391441.00000, 36989.00000, 162667.43478, 6764348046.68053, 82245.65670, 0.91102, 0.42617, 0.38313, 0.19070, 0.00000, 1.00000
-2.85909, -3.75484, -1.40973, 4.92550, -2.22158, 1.86107, 28.00000, 420742.00000, 30938.00000, 156821.42857, 11790739430.67347, 108585.17132, 0.94766, 0.35746, 0.47456, 0.16798, 0.00000, 1.00000
-3.15040, -1.49161, -3.48430, 4.92852, -2.69940, 2.35600, 15.00000, 434113.00000, 78749.00000, 238982.53333, 10876584885.98222, 104290.86674, 0.91102, 0.38313, 0.19070, 0.42617, 0.06667, 0.93333
-3.93313, -1.97536, -2.21782, 4.92852, -2.67616, 2.03756, 15.00000, 474477.00000, 84615.00000, 287381.40000, 18112819228.90667, 134583.87433, 0.91102, 0.47741, 0.24897, 0.27362, 0.00000, 1.00000
-4.02561, -0.70086, -2.75567, 4.92853, -2.96922, 2.16413, 8.00000, 234202.00000, 130678.00000, 189523.37500, 1198377361.73438, 34617.58746, 0.90081, 0.52824, 0.10514, 0.36663, 0.25000, 0.75000
-3.75484, -1.40973, -2.85909, 4.92550, -2.78243, 2.19010, 11.00000, 367185.00000, 113211.00000, 216783.36364, 8885480272.41322, 94262.82551, 0.94766, 0.47456, 0.16798, 0.35746, 0.18182, 0.81818
-2.20355, -3.47499, -2.68919, 4.91558, -2.13592, 2.14966, 31.00000, 269940.00000, 50678.00000, 150664.77419, 5109548741.65869, 71481.10759, 1.08598, 0.26522, 0.41309, 0.32170, 0.00000, 1.00000
-3.47499, -2.68919, -2.20355, 4.91558, -2.48299, 2.03563, 15.00000, 497725.00000, 62440.00000, 204828.93333, 14811944359.92889, 121704.33172, 1.08598, 0.41309, 0.32170, 0.26522, 0.06667, 0.93333
-2.68919, -2.20355, -3.47499, 4.91558, -2.45513, 2.35595, 13.00000, 454420.00000, 82144.00000, 190376.92308, 11192494766.53254, 105794.58761, 1.08598, 0.32170, 0.26522, 0.41309, 0.00000, 1.00000
-2.83550, -2.83550, -2.83550, 4.91123, -2.35619, 2.18628, 32.00000, 462846.00000, 36417.00000, 210892.75000, 11238763343.50000, 106013.03384, 1.14286, 0.33333, 0.33333, 0.33333, 0.06250, 0.93750
3.75791, 0.00000, -3.18882, 4.92853, 0.00000, 2.27446, 10.00000, 413562.00000, 69086.00000, 237015.90000, 13266361040.69000, 115179.69023, 0.90081, 8.64229, 0.00000, -7.64229, 1.00000, 0.00000
2.87963, -0.78273, -3.92241, 4.92852, -0.26540, 2.49122, 12.00000, 426623.00000, 74138.00000, 204203.33333, 16018741538.72222, 126565.16716, 0.91102, -1.48153, 0.40335, 2.07817, 0.75000, 0.25000
2.87963, 0.78273, -3.92241, 4.92852, 0.26540, 2.49122, 31.00000, 414811.00000, 65488.00000, 210352.80645, 9124439157.31738, 95521.93024, 0.91102, -7.66476, -2.08678, 10.75154, 0.93548, 0.06452
3.21637, 0.00000, -3.73035, 4.92550, 0.00000, 2.43005, 13.00000, 434830.00000, 38221.00000, 206341.92308, 14534776364.53255, 120560.26030, 0.94766, -8.06739, -0.00000, 9.06739, 0.69231, 0.30769
1.70460, -1.50894, -4.37124, 4.92852, -0.72459, 2.66145, 10.00000, 487184.00000, 125034.00000, 268421.80000, 15490175225.56000, 124459.53248, 0.91102, -0.42255, 0.35294, 1.06961, 0.10000, 0.90000
0.43315, -2.05481, -4.45876, 4.92853, -1.36304, 2.70143, 16.00000, 495003.00000, 97078.00000, 246363.93750, 15960601361.30859, 126335.27362, 0.90081, -0.08228, 0.33112, 0.75116, 0.18750, 0.81250
0.43811, -0.72621, -4.85499, 4.92852, -1.02797, 2.96865, 11.00000, 451313.00000, 103222.00000, 251534.09091, 7340451489.90083, 85676.43486, 0.91102, -0.09634, 0.13403, 0.96230, 0.63636, 0.36364
0.87126, -1.44936, -4.62611, 4.92550, -1.02954, 2.79113, 13.00000, 472885.00000, 82929.00000, 255150.69231, 17133957614.52071, 130896.74409, 0.94766, -0.15634, 0.28534, 0.87099, 0.76923, 0.23077
1.70460, 1.50894, -4.37124, 4.92852, 0.72459, 2.66145, 37.00000, 455425.00000, 28229.00000, 159492.10811, 15336875051.39372, 123842.13762, 0.91102, -1.43665, -1.19997, 3.63662, 1.00000, 0.00000
0.43811, 0.72621, -4.85499, 4.92852, 1.02797, 2.96865, 15.00000, 368190.00000, 72121.00000, 190442.33333, 8175880964.88889, 90420.57822, 0.91102, -0.13162, -0.18312, 1.31474, 0.80000, 0.20000
0.43315, 2.05481, -4.45876, 4.92853, 1.36304, 2.70143, 32.00000, 419266.00000, 42561.00000, 158158.93750, 10299437372.62109, 101486.14375, 0.90081, -0.24359, -0.98030, 2.22389, 0.93750, 0.06250
0.87126, 1.44936, -4.62611, 4.92550, 1.02954, 2.79113, 17.00000, 458380.00000, 54215.00000, 225239.41176, 19915596313.41868, 141122.62864, 0.94766, -0.36416, -0.66465, 2.02881, 0.94118, 0.05882
2.14766, -0.78579, -4.35121, 4.91558, -0.35075, 2.65769, 12.00000, 434557.00000, 101183.00000, 258527.75000, 12768876359.35417, 112999.45292, 1.08598, -0.71592, 0.25627, 1.45965, 0.50000, 0.50000
0.87622, 0.00000, -4.83686, 4.91558, 0.00000, 2.96238, 12.00000, 487053.00000, 69783.00000, 281797.08333, 13095817688.90972, 114436.95945, 1.08598, -0.22879, -0.00000, 1.22879, 0.75000, 0.25000
2.14766, 0.78579, -4.35121, 4.91558, 0.35075, 2.65769, 12.00000, 323196.00000, 69455.00000, 172235.66667, 7115193324.38889, 84351.60535, 1.08598, -1.46868, -0.52573, 2.99442, 1.00000, 0.00000
1.75244, 0.00000, -4.58794, 4.91123, 0.00000, 2.77673, 18.00000, 441106.00000, 88795.00000, 269837.33333, 10322534140.88889, 101599.87274, 1.14286, -0.61803, -0.00000, 1.61803, 0.61111, 0.38889
4.45876, 0.43315, 2.05481, 4.92853, 0.09684, 1.14074, 4.00000, 312213.00000, 38612.00000, 172032.75000, 10715052834.68750, 103513.53938, 0.90081, 0.64502, 0.07065, 0.28433, 0.50000, 0.50000
4.85499, 0.43811, 0.72621, 4.92852, 0.09000, 1.42291, 6.00000, 437209.00000, 138632.00000, 310817.00000, 12853391076.66667, 113372.79690, 0.91102, 0.80685, 0.08077, 0.11238, 1.00000, 0.00000
4.37124, 1.70460, 1.50894, 4.92852, 0.37182, 1.25963, 11.00000, 467746.00000, 44980.00000, 239153.72727, 16442863617.47107, 128229.72985, 0.91102, 0.57970, 0.22901, 0.19128, 1.00000, 0.00000
4.62611, 0.87126, 1.44936, 4.92550, 0.18616, 1.27212, 7.00000, 486412.00000, 92905.00000, 273351.71429, 24389075280.20408, 156170.02043, 0.94766, 0.66353, 0.11910, 0.21738, 1.00000, 0.00000
4.85499, 0.43811, -0.72621, 4.92852, 0.09000, 1.71868, 8.00000, 480197.00000, 97282.00000, 295332.12500, 11393398255.10938, 106739.86254, 0.91102, 1.04077, 0.10419, -0.14496, 0.87500, 0.12500
4.45876, 0.43315, -2.05481, 4.92853, 0.09684, 2.00085, 12.00000, 457201.00000, 42868.00000, 230997.25000, 22111379981.52083, 148698.95757, 0.90081, 1.49537, 0.16379, -0.65917, 0.91667, 0.08333
4.37124, 1.70460, -1.50894, 4.92852, 0.37182, 1.88196, 21.00000, 413741.00000, 32060.00000, 146995.14286, 14140653804.78912, 118914.48106, 0.91102, 0.93889, 0.37091, -0.30980, 0.95238, 0.04762
4.62611, 0.87126, -1.44936, 4.92550, 0.18616, 1.86947, 9.00000, 452935.00000, 90147.00000, 195549.44444, 11588280915.13580, 107648.87791, 0.94766, 1.17386, 0.21070, -0.38457, 1.00000, 0.00000
3.92241, 2.87963, 0.78273, 4.92852, 0.63328, 1.41130, 21.00000, 459843.00000, 38897.00000, 183480.19048, 15592682853.29705, 124870.66450, 0.91102, 0.52439, 0.37383, 0.10178, 1.00000, 0.00000
3.92241, 2.87963, -0.78273, 4.92852, 0.63328, 1.73029, 20.00000, 495172.00000, 34571.00000, 199677.20000, 15390688247.16000, 124059.21267, 0.91102, 0.65841, 0.46938, -0.12779, 1.00000, 0.00000
3.18882, 3.75791, 0.00000, 4.92853, 0.86714, 1.57080, 37.00000, 450825.00000, 24609.00000, 164834.21622, 12352393820.87217, 111141.32364, 0.90081, 0.46930, 0.53070, 0.00000, 1.00000, 0.00000
3.73035, 3.21637, 0.00000, 4.92550, 0.71154, 1.57080, 22.00000, 441757.00000, 42917.00000, 165974.09091, 12167438777.62810, 110306.11396, 0.94766, 0.52918, 0.47082, 0.00000, 1.00000, 0.00000
4.83686, 0.87622, 0.00000, 4.91558, 0.17921, 1.57080, 8.00000, 423784.00000, 66094.00000, 203278.75000, 12145011676.93750, 110204.40861, 1.08598, 0.84303, 0.15697, 0.00000, 1.00000, 0.00000
4.35121, 2.14766, -0.78579, 4.91558, 0.45850, 1.73134, 22.00000, 488645.00000, 38625.00000, 165316.54545, 17544647186.15703, 132456.20856, 1.08598, 0.76051, 0.37301, -0.13352, 1.00000, 0.00000
4.35121, 2.14766, 0.78579, 4.91558, 0.45850, 1.41025, 12.00000, 489929.00000, 31766.00000, 176768.16667, 25599938586.30556, 159999.80808, 1.08598, 0.60022, 0.29439, 0.10538, 0.91667, 0.08333
4.58794, 1.75244, 0.00000, 4.91123, 0.36486, 1.57080, 14.00000, 383780.00000, 43098.00000, 196115.92857, 15005522964.49490, 122497.03247, 1.14286, 0.72361, 0.27639, -0.00000, 0.92857, 0.07143
