-2.75567, 4.02561, 0.70086, 4.92853, 2.17107, 1.42811, 15.00000, 394956.00000, 63395.00000, 162424.33333, 10174449261.15556, 100868.47506, 0.90081, -1.37444, 1.98030, 0.39414, 1.00000, 0.00000
-3.48430, 3.15040, 1.49161, 4.92852, 2.40648, 1.26333, 9.00000, 475714.00000, 57403.00000, 249228.22222, 17012620791.72840, 130432.43765, 0.91102, -2.88604, 2.59457, 1.29147, 1.00000, 0.00000
-2.21782, 3.93313, 1.97536, 4.92852, 2.08423, 1.15840, 10.00000, 419227.00000, 76179.00000, 183543.40000, 10143555092.24000, 100715.21778, 0.91102, -0.60432, 1.05443, 0.54989, 1.00000, 0.00000
-2.85909, 3.75484, 1.40973, 4.92550, 2.22158, 1.28053, 14.00000, 418653.00000, 42843.00000, 195375.42857, 12494373631.24490, 111778.23416, 0.94766, -1.25387, 1.66465, 0.58922, 1.00000, 0.00000
-3.93313, 1.97536, 2.21782, 4.92852, 2.67616, 1.10403, 4.00000, 442972.00000, 84394.00000, 233581.00000, 18309528369.00000, 135312.70587, 0.91102, -10.56672, 5.51065, 6.05607, 0.75000, 0.25000
-4.02561, 0.70086, 2.75567, 4.92853, 2.96922, 0.97747, 7.00000, 489837.00000, 271098.00000, 349814.00000, 6515728959.14286, 80720.06541, 0.90081, 9.35336, -1.86160, -6.49176, 0.00000, 1.00000
-3.15040, 1.49161, 3.48430, 4.92852, 2.69940, 0.78559, 5.00000, 438843.00000, 96986.00000, 315178.40000, 14362952604.24000, 119845.53644, 0.91102, -1.63909, 0.81587, 1.82322, 0.00000, 1.00000
-3.75484, 1.40973, 2.85909, 4.92550, 2.78243, 0.95149, 8.00000, 463115.00000, 177492.00000, 315304.75000, 10736157969.93750, 103615.43307, 0.94766, -9.32863, 3.30198, 7.02665, 0.62500, 0.37500
-1.49161, 3.48430, 3.15040, 4.92852, 1.97528, 0.87732, 21.00000, 414567.00000, 63999.00000, 210765.19048, 13451266623.58277, 115979.59572, 0.91102, -0.30829, 0.68893, 0.61936, 0.90476, 0.09524
-1.97536, 2.21782, 3.93313, 4.92852, 2.29844, 0.64677, 15.00000, 479862.00000, 81231.00000, 263098.46667, 12312383623.71555, 110961.18071, 0.91102, -0.49591, 0.54500, 0.95092, 0.66667, 0.33333
-0.70086, 2.75567, 4.02561, 4.92853, 1.81985, 0.61496, 10.00000, 445477.00000, 93636.00000, 238610.50000, 13234917914.65000, 115043.11329, 0.90081, -0.13313, 0.46424, 0.66888, 0.60000, 0.40000
-1.40973, 2.85909, 3.75484, 4.92550, 2.02888, 0.70390, 11.00000, 491678.00000, 69256.00000, 186849.63636, 12158188449.86777, 110264.17573, 0.94766, -0.25296, 0.53830, 0.71466, 0.72727, 0.27273
-3.47499, 2.68919, 2.20355, 4.91558, 2.48299, 1.10596, 7.00000, 486174.00000, 151631.00000, 271071.14286, 18031007246.69388, 134279.58611, 1.08598, -2.37638, 1.85065, 1.52573, 1.00000, 0.00000
-2.68919, 2.20355, 3.47499, 4.91558, 2.45513, 0.78564, 13.00000, 426053.00000, 135732.00000, 269039.76923, 9838328772.79290, 99188.34999, 1.08598, -0.90211, 0.74373, 1.15838, 0.69231, 0.30769
-2.20355, 3.47499, 2.68919, 4.91558, 2.13592, 0.99193, 10.00000, 425644.00000, 48587.00000, 165180.60000, 10767696721.84000, 103767.51284, 1.08598, -0.56481, 0.87972, 0.68510, 1.00000, 0.00000
-2.83550, 2.83550, 2.83550, 4.91123, 2.35619, 0.95532, 7.00000, 428223.00000, 93920.00000, 256783.85714, 15180807773.55102, 123210.42072, 1.14286, -1.00000, 1.00000, 1.00000, 0.85714, 0.14286
-2.05481, 4.45876, 0.43315, 4.92853, 2.00263, 1.48280, 24.00000, 440338.00000, 27239.00000, 171288.00000, 9313718057.33333, 96507.60621, 0.90081, -0.65917, 1.49537, 0.16379, 1.00000, 0.00000
-1.50894, 4.37124, 1.70460, 4.92852, 1.90319, 1.21764, 25.00000, 477818.00000, 28332.00000, 207725.48000, 20172480469.92960, 142029.85767, 0.91102, -0.30980, 0.93889, 0.37091, 0.96000, 0.04000
-0.72621, 4.85499, 0.43811, 4.92852, 1.71928, 1.48179, 44.00000, 473371.00000, 27715.00000, 159870.59091, 11971135282.78719, 109412.68337, 0.91102, -0.14496, 1.04077, 0.10419, 0.97727, 0.02273
-1.44936, 4.62611, 0.87126, 4.92550, 1.87441, 1.39297, 34.00000, 439140.00000, 27352.00000, 173859.41176, 13318306851.18339, 115404.96892, 0.94766, -0.38457, 1.17386, 0.21070, 0.94118, 0.05882
-0.78273, 3.92241, 2.87963, 4.92852, 1.76776, 0.94680, 26.00000, 325489.00000, 55009.00000, 151880.42308, 5552912230.85947, 74517.86518, 0.91102, -0.12779, 0.65841, 0.46938, 0.88462, 0.11538
0.00000, 3.18882, 3.75791, 4.92853, 1.57080, 0.70366, 18.00000, 429118.00000, 32815.00000, 219062.27778, 17601039320.53395, 132668.90864, 0.90081, -0.00000, 0.46930, 0.53070, 0.83333, 0.16667
0.78273, 3.92241, 2.87963, 4.92852, 1.37383, 0.94680, 39.00000, 413380.00000, 37070.00000, 166578.28205, 12153567078.97173, 110243.21784, 0.91102, 0.10178, 0.52439, 0.37383, 0.94872, 0.05128
0.00000, 3.73035, 3.21637, 4.92550, 1.57080, 0.85925, 18.00000, 499392.00000, 63738.00000, 228934.44444, 18315405195.02469, 135334.41985, 0.94766, -0.00000, 0.52918, 0.47082, 0.94444, 0.05556
0.72621, 4.85499, 0.43811, 4.92852, 1.42232, 1.48179, 73.00000, 499413.00000, 18999.00000, 159851.27397, 13100853200.03453, 114458.95858, 0.91102, 0.11238, 0.80685, 0.08077, 0.98630, 0.01370
1.50894, 4.37124, 1.70460, 4.92852, 1.23841, 1.21764, 67.00000, 486159.00000, 20362.00000, 165421.41791, 14989195675.88505, 122430.37073, 0.91102, 0.19128, 0.57970, 0.22901, 0.98507, 0.01493
2.05481, 4.45876, 0.43315, 4.92853, 1.13896, 1.48280, 54.00000, 482355.00000, 25883.00000, 198049.85185, 18309082392.97805, 135311.05791, 0.90081, 0.28433, 0.64502, 0.07065, 0.98148, 0.01852
1.44936, 4.62611, 0.87126, 4.92550, 1.26718, 1.39297, 61.00000, 471741.00000, 23135.00000, 144620.03279, 11960266019.31040, 109363.00114, 0.94766, 0.21738, 0.66353, 0.11910, 0.95082, 0.04918
-0.78579, 4.35121, 2.14766, 4.91558, 1.74946, 1.11864, 23.00000, 470641.00000, 32757.00000, 136520.78261, 14998546323.38752, 122468.55239, 1.08598, -0.13352, 0.76051, 0.37301, 0.95652, 0.04348
0.78579, 4.35121, 2.14766, 4.91558, 1.39213, 1.11864, 38.00000, 425687.00000, 35521.00000, 194064.13158, 15188203222.16690, 123240.42852, 1.08598, 0.10538, 0.60022, 0.29439, 1.00000, 0.00000
0.00000, 4.83686, 0.87622, 4.91558, 1.57080, 1.39159, 49.00000, 460472.00000, 27540.00000, 159211.28571, 11725535655.42857, 108284.51254, 1.08598, -0.00000, 0.84303, 0.15697, 0.95918, 0.04082
0.00000, 4.58794, 1.75244, 4.91123, 1.57080, 1.20593, 36.00000, 415624.00000, 27039.00000, 155833.83333, 12093120430.97222, 109968.72479, 1.14286, 0.00000, 0.72361, 0.27639, 1.00000, 0.00000
-2.05481, 4.45876, -0.43315, 4.92853, 2.00263, 1.65880, 17.00000, 371927.00000, 40694.00000, 144985.70588, 8127204521.26644, 90151.00954, 0.90081, -0.98030, 2.22389, -0.24359, 1.00000, 0.00000
-0.72621, 4.85499, -0.43811, 4.92852, 1.71928, 1.65981, 35.00000, 398441.00000, 31752.00000, 156393.40000, 11474182675.78286, 107117.61142, 0.91102, -0.18312, 1.31474, -0.13162, 1.00000, 0.00000
-1.50894, 4.37124, -1.70460, 4.92852, 1.90319, 1.92396, 18.00000, 485958.00000, 28336.00000, 215484.16667, 18391511052.25000, 135615.30538, 0.91102, -1.19997, 3.63662, -1.43665, 1.00000, 0.00000
-1.44936, 4.62611, -0.87126, 4.92550, 1.87441, 1.74862, 21.00000, 461854.00000, 52711.00000, 177112.95238, 11669213282.61678, 108024.13287, 0.94766, -0.66465, 2.02881, -0.36416, 1.00000, 0.00000
0.72621, 4.85499, -0.43811, 4.92852, 1.42232, 1.65981, 52.00000, 429109.00000, 31530.00000, 146205.94231, 10188842491.40052, 100939.79637, 0.91102, 0.13403, 0.96230, -0.09634, 1.00000, 0.00000
2.05481, 4.45876, -0.43315, 4.92853, 1.13896, 1.65880, 48.00000, 487384.00000, 39100.00000, 175518.75000, 15464386266.35417, 124355.88553, 0.90081, 0.33112, 0.75116, -0.08228, 1.00000, 0.00000
1.50894, 4.37124, -1.70460, 4.92852, 1.23841, 1.92396, 44.00000, 487715.00000, 33311.00000, 157401.81818, 12208609981.60331, 110492.57885, 0.91102, 0.35294, 1.06961, -0.42255, 1.00000, 0.00000
1.44936, 4.62611, -0.87126, 4.92550, 1.26718, 1.74862, 41.00000, 498163.00000, 19675.00000, 153599.21951, 14205831115.00060, 119188.21718, 0.94766, 0.28534, 0.87099, -0.15634, 0.97561, 0.02439
-0.78273, 3.92241, -2.87963, 4.92852, 1.76776, 2.19479, 19.00000, 394211.00000, 40822.00000, 193397.68421, 8875278064.00554, 94208.69421, 0.91102, -2.08678, 10.75154, -7.66476, 1.00000, 0.00000
0.78273, 3.92241, -2.87963, 4.92852, 1.37383, 2.19479, 24.00000, 484997.00000, 25583.00000, 217345.20833, 11906362145.74826, 109116.27810, 0.91102, 0.40335, 2.07817, -1.48153, 1.00000, 0.00000
0.00000, 3.18882, -3.75791, 4.92853, 1.57080, 2.43793, 9.00000, 336219.00000, 116033.00000, 166016.33333, 4387008838.88889, 66234.49886, 0.90081, -0.00000, -7.64229, 8.64229, 1.00000, 0.00000
0.00000, 3.73035, -3.21637, 4.92550, 1.57080, 2.28234, 15.00000, 373618.00000, 50882.00000, 189792.06667, 7775867997.39556, 88180.88227, 0.94766, 0.00000, 9.06739, -8.06739, 1.00000, 0.00000
0.00000, 4.83686, -0.87622, 4.91558, 1.57080, 1.75001, 31.00000, 499500.00000, 42091.00000, 182195.67742, 15843577720.02497, 125871.27440, 1.08598, 0.00000, 1.22879, -0.22879, 1.00000, 0.00000
0.78579, 4.35121, -2.14766, 4.91558, 1.39213, 2.02296, 17.00000, 484516.00000, 68202.00000, 204593.17647, 17807693209.67474, 133445.46905, 1.08598, 0.25627, 1.45965, -0.71592, 1.00000, 0.00000
-0.78579, 4.35121, -2.14766, 4.91558, 1.74946, 2.02296, 11.00000, 314873.00000, 45345.00000, 185280.36364, 7003251348.04959, 83685.43092, 1.08598, -0.52573, 2.99442, -1.46868, 1.00000, 0.00000
0.00000, 4.58794, -1.75244, 4.91123, 1.57080, 1.93566, 28.00000, 477495.00000, 45758.00000, 218334.00000, 17351147884.57143, 131723.75596, 1.14286, 0.00000, 1.61803, -0.61803, 1.00000, 0.00000
-2.75567, 4.02561, -0.70086, 4.92853, 2.17107, 1.71348, 17.00000, 487403.00000, 36315.00000, 222221.94118, 30683944537.82007, 175168.33201, 0.90081, -6.49176, 9.35336, -1.86160, 0.94118, 0.05882
-2.21782, 3.93313, -1.97536, 4.92852, 2.08423, 1.98319, 11.00000, 467119.00000, 88929.00000, 219746.90909, 20181084653.35537, 142060.14449, 0.91102, 6.05607, -10.56672, 5.51065, 1.00000, 0.00000
-3.48430, 3.15040, -1.49161, 4.92852, 2.40648, 1.87827, 7.00000, 400375.00000, 182638.00000, 296403.71429, 7468179007.63265, 86418.62651, 0.91102, 1.82322, -1.63909, 0.81587, 1.00000, 0.00000
-2.85909, 3.75484, -1.40973, 4.92550, 2.22158, 1.86107, 13.00000, 446809.00000, 69189.00000, 211489.46154, 8110494094.86391, 90058.28166, 0.94766, 7.02665, -9.32863, 3.30198, 1.00000, 0.00000
-1.49161, 3.48430, -3.15040, 4.92852, 1.97528, 2.26428, 15.00000, 448240.00000, 63009.00000, 198285.53333, 16026105695.04889, 126594.25617, 0.91102, 1.29147, -2.88604, 2.59457, 1.00000, 0.00000
-0.70086, 2.75567, -4.02561, 4.92853, 1.81985, 2.52663, 2.00000, 248865.00000, 200993.00000, 224929.00000, 572932096.00000, 23936.00000, 0.90081, 0.39414, -1.37444, 1.98030, 1.00000, 0.00000
-1.97536, 2.21782, -3.93313, 4.92852, 2.29844, 2.49482, 2.00000, 434294.00000, 145371.00000, 289832.50000, 20869124982.25000, 144461.50000, 0.91102, 0.54989, -0.60432, 1.05443, 1.00000, 0.00000
-1.40973, 2.85909, -3.75484, 4.92550, 2.02888, 2.43770, 4.00000, 397987.00000, 155426.00000, 267023.75000, 12156713328.18750, 110257.48649, 0.94766, 0.58922, -1.25387, 1.66465, 1.00000, 0.00000
-3.93313, 1.97536, -2.21782, 4.92852, 2.67616, 2.03756, 4.00000, 247019.00000, 164886.00000, 216696.50000, 1135015837.25000, 33689.99610, 0.91102, 0.95092, -0.49591, 0.54500, 1.00000, 0.00000
-3.15040, 1.49161, -3.48430, 4.92852, 2.69940, 2.35600, 0.00000, 0.00000, 0.00000, 0.00000, 0.00000, 0.00000, 0.91102, 0.61936, -0.30829, 0.68893, 0.00000, 0.00000
-4.02561, 0.70086, -2.75567, 4.92853, 2.96922, 2.16413, 2.00000, 398708.00000, 241231.00000, 319969.50000, 6199751382.25000, 78738.50000, 0.90081, 0.66888, -0.13313, 0.46424, 0.50000, 0.50000
-3.75484, 1.40973, -2.85909, 4.92550, 2.78243, 2.19010, 3.00000, 417889.00000, 218368.00000, 340483.33333, 7634248720.22222, 87374.18795, 0.94766, 0.71466, -0.25296, 0.53830, 1.00000, 0.00000
-2.20355, 3.47499, -2.68919, 4.91558, 2.13592, 2.14966, 12.00000, 443552.00000, 112995.00000, 227376.25000, 8603250621.35417, 92753.70947, 1.08598, 1.52573, -2.37638, 1.85065, 1.00000, 0.00000
-2.68919, 2.20355, -3.47499, 4.91558, 2.45513, 2.35595, 2.00000, 499824.00000, 482719.00000, 491271.50000, 73145256.25000, 8552.50000, 1.08598, 0.68510, -0.56481, 0.87972, 0.50000, 0.50000
-3.47499, 2.68919, -2.20355, 4.91558, 2.48299, 2.03563, 4.00000, 280940.00000, 64922.00000, 138588.75000, 7105311970.68750, 84293.01259, 1.08598, 1.15838, -0.90211, 0.74373, 1.00000, 0.00000
-2.83550, 2.83550, -2.83550, 4.91123, 2.35619, 2.18628, 7.00000, 431075.00000, 74756.00000, 253152.00000, 13245960980.00000, 115091.09861, 1.14286, 1.00000, -1.00000, 1.00000, 1.00000, 0.00000
-3.18882, 3.75791, 0.00000, 4.92853, 2.27446, 1.57080, 14.00000, 465218.00000, 72866.00000, 248859.78571, 12391894630.16837, 111318.88712, 0.90081, -7.64229, 8.64229, 0.00000, 0.92857, 0.07143
-3.92241, 2.87963, -0.78273, 4.92852, 2.50831, 1.73029, 10.00000, 384225.00000, 59836.00000, 252544.30000, 8674132832.01000, 93135.02473, 0.91102, 2.07817, -1.48153, 0.40335, 1.00000, 0.00000
-3.92241, 2.87963, 0.78273, 4.92852, 2.50831, 1.41130, 8.00000, 483347.00000, 45439.00000, 290597.75000, 21101332024.18750, 145262.97541, 0.91102, 10.75154, -7.66476, -2.08678, 0.87500, 0.12500
-3.73035, 3.21637, 0.00000, 4.92550, 2.43005, 1.57080, 6.00000, 349198.00000, 73757.00000, 213933.33333, 7686150328.55555, 87670.69253, 0.94766, 9.06739, -8.06739, -0.00000, 1.00000, 0.00000
-4.37124, 1.70460, -1.50894, 4.92852, 2.76977, 1.88196, 2.00000, 246372.00000, 168217.00000, 207294.50000, 1527051006.25000, 39077.50000, 0.91102, 1.06961, -0.42255, 0.35294, 1.00000, 0.00000
-4.45876, 0.43315, -2.05481, 4.92853, 3.04475, 2.00085, 1.00000, 466380.00000, 466380.00000, 466380.00000, 0.00000, 0.00000, 0.90081, 0.75116, -0.08228, 0.33112, 1.00000, 0.00000
-4.85499, 0.43811, -0.72621, 4.92852, 3.05160, 1.71868, 4.00000, 359731.00000, 129343.00000, 251998.75000, 6863421437.18750, 82845.76898, 0.91102, 0.96230, -0.09634, 0.13403, 1.00000, 0.00000
-4.62611, 0.87126, -1.44936, 4.92550, 2.95544, 1.86947, 2.00000, 399061.00000, 380635.00000, 389848.00000, 84879369.00000, 9213.00000, 0.94766, 0.87099, -0.15634, 0.28534, 1.00000, 0.00000
-4.37124, 1.70460, 1.50894, 4.92852, 2.76977, 1.25963, 6.00000, 464085.00000, 280359.00000, 376499.33333, 4077069662.22222, 63851.93546, 0.91102, 3.63662, -1.43665, -1.19997, 0.83333, 0.16667
-4.85499, 0.43811, 0.72621, 4.92852, 3.05160, 1.42291, 5.00000, 488558.00000, 114586.00000, 349664.80000, 18025797279.36000, 134260.18501, 0.91102, 1.31474, -0.13162, -0.18312, 0.80000, 0.20000
-4.45876, 0.43315, 2.05481, 4.92853, 3.04475, 1.14074, 2.00000, 217949.00000, 188443.00000, 203196.00000, 217651009.00000, 14753.00000, 0.90081, 2.22389, -0.24359, -0.98030, 0.50000, 0.50000
-4.62611, 0.87126, 1.44936, 4.92550, 2.95544, 1.27212, 2.00000, 215547.00000, 135980.00000, 175763.50000, 1582726872.25000, 39783.50000, 0.94766, 2.02881, -0.36416, -0.66465, 0.00000, 1.00000
-4.35121, 2.14766, -0.78579, 4.91558, 2.68310, 1.73134, 3.00000, 497031.00000, 112777.00000, 353054.66667, 29245496153.55555, 171013.14614, 1.08598, 1.45965, -0.71592, 0.25627, 0.66667, 0.33333
-4.83686, 0.87622, 0.00000, 4.91558, 2.96238, 1.57080, 1.00000, 192630.00000, 192630.00000, 192630.00000, 0.00000, 0.00000, 1.08598, 1.22879, -0.22879, -0.00000, 0.00000, 1.00000
-4.35121, 2.14766, 0.78579, 4.91558, 2.68310, 1.41025, 4.00000, 493685.00000, 236298.00000, 368895.25000, 12046114335.68750, 109754.79186, 1.08598, 2.99442, -1.46868, -0.52573, 0.75000, 0.25000
-4.58794, 1.75244, 0.00000, 4.91123, 2.77673, 1.57080, 4.00000, 419228.00000, 253227.00000, 324522.25000, 3710034827.68750, 60910.05523, 1.14286, 1.61803, -0.61803, -0.00000, 1.00000, 0.00000
2.75567, 4.02561, 0.70086, 4.92853, 0.97053, 1.42811, 35.00000, 473583.00000, 18869.00000, 164210.37143, 16592415366.97633, 128811.54982, 0.90081, 0.36663, 0.52824, 0.10514, 0.97143, 0.02857
2.21782, 3.93313, 1.97536, 4.92852, 1.05736, 1.15840, 53.00000, 490160.00000, 21609.00000, 174773.16981, 19770748010.85796, 140608.49196, 0.91102, 0.27362, 0.47741, 0.24897, 1.00000, 0.00000
3.48430, 3.15040, 1.49161, 4.92852, 0.73511, 1.26333, 26.00000, 456878.00000, 29182.00000, 177295.84615, 11765067658.51479, 108466.89660, 0.91102, 0.42617, 0.38313, 0.19070, 0.96154, 0.03846
2.85909, 3.75484, 1.40973, 4.92550, 0.92001, 1.28053, 34.00000, 453470.00000, 32846.00000, 172591.76471, 17759192081.35640, 133263.61875, 0.94766, 0.35746, 0.47456, 0.16798, 0.94118, 0.05882
1.49161, 3.48430, 3.15040, 4.92852, 1.16631, 0.87732, 26.00000, 466725.00000, 41175.00000, 237284.11538, 19029127084.94822, 137946.10210, 0.91102, 0.19070, 0.42617, 0.38313, 0.80769, 0.19231
0.70086, 2.75567, 4.02561, 4.92853, 1.32174, 0.61496, 15.00000, 387427.00000, 57626.00000, 176837.73333, 6908813800.46222, 83119.27454, 0.90081, 0.10514, 0.36663, 0.52824, 0.80000, 0.20000
1.97536, 2.21782, 3.93313, 4.92852, 0.84316, 0.64677, 27.00000, 496908.00000, 51083.00000, 239290.37037, 18264588162.45542, 135146.54329, 0.91102, 0.24897, 0.27362, 0.47741, 0.62963, 0.37037
1.40973, 2.85909, 3.75484, 4.92550, 1.11271, 0.70390, 24.00000, 365483.00000, 70142.00000, 217537.54167, 8798442151.66493, 93800.01147, 0.94766, 0.16798, 0.35746, 0.47456, 0.83333, 0.16667
3.93313, 1.97536, 2.21782, 4.92852, 0.46544, 1.10403, 20.00000, 460165.00000, 40166.00000, 228114.65000, 16809112343.22750, 129649.96083, 0.91102, 0.47741, 0.24897, 0.27362, 0.85000, 0.15000
3.15040, 1.49161, 3.48430, 4.92852, 0.44220, 0.78559, 34.00000, 451654.00000, 56469.00000, 224325.64706, 12195210210.22837, 110431.92568, 0.91102, 0.38313, 0.19070, 0.42617, 0.44118, 0.55882
4.02561, 0.70086, 2.75567, 4.92853, 0.17237, 0.97747, 10.00000, 445682.00000, 110781.00000, 231869.10000, 12978335751.89000, 113922.49888, 0.90081, 0.52824, 0.10514, 0.36663, 0.30000, 0.70000
3.75484, 1.40973, 2.85909, 4.92550, 0.35916, 0.95149, 16.00000, 476740.00000, 93462.00000, 263570.62500, 10605733006.85938, 102984.13959, 0.94766, 0.47456, 0.16798, 0.35746, 0.56250, 0.43750
2.20355, 3.47499, 2.68919, 4.91558, 1.00567, 0.99193, 27.00000, 480920.00000, 22673.00000, 193312.14815, 17509842674.71880, 132324.76214, 1.08598, 0.26522, 0.41309, 0.32170, 1.00000, 0.00000
2.68919, 2.20355, 3.47499, 4.91558, 0.68646, 0.78564, 14.00000, 432543.00000, 53625.00000, 258262.92857, 17505269513.92347, 132307.48094, 1.08598, 0.32170, 0.26522, 0.41309, 0.50000, 0.50000
3.47499, 2.68919, 2.20355, 4.91558, 0.65860, 1.10596, 26.00000, 495810.00000, 31718.00000, 217963.42308, 21146683332.55177, 145418.99234, 1.08598, 0.41309, 0.32170, 0.26522, 0.84615, 0.15385
2.83550, 2.83550, 2.83550, 4.91123, 0.78540, 0.95532, 29.00000, 479766.00000, 43163.00000, 193187.65517, 14294141293.74316, 119558.10844, 1.14286, 0.33333, 0.33333, 0.33333, 0.89655, 0.10345
-0.43315, 2.05481, 4.45876, 4.92853, 1.77855, 0.44016, 17.00000, 485519.00000, 89139.00000, 208946.17647, 12564745271.91003, 112092.57456, 0.90081, -0.08228, 0.33112, 0.75116, 0.23529, 0.76471
-1.70460, 1.50894, 4.37124, 4.92852, 2.41700, 0.48015, 12.00000, 462792.00000, 86184.00000, 197359.66667, 11297927312.72222, 106291.70858, 0.91102, -0.42255, 0.35294, 1.06961, 0.33333, 0.66667
-0.43811, 0.72621, 4.85499, 4.92852, 2.11363, 0.17295, 21.00000, 496409.00000, 71321.00000, 259523.95238, 16408676531.95011, 128096.35644, 0.91102, -0.09634, 0.13403, 0.96230, 0.23810, 0.76190
-0.87126, 1.44936, 4.62611, 4.92550, 2.11205, 0.35046, 16.00000, 490502.00000, 92104.00000, 250535.68750, 10584864397.71484, 102882.77017, 0.94766, -0.15634, 0.28534, 0.87099, 0.31250, 0.68750
-2.87963, 0.78273, 3.92241, 4.92852, 2.87619, 0.65037, 5.00000, 479134.00000, 136412.00000, 279585.20000, 14170887248.56000, 119041.53581, 0.91102, -1.48153, 0.40335, 2.07817, 0.80000, 0.20000
-3.75791, 0.00000, 3.18882, 4.92853, 3.14159, 0.86714, 6.00000, 411276.00000, 74386.00000, 223841.00000, 14565884618.66667, 120689.20672, 0.90081, 8.64229, -0.00000, -7.64229, 0.00000, 1.00000
-2.87963, -0.78273, 3.92241, 4.92852, -2.87619, 0.65037, 12.00000, 453385.00000, 53747.00000, 236496.75000, 21562117427.35417, 146840.44888, 0.91102, -7.66476, -2.08678, 10.75154, 0.08333, 0.91667
-3.21637, 0.00000, 3.73035, 4.92550, 3.14159, 0.71154, 10.00000, 489206.00000, 129351.00000, 258866.70000, 13692539730.41000, 117015.12608, 0.94766, -8.06739, 0.00000, 9.06739, 0.10000, 0.90000
-0.43811, -0.72621, 4.85499, 4.92852, -2.11363, 0.17295, 33.00000, 455190.00000, 45833.00000, 185467.69697, 13687955536.93847, 116995.53640, 0.91102, -0.13162, -0.18312, 1.31474, 0.03030, 0.96970
-1.70460, -1.50894, 4.37124, 4.92852, -2.41700, 0.48015, 25.00000, 416512.00000, 38140.00000, 175894.12000, 13877289596.18560, 117801.90829, 0.91102, -1.43665, -1.19997, 3.63662, 0.00000, 1.00000
-0.43315, -2.05481, 4.45876, 4.92853, -1.77855, 0.44016, 47.00000, 362956.00000, 18918.00000, 111442.53191, 4696757980.20643, 68532.89707, 0.90081, -0.24359, -0.98030, 2.22389, 0.02128, 0.97872
-0.87126, -1.44936, 4.62611, 4.92550, -2.11205, 0.35046, 24.00000, 466928.00000, 17405.00000, 163816.45833, 12094104315.41493, 109973.19817, 0.94766, -0.36416, -0.66465, 2.02881, 0.00000, 1.00000
-2.14766, 0.78579, 4.35121, 4.91558, 2.79084, 0.48390, 10.00000, 456718.00000, 79182.00000, 278193.90000, 15021623784.49000, 122562.73408, 1.08598, -0.71592, 0.25627, 1.45965, 0.30000, 0.70000
-2.14766, -0.78579, 4.35121, 4.91558, -2.79084, 0.48390, 15.00000, 390845.00000, 51120.00000, 176654.73333, 12320879011.12889, 110999.45500, 1.08598, -1.46868, -0.52573, 2.99442, 0.00000, 1.00000
-0.87622, 0.00000, 4.83686, 4.91558, 3.14159, 0.17921, 20.00000, 442915.00000, 39094.00000, 210274.20000, 22199143015.36000, 148993.76838, 1.08598, -0.22879, 0.00000, 1.22879, 0.10000, 0.90000
-1.75244, 0.00000, 4.58794, 4.91123, 3.14159, 0.36486, 23.00000, 498183.00000, 35514.00000, 199659.47826, 17556870900.94518, 132502.34300, 1.14286, -0.61803, 0.00000, 1.61803, 0.26087, 0.73913
-4.45876, -0.43315, 2.05481, 4.92853, -3.04475, 1.14074, 5.00000, 300743.00000, 120308.00000, 239690.80000, 4476854328.56000, 66909.29927, 0.90081, 1.49537, 0.16379, -0.65917, 0.00000, 1.00000
-4.85499, -0.43811, 0.72621, 4.92852, -3.05160, 1.42291, 2.00000, 418318.00000, 205789.00000, 312053.50000, 11292143960.25000, 106264.50000, 0.91102, 1.04077, 0.10419, -0.14496, 1.00000, 0.00000
-4.37124, -1.70460, 1.50894, 4.92852, -2.76977, 1.25963, 4.00000, 301661.00000, 102754.00000, 221083.25000, 5793298573.68750, 76113.72132, 0.91102, 0.93889, 0.37091, -0.30980, 0.00000, 1.00000
-4.62611, -0.87126, 1.44936, 4.92550, -2.95544, 1.27212, 8.00000, 350820.00000, 161312.00000, 271005.37500, 4001494199.48438, 63257.36478, 0.94766, 1.17386, 0.21070, -0.38457, 0.12500, 0.87500
-4.85499, -0.43811, -0.72621, 4.92852, -3.05160, 1.71868, 4.00000, 396115.00000, 178023.00000, 274823.75000, 6265468785.68750, 79154.71424, 0.91102, 0.80685, 0.08077, 0.11238, 0.00000, 1.00000
-4.45876, -0.43315, -2.05481, 4.92853, -3.04475, 2.00085, 0.00000, 0.00000, 0.00000, 0.00000, 0.00000, 0.00000, 0.90081, 0.64502, 0.07065, 0.28433, 0.00000, 0.00000
-4.37124, -1.70460, -1.50894, 4.92852, -2.76977, 1.88196, 4.00000, 403545.00000, 210106.00000, 334909.75000, 6066679078.68750, 77888.88931, 0.91102, 0.57970, 0.22901, 0.19128, 0.25000, 0.75000
-4.62611, -0.87126, -1.44936, 4.92550, -2.95544, 1.86947, 0.00000, 0.00000, 0.00000, 0.00000, 0.00000, 0.00000, 0.94766, 0.66353, 0.11910, 0.21738, 0.00000, 0.00000
-3.92241, -2.87963, 0.78273, 4.92852, -2.50831, 1.41130, 8.00000, 455683.00000, 110877.00000, 291903.87500, 11248897578.35938, 106060.82019, 0.91102, 0.65841, 0.46938, -0.12779, 0.12500, 0.87500
-3.92241, -2.87963, -0.78273, 4.92852, -2.50831, 1.73029, 5.00000, 409807.00000, 174782.00000, 262480.60000, 6206448754.64000, 78781.01773, 0.91102, 0.52439, 0.37383, 0.10178, 0.00000, 1.00000
-3.18882, -3.75791, 0.00000, 4.92853, -2.27446, 1.57080, 7.00000, 403222.00000, 50195.00000, 268422.42857, 18534237620.81632, 136140.50691, 0.90081, 0.46930, 0.53070, 0.00000, 0.00000, 1.00000
-3.73035, -3.21637, 0.00000, 4.92550, -2.43005, 1.57080, 2.00000, 319897.00000, 238028.00000, 278962.50000, 1675633290.25000, 40934.50000, 0.94766, 0.52918, 0.47082, -0.00000, 0.00000, 1.00000
-4.83686, -0.87622, 0.00000, 4.91558, -2.96238, 1.57080, 2.00000, 271583.00000, 249246.00000, 260414.50000, 124735392.25000, 11168.50000, 1.08598, 0.84303, 0.15697, -0.00000, 0.00000, 1.00000
-4.35121, -2.14766, -0.78579, 4.91558, -2.68310, 1.73134, 0.00000, 0.00000, 0.00000, 0.00000, 0.00000, 0.00000, 1.08598, 0.60022, 0.29439, 0.10538, 0.00000, 0.00000
-4.35121, -2.14766, 0.78579, 4.91558, -2.68310, 1.41025, 1.00000, 250389.00000, 250389.00000, 250389.00000, 0.00000, 0.00000, 1.08598, 0.76051, 0.37301, -0.13352, 0.00000, 1.00000
-4.58794, -1.75244, 0.00000, 4.91123, -2.77673, 1.57080, 3.00000, 358256.00000, 183838.00000, 253645.66667, 5675885924.22222, 75338.47572, 1.14286, 0.72361, 0.27639, -0.00000, 0.00000, 1.00000
-3.75791, 0.00000, -3.18882, 4.92853, 3.14159, 2.27446, 0.00000, 0.00000, 0.00000, 0.00000, 0.00000, 0.00000, 0.90081, 0.53070, -0.00000, 0.46930, 0.00000, 0.00000
-2.87963, 0.78273, -3.92241, 4.92852, 2.87619, 2.49122, 3.00000, 395404.00000, 201631.00000, 288519.00000, 6457935926.00000, 80361.28375, 0.91102, 0.46938, -0.12779, 0.65841, 0.66667, 0.33333
-2.87963, -0.78273, -3.92241, 4.92852, -2.87619, 2.49122, 2.00000, 308055.00000, 163342.00000, 235698.50000, 5235463092.25000, 72356.50000, 0.91102, 0.37383, 0.10178, 0.52439, 0.50000, 0.50000
-3.21637, 0.00000, -3.73035, 4.92550, 3.14159, 2.43005, 0.00000, 0.00000, 0.00000, 0.00000, 0.00000, 0.00000, 0.94766, 0.47082, 0.00000, 0.52918, 0.00000, 0.00000
-1.70460, 1.50894, -4.37124, 4.92852, 2.41700, 2.66145, 2.00000, 252532.00000, 98756.00000, 175644.00000, 5911764544.00000, 76888.00000, 0.91102, 0.37091, -0.30980, 0.93889, 1.00000, 0.00000
-0.43315, 2.05481, -4.45876, 4.92853, 1.77855, 2.70143, 2.00000, 316640.00000, 294157.00000, 305398.50000, 126371322.25000, 11241.50000, 0.90081, 0.16379, -0.65917, 1.49537, 1.00000, 0.00000
-0.43811, 0.72621, -4.85499, 4.92852, 2.11363, 2.96865, 2.00000, 235764.00000, 220717.00000, 228240.50000, 56603052.25000, 7523.50000, 0.91102, 0.10419, -0.14496, 1.04077, 1.00000, 0.00000
-0.87126, 1.44936, -4.62611, 4.92550, 2.11205, 2.79113, 3.00000, 463784.00000, 131970.00000, 336922.66667, 21399216603.55555, 146284.71076, 0.94766, 0.21070, -0.38457, 1.17386, 1.00000, 0.00000
-1.70460, -1.50894, -4.37124, 4.92852, -2.41700, 2.66145, 1.00000, 348497.00000, 348497.00000, 348497.00000, 0.00000, 0.00000, 0.91102, 0.22901, 0.19128, 0.57970, 0.00000, 1.00000
-0.43811, -0.72621, -4.85499, 4.92852, -2.11363, 2.96865, 1.00000, 321004.00000, 321004.00000, 321004.00000, 0.00000, 0.00000, 0.91102, 0.08077, 0.11238, 0.80685, 1.00000, 0.00000
-0.43315, -2.05481, -4.45876, 4.92853, -1.77855, 2.70143, 1.00000, 172534.00000, 172534.00000, 172534.00000, 0.00000, 0.00000, 0.90081, 0.07065, 0.28433, 0.64502, 0.00000, 1.00000
-0.87126, -1.44936, -4.62611, 4.92550, -2.11205, 2.79113, 1.00000, 426357.00000, 426357.00000, 426357.00000, 0.00000, 0.00000, 0.94766, 0.11910, 0.21738, 0.66353, 1.00000, 0.00000
-2.14766, 0.78579, -4.35121, 4.91558, 2.79084, 2.65769, 1.00000, 308958.00000, 308958.00000, 308958.00000, 0.00000, 0.00000, 1.08598, 0.37301, -0.13352, 0.76051, 1.00000, 0.00000
-0.87622, 0.00000, -4.83686, 4.91558, 3.14159, 2.96238, 0.00000, 0.00000, 0.00000, 0.00000, 0.00000, 0.00000, 1.08598, 0.15697, 0.00000, 0.84303, 0.00000, 0.00000
-2.14766, -0.78579, -4.35121, 4.91558, -2.79084, 2.65769, 0.00000, 0.00000, 0.00000, 0.00000, 0.00000, 0.00000, 1.08598, 0.29439, 0.10538, 0.60022, 0.00000, 0.00000
-1.75244, 0.00000, -4.58794, 4.91123, 3.14159, 2.77673, 1.00000, 477038.00000, 477038.00000, 477038.00000, 0.00000, 0.00000, 1.14286, 0.27639, 0.00000, 0.72361, 1.00000, 0.00000
0.70086, 2.75567, -4.02561, 4.92853, 1.32174, 2.52663, 10.00000, 421330.00000, 89149.00000, 241863.10000, 12617588204.09000, 112328.03837, 0.90081, -1.86160, -6.49176, 9.35336, 1.00000, 0.00000
1.49161, 3.48430, -3.15040, 4.92852, 1.16631, 2.26428, 27.00000, 450093.00000, 56545.00000, 182101.00000, 16594879511.77778, 128821.11439, 0.91102, 0.81587, 1.82322, -1.63909, 0.96296, 0.03704
1.97536, 2.21782, -3.93313, 4.92852, 0.84316, 2.49482, 11.00000, 496743.00000, 35794.00000, 277418.36364, 20239415110.59504, 142265.29834, 0.91102, 5.51065, 6.05607, -10.56672, 0.90909, 0.09091
1.40973, 2.85909, -3.75484, 4.92550, 1.11271, 2.43770, 4.00000, 481329.00000, 103891.00000, 293866.00000, 31387704029.00000, 177165.75298, 0.94766, 3.30198, 7.02665, -9.32863, 1.00000, 0.00000
2.21782, 3.93313, -1.97536, 4.92852, 1.05736, 1.98319, 31.00000, 424341.00000, 34167.00000, 158373.22581, 7974266661.72320, 89298.74950, 0.91102, 0.54500, 0.95092, -0.49591, 0.96774, 0.03226
2.75567, 4.02561, -0.70086, 4.92853, 0.97053, 1.71348, 26.00000, 445495.00000, 55734.00000, 198113.38462, 16155308197.85207, 127103.53338, 0.90081, 0.46424, 0.66888, -0.13313, 0.96154, 0.03846
3.48430, 3.15040, -1.49161, 4.92852, 0.73511, 1.87827, 27.00000, 468738.00000, 38654.00000, 177832.59259, 13878375988.16735, 117806.51929, 0.91102, 0.68893, 0.61936, -0.30829, 0.92593, 0.07407
2.85909, 3.75484, -1.40973, 4.92550, 0.92001, 1.86107, 18.00000, 469956.00000, 45319.00000, 160230.66667, 13102752146.88889, 114467.25360, 0.94766, 0.53830, 0.71466, -0.25296, 1.00000, 0.00000
3.15040, 1.49161, -3.48430, 4.92852, 0.44220, 2.35600, 2.00000, 188211.00000, 136147.00000, 162179.00000, 677665024.00000, 26032.00000, 0.91102, 2.59457, 1.29147, -2.88604, 1.00000, 0.00000
3.93313, 1.97536, -2.21782, 4.92852, 0.46544, 2.03756, 10.00000, 320015.00000, 107730.00000, 209992.80000, 4979695115.76000, 70566.95484, 0.91102, 1.05443, 0.54989, -0.60432, 1.00000, 0.00000
4.02561, 0.70086, -2.75567, 4.92853, 0.17237, 2.16413, 7.00000, 462138.00000, 81495.00000, 308381.28571, 16129985967.91837, 127003.88170, 0.90081, 1.98030, 0.39414, -1.37444, 1.00000, 0.00000
3.75484, 1.40973, -2.85909, 4.92550, 0.35916, 2.19010, 4.00000, 431647.00000, 266214.00000, 328840.25000, 3975295271.68750, 63049.94268, 0.94766, 1.66465, 0.58922, -1.25387, 1.00000, 0.00000
2.20355, 3.47499, -2.68919, 4.91558, 1.00567, 2.14966, 9.00000, 487610.00000, 68634.00000, 210732.77778, 20642271703.72840, 143674.18593, 1.08598, 0.74373, 1.15838, -0.90211, 0.88889, 0.11111
3.47499, 2.68919, -2.20355, 4.91558, 0.65860, 2.03563, 15.00000, 433968.00000, 48859.00000, 242304.40000, 18925384705.17333, 137569.56315, 1.08598, 0.87972, 0.68510, -0.56481, 0.93333, 0.06667
2.68919, 2.20355, -3.47499, 4.91558, 0.68646, 2.35595, 5.00000, 303590.00000, 87972.00000, 195554.80000, 6143659812.16000, 78381.50172, 1.08598, 1.85065, 1.52573, -2.37638, 1.00000, 0.00000
2.83550, 2.83550, -2.83550, 4.91123, 0.78540, 2.18628, 13.00000, 372418.00000, 42511.00000, 198619.23077, 10740465885.71597, 103636.21899, 1.14286, 1.00000, 1.00000, -1.00000, 1.00000, 0.00000
2.75567, -4.02561, 0.70086, 4.92853, -0.97053, 1.42811, 14.00000, 468356.00000, 35631.00000, 211224.85714, 18940419353.69388, 137624.19611, 0.90081, -6.49176, 9.35336, -1.86160, 0.07143, 0.92857
3.48430, -3.15040, 1.49161, 4.92852, -0.73511, 1.26333, 24.00000, 400828.00000, 69679.00000, 199058.25000, 9525289025.68750, 97597.58719, 0.91102, 1.82322, -1.63909, 0.81587, 0.00000, 1.00000
2.21782, -3.93313, 1.97536, 4.92852, -1.05736, 1.15840, 46.00000, 477468.00000, 28274.00000, 159904.97826, 11963405984.76040, 109377.35590, 0.91102, 6.05607, -10.56672, 5.51065, 0.00000, 1.00000
2.85909, -3.75484, 1.40973, 4.92550, -0.92001, 1.28053, 24.00000, 446131.00000, 19156.00000, 161384.62500, 14642332160.15104, 121005.50467, 0.94766, 7.02665, -9.32863, 3.30198, 0.00000, 1.00000
3.93313, -1.97536, 2.21782, 4.92852, -0.46544, 1.10403, 26.00000, 498754.00000, 67490.00000, 221043.73077, 17256152826.96598, 131362.67669, 0.91102, 0.95092, -0.49591, 0.54500, 0.07692, 0.92308
4.02561, -0.70086, 2.75567, 4.92853, -0.17237, 0.97747, 11.00000, 452437.00000, 43496.00000, 196134.09091, 13518602344.99174, 116269.52458, 0.90081, 0.66888, -0.13313, 0.46424, 0.36364, 0.63636
3.15040, -1.49161, 3.48430, 4.92852, -0.44220, 0.78559, 58.00000, 468039.00000, 28123.00000, 152975.08621, 11564873938.35464, 107540.10386, 0.91102, 0.61936, -0.30829, 0.68893, 0.05172, 0.94828
3.75484, -1.40973, 2.85909, 4.92550, -0.35916, 0.95149, 17.00000, 344445.00000, 71066.00000, 176467.94118, 7543585000.87889, 86853.81397, 0.94766, 0.71466, -0.25296, 0.53830, 0.00000, 1.00000
1.49161, -3.48430, 3.15040, 4.92852, -1.16631, 0.87732, 70.00000, 439005.00000, 12507.00000, 113114.67143, 10314779803.04918, 101561.70441, 0.91102, 1.29147, -2.88604, 2.59457, 0.00000, 1.00000
1.97536, -2.21782, 3.93313, 4.92852, -0.84316, 0.64677, 69.00000, 436136.00000, 21157.00000, 121513.11594, 9626580112.53728, 98115.13702, 0.91102, 0.54989, -0.60432, 1.05443, 0.05797, 0.94203
0.70086, -2.75567, 4.02561, 4.92853, -1.32174, 0.61496, 58.00000, 395635.00000, 18803.00000, 126437.37931, 9104921639.54578, 95419.71306, 0.90081, 0.39414, -1.37444, 1.98030, 0.01724, 0.98276
1.40973, -2.85909, 3.75484, 4.92550, -1.11271, 0.70390, 55.00000, 496896.00000, 24542.00000, 133787.03636, 14147989564.90777, 118945.32174, 0.94766, 0.58922, -1.25387, 1.66465, 0.00000, 1.00000
3.47499, -2.68919, 2.20355, 4.91558, -0.65860, 1.10596, 24.00000, 489249.00000, 74470.00000, 190602.20833, 11104424515.41493, 105377.53326, 1.08598, 1.15838, -0.90211, 0.74373, 0.08333, 0.91667
2.68919, -2.20355, 3.47499, 4.91558, -0.68646, 0.78564, 49.00000, 480071.00000, 25028.00000, 165408.48980, 17079728313.51520, 130689.43459, 1.08598, 0.68510, -0.56481, 0.87972, 0.04082, 0.95918
2.20355, -3.47499, 2.68919, 4.91558, -1.00567, 0.99193, 38.00000, 262170.00000, 18518.00000, 111174.89474, 5126718433.46260, 71601.10637, 1.08598, 1.52573, -2.37638, 1.85065, 0.00000, 1.00000
2.83550, -2.83550, 2.83550, 4.91123, -0.78540, 0.95532, 49.00000, 493171.00000, 15189.00000, 147423.75510, 13805203287.24615, 117495.54582, 1.14286, 1.00000, -1.00000, 1.00000, 0.00000, 1.00000
2.05481, -4.45876, 0.43315, 4.92853, -1.13896, 1.48280, 10.00000, 445310.00000, 56973.00000, 191904.90000, 12856734295.69000, 113387.54030, 0.90081, -0.98030, 2.22389, -0.24359, 0.00000, 1.00000
1.50894, -4.37124, 1.70460, 4.92852, -1.23841, 1.21764, 38.00000, 476430.00000, 31899.00000, 196971.89474, 14955141408.35734, 122291.21558, 0.91102, -1.19997, 3.63662, -1.43665, 0.00000, 1.00000
0.72621, -4.85499, 0.43811, 4.92852, -1.42232, 1.48179, 25.00000, 453779.00000, 30546.00000, 176602.52000, 14325122666.16960, 119687.60448, 0.91102, -0.18312, 1.31474, -0.13162, 0.00000, 1.00000
1.44936, -4.62611, 0.87126, 4.92550, -1.26718, 1.39297, 23.00000, 411843.00000, 65507.00000, 206855.86957, 13381197294.80907, 115677.12520, 0.94766, -0.66465, 2.02881, -0.36416, 0.00000, 1.00000
0.78273, -3.92241, 2.87963, 4.92852, -1.37383, 0.94680, 65.00000, 447145.00000, 14151.00000, 134151.44615, 10304693385.69325, 101512.03567, 0.91102, -2.08678, 10.75154, -7.66476, 0.00000, 1.00000
0.00000, -3.18882, 3.75791, 4.92853, -1.57080, 0.70366, 64.00000, 390029.00000, 19760.00000, 93511.17188, 7215573424.95483, 84944.53146, 0.90081, 0.00000, -7.64229, 8.64229, 0.00000, 1.00000
-0.78273, -3.92241, 2.87963, 4.92852, -1.76776, 0.94680, 41.00000, 486312.00000, 27054.00000, 177360.36585, 21225190341.45152, 145688.67609, 0.91102, 0.40335, 2.07817, -1.48153, 0.00000, 1.00000
0.00000, -3.73035, 3.21637, 4.92550, -1.57080, 0.85925, 45.00000, 462433.00000, 20025.00000, 139058.22222, 10163627752.52839, 100814.81911, 0.94766, -0.00000, 9.06739, -8.06739, 0.00000, 1.00000
-0.72621, -4.85499, 0.43811, 4.92852, -1.71928, 1.48179, 17.00000, 407483.00000, 47319.00000, 184480.23529, 11702616398.65052, 108178.63189, 0.91102, 0.13403, 0.96230, -0.09634, 0.00000, 1.00000
-1.50894, -4.37124, 1.70460, 4.92852, -1.90319, 1.21764, 23.00000, 427875.00000, 30273.00000, 166140.43478, 10579628002.94140, 102857.31866, 0.91102, 0.35294, 1.06961, -0.42255, 0.00000, 1.00000
-2.05481, -4.45876, 0.43315, 4.92853, -2.00263, 1.48280, 13.00000, 419175.00000, 74738.00000, 208236.15385, 13190000899.51479, 114847.72919, 0.90081, 0.33112, 0.75116, -0.08228, 0.07692, 0.92308
-1.44936, -4.62611, 0.87126, 4.92550, -1.87441, 1.39297, 12.00000, 485138.00000, 82391.00000, 264679.66667, 16410365905.05556, 128102.95042, 0.94766, 0.28534, 0.87099, -0.15634, 0.00000, 1.00000
0.78579, -4.35121, 2.14766, 4.91558, -1.39213, 1.11864, 34.00000, 497792.00000, 21728.00000, 153306.05882, 12955997386.29066, 113824.41472, 1.08598, -0.52573, 2.99442, -1.46868, 0.00000, 1.00000
-0.78579, -4.35121, 2.14766, 4.91558, -1.74946, 1.11864, 30.00000, 483612.00000, 16708.00000, 183612.03333, 14005086836.63222, 118343.08952, 1.08598, 0.25627, 1.45965, -0.71592, 0.00000, 1.00000
0.00000, -4.83686, 0.87622, 4.91558, -1.57080, 1.39159, 16.00000, 496067.00000, 36954.00000, 196856.18750, 18483383863.52734, 135953.60923, 1.08598, -0.00000, 1.22879, -0.22879, 0.00000, 1.00000
0.00000, -4.58794, 1.75244, 4.91123, -1.57080, 1.20593, 34.00000, 452408.00000, 26338.00000, 174851.82353, 16228561526.85121, 127391.37148, 1.14286, -0.00000, 1.61803, -0.61803, 0.00000, 1.00000
2.05481, -4.45876, -0.43315, 4.92853, -1.13896, 1.65880, 9.00000, 448644.00000, 107147.00000, 243483.77778, 17514210111.72839, 132341.26383, 0.90081, -0.65917, 1.49537, 0.16379, 0.00000, 1.00000
0.72621, -4.85499, -0.43811, 4.92852, -1.42232, 1.65981, 1.00000, 266271.00000, 266271.00000, 266271.00000, 0.00000, 0.00000, 0.91102, -0.14496, 1.04077, 0.10419, 0.00000, 1.00000
1.50894, -4.37124, -1.70460, 4.92852, -1.23841, 1.92396, 2.00000, 165782.00000, 86238.00000, 126010.00000, 1581811984.00000, 39772.00000, 0.91102, -0.30980, 0.93889, 0.37091, 0.00000, 1.00000
1.44936, -4.62611, -0.87126, 4.92550, -1.26718, 1.74862, 9.00000, 405075.00000, 111005.00000, 231802.22222, 6982746636.83951, 83562.83047, 0.94766, -0.38457, 1.17386, 0.21070, 0.00000, 1.00000
-0.72621, -4.85499, -0.43811, 4.92852, -1.71928, 1.65981, 11.00000, 468660.00000, 117202.00000, 235553.72727, 12768449982.01653, 112997.56627, 0.91102, 0.11238, 0.80685, 0.08077, 0.00000, 1.00000
-2.05481, -4.45876, -0.43315, 4.92853, -2.00263, 1.65880, 5.00000, 303286.00000, 82262.00000, 184523.00000, 5033563003.20000, 70947.60745, 0.90081, 0.28433, 0.64502, 0.07065, 0.00000, 1.00000
-1.50894, -4.37124, -1.70460, 4.92852, -1.90319, 1.92396, 2.00000, 245258.00000, 213149.00000, 229203.50000, 257746970.25000, 16054.50000, 0.91102, 0.19128, 0.57970, 0.22901, 0.00000, 1.00000
-1.44936, -4.62611, -0.87126, 4.92550, -1.87441, 1.74862, 6.00000, 445762.00000, 120023.00000, 319177.16667, 13019567374.47222, 114103.31886, 0.94766, 0.21738, 0.66353, 0.11910, 0.00000, 1.00000
0.78273, -3.92241, -2.87963, 4.92852, -1.37383, 2.19479, 2.00000, 312516.00000, 244235.00000, 278375.50000, 1165573740.25000, 34140.50000, 0.91102, -0.12779, 0.65841, 0.46938, 0.00000, 1.00000
-0.78273, -3.92241, -2.87963, 4.92852, -1.76776, 2.19479, 3.00000, 215334.00000, 125271.00000, 179282.33333, 1513165474.88889, 38899.42769, 0.91102, 0.10178, 0.52439, 0.37383, 0.00000, 1.00000
0.00000, -3.18882, -3.75791, 4.92853, -1.57080, 2.43793, 1.00000, 283806.00000, 283806.00000, 283806.00000, 0.00000, 0.00000, 0.90081, 0.00000, 0.46930, 0.53070, 0.00000, 1.00000
0.00000, -3.73035, -3.21637, 4.92550, -1.57080, 2.28234, 0.00000, 0.00000, 0.00000, 0.00000, 0.00000, 0.00000, 0.94766, -0.00000, 0.52918, 0.47082, 0.00000, 0.00000
0.00000, -4.83686, -0.87622, 4.91558, -1.57080, 1.75001, 11.00000, 491680.00000, 58741.00000, 224280.09091, 15906267010.08264, 126120.04999, 1.08598, -0.00000, 0.84303, 0.15697, 0.00000, 1.00000
-0.78579, -4.35121, -2.14766, 4.91558, -1.74946, 2.02296, 7.00000, 439897.00000, 125605.00000, 233686.14286, 14227064840.69388, 119277.26037, 1.08598, 0.10538, 0.60022, 0.29439, 0.00000, 1.00000
0.78579, -4.35121, -2.14766, 4.91558, -1.39213, 2.02296, 4.00000, 480802.00000, 192244.00000, 309237.25000, 11327002188.68750, 106428.38996, 1.08598, -0.13352, 0.76051, 0.37301, 0.00000, 1.00000
0.00000, -4.58794, -1.75244, 4.91123, -1.57080, 1.93566, 6.00000, 399020.00000, 170672.00000, 304072.33333, 7023071560.22222, 83803.76817, 1.14286, -0.00000, 0.72361, 0.27639, 0.00000, 1.00000
2.75567, -4.02561, -0.70086, 4.92853, -0.97053, 1.71348, 9.00000, 484170.00000, 118201.00000, 295441.33333, 15477798660.66667, 124409.80130, 0.90081, -1.37444, 1.98030, 0.39414, 0.00000, 1.00000
2.21782, -3.93313, -1.97536, 4.92852, -1.05736, 1.98319, 4.00000, 373900.00000, 144076.00000, 221097.75000, 8391795018.18750, 91606.74112, 0.91102, -0.60432, 1.05443, 0.54989, 0.00000, 1.00000
3.48430, -3.15040, -1.49161, 4.92852, -0.73511, 1.87827, 4.00000, 381037.00000, 249370.00000, 321126.25000, 2899839196.68750, 53850.15503, 0.91102, -2.88604, 2.59457, 1.29147, 0.25000, 0.75000
2.85909, -3.75484, -1.40973, 4.92550, -0.92001, 1.86107, 1.00000, 258958.00000, 258958.00000, 258958.00000, 0.00000, 0.00000, 0.94766, -1.25387, 1.66465, 0.58922, 0.00000, 1.00000
1.49161, -3.48430, -3.15040, 4.92852, -1.16631, 2.26428, 2.00000, 365654.00000, 186675.00000, 276164.50000, 8008370610.25000, 89489.50000, 0.91102, -0.30829, 0.68893, 0.61936, 0.00000, 1.00000
0.70086, -2.75567, -4.02561, 4.92853, -1.32174, 2.52663, 3.00000, 373144.00000, 327278.00000, 344423.66667, 417601446.88889, 20435.29904, 0.90081, -0.13313, 0.46424, 0.66888, 0.00000, 1.00000
1.97536, -2.21782, -3.93313, 4.92852, -0.84316, 2.49482, 1.00000, 204916.00000, 204916.00000, 204916.00000, 0.00000, 0.00000, 0.91102, -0.49591, 0.54500, 0.95092, 0.00000, 1.00000
1.40973, -2.85909, -3.75484, 4.92550, -1.11271, 2.43770, 1.00000, 388379.00000, 388379.00000, 388379.00000, 0.00000, 0.00000, 0.94766, -0.25296, 0.53830, 0.71466, 0.00000, 1.00000
3.93313, -1.97536, -2.21782, 4.92852, -0.46544, 2.03756, 3.00000, 447291.00000, 263718.00000, 372783.00000, 6213600846.00000, 78826.39689, 0.91102, -10.56672, 5.51065, 6.05607, 0.33333, 0.66667
3.15040, -1.49161, -3.48430, 4.92852, -0.44220, 2.35600, 2.00000, 254497.00000, 162530.00000, 208513.50000, 2114482272.25000, 45983.50000, 0.91102, -1.63909, 0.81587, 1.82322, 1.00000, 0.00000
4.02561, -0.70086, -2.75567, 4.92853, -0.17237, 2.16413, 7.00000, 465275.00000, 168384.00000, 282679.71429, 8953842376.48980, 94624.74505, 0.90081, 9.35336, -1.86160, -6.49176, 0.71429, 0.28571
3.75484, -1.40973, -2.85909, 4.92550, -0.35916, 2.19010, 1.00000, 184833.00000, 184833.00000, 184833.00000, 0.00000, 0.00000, 0.94766, -9.32863, 3.30198, 7.02665, 0.00000, 1.00000
2.20355, -3.47499, -2.68919, 4.91558, -1.00567, 2.14966, 0.00000, 0.00000, 0.00000, 0.00000, 0.00000, 0.00000, 1.08598, -0.56481, 0.87972, 0.68510, 0.00000, 0.00000
2.68919, -2.20355, -3.47499, 4.91558, -0.68646, 2.35595, 3.00000, 495996.00000, 284037.00000, 362915.00000, 8956752218.00000, 94640.11949, 1.08598, -0.90211, 0.74373, 1.15838, 0.33333, 0.66667
3.47499, -2.68919, -2.20355, 4.91558, -0.65860, 2.03563, 4.00000, 428362.00000, 233508.00000, 301027.00000, 6274107430.50000, 79209.26354, 1.08598, -2.37638, 1.85065, 1.52573, 0.25000, 0.75000
2.83550, -2.83550, -2.83550, 4.91123, -0.78540, 2.18628, 4.00000, 493199.00000, 187918.00000, 350550.75000, 14198076360.68750, 119155.68119, 1.14286, -1.00000, 1.00000, 1.00000, 0.00000, 1.00000
3.18882, -3.75791, 0.00000, 4.92853, -0.86714, 1.57080, 7.00000, 307248.00000, 39395.00000, 206308.85714, 9098694692.12245, 95387.07822, 0.90081, -7.64229, 8.64229, -0.00000, 0.00000, 1.00000
3.92241, -2.87963, -0.78273, 4.92852, -0.63328, 1.73029, 8.00000, 462273.00000, 104839.00000, 257750.50000, 16091889280.50000, 126853.81067, 0.91102, 10.75154, -7.66476, -2.08678, 0.12500, 0.87500
3.92241, -2.87963, 0.78273, 4.92852, -0.63328, 1.41130, 16.00000, 374607.00000, 55736.00000, 201413.93750, 8642959134.30859, 92967.51655, 0.91102, 2.07817, -1.48153, 0.40335, 0.06250, 0.93750
3.73035, -3.21637, 0.00000, 4.92550, -0.71154, 1.57080, 9.00000, 399186.00000, 62188.00000, 187262.44444, 13521077988.46914, 116280.17023, 0.94766, 9.06739, -8.06739, 0.00000, 0.00000, 1.00000
4.37124, -1.70460, -1.50894, 4.92852, -0.37182, 1.88196, 5.00000, 273188.00000, 86016.00000, 165802.20000, 7221592754.56000, 84979.95502, 0.91102, 3.63662, -1.43665, -1.19997, 0.20000, 0.80000
4.45876, -0.43315, -2.05481, 4.92853, -0.09684, 2.00085, 8.00000, 416677.00000, 123097.00000, 273183.50000, 7503142387.75000, 86620.68106, 0.90081, 2.22389, -0.24359, -0.98030, 0.75000, 0.25000
4.85499, -0.43811, -0.72621, 4.92852, -0.09000, 1.71868, 7.00000, 397586.00000, 90218.00000, 246222.71429, 10392920907.63265, 101945.67626, 0.91102, 1.31474, -0.13162, -0.18312, 0.57143, 0.42857
4.62611, -0.87126, -1.44936, 4.92550, -0.18616, 1.86947, 4.00000, 462519.00000, 102052.00000, 314411.50000, 20157616907.25000, 141977.52254, 0.94766, 2.02881, -0.36416, -0.66465, 0.25000, 0.75000
4.37124, -1.70460, 1.50894, 4.92852, -0.37182, 1.25963, 16.00000, 491264.00000, 85313.00000, 241261.62500, 8447292310.35938, 91909.15248, 0.91102, 1.06961, -0.42255, 0.35294, 0.06250, 0.93750
4.85499, -0.43811, 0.72621, 4.92852, -0.09000, 1.42291, 10.00000, 351348.00000, 67658.00000, 205395.40000, 8349148462.04000, 91373.67489, 0.91102, 0.96230, -0.09634, 0.13403, 0.50000, 0.50000
4.45876, -0.43315, 2.05481, 4.92853, -0.09684, 1.14074, 21.00000, 471505.00000, 72119.00000, 221786.38095, 12984554440.33107, 113949.78912, 0.90081, 0.75116, -0.08228, 0.33112, 0.19048, 0.80952
4.62611, -0.87126, 1.44936, 4.92550, -0.18616, 1.27212, 11.00000, 429646.00000, 109546.00000, 236400.45455, 11680353085.15702, 108075.68221, 0.94766, 0.87099, -0.15634, 0.28534, 0.18182, 0.81818
4.35121, -2.14766, -0.78579, 4.91558, -0.45850, 1.73134, 8.00000, 335007.00000, 79790.00000, 193511.37500, 6667928811.73438, 81657.38676, 1.08598, 2.99442, -1.46868, -0.52573, 0.00000, 1.00000
4.83686, -0.87622, 0.00000, 4.91558, -0.17921, 1.57080, 8.00000, 435968.00000, 129919.00000, 314981.50000, 8042202958.75000, 89678.33049, 1.08598, 1.22879, -0.22879, 0.00000, 0.37500, 0.62500
4.35121, -2.14766, 0.78579, 4.91558, -0.45850, 1.41025, 9.00000, 416348.00000, 112346.00000, 267099.77778, 11118572695.50617, 105444.64280, 1.08598, 1.45965, -0.71592, 0.25627, 0.22222, 0.77778
4.58794, -1.75244, 0.00000, 4.91123, -0.36486, 1.57080, 8.00000, 449534.00000, 152652.00000, 285579.75000, 10425813709.43750, 102106.87396, 1.14286, 1.61803, -0.61803, 0.00000, 0.12500, 0.87500
0.43315, -2.05481, 4.45876, 4.92853, -1.36304, 0.44016, 50.00000, 462957.00000, 17553.00000, 129637.18000, 12304211945.22760, 110924.35235, 0.90081, 0.16379, -0.65917, 1.49537, 0.02000, 0.98000
1.70460, -1.50894, 4.37124, 4.92852, -0.72459, 0.48015, 56.00000, 464763.00000, 23751.00000, 165574.58929, 14898077593.95631, 122057.68142, 0.91102, 0.37091, -0.30980, 0.93889, 0.03571, 0.96429
0.43811, -0.72621, 4.85499, 4.92852, -1.02797, 0.17295, 44.00000, 498615.00000, 31154.00000, 164343.63636, 16487402516.73141, 128403.28079, 0.91102, 0.10419, -0.14496, 1.04077, 0.06818, 0.93182
0.87126, -1.44936, 4.62611, 4.92550, -1.02954, 0.35046, 41.00000, 432554.00000, 24528.00000, 136653.07317, 8990611773.33611, 94818.83660, 0.94766, 0.21070, -0.38457, 1.17386, 0.04878, 0.95122
2.87963, -0.78273, 3.92241, 4.92852, -0.26540, 0.65037, 38.00000, 491758.00000, 54098.00000, 172783.28947, 16939885240.46884, 130153.31437, 0.91102, 0.46938, -0.12779, 0.65841, 0.02632, 0.97368
3.75791, 0.00000, 3.18882, 4.92853, 0.00000, 0.86714, 12.00000, 418769.00000, 34840.00000, 168239.75000, 11638722404.52083, 107882.91062, 0.90081, 0.53070, -0.00000, 0.46930, 0.16667, 0.83333
2.87963, 0.78273, 3.92241, 4.92852, 0.26540, 0.65037, 20.00000, 480478.00000, 30097.00000, 220205.05000, 17185110120.24750, 131091.99106, 0.91102, 0.37383, 0.10178, 0.52439, 0.35000, 0.65000
3.21637, 0.00000, 3.73035, 4.92550, 0.00000, 0.71154, 23.00000, 397034.00000, 18897.00000, 176731.47826, 11383353259.90170, 106692.79854, 0.94766, 0.47082, -0.00000, 0.52918, 0.13043, 0.86957
0.43811, 0.72621, 4.85499, 4.92852, 1.02797, 0.17295, 28.00000, 488077.00000, 52455.00000, 233986.14286, 14876490450.05102, 121969.21927, 0.91102, 0.08077, 0.11238, 0.80685, 0.21429, 0.78571
1.70460, 1.50894, 4.37124, 4.92852, 0.72459, 0.48015, 16.00000, 489278.00000, 71633.00000, 228545.18750, 15877157220.65234, 126004.59206, 0.91102, 0.22901, 0.19128, 0.57970, 0.37500, 0.62500
0.43315, 2.05481, 4.45876, 4.92853, 1.36304, 0.44016, 15.00000, 434687.00000, 41877.00000, 230080.73333, 12196775031.39556, 110439.01046, 0.90081, 0.07065, 0.28433, 0.64502, 0.66667, 0.33333
0.87126, 1.44936, 4.62611, 4.92550, 1.02954, 0.35046, 20.00000, 492729.00000, 84782.00000, 198918.75000, 13910528819.78750, 117942.90491, 0.94766, 0.11910, 0.21738, 0.66353, 0.30000, 0.70000
2.14766, -0.78579, 4.35121, 4.91558, -0.35075, 0.48390, 34.00000, 471583.00000, 22518.00000, 174373.14706, 13068682632.53720, 114318.33900, 1.08598, 0.37301, -0.13352, 0.76051, 0.02941, 0.97059
2.14766, 0.78579, 4.35121, 4.91558, 0.35075, 0.48390, 17.00000, 472003.00000, 53798.00000, 227489.29412, 12334803070.79585, 111062.15859, 1.08598, 0.29439, 0.10538, 0.60022, 0.29412, 0.70588
0.87622, 0.00000, 4.83686, 4.91558, 0.00000, 0.17921, 21.00000, 481632.00000, 28958.00000, 183987.90476, 17473958644.75283, 132189.10184, 1.08598, 0.15697, -0.00000, 0.84303, 0.19048, 0.80952
1.75244, 0.00000, 4.58794, 4.91123, 0.00000, 0.36486, 24.00000, 376294.00000, 25174.00000, 154878.04167, 11163238146.70660, 105656.22626, 1.14286, 0.27639, 0.00000, 0.72361, 0.08333, 0.91667
-2.75567, -4.02561, 0.70086, 4.92853, -2.17107, 1.42811, 10.00000, 466643.00000, 60564.00000, 159834.30000, 13512891523.21000, 116244.96343, 0.90081, 0.46424, 0.66888, -0.13313, 0.00000, 1.00000
-2.21782, -3.93313, 1.97536, 4.92852, -2.08423, 1.15840, 21.00000, 449178.00000, 33449.00000, 226779.57143, 15295111799.95918, 123673.40781, 0.91102, 0.54500, 0.95092, -0.49591, 0.00000, 1.00000
-3.48430, -3.15040, 1.49161, 4.92852, -2.40648, 1.26333, 10.00000, 371043.00000, 49163.00000, 156767.70000, 12130419853.01000, 110138.18526, 0.91102, 0.68893, 0.61936, -0.30829, 0.00000, 1.00000
-2.85909, -3.75484, 1.40973, 4.92550, -2.22158, 1.28053, 11.00000, 285885.00000, 49950.00000, 184328.90909, 5790848229.90083, 76097.62302, 0.94766, 0.53830, 0.71466, -0.25296, 0.00000, 1.00000
-1.49161, -3.48430, 3.15040, 4.92852, -1.97528, 0.87732, 66.00000, 498423.00000, 24291.00000, 174023.80303, 14676888660.49150, 121148.20948, 0.91102, 0.81587, 1.82322, -1.63909, 0.00000, 1.00000
-0.70086, -2.75567, 4.02561, 4.92853, -1.81985, 0.61496, 52.00000, 471964.00000, 22681.00000, 140604.73077, 13420431601.35059, 115846.58649, 0.90081, -1.86160, -6.49176, 9.35336, 0.00000, 1.00000
-1.97536, -2.21782, 3.93313, 4.92852, -2.29844, 0.64677, 42.00000, 491704.00000, 26952.00000, 170330.42857, 15026660814.14966, 122583.28114, 0.91102, 5.51065, 6.05607, -10.56672, 0.07143, 0.92857
-1.40973, -2.85909, 3.75484, 4.92550, -2.02888, 0.70390, 30.00000, 473947.00000, 22724.00000, 145989.93333, 16945853320.46222, 130176.23946, 0.94766, 3.30198, 7.02665, -9.32863, 0.03333, 0.96667
-3.93313, -1.97536, 2.21782, 4.92852, -2.67616, 1.10403, 12.00000, 494306.00000, 85073.00000, 288369.33333, 18321967904.88889, 135358.66394, 0.91102, 1.05443, 0.54989, -0.60432, 0.16667, 0.83333
-3.15040, -1.49161, 3.48430, 4.92852, -2.69940, 0.78559, 12.00000, 429570.00000, 58452.00000, 193927.66667, 15586083828.38889, 124844.23827, 0.91102, 2.59457, 1.29147, -2.88604, 0.00000, 1.00000
-4.02561, -0.70086, 2.75567, 4.92853, -2.96922, 0.97747, 10.00000, 450380.00000, 63073.00000, 310004.50000, 17433492499.05000, 132035.95154, 0.90081, 1.98030, 0.39414, -1.37444, 0.10000, 0.90000
-3.75484, -1.40973, 2.85909, 4.92550, -2.78243, 0.95149, 4.00000, 402826.00000, 139723.00000, 281338.00000, 10870216593.50000, 104260.33087, 0.94766, 1.66465, 0.58922, -1.25387, 0.25000, 0.75000
-2.20355, -3.47499, 2.68919, 4.91558, -2.13592, 0.99193, 25.00000, 463387.00000, 60228.00000, 196254.48000, 10625800116.96960, 103081.52170, 1.08598, 0.74373, 1.15838, -0.90211, 0.00000, 1.00000
-2.68919, -2.20355, 3.47499, 4.91558, -2.45513, 0.78564, 14.00000, 459057.00000, 54514.00000, 173576.71429, 11550273642.20408, 107472.19939, 1.08598, 1.85065, 1.52573, -2.37638, 0.07143, 0.92857
-3.47499, -2.68919, 2.20355, 4.91558, -2.48299, 1.10596, 16.00000, 455318.00000, 81320.00000, 243263.06250, 11419267804.43359, 106860.97419, 1.08598, 0.87972, 0.68510, -0.56481, 0.00000, 1.00000
-2.83550, -2.83550, 2.83550, 4.91123, -2.35619, 0.95532, 22.00000, 400355.00000, 45574.00000, 197159.81818, 8095429479.42149, 89974.60464, 1.14286, 1.00000, 1.00000, -1.00000, 0.00000, 1.00000
-0.70086, -2.75567, -4.02561, 4.92853, -1.81985, 2.52663, 0.00000, 0.00000, 0.00000, 0.00000, 0.00000, 0.00000, 0.90081, 0.10514, 0.36663, 0.52824, 0.00000, 0.00000
-1.49161, -3.48430, -3.15040, 4.92852, -1.97528, 2.26428, 1.00000, 277827.00000, 277827.00000, 277827.00000, 0.00000, 0.00000, 0.91102, 0.19070, 0.42617, 0.38313, 0.00000, 1.00000
-1.97536, -2.21782, -3.93313, 4.92852, -2.29844, 2.49482, 0.00000, 0.00000, 0.00000, 0.00000, 0.00000, 0.00000, 0.91102, 0.24897, 0.27362, 0.47741, 0.00000, 0.00000
-1.40973, -2.85909, -3.75484, 4.92550, -2.02888, 2.43770, 0.00000, 0.00000, 0.00000, 0.00000, 0.00000, 0.00000, 0.94766, 0.16798, 0.35746, 0.47456, 0.00000, 0.00000
-2.21782, -3.93313, -1.97536, 4.92852, -2.08423, 1.98319, 1.00000, 126601.00000, 126601.00000, 126601.00000, 0.00000, 0.00000, 0.91102, 0.27362, 0.47741, 0.24897, 0.00000, 1.00000
-2.75567, -4.02561, -0.70086, 4.92853, -2.17107, 1.71348, 2.00000, 233502.00000, 233451.00000, 233476.50000, 650.25000, 25.50000, 0.90081, 0.36663, 0.52824, 0.10514, 0.00000, 1.00000
-3.48430, -3.15040, -1.49161, 4.92852, -2.40648, 1.87827, 4.00000, 490796.00000, 158639.00000, 333551.50000, 19141024223.25000, 138351.09043, 0.91102, 0.42617, 0.38313, 0.19070, 0.00000, 1.00000
-2.85909, -3.75484, -1.40973, 4.92550, -2.22158, 1.86107, 2.00000, 135361.00000, 81843.00000, 108602.00000, 716044081.00000, 26759.00000, 0.94766, 0.35746, 0.47456, 0.16798, 0.00000, 1.00000
-3.15040, -1.49161, -3.48430, 4.92852, -2.69940, 2.35600, 2.00000, 359763.00000, 226335.00000, 293049.00000, 4450757796.00000, 66714.00000, 0.91102, 0.38313, 0.19070, 0.42617, 0.00000, 1.00000
-3.93313, -1.97536, -2.21782, 4.92852, -2.67616, 2.03756, 4.00000, 418706.00000, 259212.00000, 339661.75000, 5747756173.18750, 75813.95764, 0.91102, 0.47741, 0.24897, 0.27362, 0.25000, 0.75000
-4.02561, -0.70086, -2.75567, 4.92853, -2.96922, 2.16413, 1.00000, 309998.00000, 309998.00000, 309998.00000, 0.00000, 0.00000, 0.90081, 0.52824, 0.10514, 0.36663, 1.00000, 0.00000
-3.75484, -1.40973, -2.85909, 4.92550, -2.78243, 2.19010, 1.00000, 232083.00000, 232083.00000, 232083.00000, 0.00000, 0.00000, 0.94766, 0.47456, 0.16798, 0.35746, 1.00000, 0.00000
-2.20355, -3.47499, -2.68919, 4.91558, -2.13592, 2.14966, 1.00000, 255410.00000, 255410.00000, 255410.00000, 0.00000, 0.00000, 1.08598, 0.26522, 0.41309, 0.32170, 0.00000, 1.00000
-3.47499, -2.68919, -2.20355, 4.91558, -2.48299, 2.03563, 0.00000, 0.00000, 0.00000, 0.00000, 0.00000, 0.00000, 1.08598, 0.41309, 0.32170, 0.26522, 0.00000, 0.00000
-2.68919, -2.20355, -3.47499, 4.91558, -2.45513, 2.35595, 0.00000, 0.00000, 0.00000, 0.00000, 0.00000, 0.00000, 1.08598, 0.32170, 0.26522, 0.41309, 0.00000, 0.00000
-2.83550, -2.83550, -2.83550, 4.91123, -2.35619, 2.18628, 1.00000, 371104.00000, 371104.00000, 371104.00000, 0.00000, 0.00000, 1.14286, 0.33333, 0.33333, 0.33333, 0.00000, 1.00000
3.75791, 0.00000, -3.18882, 4.92853, 0.00000, 2.27446, 6.00000, 397844.00000, 112953.00000, 291198.83333, 10823935161.80556, 104038.14282, 0.90081, 8.64229, 0.00000, -7.64229, 1.00000, 0.00000
2.87963, -0.78273, -3.92241, 4.92852, -0.26540, 2.49122, 5.00000, 405999.00000, 215320.00000, 299870.20000, 4195298210.16000, 64771.12173, 0.91102, -1.48153, 0.40335, 2.07817, 0.80000, 0.20000
2.87963, 0.78273, -3.92241, 4.92852, 0.26540, 2.49122, 5.00000, 354172.00000, 184300.00000, 249954.80000, 3187846592.56000, 56461.01835, 0.91102, -7.66476, -2.08678, 10.75154, 1.00000, 0.00000
3.21637, 0.00000, -3.73035, 4.92550, 0.00000, 2.43005, 4.00000, 499942.00000, 145278.00000, 366720.25000, 20522972292.18750, 143258.41090, 0.94766, -8.06739, -0.00000, 9.06739, 0.25000, 0.75000
1.70460, -1.50894, -4.37124, 4.92852, -0.72459, 2.66145, 2.00000, 488765.00000, 480460.00000, 484612.50000, 17243256.25000, 4152.50000, 0.91102, -0.42255, 0.35294, 1.06961, 0.00000, 1.00000
0.43315, -2.05481, -4.45876, 4.92853, -1.36304, 2.70143, 2.00000, 418406.00000, 287688.00000, 353047.00000, 4271798881.00000, 65359.00000, 0.90081, -0.08228, 0.33112, 0.75116, 0.50000, 0.50000
0.43811, -0.72621, -4.85499, 4.92852, -1.02797, 2.96865, 2.00000, 460501.00000, 274656.00000, 367578.50000, 8634591006.25000, 92922.50000, 0.91102, -0.09634, 0.13403, 0.96230, 1.00000, 0.00000
0.87126, -1.44936, -4.62611, 4.92550, -1.02954, 2.79113, 2.00000, 446957.00000, 327166.00000, 387061.50000, 3587470920.25000, 59895.50000, 0.94766, -0.15634, 0.28534, 0.87099, 0.50000, 0.50000
1.70460, 1.50894, -4.37124, 4.92852, 0.72459, 2.66145, 3.00000, 364098.00000, 140830.00000, 265308.00000, 8638036642.66667, 92941.03853, 0.91102, -1.43665, -1.19997, 3.63662, 1.00000, 0.00000
0.43811, 0.72621, -4.85499, 4.92852, 1.02797, 2.96865, 5.00000, 482420.00000, 161341.00000, 289359.40000, 16231307365.04000, 127402.14820, 0.91102, -0.13162, -0.18312, 1.31474, 1.00000, 0.00000
0.43315, 2.05481, -4.45876, 4.92853, 1.36304, 2.70143, 3.00000, 455373.00000, 128488.00000, 292210.66667, 17809124190.88889, 133450.83061, 0.90081, -0.24359, -0.98030, 2.22389, 1.00000, 0.00000
0.87126, 1.44936, -4.62611, 4.92550, 1.02954, 2.79113, 7.00000, 482266.00000, 134015.00000, 257114.85714, 15019473585.83673, 122553.96193, 0.94766, -0.36416, -0.66465, 2.02881, 0.85714, 0.14286
2.14766, -0.78579, -4.35121, 4.91558, -0.35075, 2.65769, 2.00000, 480302.00000, 171353.00000, 325827.50000, 23862371150.25000, 154474.50000, 1.08598, -0.71592, 0.25627, 1.45965, 0.50000, 0.50000
0.87622, 0.00000, -4.83686, 4.91558, 0.00000, 2.96238, 1.00000, 245315.00000, 245315.00000, 245315.00000, 0.00000, 0.00000, 1.08598, -0.22879, -0.00000, 1.22879, 1.00000, 0.00000
2.14766, 0.78579, -4.35121, 4.91558, 0.35075, 2.65769, 4.00000, 498759.00000, 80805.00000, 301404.00000, 21978832293.00000, 148252.59624, 1.08598, -1.46868, -0.52573, 2.99442, 1.00000, 0.00000
1.75244, 0.00000, -4.58794, 4.91123, 0.00000, 2.77673, 1.00000, 266304.00000, 266304.00000, 266304.00000, 0.00000, 0.00000, 1.14286, -0.61803, -0.00000, 1.61803, 1.00000, 0.00000
4.45876, 0.43315, 2.05481, 4.92853, 0.09684, 1.14074, 14.00000, 480601.00000, 81299.00000, 299117.35714, 15531225066.94388, 124624.33577, 0.90081, 0.64502, 0.07065, 0.28433, 0.28571, 0.71429
4.85499, 0.43811, 0.72621, 4.92852, 0.09000, 1.42291, 10.00000, 461277.00000, 89610.00000, 241120.40000, 17197256558.44000, 131138.31080, 0.91102, 0.80685, 0.08077, 0.11238, 0.50000, 0.50000
4.37124, 1.70460, 1.50894, 4.92852, 0.37182, 1.25963, 15.00000, 480648.00000, 76484.00000, 285102.46667, 13413998905.71556, 115818.81931, 0.91102, 0.57970, 0.22901, 0.19128, 0.73333, 0.26667
4.62611, 0.87126, 1.44936, 4.92550, 0.18616, 1.27212, 7.00000, 432623.00000, 97534.00000, 268087.85714, 19321827621.55102, 139002.97702, 0.94766, 0.66353, 0.11910, 0.21738, 0.28571, 0.71429
4.85499, 0.43811, -0.72621, 4.92852, 0.09000, 1.71868, 6.00000, 460357.00000, 112101.00000, 252156.66667, 17931502006.22222, 133908.55838, 0.91102, 1.04077, 0.10419, -0.14496, 0.66667, 0.33333
4.45876, 0.43315, -2.05481, 4.92853, 0.09684, 2.00085, 3.00000, 177828.00000, 52467.00000, 107085.00000, 2749237866.00000, 52433.17524, 0.90081, 1.49537, 0.16379, -0.65917, 1.00000, 0.00000
4.37124, 1.70460, -1.50894, 4.92852, 0.37182, 1.88196, 12.00000, 466627.00000, 42386.00000, 263970.66667, 16339523490.55556, 127826.14557, 0.91102, 0.93889, 0.37091, -0.30980, 1.00000, 0.00000
4.62611, 0.87126, -1.44936, 4.92550, 0.18616, 1.86947, 7.00000, 414957.00000, 76842.00000, 303350.28571, 11204020977.06122, 105849.04807, 0.94766, 1.17386, 0.21070, -0.38457, 0.85714, 0.14286
3.92241, 2.87963, 0.78273, 4.92852, 0.63328, 1.41130, 32.00000, 483352.00000, 47125.00000, 186751.78125, 18772802320.48340, 137013.87638, 0.91102, 0.52439, 0.37383, 0.10178, 1.00000, 0.00000
3.92241, 2.87963, -0.78273, 4.92852, 0.63328, 1.73029, 18.00000, 382851.00000, 39407.00000, 195874.61111, 13043418666.90432, 114207.78724, 0.91102, 0.65841, 0.46938, -0.12779, 0.94444, 0.05556
3.18882, 3.75791, 0.00000, 4.92853, 0.86714, 1.57080, 28.00000, 492010.00000, 36994.00000, 212075.85714, 20186830989.97959, 142080.36807, 0.90081, 0.46930, 0.53070, 0.00000, 0.92857, 0.07143
3.73035, 3.21637, 0.00000, 4.92550, 0.71154, 1.57080, 19.00000, 355722.00000, 26219.00000, 153688.15789, 7874170464.65928, 88736.52272, 0.94766, 0.52918, 0.47082, 0.00000, 1.00000, 0.00000
4.83686, 0.87622, 0.00000, 4.91558, 0.17921, 1.57080, 5.00000, 283288.00000, 163755.00000, 216688.80000, 1870712668.56000, 43251.73602, 1.08598, 0.84303, 0.15697, 0.00000, 1.00000, 0.00000
4.35121, 2.14766, -0.78579, 4.91558, 0.45850, 1.73134, 27.00000, 467537.00000, 55824.00000, 244370.81481, 15561116822.89163, 124744.20557, 1.08598, 0.76051, 0.37301, -0.13352, 0.92593, 0.07407
4.35121, 2.14766, 0.78579, 4.91558, 0.45850, 1.41025, 14.00000, 379230.00000, 40583.00000, 196222.50000, 7965010915.96429, 89246.90984, 1.08598, 0.60022, 0.29439, 0.10538, 0.85714, 0.14286
4.58794, 1.75244, 0.00000, 4.91123, 0.36486, 1.57080, 9.00000, 482846.00000, 132906.00000, 301682.66667, 14375392535.55556, 119897.42506, 1.14286, 0.72361, 0.27639, -0.00000, 0.88889, 0.11111
