-2.75567, 4.02561, 0.70086, 4.92853, 2.17107, 1.42811, 58.00000, 466044.00000, 16253.00000, 126552.77586, 14964544691.72562, 122329.65581, 0.90081, -1.37444, 1.98030, 0.39414, 0.15517, 0.84483
-3.48430, 3.15040, 1.49161, 4.92852, 2.40648, 1.26333, 108.00000, 476062.00000, 8731.00000, 106418.04630, 9056374328.93304, 95164.98478, 0.91102, -2.88604, 2.59457, 1.29147, 0.03704, 0.96296
-2.21782, 3.93313, 1.97536, 4.92852, 2.08423, 1.15840, 102.00000, 462655.00000, 10952.00000, 129073.06863, 13452038579.61294, 115982.92366, 0.91102, -0.60432, 1.05443, 0.54989, 0.13725, 0.86275
-2.85909, 3.75484, 1.40973, 4.92550, 2.22158, 1.28053, 74.00000, 497304.00000, 11107.00000, 111828.31081, 10432587573.64664, 102140.03903, 0.94766, -1.25387, 1.66465, 0.58922, 0.08108, 0.91892
-3.93313, 1.97536, 2.21782, 4.92852, 2.67616, 1.10403, 87.00000, 467984.00000, 14913.00000, 124780.88506, 12173679485.82587, 110334.39847, 0.91102, -10.56672, 5.51065, 6.05607, 0.02299, 0.97701
-4.02561, 0.70086, 2.75567, 4.92853, 2.96922, 0.97747, 51.00000, 449384.00000, 22742.00000, 125724.82353, 10782838448.26298, 103840.44707, 0.90081, 9.35336, -1.86160, -6.49176, 0.00000, 1.00000
-3.15040, 1.49161, 3.48430, 4.92852, 2.69940, 0.78559, 94.00000, 499853.00000, 12676.00000, 122900.00000, 13626342600.10638, 116731.92622, 0.91102, -1.63909, 0.81587, 1.82322, 0.01064, 0.98936
-3.75484, 1.40973, 2.85909, 4.92550, 2.78243, 0.95149, 75.00000, 458146.00000, 13705.00000, 107825.20000, 10899216322.05333, 104399.31188, 0.94766, -9.32863, 3.30198, 7.02665, 0.01333, 0.98667
-1.49161, 3.48430, 3.15040, 4.92852, 1.97528, 0.87732, 107.00000, 494658.00000, 11617.00000, 119197.59813, 11633637136.35252, 107859.33959, 0.91102, -0.30829, 0.68893, 0.61936, 0.07477, 0.92523
-1.97536, 2.21782, 3.93313, 4.92852, 2.29844, 0.64677, 69.00000, 359380.00000, 14878.00000, 93645.68116, 6533946798.04327, 80832.83243, 0.91102, -0.49591, 0.54500, 0.95092, 0.01449, 0.98551
-0.70086, 2.75567, 4.02561, 4.92853, 1.81985, 0.61496, 48.00000, 453702.00000, 16520.00000, 134264.50000, 15685118332.62500, 125240.24246, 0.90081, -0.13313, 0.46424, 0.66888, 0.10417, 0.89583
-1.40973, 2.85909, 3.75484, 4.92550, 2.02888, 0.70390, 73.00000, 436184.00000, 13358.00000, 117990.23288, 11094509785.41152, 105330.47890, 0.94766, -0.25296, 0.53830, 0.71466, 0.06849, 0.93151
-3.47499, 2.68919, 2.20355, 4.91558, 2.48299, 1.10596, 78.00000, 435114.00000, 7425.00000, 103151.60256, 11331262459.49589, 106448.40280, 1.08598, -2.37638, 1.85065, 1.52573, 0.01282, 0.98718
-2.68919, 2.20355, 3.47499, 4.91558, 2.45513, 0.78564, 65.00000, 481104.00000, 16955.00000, 103879.49231, 10093408913.91148, 100465.95898, 1.08598, -0.90211, 0.74373, 1.15838, 0.03077, 0.96923
-2.20355, 3.47499, 2.68919, 4.91558, 2.13592, 0.99193, 81.00000, 405966.00000, 12951.00000, 98334.20988, 7801857587.96830, 88328.12456, 1.08598, -0.56481, 0.87972, 0.68510, 0.07407, 0.92593
-2.83550, 2.83550, 2.83550, 4.91123, 2.35619, 0.95532, 123.00000, 444812.00000, 10033.00000, 95389.62602, 9008729632.25038, 94914.32786, 1.14286, -1.00000, 1.00000, 1.00000, 0.03252, 0.96748
-2.05481, 4.45876, 0.43315, 4.92853, 2.00263, 1.48280, 44.00000, 496669.00000, 19111.00000, 179045.00000, 19344343721.27273, 139083.94487, 0.90081, -0.65917, 1.49537, 0.16379, 0.06818, 0.93182
-1.50894, 4.37124, 1.70460, 4.92852, 1.90319, 1.21764, 71.00000, 496233.00000, 18368.00000, 162426.16901, 15385704669.43622, 124039.12556, 0.91102, -0.30980, 0.93889, 0.37091, 0.21127, 0.78873
-0.72621, 4.85499, 0.43811, 4.92852, 1.71928, 1.48179, 46.00000, 482866.00000, 37501.00000, 199565.73913, 17536077744.58411, 132423.85640, 0.91102, -0.14496, 1.04077, 0.10419, 0.43478, 0.56522
-1.44936, 4.62611, 0.87126, 4.92550, 1.87441, 1.39297, 43.00000, 410748.00000, 24682.00000, 181950.86047, 12582542923.23635, 112171.93465, 0.94766, -0.38457, 1.17386, 0.21070, 0.25581, 0.74419
-0.78273, 3.92241, 2.87963, 4.92852, 1.76776, 0.94680, 75.00000, 458097.00000, 26023.00000, 153981.45333, 14076715706.32782, 118645.33580, 0.91102, -0.12779, 0.65841, 0.46938, 0.26667, 0.73333
0.00000, 3.18882, 3.75791, 4.92853, 1.57080, 0.70366, 40.00000, 383360.00000, 26490.00000, 172113.67500, 9614982578.01937, 98056.01755, 0.90081, -0.00000, 0.46930, 0.53070, 0.37500, 0.62500
0.78273, 3.92241, 2.87963, 4.92852, 1.37383, 0.94680, 53.00000, 498596.00000, 36225.00000, 172701.16981, 14659323744.48060, 121075.69428, 0.91102, 0.10178, 0.52439, 0.37383, 0.43396, 0.56604
0.00000, 3.73035, 3.21637, 4.92550, 1.57080, 0.85925, 39.00000, 474520.00000, 36597.00000, 164799.07692, 14664888318.94280, 121098.67183, 0.94766, -0.00000, 0.52918, 0.47082, 0.41026, 0.58974
0.72621, 4.85499, 0.43811, 4.92852, 1.42232, 1.48179, 44.00000, 489043.00000, 31306.00000, 190623.52273, 15856121455.15858, 125921.09218, 0.91102, 0.11238, 0.80685, 0.08077, 0.63636, 0.36364
1.50894, 4.37124, 1.70460, 4.92852, 1.23841, 1.21764, 53.00000, 485427.00000, 42931.00000, 221905.30189, 16476837481.75792, 128362.13414, 0.91102, 0.19128, 0.57970, 0.22901, 0.77358, 0.22642
2.05481, 4.45876, 0.43315, 4.92853, 1.13896, 1.48280, 37.00000, 484129.00000, 43180.00000, 205741.56757, 13946075314.08327, 118093.50242, 0.90081, 0.28433, 0.64502, 0.07065, 0.78378, 0.21622
1.44936, 4.62611, 0.87126, 4.92550, 1.26718, 1.39297, 33.00000, 427419.00000, 30053.00000, 168491.84848, 12477212470.85583, 111701.44346, 0.94766, 0.21738, 0.66353, 0.11910, 0.81818, 0.18182
-0.78579, 4.35121, 2.14766, 4.91558, 1.74946, 1.11864, 44.00000, 473197.00000, 30179.00000, 195836.75000, 16574245977.86932, 128741.00348, 1.08598, -0.13352, 0.76051, 0.37301, 0.40909, 0.59091
0.78579, 4.35121, 2.14766, 4.91558, 1.39213, 1.11864, 35.00000, 434513.00000, 34326.00000, 162235.62857, 13784335417.66204, 117406.70942, 1.08598, 0.10538, 0.60022, 0.29439, 0.71429, 0.28571
0.00000, 4.83686, 0.87622, 4.91558, 1.57080, 1.39159, 27.00000, 357674.00000, 25137.00000, 167023.62963, 8014413386.82579, 89523.25612, 1.08598, -0.00000, 0.84303, 0.15697, 0.74074, 0.25926
0.00000, 4.58794, 1.75244, 4.91123, 1.57080, 1.20593, 45.00000, 493496.00000, 26862.00000, 186740.28889, 13772011108.73876, 117354.21215, 1.14286, 0.00000, 0.72361, 0.27639, 0.42222, 0.57778
-2.05481, 4.45876, -0.43315, 4.92853, 2.00263, 1.65880, 32.00000, 450679.00000, 24251.00000, 168591.53125, 10888389744.99902, 104347.44724, 0.90081, -0.98030, 2.22389, -0.24359, 0.18750, 0.81250
-0.72621, 4.85499, -0.43811, 4.92852, 1.71928, 1.65981, 32.00000, 436648.00000, 69034.00000, 171026.81250, 11245839880.83984, 106046.40437, 0.91102, -0.18312, 1.31474, -0.13162, 0.50000, 0.50000
-1.50894, 4.37124, -1.70460, 4.92852, 1.90319, 1.92396, 25.00000, 493985.00000, 72803.00000, 237186.48000, 18670508387.12960, 136640.06875, 0.91102, -1.19997, 3.63662, -1.43665, 0.40000, 0.60000
-1.44936, 4.62611, -0.87126, 4.92550, 1.87441, 1.74862, 19.00000, 432056.00000, 50387.00000, 236083.89474, 16712320254.93629, 129276.13954, 0.94766, -0.66465, 2.02881, -0.36416, 0.52632, 0.47368
0.72621, 4.85499, -0.43811, 4.92852, 1.42232, 1.65981, 44.00000, 484483.00000, 33315.00000, 223111.29545, 21298492819.75362, 145940.03159, 0.91102, 0.13403, 0.96230, -0.09634, 0.65909, 0.34091
2.05481, 4.45876, -0.43315, 4.92853, 1.13896, 1.65880, 53.00000, 401290.00000, 34528.00000, 189146.01887, 12826054452.35814, 113252.17195, 0.90081, 0.33112, 0.75116, -0.08228, 0.86792, 0.13208
1.50894, 4.37124, -1.70460, 4.92852, 1.23841, 1.92396, 41.00000, 484061.00000, 38485.00000, 197506.02439, 15249492730.51160, 123488.83646, 0.91102, 0.35294, 1.06961, -0.42255, 0.92683, 0.07317
1.44936, 4.62611, -0.87126, 4.92550, 1.26718, 1.74862, 22.00000, 493701.00000, 29751.00000, 213519.09091, 14802203642.71901, 121664.30718, 0.94766, 0.28534, 0.87099, -0.15634, 0.86364, 0.13636
-0.78273, 3.92241, -2.87963, 4.92852, 1.76776, 2.19479, 13.00000, 497406.00000, 116559.00000, 265376.30769, 14325212567.75148, 119687.98005, 0.91102, -2.08678, 10.75154, -7.66476, 0.46154, 0.53846
0.78273, 3.92241, -2.87963, 4.92852, 1.37383, 2.19479, 12.00000, 425779.00000, 114408.00000, 209090.91667, 10119216096.40972, 100594.31443, 0.91102, 0.40335, 2.07817, -1.48153, 0.83333, 0.16667
0.00000, 3.18882, -3.75791, 4.92853, 1.57080, 2.43793, 9.00000, 482455.00000, 121460.00000, 246378.55556, 12701620677.13580, 112701.46706, 0.90081, -0.00000, -7.64229, 8.64229, 0.33333, 0.66667
0.00000, 3.73035, -3.21637, 4.92550, 1.57080, 2.28234, 8.00000, 419542.00000, 104821.00000, 265021.00000, 12979444482.00000, 113927.36494, 0.94766, 0.00000, 9.06739, -8.06739, 0.75000, 0.25000
0.00000, 4.83686, -0.87622, 4.91558, 1.57080, 1.75001, 28.00000, 497678.00000, 33236.00000, 232483.75000, 20262999547.68750, 142348.16313, 1.08598, 0.00000, 1.22879, -0.22879, 0.57143, 0.42857
0.78579, 4.35121, -2.14766, 4.91558, 1.39213, 2.02296, 15.00000, 410865.00000, 44210.00000, 228274.26667, 12228267941.92889, 110581.49909, 1.08598, 0.25627, 1.45965, -0.71592, 0.66667, 0.33333
-0.78579, 4.35121, -2.14766, 4.91558, 1.74946, 2.02296, 9.00000, 474986.00000, 41984.00000, 260567.77778, 17220923450.17284, 131228.51615, 1.08598, -0.52573, 2.99442, -1.46868, 0.22222, 0.77778
0.00000, 4.58794, -1.75244, 4.91123, 1.57080, 1.93566, 11.00000, 313537.00000, 48856.00000, 203550.36364, 7451907589.86777, 86324.43217, 1.14286, 0.00000, 1.61803, -0.61803, 0.72727, 0.27273
-2.75567, 4.02561, -0.70086, 4.92853, 2.17107, 1.71348, 25.00000, 474908.00000, 64957.00000, 209528.80000, 12395542196.16000, 111335.26933, 0.90081, -6.49176, 9.35336, -1.86160, 0.20000, 0.80000
-2.21782, 3.93313, -1.97536, 4.92852, 2.08423, 1.98319, 17.00000, 379126.00000, 77701.00000, 208764.52941, 9206064985.42561, 95948.24118, 0.91102, 6.05607, -10.56672, 5.51065, 0.23529, 0.76471
-3.48430, 3.15040, -1.49161, 4.92852, 2.40648, 1.87827, 19.00000, 412500.00000, 41797.00000, 197488.84211, 12726387547.29086, 112811.29175, 0.91102, 1.82322, -1.63909, 0.81587, 0.05263, 0.94737
-2.85909, 3.75484, -1.40973, 4.92550, 2.22158, 1.86107, 16.00000, 390028.00000, 52109.00000, 173439.12500, 13858382997.10938, 117721.63351, 0.94766, 7.02665, -9.32863, 3.30198, 0.00000, 1.00000
-1.49161, 3.48430, -3.15040, 4.92852, 1.97528, 2.26428, 6.00000, 460362.00000, 83834.00000, 247935.33333, 18274421120.55556, 135182.91727, 0.91102, 1.29147, -2.88604, 2.59457, 0.33333, 0.66667
-0.70086, 2.75567, -4.02561, 4.92853, 1.81985, 2.52663, 5.00000, 497121.00000, 63808.00000, 242275.40000, 22772522338.64000, 150905.67365, 0.90081, 0.39414, -1.37444, 1.98030, 0.60000, 0.40000
-1.97536, 2.21782, -3.93313, 4.92852, 2.29844, 2.49482, 3.00000, 263889.00000, 140238.00000, 188324.33333, 2925791034.88889, 54090.58176, 0.91102, 0.54989, -0.60432, 1.05443, 0.33333, 0.66667
-1.40973, 2.85909, -3.75484, 4.92550, 2.02888, 2.43770, 5.00000, 436707.00000, 108394.00000, 267655.80000, 16413556636.56000, 128115.40359, 0.94766, 0.58922, -1.25387, 1.66465, 0.20000, 0.80000
-3.93313, 1.97536, -2.21782, 4.92852, 2.67616, 2.03756, 11.00000, 499674.00000, 78958.00000, 254104.27273, 17501506846.56199, 132293.26078, 0.91102, 0.95092, -0.49591, 0.54500, 0.09091, 0.90909
-3.15040, 1.49161, -3.48430, 4.92852, 2.69940, 2.35600, 6.00000, 327989.00000, 65578.00000, 214029.83333, 8741149975.80556, 93494.11733, 0.91102, 0.61936, -0.30829, 0.68893, 0.16667, 0.83333
-4.02561, 0.70086, -2.75567, 4.92853, 2.96922, 2.16413, 1.00000, 325211.00000, 325211.00000, 325211.00000, 0.00000, 0.00000, 0.90081, 0.66888, -0.13313, 0.46424, 0.00000, 1.00000
-3.75484, 1.40973, -2.85909, 4.92550, 2.78243, 2.19010, 6.00000, 487310.00000, 101937.00000, 288094.50000, 20108232933.58333, 141803.50113, 0.94766, 0.71466, -0.25296, 0.53830, 0.00000, 1.00000
-2.20355, 3.47499, -2.68919, 4.91558, 2.13592, 2.14966, 5.00000, 428652.00000, 82704.00000, 243849.60000, 20059835922.64000, 141632.75018, 1.08598, 1.52573, -2.37638, 1.85065, 0.40000, 0.60000
-2.68919, 2.20355, -3.47499, 4.91558, 2.45513, 2.35595, 4.00000, 429948.00000, 176075.00000, 293732.50000, 13140887493.25000, 114633.71011, 1.08598, 0.68510, -0.56481, 0.87972, 1.00000, 0.00000
-3.47499, 2.68919, -2.20355, 4.91558, 2.48299, 2.03563, 14.00000, 480614.00000, 62193.00000, 278748.57143, 19434296924.24490, 139406.94719, 1.08598, 1.15838, -0.90211, 0.74373, 0.35714, 0.64286
-2.83550, 2.83550, -2.83550, 4.91123, 2.35619, 2.18628, 7.00000, 415813.00000, 64207.00000, 254030.28571, 17713451859.91837, 133091.89254, 1.14286, 1.00000, -1.00000, 1.00000, 0.57143, 0.42857
-3.18882, 3.75791, 0.00000, 4.92853, 2.27446, 1.57080, 55.00000, 418630.00000, 23360.00000, 158023.36364, 10571587704.99504, 102818.22652, 0.90081, -7.64229, 8.64229, 0.00000, 0.12727, 0.87273
-3.92241, 2.87963, -0.78273, 4.92852, 2.50831, 1.73029, 32.00000, 420796.00000, 44623.00000, 178089.12500, 9823630545.54688, 99114.22978, 0.91102, 2.07817, -1.48153, 0.40335, 0.00000, 1.00000
-3.92241, 2.87963, 0.78273, 4.92852, 2.50831, 1.41130, 75.00000, 494885.00000, 21633.00000, 115787.29333, 11049848874.34062, 105118.26137, 0.91102, 10.75154, -7.66476, -2.08678, 0.01333, 0.98667
-3.73035, 3.21637, 0.00000, 4.92550, 2.43005, 1.57080, 40.00000, 466006.00000, 32627.00000, 134450.27500, 8294776000.64937, 91075.66086, 0.94766, 9.06739, -8.06739, -0.00000, 0.00000, 1.00000
-4.37124, 1.70460, -1.50894, 4.92852, 2.76977, 1.88196, 17.00000, 415044.00000, 44117.00000, 224910.64706, 10667149171.40484, 103281.89179, 0.91102, 1.06961, -0.42255, 0.35294, 0.05882, 0.94118
-4.45876, 0.43315, -2.05481, 4.92853, 3.04475, 2.00085, 4.00000, 357942.00000, 115126.00000, 216583.50000, 10276843130.25000, 101374.76575, 0.90081, 0.75116, -0.08228, 0.33112, 0.00000, 1.00000
-4.85499, 0.43811, -0.72621, 4.92852, 3.05160, 1.71868, 14.00000, 428056.00000, 48952.00000, 232352.92857, 13477645163.06633, 116093.26063, 0.91102, 0.96230, -0.09634, 0.13403, 0.00000, 1.00000
-4.62611, 0.87126, -1.44936, 4.92550, 2.95544, 1.86947, 10.00000, 499646.00000, 39725.00000, 244434.30000, 29298532310.41000, 171168.14047, 0.94766, 0.87099, -0.15634, 0.28534, 0.00000, 1.00000
-4.37124, 1.70460, 1.50894, 4.92852, 2.76977, 1.25963, 69.00000, 483952.00000, 15495.00000, 123176.85507, 13425172444.06595, 115867.04641, 0.91102, 3.63662, -1.43665, -1.19997, 0.01449, 0.98551
-4.85499, 0.43811, 0.72621, 4.92852, 3.05160, 1.42291, 26.00000, 422292.00000, 29337.00000, 159684.34615, 14625199276.91864, 120934.69013, 0.91102, 1.31474, -0.13162, -0.18312, 0.00000, 1.00000
-4.45876, 0.43315, 2.05481, 4.92853, 3.04475, 1.14074, 40.00000, 384402.00000, 14814.00000, 139442.47500, 8707120613.69938, 93311.95322, 0.90081, 2.22389, -0.24359, -0.98030, 0.02500, 0.97500
-4.62611, 0.87126, 1.44936, 4.92550, 2.95544, 1.27212, 46.00000, 480927.00000, 24802.00000, 144950.93478, 14402210963.66966, 120009.21200, 0.94766, 2.02881, -0.36416, -0.66465, 0.04348, 0.95652
-4.35121, 2.14766, -0.78579, 4.91558, 2.68310, 1.73134, 21.00000, 466797.00000, 19551.00000, 177564.33333, 14444507695.07937, 120185.30565, 1.08598, 1.45965, -0.71592, 0.25627, 0.04762, 0.95238
-4.83686, 0.87622, 0.00000, 4.91558, 2.96238, 1.57080, 16.00000, 488062.00000, 73782.00000, 210231.18750, 20905771937.02734, 144588.28423, 1.08598, 1.22879, -0.22879, -0.00000, 0.00000, 1.00000
-4.35121, 2.14766, 0.78579, 4.91558, 2.68310, 1.41025, 41.00000, 420916.00000, 18588.00000, 153763.87805, 12740997431.22903, 112876.02682, 1.08598, 2.99442, -1.46868, -0.52573, 0.02439, 0.97561
-4.58794, 1.75244, 0.00000, 4.91123, 2.77673, 1.57080, 27.00000, 425310.00000, 31995.00000, 168364.11111, 15064028378.39506, 122735.60355, 1.14286, 1.61803, -0.61803, -0.00000, 0.00000, 1.00000
2.75567, 4.02561, 0.70086, 4.92853, 0.97053, 1.42811, 57.00000, 460798.00000, 27785.00000, 140470.15789, 10243414853.64174, 101209.75671, 0.90081, 0.36663, 0.52824, 0.10514, 0.98246, 0.01754
2.21782, 3.93313, 1.97536, 4.92852, 1.05736, 1.15840, 53.00000, 499170.00000, 25465.00000, 181877.98113, 14577547102.69776, 120737.51324, 0.91102, 0.27362, 0.47741, 0.24897, 0.86792, 0.13208
3.48430, 3.15040, 1.49161, 4.92852, 0.73511, 1.26333, 52.00000, 421143.00000, 14844.00000, 164715.78846, 11389760804.97448, 106722.82232, 0.91102, 0.42617, 0.38313, 0.19070, 0.96154, 0.03846
2.85909, 3.75484, 1.40973, 4.92550, 0.92001, 1.28053, 40.00000, 488960.00000, 37675.00000, 159921.22500, 10414483002.87438, 102051.37433, 0.94766, 0.35746, 0.47456, 0.16798, 0.92500, 0.07500
1.49161, 3.48430, 3.15040, 4.92852, 1.16631, 0.87732, 58.00000, 454528.00000, 26327.00000, 178317.98276, 11391163802.98246, 106729.39522, 0.91102, 0.19070, 0.42617, 0.38313, 0.56897, 0.43103
0.70086, 2.75567, 4.02561, 4.92853, 1.32174, 0.61496, 23.00000, 484095.00000, 48116.00000, 245537.60870, 17307674729.80340, 131558.63609, 0.90081, 0.10514, 0.36663, 0.52824, 0.30435, 0.69565
1.97536, 2.21782, 3.93313, 4.92852, 0.84316, 0.64677, 30.00000, 476527.00000, 84798.00000, 217557.33333, 12670552398.88889, 112563.54827, 0.91102, 0.24897, 0.27362, 0.47741, 0.53333, 0.46667
1.40973, 2.85909, 3.75484, 4.92550, 1.11271, 0.70390, 28.00000, 452782.00000, 40235.00000, 204239.46429, 11866870074.10587, 108935.16454, 0.94766, 0.16798, 0.35746, 0.47456, 0.50000, 0.50000
3.93313, 1.97536, 2.21782, 4.92852, 0.46544, 1.10403, 29.00000, 452429.00000, 41908.00000, 168692.72414, 12284161172.75149, 110833.93511, 0.91102, 0.47741, 0.24897, 0.27362, 1.00000, 0.00000
3.15040, 1.49161, 3.48430, 4.92852, 0.44220, 0.78559, 20.00000, 472786.00000, 71124.00000, 242005.40000, 17176129312.44000, 131057.73275, 0.91102, 0.38313, 0.19070, 0.42617, 0.80000, 0.20000
4.02561, 0.70086, 2.75567, 4.92853, 0.17237, 0.97747, 13.00000, 456611.00000, 94873.00000, 301719.61538, 13013844105.62130, 114078.23677, 0.90081, 0.52824, 0.10514, 0.36663, 0.84615, 0.15385
3.75484, 1.40973, 2.85909, 4.92550, 0.35916, 0.95149, 24.00000, 491170.00000, 35499.00000, 217937.91667, 17705389534.07639, 133061.60052, 0.94766, 0.47456, 0.16798, 0.35746, 0.91667, 0.08333
2.20355, 3.47499, 2.68919, 4.91558, 1.00567, 0.99193, 31.00000, 441576.00000, 51976.00000, 177672.83871, 12715420167.87721, 112762.67187, 1.08598, 0.26522, 0.41309, 0.32170, 0.80645, 0.19355
2.68919, 2.20355, 3.47499, 4.91558, 0.68646, 0.78564, 20.00000, 484075.00000, 57373.00000, 212817.55000, 16415484666.54750, 128122.92795, 1.08598, 0.32170, 0.26522, 0.41309, 0.90000, 0.10000
3.47499, 2.68919, 2.20355, 4.91558, 0.65860, 1.10596, 30.00000, 462315.00000, 44130.00000, 202281.66667, 17516691552.02222, 132350.63865, 1.08598, 0.41309, 0.32170, 0.26522, 0.90000, 0.10000
2.83550, 2.83550, 2.83550, 4.91123, 0.78540, 0.95532, 37.00000, 495549.00000, 28525.00000, 218843.81081, 16411011418.63989, 128105.46990, 1.14286, 0.33333, 0.33333, 0.33333, 0.78378, 0.21622
-0.43315, 2.05481, 4.45876, 4.92853, 1.77855, 0.44016, 38.00000, 488715.00000, 37203.00000, 165407.63158, 12149032315.96953, 110222.64883, 0.90081, -0.08228, 0.33112, 0.75116, 0.10526, 0.89474
-1.70460, 1.50894, 4.37124, 4.92852, 2.41700, 0.48015, 48.00000, 495052.00000, 14279.00000, 148900.87500, 14928414206.06771, 122181.88984, 0.91102, -0.42255, 0.35294, 1.06961, 0.14583, 0.85417
-0.43811, 0.72621, 4.85499, 4.92852, 2.11363, 0.17295, 27.00000, 481254.00000, 44457.00000, 196931.37037, 9590218499.27024, 97929.66098, 0.91102, -0.09634, 0.13403, 0.96230, 0.14815, 0.85185
-0.87126, 1.44936, 4.62611, 4.92550, 2.11205, 0.35046, 40.00000, 476111.00000, 24804.00000, 170674.10000, 12541789026.44000, 111990.12915, 0.94766, -0.15634, 0.28534, 0.87099, 0.10000, 0.90000
-2.87963, 0.78273, 3.92241, 4.92852, 2.87619, 0.65037, 51.00000, 483637.00000, 14770.00000, 133891.37255, 11365131393.25336, 106607.37026, 0.91102, -1.48153, 0.40335, 2.07817, 0.01961, 0.98039
-3.75791, 0.00000, 3.18882, 4.92853, 3.14159, 0.86714, 33.00000, 365958.00000, 34866.00000, 128944.00000, 8778371785.09091, 93692.96550, 0.90081, 8.64229, -0.00000, -7.64229, 0.03030, 0.96970
-2.87963, -0.78273, 3.92241, 4.92852, -2.87619, 0.65037, 14.00000, 413151.00000, 36518.00000, 192707.28571, 15915820737.06122, 126157.91983, 0.91102, -7.66476, -2.08678, 10.75154, 0.00000, 1.00000
-3.21637, 0.00000, 3.73035, 4.92550, 3.14159, 0.71154, 41.00000, 492500.00000, 35739.00000, 182938.00000, 15101889288.39024, 122889.74444, 0.94766, -8.06739, 0.00000, 9.06739, 0.00000, 1.00000
-0.43811, -0.72621, 4.85499, 4.92852, -2.11363, 0.17295, 20.00000, 443041.00000, 80682.00000, 246072.85000, 12909032091.62750, 113617.92152, 0.91102, -0.13162, -0.18312, 1.31474, 0.25000, 0.75000
-1.70460, -1.50894, 4.37124, 4.92852, -2.41700, 0.48015, 20.00000, 418426.00000, 43184.00000, 203553.00000, 12569398709.80000, 112113.32976, 0.91102, -1.43665, -1.19997, 3.63662, 0.00000, 1.00000
-0.43315, -2.05481, 4.45876, 4.92853, -1.77855, 0.44016, 6.00000, 449885.00000, 68233.00000, 222404.00000, 17629892408.66667, 132777.60507, 0.90081, -0.24359, -0.98030, 2.22389, 0.33333, 0.66667
-0.87126, -1.44936, 4.62611, 4.92550, -2.11205, 0.35046, 11.00000, 353564.00000, 88511.00000, 188347.63636, 8671233743.50413, 93119.45953, 0.94766, -0.36416, -0.66465, 2.02881, 0.00000, 1.00000
-2.14766, 0.78579, 4.35121, 4.91558, 2.79084, 0.48390, 42.00000, 475099.00000, 20438.00000, 147821.80952, 12287731093.10658, 110850.03876, 1.08598, -0.71592, 0.25627, 1.45965, 0.07143, 0.92857
-2.14766, -0.78579, 4.35121, 4.91558, -2.79084, 0.48390, 20.00000, 440528.00000, 21809.00000, 182614.40000, 12282266798.94000, 110825.38878, 1.08598, -1.46868, -0.52573, 2.99442, 0.20000, 0.80000
-0.87622, 0.00000, 4.83686, 4.91558, 3.14159, 0.17921, 18.00000, 438369.00000, 38161.00000, 228707.44444, 9976944565.69136, 99884.65631, 1.08598, -0.22879, 0.00000, 1.22879, 0.05556, 0.94444
-1.75244, 0.00000, 4.58794, 4.91123, 3.14159, 0.36486, 18.00000, 432287.00000, 36763.00000, 136112.38889, 11463817233.23765, 107069.21702, 1.14286, -0.61803, 0.00000, 1.61803, 0.11111, 0.88889
-4.45876, -0.43315, 2.05481, 4.92853, -3.04475, 1.14074, 23.00000, 312803.00000, 38318.00000, 169533.86957, 7428229476.63516, 86187.17698, 0.90081, 1.49537, 0.16379, -0.65917, 0.00000, 1.00000
-4.85499, -0.43811, 0.72621, 4.92852, -3.05160, 1.42291, 17.00000, 476816.00000, 35080.00000, 170655.52941, 16401658698.83737, 128068.96072, 0.91102, 1.04077, 0.10419, -0.14496, 0.05882, 0.94118
-4.37124, -1.70460, 1.50894, 4.92852, -2.76977, 1.25963, 16.00000, 451440.00000, 73886.00000, 224110.31250, 12875452277.58984, 113470.05013, 0.91102, 0.93889, 0.37091, -0.30980, 0.00000, 1.00000
-4.62611, -0.87126, 1.44936, 4.92550, -2.95544, 1.27212, 11.00000, 303407.00000, 30069.00000, 159550.09091, 6735909897.17355, 82072.58920, 0.94766, 1.17386, 0.21070, -0.38457, 0.00000, 1.00000
-4.85499, -0.43811, -0.72621, 4.92852, -3.05160, 1.71868, 13.00000, 430182.00000, 68778.00000, 246610.84615, 13217223540.89941, 114966.18434, 0.91102, 0.80685, 0.08077, 0.11238, 0.00000, 1.00000
-4.45876, -0.43315, -2.05481, 4.92853, -3.04475, 2.00085, 9.00000, 391480.00000, 116228.00000, 233111.00000, 11807676942.22222, 108663.13516, 0.90081, 0.64502, 0.07065, 0.28433, 0.00000, 1.00000
-4.37124, -1.70460, -1.50894, 4.92852, -2.76977, 1.88196, 6.00000, 472675.00000, 154366.00000, 282653.83333, 14199119926.13889, 119160.06011, 0.91102, 0.57970, 0.22901, 0.19128, 0.16667, 0.83333
-4.62611, -0.87126, -1.44936, 4.92550, -2.95544, 1.86947, 2.00000, 141528.00000, 74772.00000, 108150.00000, 1114090884.00000, 33378.00000, 0.94766, 0.66353, 0.11910, 0.21738, 0.00000, 1.00000
-3.92241, -2.87963, 0.78273, 4.92852, -2.50831, 1.41130, 3.00000, 476770.00000, 184536.00000, 356989.66667, 15620691814.88889, 124982.76607, 0.91102, 0.65841, 0.46938, -0.12779, 0.33333, 0.66667
-3.92241, -2.87963, -0.78273, 4.92852, -2.50831, 1.73029, 2.00000, 429184.00000, 293045.00000, 361114.50000, 4633456830.25000, 68069.50000, 0.91102, 0.52439, 0.37383, 0.10178, 0.00000, 1.00000
-3.18882, -3.75791, 0.00000, 4.92853, -2.27446, 1.57080, 2.00000, 234813.00000, 227076.00000, 230944.50000, 14965292.25000, 3868.50000, 0.90081, 0.46930, 0.53070, 0.00000, 0.00000, 1.00000
-3.73035, -3.21637, 0.00000, 4.92550, -2.43005, 1.57080, 1.00000, 75945.00000, 75945.00000, 75945.00000, 0.00000, 0.00000, 0.94766, 0.52918, 0.47082, -0.00000, 0.00000, 1.00000
-4.83686, -0.87622, 0.00000, 4.91558, -2.96238, 1.57080, 4.00000, 496966.00000, 109370.00000, 323351.75000, 22848569486.18750, 151157.43279, 1.08598, 0.84303, 0.15697, -0.00000, 0.00000, 1.00000
-4.35121, -2.14766, -0.78579, 4.91558, -2.68310, 1.73134, 2.00000, 199822.00000, 88166.00000, 143994.00000, 3116765584.00000, 55828.00000, 1.08598, 0.60022, 0.29439, 0.10538, 0.00000, 1.00000
-4.35121, -2.14766, 0.78579, 4.91558, -2.68310, 1.41025, 6.00000, 478500.00000, 56296.00000, 277391.83333, 27636384296.13889, 166241.94506, 1.08598, 0.76051, 0.37301, -0.13352, 0.00000, 1.00000
-4.58794, -1.75244, 0.00000, 4.91123, -2.77673, 1.57080, 11.00000, 437792.00000, 85191.00000, 238244.72727, 12886215008.19835, 113517.46565, 1.14286, 0.72361, 0.27639, -0.00000, 0.00000, 1.00000
-3.75791, 0.00000, -3.18882, 4.92853, 3.14159, 2.27446, 3.00000, 287241.00000, 102277.00000, 182723.33333, 5991661426.88889, 77405.82295, 0.90081, 0.53070, -0.00000, 0.46930, 0.00000, 1.00000
-2.87963, 0.78273, -3.92241, 4.92852, 2.87619, 2.49122, 5.00000, 419626.00000, 187326.00000, 310146.80000, 7833625834.16000, 88507.77273, 0.91102, 0.46938, -0.12779, 0.65841, 0.20000, 0.80000
-2.87963, -0.78273, -3.92241, 4.92852, -2.87619, 2.49122, 4.00000, 365008.00000, 125324.00000, 264668.50000, 7943384788.25000, 89125.66852, 0.91102, 0.37383, 0.10178, 0.52439, 0.00000, 1.00000
-3.21637, 0.00000, -3.73035, 4.92550, 3.14159, 2.43005, 2.00000, 343383.00000, 119241.00000, 231312.00000, 12559909041.00000, 112071.00000, 0.94766, 0.47082, 0.00000, 0.52918, 0.00000, 1.00000
-1.70460, 1.50894, -4.37124, 4.92852, 2.41700, 2.66145, 8.00000, 400044.00000, 71583.00000, 243544.50000, 8740385865.50000, 93490.03083, 0.91102, 0.37091, -0.30980, 0.93889, 0.12500, 0.87500
-0.43315, 2.05481, -4.45876, 4.92853, 1.77855, 2.70143, 2.00000, 466028.00000, 371979.00000, 419003.50000, 2211303600.25000, 47024.50000, 0.90081, 0.16379, -0.65917, 1.49537, 1.00000, 0.00000
-0.43811, 0.72621, -4.85499, 4.92852, 2.11363, 2.96865, 0.00000, 0.00000, 0.00000, 0.00000, 0.00000, 0.00000, 0.91102, 0.10419, -0.14496, 1.04077, 0.00000, 0.00000
-0.87126, 1.44936, -4.62611, 4.92550, 2.11205, 2.79113, 1.00000, 138059.00000, 138059.00000, 138059.00000, 0.00000, 0.00000, 0.94766, 0.21070, -0.38457, 1.17386, 0.00000, 1.00000
-1.70460, -1.50894, -4.37124, 4.92852, -2.41700, 2.66145, 1.00000, 486949.00000, 486949.00000, 486949.00000, 0.00000, 0.00000, 0.91102, 0.22901, 0.19128, 0.57970, 0.00000, 1.00000
-0.43811, -0.72621, -4.85499, 4.92852, -2.11363, 2.96865, 2.00000, 264819.00000, 260739.00000, 262779.00000, 4161600.00000, 2040.00000, 0.91102, 0.08077, 0.11238, 0.80685, 0.50000, 0.50000
-0.43315, -2.05481, -4.45876, 4.92853, -1.77855, 2.70143, 0.00000, 0.00000, 0.00000, 0.00000, 0.00000, 0.00000, 0.90081, 0.07065, 0.28433, 0.64502, 0.00000, 0.00000
-0.87126, -1.44936, -4.62611, 4.92550, -2.11205, 2.79113, 2.00000, 495888.00000, 331518.00000, 413703.00000, 6754374225.00000, 82185.00000, 0.94766, 0.11910, 0.21738, 0.66353, 0.00000, 1.00000
-2.14766, 0.78579, -4.35121, 4.91558, 2.79084, 2.65769, 1.00000, 463027.00000, 463027.00000, 463027.00000, 0.00000, 0.00000, 1.08598, 0.37301, -0.13352, 0.76051, 1.00000, 0.00000
-0.87622, 0.00000, -4.83686, 4.91558, 3.14159, 2.96238, 0.00000, 0.00000, 0.00000, 0.00000, 0.00000, 0.00000, 1.08598, 0.15697, 0.00000, 0.84303, 0.00000, 0.00000
-2.14766, -0.78579, -4.35121, 4.91558, -2.79084, 2.65769, 2.00000, 382166.00000, 368555.00000, 375360.50000, 46314830.25000, 6805.50000, 1.08598, 0.29439, 0.10538, 0.60022, 0.50000, 0.50000
-1.75244, 0.00000, -4.58794, 4.91123, 3.14159, 2.77673, 1.00000, 491339.00000, 491339.00000, 491339.00000, 0.00000, 0.00000, 1.14286, 0.27639, 0.00000, 0.72361, 1.00000, 0.00000
0.70086, 2.75567, -4.02561, 4.92853, 1.32174, 2.52663, 7.00000, 411352.00000, 149091.00000, 280221.85714, 6306829346.69388, 79415.54852, 0.90081, -1.86160, -6.49176, 9.35336, 0.85714, 0.14286
1.49161, 3.48430, -3.15040, 4.92852, 1.16631, 2.26428, 17.00000, 440629.00000, 65274.00000, 271976.82353, 13665534070.85121, 116899.67524, 0.91102, 0.81587, 1.82322, -1.63909, 0.70588, 0.29412
1.97536, 2.21782, -3.93313, 4.92852, 0.84316, 2.49482, 5.00000, 329193.00000, 84958.00000, 190099.40000, 7863603913.84000, 88676.96383, 0.91102, 5.51065, 6.05607, -10.56672, 0.80000, 0.20000
1.40973, 2.85909, -3.75484, 4.92550, 1.11271, 2.43770, 7.00000, 418886.00000, 45399.00000, 240065.42857, 17567518581.38776, 132542.51613, 0.94766, 3.30198, 7.02665, -9.32863, 1.00000, 0.00000
2.21782, 3.93313, -1.97536, 4.92852, 1.05736, 1.98319, 35.00000, 477057.00000, 29200.00000, 164921.08571, 10045504774.59265, 100227.26562, 0.91102, 0.54500, 0.95092, -0.49591, 0.91429, 0.08571
2.75567, 4.02561, -0.70086, 4.92853, 0.97053, 1.71348, 36.00000, 464798.00000, 49907.00000, 192988.52778, 13812819497.52701, 117527.95198, 0.90081, 0.46424, 0.66888, -0.13313, 0.94444, 0.05556
3.48430, 3.15040, -1.49161, 4.92852, 0.73511, 1.87827, 16.00000, 477296.00000, 47248.00000, 190897.56250, 14487298297.99609, 120363.19329, 0.91102, 0.68893, 0.61936, -0.30829, 0.81250, 0.18750
2.85909, 3.75484, -1.40973, 4.92550, 0.92001, 1.86107, 17.00000, 431439.00000, 50915.00000, 170325.41176, 14078880624.83045, 118654.45893, 0.94766, 0.53830, 0.71466, -0.25296, 1.00000, 0.00000
3.15040, 1.49161, -3.48430, 4.92852, 0.44220, 2.35600, 12.00000, 496713.00000, 133747.00000, 334427.50000, 15742052949.41667, 125467.33818, 0.91102, 2.59457, 1.29147, -2.88604, 0.91667, 0.08333
3.93313, 1.97536, -2.21782, 4.92852, 0.46544, 2.03756, 24.00000, 488955.00000, 57297.00000, 256055.62500, 16418728045.81771, 128135.58462, 0.91102, 1.05443, 0.54989, -0.60432, 1.00000, 0.00000
4.02561, 0.70086, -2.75567, 4.92853, 0.17237, 2.16413, 1.00000, 350459.00000, 350459.00000, 350459.00000, 0.00000, 0.00000, 0.90081, 1.98030, 0.39414, -1.37444, 1.00000, 0.00000
3.75484, 1.40973, -2.85909, 4.92550, 0.35916, 2.19010, 10.00000, 344452.00000, 81545.00000, 220208.00000, 6331091289.00000, 79568.15499, 0.94766, 1.66465, 0.58922, -1.25387, 0.90000, 0.10000
2.20355, 3.47499, -2.68919, 4.91558, 1.00567, 2.14966, 14.00000, 488160.00000, 64262.00000, 235265.50000, 17101882964.82143, 130774.16780, 1.08598, 0.74373, 1.15838, -0.90211, 0.92857, 0.07143
3.47499, 2.68919, -2.20355, 4.91558, 0.65860, 2.03563, 19.00000, 490758.00000, 43793.00000, 205256.42105, 19443388864.87535, 139439.55273, 1.08598, 0.87972, 0.68510, -0.56481, 1.00000, 0.00000
2.68919, 2.20355, -3.47499, 4.91558, 0.68646, 2.35595, 6.00000, 447451.00000, 70731.00000, 236178.83333, 12597889408.47222, 112240.31989, 1.08598, 1.85065, 1.52573, -2.37638, 1.00000, 0.00000
2.83550, 2.83550, -2.83550, 4.91123, 0.78540, 2.18628, 11.00000, 305767.00000, 122618.00000, 219047.45455, 4178005296.79339, 64637.49142, 1.14286, 1.00000, 1.00000, -1.00000, 0.90909, 0.09091
2.75567, -4.02561, 0.70086, 4.92853, -0.97053, 1.42811, 2.00000, 424857.00000, 333603.00000, 379230.00000, 2081823129.00000, 45627.00000, 0.90081, -6.49176, 9.35336, -1.86160, 1.00000, 0.00000
3.48430, -3.15040, 1.49161, 4.92852, -0.73511, 1.26333, 2.00000, 316386.00000, 223007.00000, 269696.50000, 2179909410.25000, 46689.50000, 0.91102, 1.82322, -1.63909, 0.81587, 1.00000, 0.00000
2.21782, -3.93313, 1.97536, 4.92852, -1.05736, 1.15840, 1.00000, 474037.00000, 474037.00000, 474037.00000, 0.00000, 0.00000, 0.91102, 6.05607, -10.56672, 5.51065, 0.00000, 1.00000
2.85909, -3.75484, 1.40973, 4.92550, -0.92001, 1.28053, 1.00000, 440814.00000, 440814.00000, 440814.00000, 0.00000, 0.00000, 0.94766, 7.02665, -9.32863, 3.30198, 1.00000, 0.00000
3.93313, -1.97536, 2.21782, 4.92852, -0.46544, 1.10403, 4.00000, 301862.00000, 176462.00000, 236522.25000, 1972958145.18750, 44417.99348, 0.91102, 0.95092, -0.49591, 0.54500, 0.50000, 0.50000
4.02561, -0.70086, 2.75567, 4.92853, -0.17237, 0.97747, 8.00000, 442298.00000, 171286.00000, 298101.87500, 10009944243.35938, 100049.70886, 0.90081, 0.66888, -0.13313, 0.46424, 0.87500, 0.12500
3.15040, -1.49161, 3.48430, 4.92852, -0.44220, 0.78559, 8.00000, 493488.00000, 94701.00000, 342537.62500, 23987338445.23438, 154878.46346, 0.91102, 0.61936, -0.30829, 0.68893, 0.75000, 0.25000
3.75484, -1.40973, 2.85909, 4.92550, -0.35916, 0.95149, 3.00000, 440536.00000, 117166.00000, 269535.66667, 17601577020.22223, 132670.93510, 0.94766, 0.71466, -0.25296, 0.53830, 0.66667, 0.33333
1.49161, -3.48430, 3.15040, 4.92852, -1.16631, 0.87732, 1.00000, 374782.00000, 374782.00000, 374782.00000, 0.00000, 0.00000, 0.91102, 1.29147, -2.88604, 2.59457, 0.00000, 1.00000
1.97536, -2.21782, 3.93313, 4.92852, -0.84316, 0.64677, 5.00000, 475911.00000, 203193.00000, 317467.00000, 10481454132.80000, 102378.97310, 0.91102, 0.54989, -0.60432, 1.05443, 0.80000, 0.20000
0.70086, -2.75567, 4.02561, 4.92853, -1.32174, 0.61496, 4.00000, 405301.00000, 150270.00000, 290502.00000, 8291845195.50000, 91059.56949, 0.90081, 0.39414, -1.37444, 1.98030, 0.50000, 0.50000
1.40973, -2.85909, 3.75484, 4.92550, -1.11271, 0.70390, 2.00000, 414667.00000, 142737.00000, 278702.00000, 18486481225.00000, 135965.00000, 0.94766, 0.58922, -1.25387, 1.66465, 0.50000, 0.50000
3.47499, -2.68919, 2.20355, 4.91558, -0.65860, 1.10596, 3.00000, 406816.00000, 169594.00000, 302253.66667, 9773776284.22222, 98862.41088, 1.08598, 1.15838, -0.90211, 0.74373, 1.00000, 0.00000
2.68919, -2.20355, 3.47499, 4.91558, -0.68646, 0.78564, 2.00000, 435767.00000, 340573.00000, 388170.00000, 2265474409.00000, 47597.00000, 1.08598, 0.68510, -0.56481, 0.87972, 1.00000, 0.00000
2.20355, -3.47499, 2.68919, 4.91558, -1.00567, 0.99193, 0.00000, 0.00000, 0.00000, 0.00000, 0.00000, 0.00000, 1.08598, 1.52573, -2.37638, 1.85065, 0.00000, 0.00000
2.83550, -2.83550, 2.83550, 4.91123, -0.78540, 0.95532, 5.00000, 441079.00000, 248787.00000, 335458.00000, 5442530240.80000, 73773.50636, 1.14286, 1.00000, -1.00000, 1.00000, 0.20000, 0.80000
2.05481, -4.45876, 0.43315, 4.92853, -1.13896, 1.48280, 1.00000, 394087.00000, 394087.00000, 394087.00000, 0.00000, 0.00000, 0.90081, -0.98030, 2.22389, -0.24359, 1.00000, 0.00000
1.50894, -4.37124, 1.70460, 4.92852, -1.23841, 1.21764, 2.00000, 381707.00000, 341384.00000, 361545.50000, 406486082.25000, 20161.50000, 0.91102, -1.19997, 3.63662, -1.43665, 0.50000, 0.50000
0.72621, -4.85499, 0.43811, 4.92852, -1.42232, 1.48179, 0.00000, 0.00000, 0.00000, 0.00000, 0.00000, 0.00000, 0.91102, -0.18312, 1.31474, -0.13162, 0.00000, 0.00000
1.44936, -4.62611, 0.87126, 4.92550, -1.26718, 1.39297, 0.00000, 0.00000, 0.00000, 0.00000, 0.00000, 0.00000, 0.94766, -0.66465, 2.02881, -0.36416, 0.00000, 0.00000
0.78273, -3.92241, 2.87963, 4.92852, -1.37383, 0.94680, 1.00000, 325608.00000, 325608.00000, 325608.00000, 0.00000, 0.00000, 0.91102, -2.08678, 10.75154, -7.66476, 1.00000, 0.00000
0.00000, -3.18882, 3.75791, 4.92853, -1.57080, 0.70366, 2.00000, 205737.00000, 125186.00000, 165461.50000, 1622115900.25000, 40275.50000, 0.90081, 0.00000, -7.64229, 8.64229, 0.00000, 1.00000
-0.78273, -3.92241, 2.87963, 4.92852, -1.76776, 0.94680, 1.00000, 158173.00000, 158173.00000, 158173.00000, 0.00000, 0.00000, 0.91102, 0.40335, 2.07817, -1.48153, 0.00000, 1.00000
0.00000, -3.73035, 3.21637, 4.92550, -1.57080, 0.85925, 2.00000, 404091.00000, 274883.00000, 339487.00000, 4173676816.00000, 64604.00000, 0.94766, -0.00000, 9.06739, -8.06739, 0.50000, 0.50000
-0.72621, -4.85499, 0.43811, 4.92852, -1.71928, 1.48179, 1.00000, 385277.00000, 385277.00000, 385277.00000, 0.00000, 0.00000, 0.91102, 0.13403, 0.96230, -0.09634, 0.00000, 1.00000
-1.50894, -4.37124, 1.70460, 4.92852, -1.90319, 1.21764, 2.00000, 456115.00000, 426332.00000, 441223.50000, 221756772.25000, 14891.50000, 0.91102, 0.35294, 1.06961, -0.42255, 0.50000, 0.50000
-2.05481, -4.45876, 0.43315, 4.92853, -2.00263, 1.48280, 1.00000, 172029.00000, 172029.00000, 172029.00000, 0.00000, 0.00000, 0.90081, 0.33112, 0.75116, -0.08228, 0.00000, 1.00000
-1.44936, -4.62611, 0.87126, 4.92550, -1.87441, 1.39297, 0.00000, 0.00000, 0.00000, 0.00000, 0.00000, 0.00000, 0.94766, 0.28534, 0.87099, -0.15634, 0.00000, 0.00000
0.78579, -4.35121, 2.14766, 4.91558, -1.39213, 1.11864, 0.00000, 0.00000, 0.00000, 0.00000, 0.00000, 0.00000, 1.08598, -0.52573, 2.99442, -1.46868, 0.00000, 0.00000
-0.78579, -4.35121, 2.14766, 4.91558, -1.74946, 1.11864, 4.00000, 429638.00000, 73171.00000, 334718.50000, 22832369185.25000, 151103.83577, 1.08598, 0.25627, 1.45965, -0.71592, 0.25000, 0.75000
0.00000, -4.83686, 0.87622, 4.91558, -1.57080, 1.39159, 1.00000, 129325.00000, 129325.00000, 129325.00000, 0.00000, 0.00000, 1.08598, -0.00000, 1.22879, -0.22879, 0.00000, 1.00000
0.00000, -4.58794, 1.75244, 4.91123, -1.57080, 1.20593, 2.00000, 297349.00000, 197471.00000, 247410.00000, 2493903721.00000, 49939.00000, 1.14286, -0.00000, 1.61803, -0.61803, 0.00000, 1.00000
2.05481, -4.45876, -0.43315, 4.92853, -1.13896, 1.65880, 0.00000, 0.00000, 0.00000, 0.00000, 0.00000, 0.00000, 0.90081, -0.65917, 1.49537, 0.16379, 0.00000, 0.00000
0.72621, -4.85499, -0.43811, 4.92852, -1.42232, 1.65981, 0.00000, 0.00000, 0.00000, 0.00000, 0.00000, 0.00000, 0.91102, -0.14496, 1.04077, 0.10419, 0.00000, 0.00000
1.50894, -4.37124, -1.70460, 4.92852, -1.23841, 1.92396, 0.00000, 0.00000, 0.00000, 0.00000, 0.00000, 0.00000, 0.91102, -0.30980, 0.93889, 0.37091, 0.00000, 0.00000
1.44936, -4.62611, -0.87126, 4.92550, -1.26718, 1.74862, 0.00000, 0.00000, 0.00000, 0.00000, 0.00000, 0.00000, 0.94766, -0.38457, 1.17386, 0.21070, 0.00000, 0.00000
-0.72621, -4.85499, -0.43811, 4.92852, -1.71928, 1.65981, 1.00000, 466601.00000, 466601.00000, 466601.00000, 0.00000, 0.00000, 0.91102, 0.11238, 0.80685, 0.08077, 1.00000, 0.00000
-2.05481, -4.45876, -0.43315, 4.92853, -2.00263, 1.65880, 2.00000, 448596.00000, 412738.00000, 430667.00000, 321449041.00000, 17929.00000, 0.90081, 0.28433, 0.64502, 0.07065, 0.00000, 1.00000
-1.50894, -4.37124, -1.70460, 4.92852, -1.90319, 1.92396, 0.00000, 0.00000, 0.00000, 0.00000, 0.00000, 0.00000, 0.91102, 0.19128, 0.57970, 0.22901, 0.00000, 0.00000
-1.44936, -4.62611, -0.87126, 4.92550, -1.87441, 1.74862, 0.00000, 0.00000, 0.00000, 0.00000, 0.00000, 0.00000, 0.94766, 0.21738, 0.66353, 0.11910, 0.00000, 0.00000
0.78273, -3.92241, -2.87963, 4.92852, -1.37383, 2.19479, 1.00000, 471500.00000, 471500.00000, 471500.00000, 0.00000, 0.00000, 0.91102, -0.12779, 0.65841, 0.46938, 1.00000, 0.00000
-0.78273, -3.92241, -2.87963, 4.92852, -1.76776, 2.19479, 0.00000, 0.00000, 0.00000, 0.00000, 0.00000, 0.00000, 0.91102, 0.10178, 0.52439, 0.37383, 0.00000, 0.00000
0.00000, -3.18882, -3.75791, 4.92853, -1.57080, 2.43793, 1.00000, 151986.00000, 151986.00000, 151986.00000, 0.00000, 0.00000, 0.90081, 0.00000, 0.46930, 0.53070, 0.00000, 1.00000
0.00000, -3.73035, -3.21637, 4.92550, -1.57080, 2.28234, 0.00000, 0.00000, 0.00000, 0.00000, 0.00000, 0.00000, 0.94766, -0.00000, 0.52918, 0.47082, 0.00000, 0.00000
0.00000, -4.83686, -0.87622, 4.91558, -1.57080, 1.75001, 0.00000, 0.00000, 0.00000, 0.00000, 0.00000, 0.00000, 1.08598, -0.00000, 0.84303, 0.15697, 0.00000, 0.00000
-0.78579, -4.35121, -2.14766, 4.91558, -1.74946, 2.02296, 0.00000, 0.00000, 0.00000, 0.00000, 0.00000, 0.00000, 1.08598, 0.10538, 0.60022, 0.29439, 0.00000, 0.00000
0.78579, -4.35121, -2.14766, 4.91558, -1.39213, 2.02296, 0.00000, 0.00000, 0.00000, 0.00000, 0.00000, 0.00000, 1.08598, -0.13352, 0.76051, 0.37301, 0.00000, 0.00000
0.00000, -4.58794, -1.75244, 4.91123, -1.57080, 1.93566, 0.00000, 0.00000, 0.00000, 0.00000, 0.00000, 0.00000, 1.14286, -0.00000, 0.72361, 0.27639, 0.00000, 0.00000
2.75567, -4.02561, -0.70086, 4.92853, -0.97053, 1.71348, 0.00000, 0.00000, 0.00000, 0.00000, 0.00000, 0.00000, 0.90081, -1.37444, 1.98030, 0.39414, 0.00000, 0.00000
2.21782, -3.93313, -1.97536, 4.92852, -1.05736, 1.98319, 0.00000, 0.00000, 0.00000, 0.00000, 0.00000, 0.00000, 0.91102, -0.60432, 1.05443, 0.54989, 0.00000, 0.00000
3.48430, -3.15040, -1.49161, 4.92852, -0.73511, 1.87827, 0.00000, 0.00000, 0.00000, 0.00000, 0.00000, 0.00000, 0.91102, -2.88604, 2.59457, 1.29147, 0.00000, 0.00000
2.85909, -3.75484, -1.40973, 4.92550, -0.92001, 1.86107, 2.00000, 287066.00000, 268692.00000, 277879.00000, 84400969.00000, 9187.00000, 0.94766, -1.25387, 1.66465, 0.58922, 1.00000, 0.00000
1.49161, -3.48430, -3.15040, 4.92852, -1.16631, 2.26428, 1.00000, 355085.00000, 355085.00000, 355085.00000, 0.00000, 0.00000, 0.91102, -0.30829, 0.68893, 0.61936, 1.00000, 0.00000
0.70086, -2.75567, -4.02561, 4.92853, -1.32174, 2.52663, 1.00000, 259990.00000, 259990.00000, 259990.00000, 0.00000, 0.00000, 0.90081, -0.13313, 0.46424, 0.66888, 1.00000, 0.00000
1.97536, -2.21782, -3.93313, 4.92852, -0.84316, 2.49482, 1.00000, 295475.00000, 295475.00000, 295475.00000, 0.00000, 0.00000, 0.91102, -0.49591, 0.54500, 0.95092, 1.00000, 0.00000
1.40973, -2.85909, -3.75484, 4.92550, -1.11271, 2.43770, 0.00000, 0.00000, 0.00000, 0.00000, 0.00000, 0.00000, 0.94766, -0.25296, 0.53830, 0.71466, 0.00000, 0.00000
3.93313, -1.97536, -2.21782, 4.92852, -0.46544, 2.03756, 1.00000, 212996.00000, 212996.00000, 212996.00000, 0.00000, 0.00000, 0.91102, -10.56672, 5.51065, 6.05607, 1.00000, 0.00000
3.15040, -1.49161, -3.48430, 4.92852, -0.44220, 2.35600, 4.00000, 493677.00000, 309381.00000, 400829.75000, 7717518728.68750, 87849.40938, 0.91102, -1.63909, 0.81587, 1.82322, 1.00000, 0.00000
4.02561, -0.70086, -2.75567, 4.92853, -0.17237, 2.16413, 2.00000, 243630.00000, 136719.00000, 190174.50000, 2857490480.25000, 53455.50000, 0.90081, 9.35336, -1.86160, -6.49176, 1.00000, 0.00000
3.75484, -1.40973, -2.85909, 4.92550, -0.35916, 2.19010, 2.00000, 242370.00000, 227173.00000, 234771.50000, 57737202.25000, 7598.50000, 0.94766, -9.32863, 3.30198, 7.02665, 1.00000, 0.00000
2.20355, -3.47499, -2.68919, 4.91558, -1.00567, 2.14966, 0.00000, 0.00000, 0.00000, 0.00000, 0.00000, 0.00000, 1.08598, -0.56481, 0.87972, 0.68510, 0.00000, 0.00000
2.68919, -2.20355, -3.47499, 4.91558, -0.68646, 2.35595, 2.00000, 352854.00000, 173239.00000, 263046.50000, 8065387056.25000, 89807.50000, 1.08598, -0.90211, 0.74373, 1.15838, 1.00000, 0.00000
3.47499, -2.68919, -2.20355, 4.91558, -0.65860, 2.03563, 1.00000, 262788.00000, 262788.00000, 262788.00000, 0.00000, 0.00000, 1.08598, -2.37638, 1.85065, 1.52573, 1.00000, 0.00000
2.83550, -2.83550, -2.83550, 4.91123, -0.78540, 2.18628, 0.00000, 0.00000, 0.00000, 0.00000, 0.00000, 0.00000, 1.14286, -1.00000, 1.00000, 1.00000, 0.00000, 0.00000
3.18882, -3.75791, 0.00000, 4.92853, -0.86714, 1.57080, 1.00000, 411436.00000, 411436.00000, 411436.00000, 0.00000, 0.00000, 0.90081, -7.64229, 8.64229, -0.00000, 1.00000, 0.00000
3.92241, -2.87963, -0.78273, 4.92852, -0.63328, 1.73029, 2.00000, 307106.00000, 204610.00000, 255858.00000, 2626357504.00000, 51248.00000, 0.91102, 10.75154, -7.66476, -2.08678, 1.00000, 0.00000
3.92241, -2.87963, 0.78273, 4.92852, -0.63328, 1.41130, 1.00000, 448799.00000, 448799.00000, 448799.00000, 0.00000, 0.00000, 0.91102, 2.07817, -1.48153, 0.40335, 1.00000, 0.00000
3.73035, -3.21637, 0.00000, 4.92550, -0.71154, 1.57080, 1.00000, 229322.00000, 229322.00000, 229322.00000, 0.00000, 0.00000, 0.94766, 9.06739, -8.06739, 0.00000, 1.00000, 0.00000
4.37124, -1.70460, -1.50894, 4.92852, -0.37182, 1.88196, 3.00000, 486767.00000, 125346.00000, 340392.00000, 24128709660.66667, 155334.18703, 0.91102, 3.63662, -1.43665, -1.19997, 1.00000, 0.00000
4.45876, -0.43315, -2.05481, 4.92853, -0.09684, 2.00085, 9.00000, 487863.00000, 99811.00000, 315491.44444, 22044168837.80247, 148472.78821, 0.90081, 2.22389, -0.24359, -0.98030, 0.88889, 0.11111
4.85499, -0.43811, -0.72621, 4.92852, -0.09000, 1.71868, 12.00000, 483214.00000, 85024.00000, 251413.66667, 12774436109.55556, 113024.05102, 0.91102, 1.31474, -0.13162, -0.18312, 0.91667, 0.08333
4.62611, -0.87126, -1.44936, 4.92550, -0.18616, 1.86947, 2.00000, 261387.00000, 198555.00000, 229971.00000, 986965056.00000, 31416.00000, 0.94766, 2.02881, -0.36416, -0.66465, 1.00000, 0.00000
4.37124, -1.70460, 1.50894, 4.92852, -0.37182, 1.25963, 4.00000, 480445.00000, 332266.00000, 385179.00000, 3208625410.50000, 56644.72977, 0.91102, 1.06961, -0.42255, 0.35294, 0.75000, 0.25000
4.85499, -0.43811, 0.72621, 4.92852, -0.09000, 1.42291, 10.00000, 453612.00000, 57174.00000, 262448.60000, 16306429269.04000, 127696.62983, 0.91102, 0.96230, -0.09634, 0.13403, 0.80000, 0.20000
4.45876, -0.43315, 2.05481, 4.92853, -0.09684, 1.14074, 9.00000, 478670.00000, 94862.00000, 296266.00000, 10472872471.33333, 102337.05327, 0.90081, 0.75116, -0.08228, 0.33112, 1.00000, 0.00000
4.62611, -0.87126, 1.44936, 4.92550, -0.18616, 1.27212, 4.00000, 406335.00000, 258814.00000, 319801.25000, 3647866595.68750, 60397.57111, 0.94766, 0.87099, -0.15634, 0.28534, 0.75000, 0.25000
4.35121, -2.14766, -0.78579, 4.91558, -0.45850, 1.73134, 3.00000, 477800.00000, 327974.00000, 378054.33333, 4974627713.55556, 70531.04078, 1.08598, 2.99442, -1.46868, -0.52573, 1.00000, 0.00000
4.83686, -0.87622, 0.00000, 4.91558, -0.17921, 1.57080, 9.00000, 425223.00000, 132946.00000, 277908.88889, 12411116783.87654, 111405.19191, 1.08598, 1.22879, -0.22879, 0.00000, 1.00000, 0.00000
4.35121, -2.14766, 0.78579, 4.91558, -0.45850, 1.41025, 1.00000, 321461.00000, 321461.00000, 321461.00000, 0.00000, 0.00000, 1.08598, 1.45965, -0.71592, 0.25627, 1.00000, 0.00000
4.58794, -1.75244, 0.00000, 4.91123, -0.36486, 1.57080, 5.00000, 395105.00000, 170570.00000, 249758.80000, 7402057900.56000, 86035.21314, 1.14286, 1.61803, -0.61803, 0.00000, 1.00000, 0.00000
0.43315, -2.05481, 4.45876, 4.92853, -1.36304, 0.44016, 3.00000, 430991.00000, 146052.00000, 272633.66667, 14036552116.22222, 118475.95586, 0.90081, 0.16379, -0.65917, 1.49537, 0.00000, 1.00000
1.70460, -1.50894, 4.37124, 4.92852, -0.72459, 0.48015, 8.00000, 434457.00000, 202862.00000, 317129.00000, 4901334352.50000, 70009.53044, 0.91102, 0.37091, -0.30980, 0.93889, 0.50000, 0.50000
0.43811, -0.72621, 4.85499, 4.92852, -1.02797, 0.17295, 10.00000, 429859.00000, 70681.00000, 219145.70000, 9174717732.61000, 95784.74687, 0.91102, 0.10419, -0.14496, 1.04077, 0.00000, 1.00000
0.87126, -1.44936, 4.62611, 4.92550, -1.02954, 0.35046, 8.00000, 438989.00000, 167913.00000, 335344.87500, 6438466444.10938, 80240.05511, 0.94766, 0.21070, -0.38457, 1.17386, 0.37500, 0.62500
2.87963, -0.78273, 3.92241, 4.92852, -0.26540, 0.65037, 7.00000, 481798.00000, 171693.00000, 320505.28571, 11828973216.77551, 108761.08319, 0.91102, 0.46938, -0.12779, 0.65841, 0.85714, 0.14286
3.75791, 0.00000, 3.18882, 4.92853, 0.00000, 0.86714, 13.00000, 483479.00000, 45300.00000, 241759.38462, 14114712505.46745, 118805.35554, 0.90081, 0.53070, -0.00000, 0.46930, 0.76923, 0.23077
2.87963, 0.78273, 3.92241, 4.92852, 0.26540, 0.65037, 20.00000, 498745.00000, 57554.00000, 256272.35000, 14436094268.02750, 120150.29866, 0.91102, 0.37383, 0.10178, 0.52439, 0.75000, 0.25000
3.21637, 0.00000, 3.73035, 4.92550, 0.00000, 0.71154, 10.00000, 428522.00000, 82038.00000, 191310.90000, 10360075561.49000, 101784.45638, 0.94766, 0.47082, -0.00000, 0.52918, 0.80000, 0.20000
0.43811, 0.72621, 4.85499, 4.92852, 1.02797, 0.17295, 11.00000, 486110.00000, 49168.00000, 224487.90909, 21335599571.35537, 146067.10640, 0.91102, 0.08077, 0.11238, 0.80685, 0.18182, 0.81818
1.70460, 1.50894, 4.37124, 4.92852, 0.72459, 0.48015, 29.00000, 440418.00000, 80335.00000, 223558.06897, 13676393641.30559, 116946.11426, 0.91102, 0.22901, 0.19128, 0.57970, 0.37931, 0.62069
0.43315, 2.05481, 4.45876, 4.92853, 1.36304, 0.44016, 29.00000, 447870.00000, 41405.00000, 153417.34483, 13264600159.88110, 115172.04591, 0.90081, 0.07065, 0.28433, 0.64502, 0.20690, 0.79310
0.87126, 1.44936, 4.62611, 4.92550, 1.02954, 0.35046, 18.00000, 440799.00000, 54748.00000, 212893.33333, 13754353835.77778, 117278.95734, 0.94766, 0.11910, 0.21738, 0.66353, 0.11111, 0.88889
2.14766, -0.78579, 4.35121, 4.91558, -0.35075, 0.48390, 9.00000, 499889.00000, 93991.00000, 243967.33333, 14470430351.77778, 120293.10185, 1.08598, 0.37301, -0.13352, 0.76051, 0.44444, 0.55556
2.14766, 0.78579, 4.35121, 4.91558, 0.35075, 0.48390, 4.00000, 453232.00000, 84813.00000, 318370.25000, 21267031417.18750, 145832.20295, 1.08598, 0.29439, 0.10538, 0.60022, 0.75000, 0.25000
0.87622, 0.00000, 4.83686, 4.91558, 0.00000, 0.17921, 10.00000, 486886.00000, 80034.00000, 212994.50000, 13725397476.05000, 117155.44151, 1.08598, 0.15697, -0.00000, 0.84303, 0.40000, 0.60000
1.75244, 0.00000, 4.58794, 4.91123, 0.00000, 0.36486, 10.00000, 384938.00000, 134823.00000, 239658.10000, 8029489323.89000, 89607.41780, 1.14286, 0.27639, 0.00000, 0.72361, 0.20000, 0.80000
-2.75567, -4.02561, 0.70086, 4.92853, -2.17107, 1.42811, 1.00000, 429880.00000, 429880.00000, 429880.00000, 0.00000, 0.00000, 0.90081, 0.46424, 0.66888, -0.13313, 0.00000, 1.00000
-2.21782, -3.93313, 1.97536, 4.92852, -2.08423, 1.15840, 2.00000, 336613.00000, 218957.00000, 277785.00000, 3460733584.00000, 58828.00000, 0.91102, 0.54500, 0.95092, -0.49591, 0.00000, 1.00000
-3.48430, -3.15040, 1.49161, 4.92852, -2.40648, 1.26333, 4.00000, 499914.00000, 172521.00000, 270020.25000, 18225799515.68750, 135002.96114, 0.91102, 0.68893, 0.61936, -0.30829, 0.00000, 1.00000
-2.85909, -3.75484, 1.40973, 4.92550, -2.22158, 1.28053, 5.00000, 389937.00000, 78381.00000, 168340.20000, 12792652253.76000, 113104.60757, 0.94766, 0.53830, 0.71466, -0.25296, 0.00000, 1.00000
-1.49161, -3.48430, 3.15040, 4.92852, -1.97528, 0.87732, 3.00000, 394081.00000, 131146.00000, 269717.00000, 11623388462.00000, 107811.81968, 0.91102, 0.81587, 1.82322, -1.63909, 0.00000, 1.00000
-0.70086, -2.75567, 4.02561, 4.92853, -1.81985, 0.61496, 4.00000, 429211.00000, 139110.00000, 245588.00000, 12360550992.50000, 111178.01488, 0.90081, -1.86160, -6.49176, 9.35336, 0.00000, 1.00000
-1.97536, -2.21782, 3.93313, 4.92852, -2.29844, 0.64677, 5.00000, 377183.00000, 114538.00000, 221795.20000, 9427024397.36000, 97092.86481, 0.91102, 5.51065, 6.05607, -10.56672, 0.00000, 1.00000
-1.40973, -2.85909, 3.75484, 4.92550, -2.02888, 0.70390, 7.00000, 442584.00000, 64889.00000, 220997.14286, 18741774577.55102, 136900.60109, 0.94766, 3.30198, 7.02665, -9.32863, 0.00000, 1.00000
-3.93313, -1.97536, 2.21782, 4.92852, -2.67616, 1.10403, 14.00000, 342693.00000, 53611.00000, 189343.21429, 7443156330.88265, 86273.72909, 0.91102, 1.05443, 0.54989, -0.60432, 0.00000, 1.00000
-3.15040, -1.49161, 3.48430, 4.92852, -2.69940, 0.78559, 18.00000, 401156.00000, 61129.00000, 175383.55556, 9292473663.13580, 96397.47747, 0.91102, 2.59457, 1.29147, -2.88604, 0.16667, 0.83333
-4.02561, -0.70086, 2.75567, 4.92853, -2.96922, 0.97747, 23.00000, 412732.00000, 38862.00000, 213909.60870, 18821860475.28167, 137192.78580, 0.90081, 1.98030, 0.39414, -1.37444, 0.00000, 1.00000
-3.75484, -1.40973, 2.85909, 4.92550, -2.78243, 0.95149, 20.00000, 484114.00000, 21747.00000, 198128.90000, 21623588415.09000, 147049.61209, 0.94766, 1.66465, 0.58922, -1.25387, 0.00000, 1.00000
-2.20355, -3.47499, 2.68919, 4.91558, -2.13592, 0.99193, 3.00000, 330115.00000, 261085.00000, 297265.66667, 799739040.88889, 28279.65772, 1.08598, 0.74373, 1.15838, -0.90211, 0.00000, 1.00000
-2.68919, -2.20355, 3.47499, 4.91558, -2.45513, 0.78564, 10.00000, 336850.00000, 83374.00000, 210361.80000, 5829336173.96000, 76350.08955, 1.08598, 1.85065, 1.52573, -2.37638, 0.00000, 1.00000
-3.47499, -2.68919, 2.20355, 4.91558, -2.48299, 1.10596, 7.00000, 412166.00000, 147508.00000, 272048.42857, 6902266973.95918, 83079.88309, 1.08598, 0.87972, 0.68510, -0.56481, 0.00000, 1.00000
-2.83550, -2.83550, 2.83550, 4.91123, -2.35619, 0.95532, 6.00000, 368669.00000, 107660.00000, 216420.66667, 9087980065.88889, 95330.89775, 1.14286, 1.00000, 1.00000, -1.00000, 0.00000, 1.00000
-0.70086, -2.75567, -4.02561, 4.92853, -1.81985, 2.52663, 0.00000, 0.00000, 0.00000, 0.00000, 0.00000, 0.00000, 0.90081, 0.10514, 0.36663, 0.52824, 0.00000, 0.00000
-1.49161, -3.48430, -3.15040, 4.92852, -1.97528, 2.26428, 1.00000, 477935.00000, 477935.00000, 477935.00000, 0.00000, 0.00000, 0.91102, 0.19070, 0.42617, 0.38313, 0.00000, 1.00000
-1.97536, -2.21782, -3.93313, 4.92852, -2.29844, 2.49482, 0.00000, 0.00000, 0.00000, 0.00000, 0.00000, 0.00000, 0.91102, 0.24897, 0.27362, 0.47741, 0.00000, 0.00000
-1.40973, -2.85909, -3.75484, 4.92550, -2.02888, 2.43770, 3.00000, 489850.00000, 249084.00000, 346604.00000, 10706811330.66667, 103473.72290, 0.94766, 0.16798, 0.35746, 0.47456, 0.00000, 1.00000
-2.21782, -3.93313, -1.97536, 4.92852, -2.08423, 1.98319, 3.00000, 189016.00000, 163198.00000, 174331.00000, 117403206.00000, 10835.27600, 0.91102, 0.27362, 0.47741, 0.24897, 0.00000, 1.00000
-2.75567, -4.02561, -0.70086, 4.92853, -2.17107, 1.71348, 2.00000, 476862.00000, 407398.00000, 442130.00000, 1206311824.00000, 34732.00000, 0.90081, 0.36663, 0.52824, 0.10514, 0.00000, 1.00000
-3.48430, -3.15040, -1.49161, 4.92852, -2.40648, 1.87827, 1.00000, 223220.00000, 223220.00000, 223220.00000, 0.00000, 0.00000, 0.91102, 0.42617, 0.38313, 0.19070, 0.00000, 1.00000
-2.85909, -3.75484, -1.40973, 4.92550, -2.22158, 1.86107, 1.00000, 81619.00000, 81619.00000, 81619.00000, 0.00000, 0.00000, 0.94766, 0.35746, 0.47456, 0.16798, 0.00000, 1.00000
-3.15040, -1.49161, -3.48430, 4.92852, -2.69940, 2.35600, 3.00000, 272678.00000, 215519.00000, 251131.66667, 643456080.22222, 25366.43610, 0.91102, 0.38313, 0.19070, 0.42617, 0.00000, 1.00000
-3.93313, -1.97536, -2.21782, 4.92852, -2.67616, 2.03756, 2.00000, 250146.00000, 249903.00000, 250024.50000, 14762.25000, 121.50000, 0.91102, 0.47741, 0.24897, 0.27362, 0.00000, 1.00000
-4.02561, -0.70086, -2.75567, 4.92853, -2.96922, 2.16413, 3.00000, 423227.00000, 230233.00000, 325690.66667, 6209941100.22222, 78803.17951, 0.90081, 0.52824, 0.10514, 0.36663, 0.33333, 0.66667
-3.75484, -1.40973, -2.85909, 4.92550, -2.78243, 2.19010, 1.00000, 155477.00000, 155477.00000, 155477.00000, 0.00000, 0.00000, 0.94766, 0.47456, 0.16798, 0.35746, 0.00000, 1.00000
-2.20355, -3.47499, -2.68919, 4.91558, -2.13592, 2.14966, 0.00000, 0.00000, 0.00000, 0.00000, 0.00000, 0.00000, 1.08598, 0.26522, 0.41309, 0.32170, 0.00000, 0.00000
-3.47499, -2.68919, -2.20355, 4.91558, -2.48299, 2.03563, 2.00000, 452267.00000, 393655.00000, 422961.00000, 858841636.00000, 29306.00000, 1.08598, 0.41309, 0.32170, 0.26522, 0.00000, 1.00000
-2.68919, -2.20355, -3.47499, 4.91558, -2.45513, 2.35595, 3.00000, 484732.00000, 353766.00000, 413635.00000, 2921716184.66667, 54052.90172, 1.08598, 0.32170, 0.26522, 0.41309, 0.33333, 0.66667
-2.83550, -2.83550, -2.83550, 4.91123, -2.35619, 2.18628, 0.00000, 0.00000, 0.00000, 0.00000, 0.00000, 0.00000, 1.14286, 0.33333, 0.33333, 0.33333, 0.00000, 0.00000
3.75791, 0.00000, -3.18882, 4.92853, 0.00000, 2.27446, 2.00000, 383510.00000, 97349.00000, 240429.50000, 20472029480.25000, 143080.50000, 0.90081, 8.64229, 0.00000, -7.64229, 1.00000, 0.00000
2.87963, -0.78273, -3.92241, 4.92852, -0.26540, 2.49122, 3.00000, 297256.00000, 212293.00000, 260258.66667, 1263270729.55556, 35542.52002, 0.91102, -1.48153, 0.40335, 2.07817, 1.00000, 0.00000
2.87963, 0.78273, -3.92241, 4.92852, 0.26540, 2.49122, 4.00000, 442544.00000, 295868.00000, 359355.75000, 3506758327.18750, 59217.88857, 0.91102, -7.66476, -2.08678, 10.75154, 1.00000, 0.00000
3.21637, 0.00000, -3.73035, 4.92550, 0.00000, 2.43005, 5.00000, 489982.00000, 121705.00000, 354208.00000, 22760253323.20000, 150865.01690, 0.94766, -8.06739, -0.00000, 9.06739, 1.00000, 0.00000
1.70460, -1.50894, -4.37124, 4.92852, -0.72459, 2.66145, 1.00000, 293439.00000, 293439.00000, 293439.00000, 0.00000, 0.00000, 0.91102, -0.42255, 0.35294, 1.06961, 1.00000, 0.00000
0.43315, -2.05481, -4.45876, 4.92853, -1.36304, 2.70143, 2.00000, 439430.00000, 144764.00000, 292097.00000, 21707012889.00000, 147333.00000, 0.90081, -0.08228, 0.33112, 0.75116, 0.50000, 0.50000
0.43811, -0.72621, -4.85499, 4.92852, -1.02797, 2.96865, 1.00000, 470244.00000, 470244.00000, 470244.00000, 0.00000, 0.00000, 0.91102, -0.09634, 0.13403, 0.96230, 1.00000, 0.00000
0.87126, -1.44936, -4.62611, 4.92550, -1.02954, 2.79113, 0.00000, 0.00000, 0.00000, 0.00000, 0.00000, 0.00000, 0.94766, -0.15634, 0.28534, 0.87099, 0.00000, 0.00000
1.70460, 1.50894, -4.37124, 4.92852, 0.72459, 2.66145, 9.00000, 409671.00000, 86375.00000, 243291.88889, 11735732822.32099, 108331.58737, 0.91102, -1.43665, -1.19997, 3.63662, 1.00000, 0.00000
0.43811, 0.72621, -4.85499, 4.92852, 1.02797, 2.96865, 6.00000, 474152.00000, 165255.00000, 329811.83333, 10275371980.47222, 101367.50949, 0.91102, -0.13162, -0.18312, 1.31474, 0.66667, 0.33333
0.43315, 2.05481, -4.45876, 4.92853, 1.36304, 2.70143, 2.00000, 246330.00000, 97738.00000, 172034.00000, 5519895616.00000, 74296.00000, 0.90081, -0.24359, -0.98030, 2.22389, 0.50000, 0.50000
0.87126, 1.44936, -4.62611, 4.92550, 1.02954, 2.79113, 6.00000, 487917.00000, 114619.00000, 278333.66667, 15024601415.55556, 122574.88085, 0.94766, -0.36416, -0.66465, 2.02881, 0.83333, 0.16667
2.14766, -0.78579, -4.35121, 4.91558, -0.35075, 2.65769, 2.00000, 274748.00000, 185428.00000, 230088.00000, 1994515600.00000, 44660.00000, 1.08598, -0.71592, 0.25627, 1.45965, 1.00000, 0.00000
0.87622, 0.00000, -4.83686, 4.91558, 0.00000, 2.96238, 2.00000, 368725.00000, 312299.00000, 340512.00000, 795973369.00000, 28213.00000, 1.08598, -0.22879, -0.00000, 1.22879, 1.00000, 0.00000
2.14766, 0.78579, -4.35121, 4.91558, 0.35075, 2.65769, 3.00000, 419904.00000, 169816.00000, 319536.66667, 11641877046.22222, 107897.53031, 1.08598, -1.46868, -0.52573, 2.99442, 1.00000, 0.00000
1.75244, 0.00000, -4.58794, 4.91123, 0.00000, 2.77673, 4.00000, 416987.00000, 149242.00000, 288726.50000, 11172563200.25000, 105700.34626, 1.14286, -0.61803, -0.00000, 1.61803, 1.00000, 0.00000
4.45876, 0.43315, 2.05481, 4.92853, 0.09684, 1.14074, 13.00000, 389767.00000, 78540.00000, 211645.92308, 10250025956.53255, 101242.41185, 0.90081, 0.64502, 0.07065, 0.28433, 0.84615, 0.15385
4.85499, 0.43811, 0.72621, 4.92852, 0.09000, 1.42291, 15.00000, 495120.00000, 76095.00000, 299447.73333, 15417827192.59555, 124168.54349, 0.91102, 0.80685, 0.08077, 0.11238, 0.93333, 0.06667
4.37124, 1.70460, 1.50894, 4.92852, 0.37182, 1.25963, 27.00000, 366370.00000, 34087.00000, 173459.14815, 8090990236.42250, 89949.93183, 0.91102, 0.57970, 0.22901, 0.19128, 0.96296, 0.03704
4.62611, 0.87126, 1.44936, 4.92550, 0.18616, 1.27212, 18.00000, 492050.00000, 71558.00000, 220788.66667, 16303725623.22222, 127686.04318, 0.94766, 0.66353, 0.11910, 0.21738, 0.88889, 0.11111
4.85499, 0.43811, -0.72621, 4.92852, 0.09000, 1.71868, 16.00000, 371905.00000, 80889.00000, 248057.43750, 7703280611.99609, 87768.33490, 0.91102, 1.04077, 0.10419, -0.14496, 1.00000, 0.00000
4.45876, 0.43315, -2.05481, 4.92853, 0.09684, 2.00085, 7.00000, 487911.00000, 65878.00000, 264672.85714, 21513191615.83673, 146673.75912, 0.90081, 1.49537, 0.16379, -0.65917, 1.00000, 0.00000
4.37124, 1.70460, -1.50894, 4.92852, 0.37182, 1.88196, 23.00000, 476321.00000, 52278.00000, 235999.95652, 22049774847.86768, 148491.66592, 0.91102, 0.93889, 0.37091, -0.30980, 0.91304, 0.08696
4.62611, 0.87126, -1.44936, 4.92550, 0.18616, 1.86947, 11.00000, 471631.00000, 59745.00000, 232477.54545, 20471588451.52066, 143078.95880, 0.94766, 1.17386, 0.21070, -0.38457, 0.90909, 0.09091
3.92241, 2.87963, 0.78273, 4.92852, 0.63328, 1.41130, 55.00000, 454975.00000, 33075.00000, 204284.85455, 15982819836.48793, 126423.17761, 0.91102, 0.52439, 0.37383, 0.10178, 0.94545, 0.05455
3.92241, 2.87963, -0.78273, 4.92852, 0.63328, 1.73029, 29.00000, 456888.00000, 49690.00000, 204424.96552, 15949458605.68847, 126291.16598, 0.91102, 0.65841, 0.46938, -0.12779, 0.96552, 0.03448
3.18882, 3.75791, 0.00000, 4.92853, 0.86714, 1.57080, 55.00000, 481744.00000, 17898.00000, 163707.74545, 10995492940.91702, 104859.39605, 0.90081, 0.46930, 0.53070, 0.00000, 0.94545, 0.05455
3.73035, 3.21637, 0.00000, 4.92550, 0.71154, 1.57080, 37.00000, 458069.00000, 34299.00000, 199207.59459, 15810983306.07889, 125741.73256, 0.94766, 0.52918, 0.47082, 0.00000, 0.97297, 0.02703
4.83686, 0.87622, 0.00000, 4.91558, 0.17921, 1.57080, 14.00000, 341715.00000, 71658.00000, 192883.07143, 4911045765.35204, 70078.85391, 1.08598, 0.84303, 0.15697, 0.00000, 1.00000, 0.00000
4.35121, 2.14766, -0.78579, 4.91558, 0.45850, 1.73134, 22.00000, 437940.00000, 35799.00000, 211885.36364, 12165030099.77686, 110295.19527, 1.08598, 0.76051, 0.37301, -0.13352, 1.00000, 0.00000
4.35121, 2.14766, 0.78579, 4.91558, 0.45850, 1.41025, 21.00000, 434301.00000, 65835.00000, 199664.38095, 14244951498.04535, 119352.21614, 1.08598, 0.60022, 0.29439, 0.10538, 1.00000, 0.00000
4.58794, 1.75244, 0.00000, 4.91123, 0.36486, 1.57080, 31.00000, 483122.00000, 48353.00000, 222832.12903, 16101986434.56400, 126893.60281, 1.14286, 0.72361, 0.27639, -0.00000, 1.00000, 0.00000
