-2.75567, 4.02561, 0.70086, 4.92853, 2.17107, 1.42811, 3.00000, 476301.00000, 168715.00000, 271643.66667, 20942552043.55556, 144715.41744, 0.90081, -1.37444, 1.98030, 0.39414, 0.33333, 0.66667
-3.48430, 3.15040, 1.49161, 4.92852, 2.40648, 1.26333, 6.00000, 432159.00000, 65520.00000, 217952.50000, 13917247914.91667, 117971.38600, 0.91102, -2.88604, 2.59457, 1.29147, 0.00000, 1.00000
-2.21782, 3.93313, 1.97536, 4.92852, 2.08423, 1.15840, 4.00000, 357610.00000, 113875.00000, 257715.75000, 9626057718.18750, 98112.47483, 0.91102, -0.60432, 1.05443, 0.54989, 0.25000, 0.75000
-2.85909, 3.75484, 1.40973, 4.92550, 2.22158, 1.28053, 1.00000, 223496.00000, 223496.00000, 223496.00000, 0.00000, 0.00000, 0.94766, -1.25387, 1.66465, 0.58922, 0.00000, 1.00000
-3.93313, 1.97536, 2.21782, 4.92852, 2.67616, 1.10403, 6.00000, 245365.00000, 84951.00000, 172043.00000, 3419655743.66667, 58477.82267, 0.91102, -10.56672, 5.51065, 6.05607, 0.00000, 1.00000
-4.02561, 0.70086, 2.75567, 4.92853, 2.96922, 0.97747, 12.00000, 407764.00000, 52066.00000, 184447.16667, 13674683179.47222, 116938.80100, 0.90081, 9.35336, -1.86160, -6.49176, 0.00000, 1.00000
-3.15040, 1.49161, 3.48430, 4.92852, 2.69940, 0.78559, 12.00000, 397301.00000, 70366.00000, 183045.33333, 11168067842.05556, 105679.07949, 0.91102, -1.63909, 0.81587, 1.82322, 0.00000, 1.00000
-3.75484, 1.40973, 2.85909, 4.92550, 2.78243, 0.95149, 8.00000, 367923.00000, 72104.00000, 239308.62500, 12298644906.98438, 110899.25566, 0.94766, -9.32863, 3.30198, 7.02665, 0.00000, 1.00000
-1.49161, 3.48430, 3.15040, 4.92852, 1.97528, 0.87732, 2.00000, 193950.00000, 189138.00000, 191544.00000, 5788836.00000, 2406.00000, 0.91102, -0.30829, 0.68893, 0.61936, 0.00000, 1.00000
-1.97536, 2.21782, 3.93313, 4.92852, 2.29844, 0.64677, 7.00000, 340390.00000, 56680.00000, 214242.28571, 9706608248.20408, 98522.12060, 0.91102, -0.49591, 0.54500, 0.95092, 0.00000, 1.00000
-0.70086, 2.75567, 4.02561, 4.92853, 1.81985, 0.61496, 1.00000, 138203.00000, 138203.00000, 138203.00000, 0.00000, 0.00000, 0.90081, -0.13313, 0.46424, 0.66888, 0.00000, 1.00000
-1.40973, 2.85909, 3.75484, 4.92550, 2.02888, 0.70390, 3.00000, 298634.00000, 284147.00000, 289871.66667, 39592570.88889, 6292.26278, 0.94766, -0.25296, 0.53830, 0.71466, 0.00000, 1.00000
-3.47499, 2.68919, 2.20355, 4.91558, 2.48299, 1.10596, 4.00000, 449640.00000, 54007.00000, 295143.00000, 25150633176.50000, 158589.51156, 1.08598, -2.37638, 1.85065, 1.52573, 0.00000, 1.00000
-2.68919, 2.20355, 3.47499, 4.91558, 2.45513, 0.78564, 8.00000, 340209.00000, 124023.00000, 230621.50000, 7005197507.50000, 83697.05794, 1.08598, -0.90211, 0.74373, 1.15838, 0.12500, 0.87500
-2.20355, 3.47499, 2.68919, 4.91558, 2.13592, 0.99193, 4.00000, 494568.00000, 96464.00000, 310379.50000, 20046958544.75000, 141587.28243, 1.08598, -0.56481, 0.87972, 0.68510, 0.25000, 0.75000
-2.83550, 2.83550, 2.83550, 4.91123, 2.35619, 0.95532, 4.00000, 379561.00000, 284460.00000, 346220.00000, 1460330936.50000, 38214.27661, 1.14286, -1.00000, 1.00000, 1.00000, 0.00000, 1.00000
-2.05481, 4.45876, 0.43315, 4.92853, 2.00263, 1.48280, 5.00000, 413557.00000, 102760.00000, 260175.40000, 14316268409.44000, 119650.60973, 0.90081, -0.65917, 1.49537, 0.16379, 0.40000, 0.60000
-1.50894, 4.37124, 1.70460, 4.92852, 1.90319, 1.21764, 2.00000, 331583.00000, 233998.00000, 282790.50000, 2380708056.25000, 48792.50000, 0.91102, -0.30980, 0.93889, 0.37091, 0.00000, 1.00000
-0.72621, 4.85499, 0.43811, 4.92852, 1.71928, 1.48179, 4.00000, 442197.00000, 190948.00000, 342759.00000, 9525161743.50000, 97596.93511, 0.91102, -0.14496, 1.04077, 0.10419, 1.00000, 0.00000
-1.44936, 4.62611, 0.87126, 4.92550, 1.87441, 1.39297, 3.00000, 372709.00000, 138408.00000, 238169.33333, 9754259334.88889, 98763.65392, 0.94766, -0.38457, 1.17386, 0.21070, 0.33333, 0.66667
-0.78273, 3.92241, 2.87963, 4.92852, 1.76776, 0.94680, 2.00000, 449513.00000, 408744.00000, 429128.50000, 415527840.25000, 20384.50000, 0.91102, -0.12779, 0.65841, 0.46938, 0.50000, 0.50000
0.00000, 3.18882, 3.75791, 4.92853, 1.57080, 0.70366, 3.00000, 459863.00000, 399545.00000, 428588.66667, 608864790.88889, 24675.18573, 0.90081, -0.00000, 0.46930, 0.53070, 0.33333, 0.66667
0.78273, 3.92241, 2.87963, 4.92852, 1.37383, 0.94680, 0.00000, 0.00000, 0.00000, 0.00000, 0.00000, 0.00000, 0.91102, 0.10178, 0.52439, 0.37383, 0.00000, 0.00000
0.00000, 3.73035, 3.21637, 4.92550, 1.57080, 0.85925, 1.00000, 339313.00000, 339313.00000, 339313.00000, 0.00000, 0.00000, 0.94766, -0.00000, 0.52918, 0.47082, 0.00000, 1.00000
0.72621, 4.85499, 0.43811, 4.92852, 1.42232, 1.48179, 2.00000, 374817.00000, 298768.00000, 336792.50000, 1445862600.25000, 38024.50000, 0.91102, 0.11238, 0.80685, 0.08077, 1.00000, 0.00000
1.50894, 4.37124, 1.70460, 4.92852, 1.23841, 1.21764, 1.00000, 442177.00000, 442177.00000, 442177.00000, 0.00000, 0.00000, 0.91102, 0.19128, 0.57970, 0.22901, 1.00000, 0.00000
2.05481, 4.45876, 0.43315, 4.92853, 1.13896, 1.48280, 4.00000, 363847.00000, 255806.00000, 326076.50000, 1727537200.25000, 41563.65239, 0.90081, 0.28433, 0.64502, 0.07065, 0.50000, 0.50000
1.44936, 4.62611, 0.87126, 4.92550, 1.26718, 1.39297, 3.00000, 233369.00000, 146460.00000, 187005.00000, 1275792760.66667, 35718.24129, 0.94766, 0.21738, 0.66353, 0.11910, 1.00000, 0.00000
-0.78579, 4.35121, 2.14766, 4.91558, 1.74946, 1.11864, 1.00000, 212514.00000, 212514.00000, 212514.00000, 0.00000, 0.00000, 1.08598, -0.13352, 0.76051, 0.37301, 0.00000, 1.00000
0.78579, 4.35121, 2.14766, 4.91558, 1.39213, 1.11864, 0.00000, 0.00000, 0.00000, 0.00000, 0.00000, 0.00000, 1.08598, 0.10538, 0.60022, 0.29439, 0.00000, 0.00000
0.00000, 4.83686, 0.87622, 4.91558, 1.57080, 1.39159, 1.00000, 254933.00000, 254933.00000, 254933.00000, 0.00000, 0.00000, 1.08598, -0.00000, 0.84303, 0.15697, 1.00000, 0.00000
0.00000, 4.58794, 1.75244, 4.91123, 1.57080, 1.20593, 1.00000, 231315.00000, 231315.00000, 231315.00000, 0.00000, 0.00000, 1.14286, 0.00000, 0.72361, 0.27639, 1.00000, 0.00000
-2.05481, 4.45876, -0.43315, 4.92853, 2.00263, 1.65880, 4.00000, 458564.00000, 223133.00000, 330803.75000, 7255721837.18750, 85180.52499, 0.90081, -0.98030, 2.22389, -0.24359, 0.75000, 0.25000
-0.72621, 4.85499, -0.43811, 4.92852, 1.71928, 1.65981, 2.00000, 480612.00000, 156522.00000, 318567.00000, 26258582025.00000, 162045.00000, 0.91102, -0.18312, 1.31474, -0.13162, 1.00000, 0.00000
-1.50894, 4.37124, -1.70460, 4.92852, 1.90319, 1.92396, 3.00000, 457485.00000, 93433.00000, 311060.33333, 24623886320.88889, 156919.99975, 0.91102, -1.19997, 3.63662, -1.43665, 0.66667, 0.33333
-1.44936, 4.62611, -0.87126, 4.92550, 1.87441, 1.74862, 3.00000, 357526.00000, 127248.00000, 247729.66667, 8895081054.88889, 94313.73736, 0.94766, -0.66465, 2.02881, -0.36416, 1.00000, 0.00000
0.72621, 4.85499, -0.43811, 4.92852, 1.42232, 1.65981, 2.00000, 260215.00000, 208000.00000, 234107.50000, 681601556.25000, 26107.50000, 0.91102, 0.13403, 0.96230, -0.09634, 1.00000, 0.00000
2.05481, 4.45876, -0.43315, 4.92853, 1.13896, 1.65880, 5.00000, 499173.00000, 206102.00000, 338982.80000, 13487681184.56000, 116136.47655, 0.90081, 0.33112, 0.75116, -0.08228, 1.00000, 0.00000
1.50894, 4.37124, -1.70460, 4.92852, 1.23841, 1.92396, 8.00000, 385572.00000, 113874.00000, 248551.12500, 7487053338.85938, 86527.76051, 0.91102, 0.35294, 1.06961, -0.42255, 0.87500, 0.12500
1.44936, 4.62611, -0.87126, 4.92550, 1.26718, 1.74862, 2.00000, 271580.00000, 164362.00000, 217971.00000, 2873924881.00000, 53609.00000, 0.94766, 0.28534, 0.87099, -0.15634, 1.00000, 0.00000
-0.78273, 3.92241, -2.87963, 4.92852, 1.76776, 2.19479, 9.00000, 442405.00000, 122163.00000, 265491.44444, 10764215336.91358, 103750.73656, 0.91102, -2.08678, 10.75154, -7.66476, 0.88889, 0.11111
0.78273, 3.92241, -2.87963, 4.92852, 1.37383, 2.19479, 8.00000, 422657.00000, 166451.00000, 273104.75000, 9252639208.18750, 96190.63992, 0.91102, 0.40335, 2.07817, -1.48153, 1.00000, 0.00000
0.00000, 3.18882, -3.75791, 4.92853, 1.57080, 2.43793, 11.00000, 315121.00000, 28531.00000, 149092.27273, 8432226274.19835, 91827.15434, 0.90081, -0.00000, -7.64229, 8.64229, 1.00000, 0.00000
0.00000, 3.73035, -3.21637, 4.92550, 1.57080, 2.28234, 13.00000, 470362.00000, 74854.00000, 175751.76923, 10822937356.02367, 104033.34733, 0.94766, 0.00000, 9.06739, -8.06739, 1.00000, 0.00000
0.00000, 4.83686, -0.87622, 4.91558, 1.57080, 1.75001, 5.00000, 451335.00000, 89122.00000, 303808.80000, 15086557396.16000, 122827.34792, 1.08598, 0.00000, 1.22879, -0.22879, 1.00000, 0.00000
0.78579, 4.35121, -2.14766, 4.91558, 1.39213, 2.02296, 5.00000, 448647.00000, 68932.00000, 248947.00000, 15888044604.40000, 126047.78699, 1.08598, 0.25627, 1.45965, -0.71592, 1.00000, 0.00000
-0.78579, 4.35121, -2.14766, 4.91558, 1.74946, 2.02296, 7.00000, 497920.00000, 90432.00000, 279369.28571, 28135798457.63265, 167737.29000, 1.08598, -0.52573, 2.99442, -1.46868, 0.85714, 0.14286
0.00000, 4.58794, -1.75244, 4.91123, 1.57080, 1.93566, 5.00000, 452445.00000, 149803.00000, 305015.20000, 15235146338.56000, 123430.73498, 1.14286, 0.00000, 1.61803, -0.61803, 1.00000, 0.00000
-2.75567, 4.02561, -0.70086, 4.92853, 2.17107, 1.71348, 3.00000, 468836.00000, 222874.00000, 319579.33333, 11463705558.22222, 107068.69551, 0.90081, -6.49176, 9.35336, -1.86160, 0.33333, 0.66667
-2.21782, 3.93313, -1.97536, 4.92852, 2.08423, 1.98319, 8.00000, 385379.00000, 114326.00000, 206021.62500, 7735293530.48438, 87950.51751, 0.91102, 6.05607, -10.56672, 5.51065, 0.50000, 0.50000
-3.48430, 3.15040, -1.49161, 4.92852, 2.40648, 1.87827, 10.00000, 489493.00000, 163710.00000, 342434.20000, 10600586958.36000, 102959.15189, 0.91102, 1.82322, -1.63909, 0.81587, 0.30000, 0.70000
-2.85909, 3.75484, -1.40973, 4.92550, 2.22158, 1.86107, 3.00000, 269083.00000, 105695.00000, 177365.66667, 4650207512.88889, 68192.43003, 0.94766, 7.02665, -9.32863, 3.30198, 0.66667, 0.33333
-1.49161, 3.48430, -3.15040, 4.92852, 1.97528, 2.26428, 15.00000, 460293.00000, 72694.00000, 246836.93333, 16305036148.32889, 127691.17490, 0.91102, 1.29147, -2.88604, 2.59457, 0.93333, 0.06667
-0.70086, 2.75567, -4.02561, 4.92853, 1.81985, 2.52663, 17.00000, 479865.00000, 71245.00000, 268416.82353, 14943266640.61592, 122242.65475, 0.90081, 0.39414, -1.37444, 1.98030, 0.88235, 0.11765
-1.97536, 2.21782, -3.93313, 4.92852, 2.29844, 2.49482, 18.00000, 449364.00000, 33345.00000, 174559.61111, 9920861305.34876, 99603.52055, 0.91102, 0.54989, -0.60432, 1.05443, 0.94444, 0.05556
-1.40973, 2.85909, -3.75484, 4.92550, 2.02888, 2.43770, 16.00000, 428460.00000, 39335.00000, 206296.93750, 12549070466.30859, 112022.63372, 0.94766, 0.58922, -1.25387, 1.66465, 0.81250, 0.18750
-3.93313, 1.97536, -2.21782, 4.92852, 2.67616, 2.03756, 10.00000, 403404.00000, 78397.00000, 203804.30000, 10998268716.01000, 104872.63092, 0.91102, 0.95092, -0.49591, 0.54500, 0.30000, 0.70000
-3.15040, 1.49161, -3.48430, 4.92852, 2.69940, 2.35600, 15.00000, 372461.00000, 82146.00000, 198936.66667, 8716835932.75556, 93363.99698, 0.91102, 0.61936, -0.30829, 0.68893, 0.80000, 0.20000
-4.02561, 0.70086, -2.75567, 4.92853, 2.96922, 2.16413, 20.00000, 483429.00000, 79665.00000, 224173.25000, 12280400393.28750, 110816.96798, 0.90081, 0.66888, -0.13313, 0.46424, 0.35000, 0.65000
-3.75484, 1.40973, -2.85909, 4.92550, 2.78243, 2.19010, 14.00000, 374079.00000, 82878.00000, 193087.57143, 6752021766.10204, 82170.68678, 0.94766, 0.71466, -0.25296, 0.53830, 0.35714, 0.64286
-2.20355, 3.47499, -2.68919, 4.91558, 2.13592, 2.14966, 6.00000, 383521.00000, 238684.00000, 300885.00000, 3254067985.00000, 57044.43869, 1.08598, 1.52573, -2.37638, 1.85065, 0.83333, 0.16667
-2.68919, 2.20355, -3.47499, 4.91558, 2.45513, 2.35595, 9.00000, 387199.00000, 86391.00000, 242092.44444, 9457272182.69136, 97248.50735, 1.08598, 0.68510, -0.56481, 0.87972, 0.77778, 0.22222
-3.47499, 2.68919, -2.20355, 4.91558, 2.48299, 2.03563, 7.00000, 243172.00000, 112588.00000, 168200.28571, 1577068636.77551, 39712.32349, 1.08598, 1.15838, -0.90211, 0.74373, 0.57143, 0.42857
-2.83550, 2.83550, -2.83550, 4.91123, 2.35619, 2.18628, 10.00000, 487951.00000, 88266.00000, 261773.50000, 15400998767.05000, 124100.76054, 1.14286, 1.00000, -1.00000, 1.00000, 0.60000, 0.40000
-3.18882, 3.75791, 0.00000, 4.92853, 2.27446, 1.57080, 3.00000, 237191.00000, 74466.00000, 149369.66667, 4496670660.22222, 67057.21930, 0.90081, -7.64229, 8.64229, 0.00000, 0.00000, 1.00000
-3.92241, 2.87963, -0.78273, 4.92852, 2.50831, 1.73029, 7.00000, 499521.00000, 93635.00000, 263752.28571, 20023399129.06122, 141504.06047, 0.91102, 2.07817, -1.48153, 0.40335, 0.42857, 0.57143
-3.92241, 2.87963, 0.78273, 4.92852, 2.50831, 1.41130, 8.00000, 447202.00000, 85185.00000, 198645.25000, 15173115254.43750, 123179.19976, 0.91102, 10.75154, -7.66476, -2.08678, 0.12500, 0.87500
-3.73035, 3.21637, 0.00000, 4.92550, 2.43005, 1.57080, 6.00000, 420437.00000, 64299.00000, 203799.83333, 13781345314.13889, 117393.97478, 0.94766, 9.06739, -8.06739, -0.00000, 0.00000, 1.00000
-4.37124, 1.70460, -1.50894, 4.92852, 2.76977, 1.88196, 14.00000, 356744.00000, 74946.00000, 210148.28571, 5751967927.06122, 75841.72946, 0.91102, 1.06961, -0.42255, 0.35294, 0.14286, 0.85714
-4.45876, 0.43315, -2.05481, 4.92853, 3.04475, 2.00085, 40.00000, 468807.00000, 27315.00000, 185135.65000, 18374971978.52750, 135554.31376, 0.90081, 0.75116, -0.08228, 0.33112, 0.30000, 0.70000
-4.85499, 0.43811, -0.72621, 4.92852, 3.05160, 1.71868, 32.00000, 450052.00000, 19271.00000, 150890.12500, 13499441903.79688, 116187.09870, 0.91102, 0.96230, -0.09634, 0.13403, 0.03125, 0.96875
-4.62611, 0.87126, -1.44936, 4.92550, 2.95544, 1.86947, 25.00000, 441621.00000, 24656.00000, 190395.96000, 14728798632.03840, 121362.26198, 0.94766, 0.87099, -0.15634, 0.28534, 0.16000, 0.84000
-4.37124, 1.70460, 1.50894, 4.92852, 2.76977, 1.25963, 10.00000, 360865.00000, 52555.00000, 208407.70000, 15484174990.81000, 124435.42498, 0.91102, 3.63662, -1.43665, -1.19997, 0.00000, 1.00000
-4.85499, 0.43811, 0.72621, 4.92852, 3.05160, 1.42291, 32.00000, 377705.00000, 25972.00000, 140971.96875, 8183957269.71777, 90465.22685, 0.91102, 1.31474, -0.13162, -0.18312, 0.00000, 1.00000
-4.45876, 0.43315, 2.05481, 4.92853, 3.04475, 1.14074, 21.00000, 320996.00000, 39982.00000, 142290.66667, 6373630075.36508, 79835.01785, 0.90081, 2.22389, -0.24359, -0.98030, 0.00000, 1.00000
-4.62611, 0.87126, 1.44936, 4.92550, 2.95544, 1.27212, 15.00000, 446380.00000, 31716.00000, 167210.53333, 14741846209.58222, 121416.00475, 0.94766, 2.02881, -0.36416, -0.66465, 0.00000, 1.00000
-4.35121, 2.14766, -0.78579, 4.91558, 2.68310, 1.73134, 6.00000, 434125.00000, 102717.00000, 238961.33333, 16514729909.55556, 128509.64909, 1.08598, 1.45965, -0.71592, 0.25627, 0.16667, 0.83333
-4.83686, 0.87622, 0.00000, 4.91558, 2.96238, 1.57080, 21.00000, 439167.00000, 57316.00000, 165422.04762, 11320205398.42630, 106396.45388, 1.08598, 1.22879, -0.22879, -0.00000, 0.04762, 0.95238
-4.35121, 2.14766, 0.78579, 4.91558, 2.68310, 1.41025, 4.00000, 373799.00000, 111607.00000, 193277.50000, 11191263346.25000, 105788.76758, 1.08598, 2.99442, -1.46868, -0.52573, 0.25000, 0.75000
-4.58794, 1.75244, 0.00000, 4.91123, 2.77673, 1.57080, 11.00000, 435909.00000, 70370.00000, 258640.63636, 14944168336.23140, 122246.34283, 1.14286, 1.61803, -0.61803, -0.00000, 0.09091, 0.90909
2.75567, 4.02561, 0.70086, 4.92853, 0.97053, 1.42811, 1.00000, 214259.00000, 214259.00000, 214259.00000, 0.00000, 0.00000, 0.90081, 0.36663, 0.52824, 0.10514, 1.00000, 0.00000
2.21782, 3.93313, 1.97536, 4.92852, 1.05736, 1.15840, 0.00000, 0.00000, 0.00000, 0.00000, 0.00000, 0.00000, 0.91102, 0.27362, 0.47741, 0.24897, 0.00000, 0.00000
3.48430, 3.15040, 1.49161, 4.92852, 0.73511, 1.26333, 1.00000, 186257.00000, 186257.00000, 186257.00000, 0.00000, 0.00000, 0.91102, 0.42617, 0.38313, 0.19070, 1.00000, 0.00000
2.85909, 3.75484, 1.40973, 4.92550, 0.92001, 1.28053, 0.00000, 0.00000, 0.00000, 0.00000, 0.00000, 0.00000, 0.94766, 0.35746, 0.47456, 0.16798, 0.00000, 0.00000
1.49161, 3.48430, 3.15040, 4.92852, 1.16631, 0.87732, 0.00000, 0.00000, 0.00000, 0.00000, 0.00000, 0.00000, 0.91102, 0.19070, 0.42617, 0.38313, 0.00000, 0.00000
0.70086, 2.75567, 4.02561, 4.92853, 1.32174, 0.61496, 0.00000, 0.00000, 0.00000, 0.00000, 0.00000, 0.00000, 0.90081, 0.10514, 0.36663, 0.52824, 0.00000, 0.00000
1.97536, 2.21782, 3.93313, 4.92852, 0.84316, 0.64677, 1.00000, 388025.00000, 388025.00000, 388025.00000, 0.00000, 0.00000, 0.91102, 0.24897, 0.27362, 0.47741, 1.00000, 0.00000
1.40973, 2.85909, 3.75484, 4.92550, 1.11271, 0.70390, 0.00000, 0.00000, 0.00000, 0.00000, 0.00000, 0.00000, 0.94766, 0.16798, 0.35746, 0.47456, 0.00000, 0.00000
3.93313, 1.97536, 2.21782, 4.92852, 0.46544, 1.10403, 1.00000, 378252.00000, 378252.00000, 378252.00000, 0.00000, 0.00000, 0.91102, 0.47741, 0.24897, 0.27362, 1.00000, 0.00000
3.15040, 1.49161, 3.48430, 4.92852, 0.44220, 0.78559, 1.00000, 200892.00000, 200892.00000, 200892.00000, 0.00000, 0.00000, 0.91102, 0.38313, 0.19070, 0.42617, 0.00000, 1.00000
4.02561, 0.70086, 2.75567, 4.92853, 0.17237, 0.97747, 0.00000, 0.00000, 0.00000, 0.00000, 0.00000, 0.00000, 0.90081, 0.52824, 0.10514, 0.36663, 0.00000, 0.00000
3.75484, 1.40973, 2.85909, 4.92550, 0.35916, 0.95149, 0.00000, 0.00000, 0.00000, 0.00000, 0.00000, 0.00000, 0.94766, 0.47456, 0.16798, 0.35746, 0.00000, 0.00000
2.20355, 3.47499, 2.68919, 4.91558, 1.00567, 0.99193, 1.00000, 468588.00000, 468588.00000, 468588.00000, 0.00000, 0.00000, 1.08598, 0.26522, 0.41309, 0.32170, 1.00000, 0.00000
2.68919, 2.20355, 3.47499, 4.91558, 0.68646, 0.78564, 1.00000, 395778.00000, 395778.00000, 395778.00000, 0.00000, 0.00000, 1.08598, 0.32170, 0.26522, 0.41309, 0.00000, 1.00000
3.47499, 2.68919, 2.20355, 4.91558, 0.65860, 1.10596, 2.00000, 492971.00000, 422308.00000, 457639.50000, 1248314892.25000, 35331.50000, 1.08598, 0.41309, 0.32170, 0.26522, 1.00000, 0.00000
2.83550, 2.83550, 2.83550, 4.91123, 0.78540, 0.95532, 0.00000, 0.00000, 0.00000, 0.00000, 0.00000, 0.00000, 1.14286, 0.33333, 0.33333, 0.33333, 0.00000, 0.00000
-0.43315, 2.05481, 4.45876, 4.92853, 1.77855, 0.44016, 0.00000, 0.00000, 0.00000, 0.00000, 0.00000, 0.00000, 0.90081, -0.08228, 0.33112, 0.75116, 0.00000, 0.00000
-1.70460, 1.50894, 4.37124, 4.92852, 2.41700, 0.48015, 4.00000, 347787.00000, 92078.00000, 172609.00000, 10623671483.50000, 103071.19619, 0.91102, -0.42255, 0.35294, 1.06961, 0.00000, 1.00000
-0.43811, 0.72621, 4.85499, 4.92852, 2.11363, 0.17295, 4.00000, 369863.00000, 147353.00000, 233262.50000, 7306661330.75000, 85479.01105, 0.91102, -0.09634, 0.13403, 0.96230, 0.00000, 1.00000
-0.87126, 1.44936, 4.62611, 4.92550, 2.11205, 0.35046, 5.00000, 336531.00000, 116380.00000, 256339.60000, 5996937229.84000, 77439.89430, 0.94766, -0.15634, 0.28534, 0.87099, 0.00000, 1.00000
-2.87963, 0.78273, 3.92241, 4.92852, 2.87619, 0.65037, 4.00000, 254603.00000, 57970.00000, 144513.00000, 4974803639.50000, 70532.28792, 0.91102, -1.48153, 0.40335, 2.07817, 0.00000, 1.00000
-3.75791, 0.00000, 3.18882, 4.92853, 3.14159, 0.86714, 26.00000, 481091.00000, 18192.00000, 164369.61538, 17176531089.23669, 131059.26556, 0.90081, 8.64229, -0.00000, -7.64229, 0.00000, 1.00000
-2.87963, -0.78273, 3.92241, 4.92852, -2.87619, 0.65037, 26.00000, 481353.00000, 33105.00000, 179111.07692, 14891843752.22485, 122032.14229, 0.91102, -7.66476, -2.08678, 10.75154, 0.03846, 0.96154
-3.21637, 0.00000, 3.73035, 4.92550, 3.14159, 0.71154, 12.00000, 380445.00000, 22380.00000, 176448.25000, 10534606451.18750, 102638.23094, 0.94766, -8.06739, 0.00000, 9.06739, 0.00000, 1.00000
-0.43811, -0.72621, 4.85499, 4.92852, -2.11363, 0.17295, 4.00000, 445347.00000, 89794.00000, 240712.75000, 16662741955.68750, 129084.24364, 0.91102, -0.13162, -0.18312, 1.31474, 0.00000, 1.00000
-1.70460, -1.50894, 4.37124, 4.92852, -2.41700, 0.48015, 9.00000, 425984.00000, 44677.00000, 154262.33333, 16962482340.00000, 130240.09498, 0.91102, -1.43665, -1.19997, 3.63662, 0.11111, 0.88889
-0.43315, -2.05481, 4.45876, 4.92853, -1.77855, 0.44016, 10.00000, 464213.00000, 40241.00000, 243460.60000, 21569910313.84000, 146866.98170, 0.90081, -0.24359, -0.98030, 2.22389, 0.00000, 1.00000
-0.87126, -1.44936, 4.62611, 4.92550, -2.11205, 0.35046, 7.00000, 459624.00000, 97834.00000, 261125.85714, 18320130220.40816, 135351.87557, 0.94766, -0.36416, -0.66465, 2.02881, 0.00000, 1.00000
-2.14766, 0.78579, 4.35121, 4.91558, 2.79084, 0.48390, 8.00000, 463097.00000, 106546.00000, 235086.62500, 14721785891.23438, 121333.36677, 1.08598, -0.71592, 0.25627, 1.45965, 0.00000, 1.00000
-2.14766, -0.78579, 4.35121, 4.91558, -2.79084, 0.48390, 9.00000, 361167.00000, 41965.00000, 178979.00000, 9785199507.11111, 98920.16734, 1.08598, -1.46868, -0.52573, 2.99442, 0.00000, 1.00000
-0.87622, 0.00000, 4.83686, 4.91558, 3.14159, 0.17921, 4.00000, 253447.00000, 65288.00000, 144867.50000, 4692677288.25000, 68503.11882, 1.08598, -0.22879, 0.00000, 1.22879, 0.00000, 1.00000
-1.75244, 0.00000, 4.58794, 4.91123, 3.14159, 0.36486, 5.00000, 217625.00000, 112386.00000, 150992.40000, 1558840555.04000, 39482.15489, 1.14286, -0.61803, 0.00000, 1.61803, 0.00000, 1.00000
-4.45876, -0.43315, 2.05481, 4.92853, -3.04475, 1.14074, 36.00000, 432503.00000, 21758.00000, 133457.30556, 11497593223.21219, 107226.83071, 0.90081, 1.49537, 0.16379, -0.65917, 0.02778, 0.97222
-4.85499, -0.43811, 0.72621, 4.92852, -3.05160, 1.42291, 47.00000, 482807.00000, 9242.00000, 130401.19149, 15266771754.66546, 123558.77854, 0.91102, 1.04077, 0.10419, -0.14496, 0.02128, 0.97872
-4.37124, -1.70460, 1.50894, 4.92852, -2.76977, 1.25963, 115.00000, 331756.00000, 7421.00000, 74547.53043, 5627814651.65777, 75018.76200, 0.91102, 0.93889, 0.37091, -0.30980, 0.00000, 1.00000
-4.62611, -0.87126, 1.44936, 4.92550, -2.95544, 1.27212, 46.00000, 358600.00000, 14659.00000, 97541.82609, 9091947789.01323, 95351.70575, 0.94766, 1.17386, 0.21070, -0.38457, 0.00000, 1.00000
-4.85499, -0.43811, -0.72621, 4.92852, -3.05160, 1.71868, 48.00000, 444710.00000, 18150.00000, 140453.29167, 13780101028.83160, 117388.67505, 0.91102, 0.80685, 0.08077, 0.11238, 0.06250, 0.93750
-4.45876, -0.43315, -2.05481, 4.92853, -3.04475, 2.00085, 31.00000, 409631.00000, 30305.00000, 177216.00000, 10573793695.03226, 102828.95358, 0.90081, 0.64502, 0.07065, 0.28433, 0.06452, 0.93548
-4.37124, -1.70460, -1.50894, 4.92852, -2.76977, 1.88196, 72.00000, 472718.00000, 13903.00000, 103786.70833, 7876809449.17882, 88751.39125, 0.91102, 0.57970, 0.22901, 0.19128, 0.02778, 0.97222
-4.62611, -0.87126, -1.44936, 4.92550, -2.95544, 1.86947, 44.00000, 455649.00000, 15660.00000, 108003.40909, 8337341822.69628, 91309.04568, 0.94766, 0.66353, 0.11910, 0.21738, 0.00000, 1.00000
-3.92241, -2.87963, 0.78273, 4.92852, -2.50831, 1.41130, 217.00000, 478308.00000, 5602.00000, 68672.69124, 7683141626.89545, 87653.53174, 0.91102, 0.65841, 0.46938, -0.12779, 0.00922, 0.99078
-3.92241, -2.87963, -0.78273, 4.92852, -2.50831, 1.73029, 145.00000, 488458.00000, 6977.00000, 85221.91034, 10941886429.52989, 104603.47236, 0.91102, 0.52439, 0.37383, 0.10178, 0.02759, 0.97241
-3.18882, -3.75791, 0.00000, 4.92853, -2.27446, 1.57080, 136.00000, 498924.00000, 4597.00000, 79145.98529, 10462595256.23508, 102286.82836, 0.90081, 0.46930, 0.53070, 0.00000, 0.00000, 1.00000
-3.73035, -3.21637, 0.00000, 4.92550, -2.43005, 1.57080, 143.00000, 334103.00000, 6098.00000, 57590.07692, 4519123128.75632, 67224.42360, 0.94766, 0.52918, 0.47082, -0.00000, 0.00000, 1.00000
-4.83686, -0.87622, 0.00000, 4.91558, -2.96238, 1.57080, 44.00000, 488803.00000, 13759.00000, 103592.79545, 10818969952.70816, 104014.27764, 1.08598, 0.84303, 0.15697, -0.00000, 0.02273, 0.97727
-4.35121, -2.14766, -0.78579, 4.91558, -2.68310, 1.73134, 103.00000, 451785.00000, 9914.00000, 80053.44660, 8187520424.30540, 90484.91821, 1.08598, 0.60022, 0.29439, 0.10538, 0.00971, 0.99029
-4.35121, -2.14766, 0.78579, 4.91558, -2.68310, 1.41025, 116.00000, 487087.00000, 5594.00000, 85799.56897, 10504402578.43490, 102490.98779, 1.08598, 0.76051, 0.37301, -0.13352, 0.01724, 0.98276
-4.58794, -1.75244, 0.00000, 4.91123, -2.77673, 1.57080, 125.00000, 480038.00000, 6641.00000, 89739.52000, 11441313384.10560, 106964.07520, 1.14286, 0.72361, 0.27639, -0.00000, 0.01600, 0.98400
-3.75791, 0.00000, -3.18882, 4.92853, 3.14159, 2.27446, 22.00000, 311205.00000, 38962.00000, 183564.95455, 4968604219.40702, 70488.32683, 0.90081, 0.53070, -0.00000, 0.46930, 0.54545, 0.45455
-2.87963, 0.78273, -3.92241, 4.92852, 2.87619, 2.49122, 22.00000, 401991.00000, 30952.00000, 172704.86364, 13347113285.57231, 115529.70737, 0.91102, 0.46938, -0.12779, 0.65841, 0.68182, 0.31818
-2.87963, -0.78273, -3.92241, 4.92852, -2.87619, 2.49122, 32.00000, 464178.00000, 60132.00000, 201421.12500, 14418065142.85938, 120075.24784, 0.91102, 0.37383, 0.10178, 0.52439, 0.68750, 0.31250
-3.21637, 0.00000, -3.73035, 4.92550, 3.14159, 2.43005, 17.00000, 487776.00000, 99071.00000, 251771.70588, 13308379749.85467, 115361.95105, 0.94766, 0.47082, 0.00000, 0.52918, 0.52941, 0.47059
-1.70460, 1.50894, -4.37124, 4.92852, 2.41700, 2.66145, 38.00000, 493000.00000, 24832.00000, 209179.86842, 20954979970.27216, 144758.35026, 0.91102, 0.37091, -0.30980, 0.93889, 0.89474, 0.10526
-0.43315, 2.05481, -4.45876, 4.92853, 1.77855, 2.70143, 26.00000, 493471.00000, 31592.00000, 195187.46154, 21375892667.17160, 146204.96800, 0.90081, 0.16379, -0.65917, 1.49537, 0.96154, 0.03846
-0.43811, 0.72621, -4.85499, 4.92852, 2.11363, 2.96865, 56.00000, 491076.00000, 17226.00000, 169637.23214, 17467798144.64254, 132165.79794, 0.91102, 0.10419, -0.14496, 1.04077, 0.98214, 0.01786
-0.87126, 1.44936, -4.62611, 4.92550, 2.11205, 2.79113, 33.00000, 474863.00000, 29795.00000, 149597.87879, 15152063569.07622, 123093.71864, 0.94766, 0.21070, -0.38457, 1.17386, 0.93939, 0.06061
-1.70460, -1.50894, -4.37124, 4.92852, -2.41700, 2.66145, 49.00000, 458385.00000, 27076.00000, 171173.24490, 14466140340.59308, 120275.26903, 0.91102, 0.22901, 0.19128, 0.57970, 0.89796, 0.10204
-0.43811, -0.72621, -4.85499, 4.92852, -2.11363, 2.96865, 73.00000, 447894.00000, 16899.00000, 117878.17808, 9142632569.70801, 95617.11442, 0.91102, 0.08077, 0.11238, 0.80685, 0.97260, 0.02740
-0.43315, -2.05481, -4.45876, 4.92853, -1.77855, 2.70143, 51.00000, 418655.00000, 27367.00000, 144935.07843, 10500559991.87620, 102472.24010, 0.90081, 0.07065, 0.28433, 0.64502, 0.94118, 0.05882
-0.87126, -1.44936, -4.62611, 4.92550, -2.11205, 2.79113, 55.00000, 472918.00000, 22934.00000, 149124.10909, 13799568989.26083, 117471.56673, 0.94766, 0.11910, 0.21738, 0.66353, 0.83636, 0.16364
-2.14766, 0.78579, -4.35121, 4.91558, 2.79084, 2.65769, 24.00000, 289090.00000, 26892.00000, 126345.20833, 5432918776.74826, 73708.33587, 1.08598, 0.37301, -0.13352, 0.76051, 0.95833, 0.04167
-0.87622, 0.00000, -4.83686, 4.91558, 3.14159, 2.96238, 48.00000, 469382.00000, 22363.00000, 118721.12500, 7762393498.60938, 88104.44653, 1.08598, 0.15697, 0.00000, 0.84303, 0.95833, 0.04167
-2.14766, -0.78579, -4.35121, 4.91558, -2.79084, 2.65769, 33.00000, 459327.00000, 28383.00000, 172872.24242, 15990990281.45638, 126455.48735, 1.08598, 0.29439, 0.10538, 0.60022, 0.78788, 0.21212
-1.75244, 0.00000, -4.58794, 4.91123, 3.14159, 2.77673, 33.00000, 480330.00000, 19251.00000, 158015.84848, 14493492045.46189, 120388.91994, 1.14286, 0.27639, 0.00000, 0.72361, 0.93939, 0.06061
0.70086, 2.75567, -4.02561, 4.92853, 1.32174, 2.52663, 29.00000, 491580.00000, 40650.00000, 159535.13793, 11457827792.60166, 107041.24342, 0.90081, -1.86160, -6.49176, 9.35336, 1.00000, 0.00000
1.49161, 3.48430, -3.15040, 4.92852, 1.16631, 2.26428, 13.00000, 418560.00000, 64226.00000, 190864.69231, 14033324441.59763, 118462.33343, 0.91102, 0.81587, 1.82322, -1.63909, 1.00000, 0.00000
1.97536, 2.21782, -3.93313, 4.92852, 0.84316, 2.49482, 25.00000, 461306.00000, 33052.00000, 182173.84000, 15325646445.89440, 123796.79497, 0.91102, 5.51065, 6.05607, -10.56672, 1.00000, 0.00000
1.40973, 2.85909, -3.75484, 4.92550, 1.11271, 2.43770, 8.00000, 462126.00000, 55492.00000, 237851.62500, 22850501291.48438, 151163.82269, 0.94766, 3.30198, 7.02665, -9.32863, 1.00000, 0.00000
2.21782, 3.93313, -1.97536, 4.92852, 1.05736, 1.98319, 8.00000, 459897.00000, 56377.00000, 264508.12500, 24061440003.35938, 155117.50386, 0.91102, 0.54500, 0.95092, -0.49591, 1.00000, 0.00000
2.75567, 4.02561, -0.70086, 4.92853, 0.97053, 1.71348, 3.00000, 310795.00000, 172875.00000, 248662.00000, 3263536924.66667, 57127.37456, 0.90081, 0.46424, 0.66888, -0.13313, 1.00000, 0.00000
3.48430, 3.15040, -1.49161, 4.92852, 0.73511, 1.87827, 12.00000, 472531.00000, 100126.00000, 285135.33333, 15105718539.22222, 122905.32348, 0.91102, 0.68893, 0.61936, -0.30829, 0.91667, 0.08333
2.85909, 3.75484, -1.40973, 4.92550, 0.92001, 1.86107, 9.00000, 434599.00000, 85247.00000, 223112.11111, 14234606741.20988, 119308.87118, 0.94766, 0.53830, 0.71466, -0.25296, 1.00000, 0.00000
3.15040, 1.49161, -3.48430, 4.92852, 0.44220, 2.35600, 22.00000, 477935.00000, 48947.00000, 197412.09091, 16112366811.99174, 126934.49812, 0.91102, 2.59457, 1.29147, -2.88604, 0.95455, 0.04545
3.93313, 1.97536, -2.21782, 4.92852, 0.46544, 2.03756, 6.00000, 458690.00000, 64329.00000, 256877.50000, 28012346345.58333, 167368.89300, 0.91102, 1.05443, 0.54989, -0.60432, 1.00000, 0.00000
4.02561, 0.70086, -2.75567, 4.92853, 0.17237, 2.16413, 14.00000, 460613.00000, 38315.00000, 192015.07143, 18070556247.49490, 134426.76909, 0.90081, 1.98030, 0.39414, -1.37444, 1.00000, 0.00000
3.75484, 1.40973, -2.85909, 4.92550, 0.35916, 2.19010, 18.00000, 429829.00000, 93060.00000, 226864.38889, 14592446027.79321, 120799.19713, 0.94766, 1.66465, 0.58922, -1.25387, 1.00000, 0.00000
2.20355, 3.47499, -2.68919, 4.91558, 1.00567, 2.14966, 9.00000, 478754.00000, 134796.00000, 244780.66667, 10558686459.33333, 102755.46924, 1.08598, 0.74373, 1.15838, -0.90211, 1.00000, 0.00000
3.47499, 2.68919, -2.20355, 4.91558, 0.65860, 2.03563, 8.00000, 494889.00000, 158754.00000, 325716.87500, 15264305216.35938, 123548.79690, 1.08598, 0.87972, 0.68510, -0.56481, 1.00000, 0.00000
2.68919, 2.20355, -3.47499, 4.91558, 0.68646, 2.35595, 13.00000, 365360.00000, 40594.00000, 181850.38462, 9768256919.62130, 98834.49256, 1.08598, 1.85065, 1.52573, -2.37638, 1.00000, 0.00000
2.83550, 2.83550, -2.83550, 4.91123, 0.78540, 2.18628, 11.00000, 420848.00000, 58381.00000, 165966.54545, 13761874143.70248, 117311.01459, 1.14286, 1.00000, 1.00000, -1.00000, 1.00000, 0.00000
2.75567, -4.02561, 0.70086, 4.92853, -0.97053, 1.42811, 9.00000, 434097.00000, 149672.00000, 260338.88889, 11124874236.09876, 105474.51937, 0.90081, -6.49176, 9.35336, -1.86160, 0.55556, 0.44444
3.48430, -3.15040, 1.49161, 4.92852, -0.73511, 1.26333, 0.00000, 0.00000, 0.00000, 0.00000, 0.00000, 0.00000, 0.91102, 1.82322, -1.63909, 0.81587, 0.00000, 0.00000
2.21782, -3.93313, 1.97536, 4.92852, -1.05736, 1.15840, 8.00000, 420259.00000, 82370.00000, 229041.50000, 12738170410.25000, 112863.50345, 0.91102, 6.05607, -10.56672, 5.51065, 0.25000, 0.75000
2.85909, -3.75484, 1.40973, 4.92550, -0.92001, 1.28053, 0.00000, 0.00000, 0.00000, 0.00000, 0.00000, 0.00000, 0.94766, 7.02665, -9.32863, 3.30198, 0.00000, 0.00000
3.93313, -1.97536, 2.21782, 4.92852, -0.46544, 1.10403, 0.00000, 0.00000, 0.00000, 0.00000, 0.00000, 0.00000, 0.91102, 0.95092, -0.49591, 0.54500, 0.00000, 0.00000
4.02561, -0.70086, 2.75567, 4.92853, -0.17237, 0.97747, 0.00000, 0.00000, 0.00000, 0.00000, 0.00000, 0.00000, 0.90081, 0.66888, -0.13313, 0.46424, 0.00000, 0.00000
3.15040, -1.49161, 3.48430, 4.92852, -0.44220, 0.78559, 5.00000, 370335.00000, 122732.00000, 251493.00000, 9689338431.60000, 98434.43722, 0.91102, 0.61936, -0.30829, 0.68893, 0.40000, 0.60000
3.75484, -1.40973, 2.85909, 4.92550, -0.35916, 0.95149, 3.00000, 358565.00000, 200264.00000, 270445.00000, 4337438294.00000, 65859.23089, 0.94766, 0.71466, -0.25296, 0.53830, 0.00000, 1.00000
1.49161, -3.48430, 3.15040, 4.92852, -1.16631, 0.87732, 5.00000, 363857.00000, 47102.00000, 188135.80000, 14064962428.16000, 118595.79431, 0.91102, 1.29147, -2.88604, 2.59457, 0.00000, 1.00000
1.97536, -2.21782, 3.93313, 4.92852, -0.84316, 0.64677, 2.00000, 443961.00000, 323224.00000, 383592.50000, 3644355792.25000, 60368.50000, 0.91102, 0.54989, -0.60432, 1.05443, 0.00000, 1.00000
0.70086, -2.75567, 4.02561, 4.92853, -1.32174, 0.61496, 4.00000, 245447.00000, 91597.00000, 170810.50000, 3687409766.75000, 60724.04603, 0.90081, 0.39414, -1.37444, 1.98030, 0.00000, 1.00000
1.40973, -2.85909, 3.75484, 4.92550, -1.11271, 0.70390, 2.00000, 257845.00000, 97037.00000, 177441.00000, 6464803216.00000, 80404.00000, 0.94766, 0.58922, -1.25387, 1.66465, 0.00000, 1.00000
3.47499, -2.68919, 2.20355, 4.91558, -0.65860, 1.10596, 3.00000, 323584.00000, 167951.00000, 258551.66667, 4363808282.88889, 66059.12717, 1.08598, 1.15838, -0.90211, 0.74373, 1.00000, 0.00000
2.68919, -2.20355, 3.47499, 4.91558, -0.68646, 0.78564, 2.00000, 393143.00000, 321785.00000, 357464.00000, 1272991041.00000, 35679.00000, 1.08598, 0.68510, -0.56481, 0.87972, 0.00000, 1.00000
2.20355, -3.47499, 2.68919, 4.91558, -1.00567, 0.99193, 6.00000, 466079.00000, 83860.00000, 358862.16667, 17634320200.47222, 132794.27774, 1.08598, 1.52573, -2.37638, 1.85065, 0.33333, 0.66667
2.83550, -2.83550, 2.83550, 4.91123, -0.78540, 0.95532, 3.00000, 287705.00000, 270587.00000, 280337.66667, 51677792.88889, 7188.72679, 1.14286, 1.00000, -1.00000, 1.00000, 0.33333, 0.66667
2.05481, -4.45876, 0.43315, 4.92853, -1.13896, 1.48280, 2.00000, 235799.00000, 102319.00000, 169059.00000, 4454227600.00000, 66740.00000, 0.90081, -0.98030, 2.22389, -0.24359, 0.50000, 0.50000
1.50894, -4.37124, 1.70460, 4.92852, -1.23841, 1.21764, 9.00000, 417579.00000, 54901.00000, 225322.77778, 14510161805.50617, 120458.13300, 0.91102, -1.19997, 3.63662, -1.43665, 0.22222, 0.77778
0.72621, -4.85499, 0.43811, 4.92852, -1.42232, 1.48179, 18.00000, 409272.00000, 59448.00000, 173382.00000, 7227039136.55556, 85011.99407, 0.91102, -0.18312, 1.31474, -0.13162, 0.16667, 0.83333
1.44936, -4.62611, 0.87126, 4.92550, -1.26718, 1.39297, 8.00000, 288106.00000, 57181.00000, 193957.87500, 5808117053.10938, 76211.00349, 0.94766, -0.66465, 2.02881, -0.36416, 0.00000, 1.00000
0.78273, -3.92241, 2.87963, 4.92852, -1.37383, 0.94680, 8.00000, 489923.00000, 97403.00000, 271660.12500, 17090636268.10938, 130731.16028, 0.91102, -2.08678, 10.75154, -7.66476, 0.25000, 0.75000
0.00000, -3.18882, 3.75791, 4.92853, -1.57080, 0.70366, 12.00000, 437538.00000, 58751.00000, 256015.75000, 14383641519.35417, 119931.82030, 0.90081, 0.00000, -7.64229, 8.64229, 0.08333, 0.91667
-0.78273, -3.92241, 2.87963, 4.92852, -1.76776, 0.94680, 30.00000, 490852.00000, 22817.00000, 123984.46667, 10304619414.98222, 101511.67132, 0.91102, 0.40335, 2.07817, -1.48153, 0.00000, 1.00000
0.00000, -3.73035, 3.21637, 4.92550, -1.57080, 0.85925, 7.00000, 240289.00000, 42799.00000, 141693.14286, 2910527663.26531, 53949.30642, 0.94766, -0.00000, 9.06739, -8.06739, 0.00000, 1.00000
-0.72621, -4.85499, 0.43811, 4.92852, -1.71928, 1.48179, 39.00000, 452571.00000, 21700.00000, 143835.79487, 15210953444.06049, 123332.69414, 0.91102, 0.13403, 0.96230, -0.09634, 0.07692, 0.92308
-1.50894, -4.37124, 1.70460, 4.92852, -1.90319, 1.21764, 47.00000, 494066.00000, 16500.00000, 112230.14894, 10075648579.82888, 100377.53025, 0.91102, 0.35294, 1.06961, -0.42255, 0.04255, 0.95745
-2.05481, -4.45876, 0.43315, 4.92853, -2.00263, 1.48280, 68.00000, 496834.00000, 12306.00000, 134200.91176, 15883783789.75692, 126030.88427, 0.90081, 0.33112, 0.75116, -0.08228, 0.04412, 0.95588
-1.44936, -4.62611, 0.87126, 4.92550, -1.87441, 1.39297, 46.00000, 483768.00000, 11344.00000, 129619.39130, 15218259634.49905, 123362.31043, 0.94766, 0.28534, 0.87099, -0.15634, 0.02174, 0.97826
0.78579, -4.35121, 2.14766, 4.91558, -1.39213, 1.11864, 6.00000, 292665.00000, 47213.00000, 121556.16667, 6284706555.13889, 79276.14115, 1.08598, -0.52573, 2.99442, -1.46868, 0.00000, 1.00000
-0.78579, -4.35121, 2.14766, 4.91558, -1.74946, 1.11864, 23.00000, 459771.00000, 39456.00000, 138032.60870, 11770169377.45558, 108490.41145, 1.08598, 0.25627, 1.45965, -0.71592, 0.00000, 1.00000
0.00000, -4.83686, 0.87622, 4.91558, -1.57080, 1.39159, 19.00000, 477937.00000, 50802.00000, 223595.94737, 18913664956.36565, 137526.96083, 1.08598, -0.00000, 1.22879, -0.22879, 0.10526, 0.89474
0.00000, -4.58794, 1.75244, 4.91123, -1.57080, 1.20593, 23.00000, 465402.00000, 36464.00000, 193581.69565, 15692494898.29868, 125269.68867, 1.14286, -0.00000, 1.61803, -0.61803, 0.08696, 0.91304
2.05481, -4.45876, -0.43315, 4.92853, -1.13896, 1.65880, 9.00000, 466003.00000, 67479.00000, 272740.55556, 22712769515.13580, 150707.56290, 0.90081, -0.65917, 1.49537, 0.16379, 0.44444, 0.55556
0.72621, -4.85499, -0.43811, 4.92852, -1.42232, 1.65981, 16.00000, 484056.00000, 24584.00000, 170810.75000, 14988900927.81250, 122429.16698, 0.91102, -0.14496, 1.04077, 0.10419, 0.37500, 0.62500
1.50894, -4.37124, -1.70460, 4.92852, -1.23841, 1.92396, 25.00000, 483270.00000, 85552.00000, 256260.52000, 12494871164.96960, 111780.45967, 0.91102, -0.30980, 0.93889, 0.37091, 0.44000, 0.56000
1.44936, -4.62611, -0.87126, 4.92550, -1.26718, 1.74862, 7.00000, 399615.00000, 168182.00000, 264780.85714, 4087967053.26531, 63937.21180, 0.94766, -0.38457, 1.17386, 0.21070, 0.42857, 0.57143
-0.72621, -4.85499, -0.43811, 4.92852, -1.71928, 1.65981, 32.00000, 499949.00000, 31781.00000, 167371.90625, 16338668470.83496, 127822.80106, 0.91102, 0.11238, 0.80685, 0.08077, 0.12500, 0.87500
-2.05481, -4.45876, -0.43315, 4.92853, -2.00263, 1.65880, 56.00000, 426666.00000, 9055.00000, 129547.26786, 10706428939.73182, 103471.87511, 0.90081, 0.28433, 0.64502, 0.07065, 0.05357, 0.94643
-1.50894, -4.37124, -1.70460, 4.92852, -1.90319, 1.92396, 42.00000, 392154.00000, 14477.00000, 131992.21429, 8798302684.12075, 93799.26804, 0.91102, 0.19128, 0.57970, 0.22901, 0.16667, 0.83333
-1.44936, -4.62611, -0.87126, 4.92550, -1.87441, 1.74862, 49.00000, 476145.00000, 22357.00000, 140702.32653, 12700622456.62807, 112697.03837, 0.94766, 0.21738, 0.66353, 0.11910, 0.10204, 0.89796
0.78273, -3.92241, -2.87963, 4.92852, -1.37383, 2.19479, 26.00000, 488833.00000, 44348.00000, 182612.46154, 15228530488.63314, 123403.93223, 0.91102, -0.12779, 0.65841, 0.46938, 0.80769, 0.19231
-0.78273, -3.92241, -2.87963, 4.92852, -1.76776, 2.19479, 34.00000, 460610.00000, 36691.00000, 170628.76471, 11307777290.17993, 106338.03313, 0.91102, 0.10178, 0.52439, 0.37383, 0.47059, 0.52941
0.00000, -3.18882, -3.75791, 4.92853, -1.57080, 2.43793, 53.00000, 407304.00000, 30875.00000, 162959.28302, 11302620934.58028, 106313.78525, 0.90081, 0.00000, 0.46930, 0.53070, 0.77358, 0.22642
0.00000, -3.73035, -3.21637, 4.92550, -1.57080, 2.28234, 24.00000, 469772.00000, 26138.00000, 156646.20833, 9371631509.66493, 96807.18728, 0.94766, -0.00000, 0.52918, 0.47082, 0.70833, 0.29167
0.00000, -4.83686, -0.87622, 4.91558, -1.57080, 1.75001, 18.00000, 457433.00000, 35644.00000, 180516.83333, 12283155119.25000, 110829.39646, 1.08598, -0.00000, 0.84303, 0.15697, 0.11111, 0.88889
-0.78579, -4.35121, -2.14766, 4.91558, -1.74946, 2.02296, 18.00000, 476026.00000, 27282.00000, 198100.50000, 23033520046.47222, 151767.98097, 1.08598, 0.10538, 0.60022, 0.29439, 0.38889, 0.61111
0.78579, -4.35121, -2.14766, 4.91558, -1.39213, 2.02296, 23.00000, 498336.00000, 31318.00000, 215194.65217, 23458065713.70510, 153160.26154, 1.08598, -0.13352, 0.76051, 0.37301, 0.39130, 0.60870
0.00000, -4.58794, -1.75244, 4.91123, -1.57080, 1.93566, 24.00000, 491575.00000, 63725.00000, 237170.45833, 13173711939.83160, 114776.79182, 1.14286, -0.00000, 0.72361, 0.27639, 0.45833, 0.54167
2.75567, -4.02561, -0.70086, 4.92853, -0.97053, 1.71348, 7.00000, 458277.00000, 156452.00000, 253697.28571, 8954405792.48980, 94627.72211, 0.90081, -1.37444, 1.98030, 0.39414, 0.71429, 0.28571
2.21782, -3.93313, -1.97536, 4.92852, -1.05736, 1.98319, 16.00000, 487302.00000, 47999.00000, 260049.68750, 19976744078.83984, 141339.11022, 0.91102, -0.60432, 1.05443, 0.54989, 0.81250, 0.18750
3.48430, -3.15040, -1.49161, 4.92852, -0.73511, 1.87827, 18.00000, 481192.00000, 82755.00000, 236688.05556, 12110916006.16358, 110049.60702, 0.91102, -2.88604, 2.59457, 1.29147, 0.77778, 0.22222
2.85909, -3.75484, -1.40973, 4.92550, -0.92001, 1.86107, 19.00000, 421733.00000, 25243.00000, 169347.84211, 12610592603.39612, 112296.89490, 0.94766, -1.25387, 1.66465, 0.58922, 0.84211, 0.15789
1.49161, -3.48430, -3.15040, 4.92852, -1.16631, 2.26428, 31.00000, 482725.00000, 35295.00000, 185088.70968, 14875632498.91571, 121965.70214, 0.91102, -0.30829, 0.68893, 0.61936, 0.83871, 0.16129
0.70086, -2.75567, -4.02561, 4.92853, -1.32174, 2.52663, 46.00000, 468612.00000, 30812.00000, 163668.89130, 16541002444.35775, 128611.82856, 0.90081, -0.13313, 0.46424, 0.66888, 0.91304, 0.08696
1.97536, -2.21782, -3.93313, 4.92852, -0.84316, 2.49482, 62.00000, 491071.00000, 23126.00000, 151374.66129, 18362179656.57883, 135507.12032, 0.91102, -0.49591, 0.54500, 0.95092, 0.96774, 0.03226
1.40973, -2.85909, -3.75484, 4.92550, -1.11271, 2.43770, 40.00000, 497462.00000, 27065.00000, 168395.72500, 18203841887.49938, 134921.61386, 0.94766, -0.25296, 0.53830, 0.71466, 0.92500, 0.07500
3.93313, -1.97536, -2.21782, 4.92852, -0.46544, 2.03756, 13.00000, 368966.00000, 74843.00000, 185583.23077, 8026182669.25444, 89588.96511, 0.91102, -10.56672, 5.51065, 6.05607, 1.00000, 0.00000
3.15040, -1.49161, -3.48430, 4.92852, -0.44220, 2.35600, 43.00000, 361818.00000, 26295.00000, 148625.51163, 8670738577.08707, 93116.80072, 0.91102, -1.63909, 0.81587, 1.82322, 0.95349, 0.04651
4.02561, -0.70086, -2.75567, 4.92853, -0.17237, 2.16413, 23.00000, 492266.00000, 33872.00000, 211610.34783, 16147530513.79206, 127072.93384, 0.90081, 9.35336, -1.86160, -6.49176, 1.00000, 0.00000
3.75484, -1.40973, -2.85909, 4.92550, -0.35916, 2.19010, 24.00000, 414926.00000, 47373.00000, 202119.29167, 12598908449.45660, 112244.85935, 0.94766, -9.32863, 3.30198, 7.02665, 0.91667, 0.08333
2.20355, -3.47499, -2.68919, 4.91558, -1.00567, 2.14966, 19.00000, 483681.00000, 48409.00000, 241739.42105, 23028578682.45429, 151751.70076, 1.08598, -0.56481, 0.87972, 0.68510, 0.89474, 0.10526
2.68919, -2.20355, -3.47499, 4.91558, -0.68646, 2.35595, 17.00000, 431587.00000, 54714.00000, 172910.64706, 9978766251.75779, 99893.77484, 1.08598, -0.90211, 0.74373, 1.15838, 0.88235, 0.11765
3.47499, -2.68919, -2.20355, 4.91558, -0.65860, 2.03563, 17.00000, 472835.00000, 80571.00000, 229270.23529, 14613874304.76817, 120887.85838, 1.08598, -2.37638, 1.85065, 1.52573, 0.88235, 0.11765
2.83550, -2.83550, -2.83550, 4.91123, -0.78540, 2.18628, 29.00000, 415928.00000, 34175.00000, 219203.96552, 11864064385.61950, 108922.28599, 1.14286, -1.00000, 1.00000, 1.00000, 0.93103, 0.06897
3.18882, -3.75791, 0.00000, 4.92853, -0.86714, 1.57080, 6.00000, 482745.00000, 78576.00000, 222965.16667, 20959639609.13889, 144774.44391, 0.90081, -7.64229, 8.64229, -0.00000, 0.83333, 0.16667
3.92241, -2.87963, -0.78273, 4.92852, -0.63328, 1.73029, 10.00000, 453970.00000, 62975.00000, 194152.30000, 16334286627.41000, 127805.65961, 0.91102, 10.75154, -7.66476, -2.08678, 0.90000, 0.10000
3.92241, -2.87963, 0.78273, 4.92852, -0.63328, 1.41130, 7.00000, 348800.00000, 143782.00000, 219947.14286, 5733158808.97959, 75717.62548, 0.91102, 2.07817, -1.48153, 0.40335, 0.57143, 0.42857
3.73035, -3.21637, 0.00000, 4.92550, -0.71154, 1.57080, 6.00000, 472719.00000, 195481.00000, 338297.83333, 10022407726.13889, 100111.97594, 0.94766, 9.06739, -8.06739, 0.00000, 0.66667, 0.33333
4.37124, -1.70460, -1.50894, 4.92852, -0.37182, 1.88196, 15.00000, 478734.00000, 45809.00000, 243486.13333, 22387731507.84889, 149625.30370, 0.91102, 3.63662, -1.43665, -1.19997, 0.93333, 0.06667
4.45876, -0.43315, -2.05481, 4.92853, -0.09684, 2.00085, 14.00000, 465071.00000, 48663.00000, 238892.92857, 14193538375.49490, 119136.63742, 0.90081, 2.22389, -0.24359, -0.98030, 1.00000, 0.00000
4.85499, -0.43811, -0.72621, 4.92852, -0.09000, 1.71868, 6.00000, 413650.00000, 75784.00000, 236437.16667, 11908810344.47222, 109127.49582, 0.91102, 1.31474, -0.13162, -0.18312, 1.00000, 0.00000
4.62611, -0.87126, -1.44936, 4.92550, -0.18616, 1.86947, 8.00000, 270519.00000, 60367.00000, 176113.12500, 4243368120.10938, 65141.14000, 0.94766, 2.02881, -0.36416, -0.66465, 1.00000, 0.00000
4.37124, -1.70460, 1.50894, 4.92852, -0.37182, 1.25963, 2.00000, 166002.00000, 144465.00000, 155233.50000, 115960592.25000, 10768.50000, 0.91102, 1.06961, -0.42255, 0.35294, 0.50000, 0.50000
4.85499, -0.43811, 0.72621, 4.92852, -0.09000, 1.42291, 3.00000, 338971.00000, 228048.00000, 295846.66667, 2355063350.88889, 48528.99495, 0.91102, 0.96230, -0.09634, 0.13403, 1.00000, 0.00000
4.45876, -0.43315, 2.05481, 4.92853, -0.09684, 1.14074, 2.00000, 424372.00000, 188830.00000, 306601.00000, 13870008441.00000, 117771.00000, 0.90081, 0.75116, -0.08228, 0.33112, 1.00000, 0.00000
4.62611, -0.87126, 1.44936, 4.92550, -0.18616, 1.27212, 4.00000, 375542.00000, 200928.00000, 303447.00000, 4704959081.00000, 68592.70428, 0.94766, 0.87099, -0.15634, 0.28534, 1.00000, 0.00000
4.35121, -2.14766, -0.78579, 4.91558, -0.45850, 1.73134, 6.00000, 304992.00000, 80554.00000, 210951.33333, 5659383340.55555, 75228.87305, 1.08598, 2.99442, -1.46868, -0.52573, 0.66667, 0.33333
4.83686, -0.87622, 0.00000, 4.91558, -0.17921, 1.57080, 1.00000, 459641.00000, 459641.00000, 459641.00000, 0.00000, 0.00000, 1.08598, 1.22879, -0.22879, 0.00000, 1.00000, 0.00000
4.35121, -2.14766, 0.78579, 4.91558, -0.45850, 1.41025, 2.00000, 448254.00000, 231054.00000, 339654.00000, 11793960000.00000, 108600.00000, 1.08598, 1.45965, -0.71592, 0.25627, 0.00000, 1.00000
4.58794, -1.75244, 0.00000, 4.91123, -0.36486, 1.57080, 7.00000, 475154.00000, 62825.00000, 214889.14286, 22342650415.26531, 149474.58117, 1.14286, 1.61803, -0.61803, 0.00000, 0.85714, 0.14286
0.43315, -2.05481, 4.45876, 4.92853, -1.36304, 0.44016, 6.00000, 250733.00000, 71956.00000, 153966.00000, 5081517042.00000, 71284.76024, 0.90081, 0.16379, -0.65917, 1.49537, 0.00000, 1.00000
1.70460, -1.50894, 4.37124, 4.92852, -0.72459, 0.48015, 4.00000, 482350.00000, 179279.00000, 368339.50000, 12979590496.25000, 113928.00576, 0.91102, 0.37091, -0.30980, 0.93889, 0.00000, 1.00000
0.43811, -0.72621, 4.85499, 4.92852, -1.02797, 0.17295, 3.00000, 404979.00000, 52210.00000, 205297.00000, 21826541572.66667, 147738.08437, 0.91102, 0.10419, -0.14496, 1.04077, 0.00000, 1.00000
0.87126, -1.44936, 4.62611, 4.92550, -1.02954, 0.35046, 5.00000, 447620.00000, 160920.00000, 271511.20000, 9716880538.16000, 98574.23871, 0.94766, 0.21070, -0.38457, 1.17386, 0.00000, 1.00000
2.87963, -0.78273, 3.92241, 4.92852, -0.26540, 0.65037, 2.00000, 240500.00000, 225953.00000, 233226.50000, 52903802.25000, 7273.50000, 0.91102, 0.46938, -0.12779, 0.65841, 0.00000, 1.00000
3.75791, 0.00000, 3.18882, 4.92853, 0.00000, 0.86714, 0.00000, 0.00000, 0.00000, 0.00000, 0.00000, 0.00000, 0.90081, 0.53070, -0.00000, 0.46930, 0.00000, 0.00000
2.87963, 0.78273, 3.92241, 4.92852, 0.26540, 0.65037, 2.00000, 413624.00000, 329605.00000, 371614.50000, 1764798090.25000, 42009.50000, 0.91102, 0.37383, 0.10178, 0.52439, 1.00000, 0.00000
3.21637, 0.00000, 3.73035, 4.92550, 0.00000, 0.71154, 0.00000, 0.00000, 0.00000, 0.00000, 0.00000, 0.00000, 0.94766, 0.47082, -0.00000, 0.52918, 0.00000, 0.00000
0.43811, 0.72621, 4.85499, 4.92852, 1.02797, 0.17295, 2.00000, 497934.00000, 380155.00000, 439044.50000, 3467973210.25000, 58889.50000, 0.91102, 0.08077, 0.11238, 0.80685, 0.00000, 1.00000
1.70460, 1.50894, 4.37124, 4.92852, 0.72459, 0.48015, 1.00000, 191169.00000, 191169.00000, 191169.00000, 0.00000, 0.00000, 0.91102, 0.22901, 0.19128, 0.57970, 0.00000, 1.00000
0.43315, 2.05481, 4.45876, 4.92853, 1.36304, 0.44016, 1.00000, 421124.00000, 421124.00000, 421124.00000, 0.00000, 0.00000, 0.90081, 0.07065, 0.28433, 0.64502, 1.00000, 0.00000
0.87126, 1.44936, 4.62611, 4.92550, 1.02954, 0.35046, 0.00000, 0.00000, 0.00000, 0.00000, 0.00000, 0.00000, 0.94766, 0.11910, 0.21738, 0.66353, 0.00000, 0.00000
2.14766, -0.78579, 4.35121, 4.91558, -0.35075, 0.48390, 5.00000, 481702.00000, 72686.00000, 277765.40000, 19485311692.64000, 139589.79795, 1.08598, 0.37301, -0.13352, 0.76051, 0.00000, 1.00000
2.14766, 0.78579, 4.35121, 4.91558, 0.35075, 0.48390, 2.00000, 407353.00000, 351451.00000, 379402.00000, 781258401.00000, 27951.00000, 1.08598, 0.29439, 0.10538, 0.60022, 0.50000, 0.50000
0.87622, 0.00000, 4.83686, 4.91558, 0.00000, 0.17921, 2.00000, 470639.00000, 220624.00000, 345631.50000, 15626875056.25000, 125007.50000, 1.08598, 0.15697, -0.00000, 0.84303, 0.00000, 1.00000
1.75244, 0.00000, 4.58794, 4.91123, 0.00000, 0.36486, 0.00000, 0.00000, 0.00000, 0.00000, 0.00000, 0.00000, 1.14286, 0.27639, 0.00000, 0.72361, 0.00000, 0.00000
-2.75567, -4.02561, 0.70086, 4.92853, -2.17107, 1.42811, 116.00000, 453924.00000, 6254.00000, 77016.06034, 6527689888.88429, 80794.12039, 0.90081, 0.46424, 0.66888, -0.13313, 0.03448, 0.96552
-2.21782, -3.93313, 1.97536, 4.92852, -2.08423, 1.15840, 83.00000, 443397.00000, 10703.00000, 101908.69880, 8899542500.13819, 94337.38654, 0.91102, 0.54500, 0.95092, -0.49591, 0.01205, 0.98795
-3.48430, -3.15040, 1.49161, 4.92852, -2.40648, 1.26333, 160.00000, 378876.00000, 6496.00000, 72368.24375, 5792725158.10933, 76109.95440, 0.91102, 0.68893, 0.61936, -0.30829, 0.01250, 0.98750
-2.85909, -3.75484, 1.40973, 4.92550, -2.22158, 1.28053, 96.00000, 480197.00000, 7686.00000, 81360.60417, 10832433809.25998, 104078.97871, 0.94766, 0.53830, 0.71466, -0.25296, 0.01042, 0.98958
-1.49161, -3.48430, 3.15040, 4.92852, -1.97528, 0.87732, 34.00000, 429858.00000, 18271.00000, 110734.73529, 7905258328.25346, 88911.51966, 0.91102, 0.81587, 1.82322, -1.63909, 0.02941, 0.97059
-0.70086, -2.75567, 4.02561, 4.92853, -1.81985, 0.61496, 13.00000, 426830.00000, 34034.00000, 172329.15385, 16825150747.51479, 129711.79880, 0.90081, -1.86160, -6.49176, 9.35336, 0.00000, 1.00000
-1.97536, -2.21782, 3.93313, 4.92852, -2.29844, 0.64677, 17.00000, 356889.00000, 40335.00000, 152927.29412, 10390980058.08997, 101936.15678, 0.91102, 5.51065, 6.05607, -10.56672, 0.00000, 1.00000
-1.40973, -2.85909, 3.75484, 4.92550, -2.02888, 0.70390, 15.00000, 372349.00000, 49022.00000, 147804.60000, 7644005067.97333, 87430.00096, 0.94766, 3.30198, 7.02665, -9.32863, 0.00000, 1.00000
-3.93313, -1.97536, 2.21782, 4.92852, -2.67616, 1.10403, 117.00000, 483513.00000, 7638.00000, 94286.82906, 7282037902.87676, 85334.85749, 0.91102, 1.05443, 0.54989, -0.60432, 0.00000, 1.00000
-3.15040, -1.49161, 3.48430, 4.92852, -2.69940, 0.78559, 31.00000, 499576.00000, 15258.00000, 130284.03226, 13687004297.51509, 116991.47105, 0.91102, 2.59457, 1.29147, -2.88604, 0.03226, 0.96774
-4.02561, -0.70086, 2.75567, 4.92853, -2.96922, 0.97747, 44.00000, 446611.00000, 12201.00000, 118878.43182, 11279751503.60899, 106206.17451, 0.90081, 1.98030, 0.39414, -1.37444, 0.02273, 0.97727
-3.75484, -1.40973, 2.85909, 4.92550, -2.78243, 0.95149, 36.00000, 426532.00000, 17285.00000, 146869.13889, 10913153870.89738, 104466.04171, 0.94766, 1.66465, 0.58922, -1.25387, 0.00000, 1.00000
-2.20355, -3.47499, 2.68919, 4.91558, -2.13592, 0.99193, 48.00000, 444487.00000, 16421.00000, 123288.83333, 9611002145.97222, 98035.71873, 1.08598, 0.74373, 1.15838, -0.90211, 0.00000, 1.00000
-2.68919, -2.20355, 3.47499, 4.91558, -2.45513, 0.78564, 33.00000, 452658.00000, 11511.00000, 130333.27273, 13546315388.98623, 116388.63943, 1.08598, 1.85065, 1.52573, -2.37638, 0.00000, 1.00000
-3.47499, -2.68919, 2.20355, 4.91558, -2.48299, 1.10596, 67.00000, 399239.00000, 7349.00000, 88831.61194, 8476863294.32702, 92069.88267, 1.08598, 0.87972, 0.68510, -0.56481, 0.00000, 1.00000
-2.83550, -2.83550, 2.83550, 4.91123, -2.35619, 0.95532, 40.00000, 473510.00000, 16854.00000, 106194.70000, 9197436123.71000, 95903.26441, 1.14286, 1.00000, 1.00000, -1.00000, 0.00000, 1.00000
-0.70086, -2.75567, -4.02561, 4.92853, -1.81985, 2.52663, 39.00000, 479429.00000, 23716.00000, 170519.35897, 18225258765.76857, 135000.95839, 0.90081, 0.10514, 0.36663, 0.52824, 0.74359, 0.25641
-1.49161, -3.48430, -3.15040, 4.92852, -1.97528, 2.26428, 47.00000, 471448.00000, 26952.00000, 198835.40426, 14370582716.58126, 119877.36532, 0.91102, 0.19070, 0.42617, 0.38313, 0.53191, 0.46809
-1.97536, -2.21782, -3.93313, 4.92852, -2.29844, 2.49482, 45.00000, 492522.00000, 33991.00000, 190354.57778, 12799431386.68839, 113134.57202, 0.91102, 0.24897, 0.27362, 0.47741, 0.71111, 0.28889
-1.40973, -2.85909, -3.75484, 4.92550, -2.02888, 2.43770, 35.00000, 490844.00000, 32725.00000, 192110.51429, 14152358902.99265, 118963.68733, 0.94766, 0.16798, 0.35746, 0.47456, 0.80000, 0.20000
-2.21782, -3.93313, -1.97536, 4.92852, -2.08423, 1.98319, 77.00000, 445695.00000, 10176.00000, 130321.57143, 12184767357.56957, 110384.63370, 0.91102, 0.27362, 0.47741, 0.24897, 0.16883, 0.83117
-2.75567, -4.02561, -0.70086, 4.92853, -2.17107, 1.71348, 94.00000, 445496.00000, 10751.00000, 92862.04255, 8342313386.14713, 91336.26545, 0.90081, 0.36663, 0.52824, 0.10514, 0.02128, 0.97872
-3.48430, -3.15040, -1.49161, 4.92852, -2.40648, 1.87827, 107.00000, 490248.00000, 12186.00000, 96868.02804, 12466975703.50389, 111655.61206, 0.91102, 0.42617, 0.38313, 0.19070, 0.11215, 0.88785
-2.85909, -3.75484, -1.40973, 4.92550, -2.22158, 1.86107, 63.00000, 474690.00000, 13960.00000, 112692.41270, 13111290508.02015, 114504.54361, 0.94766, 0.35746, 0.47456, 0.16798, 0.06349, 0.93651
-3.15040, -1.49161, -3.48430, 4.92852, -2.69940, 2.35600, 37.00000, 392333.00000, 39270.00000, 161129.45946, 10618577084.89701, 103046.48022, 0.91102, 0.38313, 0.19070, 0.42617, 0.29730, 0.70270
-3.93313, -1.97536, -2.21782, 4.92852, -2.67616, 2.03756, 54.00000, 399484.00000, 13446.00000, 132334.42593, 9626329088.13340, 98113.85778, 0.91102, 0.47741, 0.24897, 0.27362, 0.09259, 0.90741
-4.02561, -0.70086, -2.75567, 4.92853, -2.96922, 2.16413, 21.00000, 429685.00000, 19399.00000, 176951.14286, 14011628079.17007, 118370.72307, 0.90081, 0.52824, 0.10514, 0.36663, 0.42857, 0.57143
-3.75484, -1.40973, -2.85909, 4.92550, -2.78243, 2.19010, 32.00000, 479395.00000, 15636.00000, 157700.90625, 16298827216.20996, 127666.86029, 0.94766, 0.47456, 0.16798, 0.35746, 0.34375, 0.65625
-2.20355, -3.47499, -2.68919, 4.91558, -2.13592, 2.14966, 30.00000, 412792.00000, 38098.00000, 156980.70000, 8943804776.94333, 94571.69120, 1.08598, 0.26522, 0.41309, 0.32170, 0.43333, 0.56667
-3.47499, -2.68919, -2.20355, 4.91558, -2.48299, 2.03563, 46.00000, 454106.00000, 10196.00000, 124290.78261, 11822141828.21361, 108729.67317, 1.08598, 0.41309, 0.32170, 0.26522, 0.06522, 0.93478
-2.68919, -2.20355, -3.47499, 4.91558, -2.45513, 2.35595, 39.00000, 479532.00000, 36025.00000, 189624.66667, 17049334773.24786, 130573.10126, 1.08598, 0.32170, 0.26522, 0.41309, 0.56410, 0.43590
-2.83550, -2.83550, -2.83550, 4.91123, -2.35619, 2.18628, 38.00000, 448083.00000, 28326.00000, 160742.31579, 9783980694.58449, 98914.00656, 1.14286, 0.33333, 0.33333, 0.33333, 0.18421, 0.81579
3.75791, 0.00000, -3.18882, 4.92853, 0.00000, 2.27446, 25.00000, 491106.00000, 42643.00000, 188498.24000, 15857565160.58240, 125926.82463, 0.90081, 8.64229, 0.00000, -7.64229, 1.00000, 0.00000
2.87963, -0.78273, -3.92241, 4.92852, -0.26540, 2.49122, 54.00000, 499111.00000, 24024.00000, 166564.72222, 11429202529.60802, 106907.44843, 0.91102, -1.48153, 0.40335, 2.07817, 0.98148, 0.01852
2.87963, 0.78273, -3.92241, 4.92852, 0.26540, 2.49122, 37.00000, 478227.00000, 29381.00000, 173441.02703, 13669082924.51278, 116914.85331, 0.91102, -7.66476, -2.08678, 10.75154, 1.00000, 0.00000
3.21637, 0.00000, -3.73035, 4.92550, 0.00000, 2.43005, 41.00000, 489594.00000, 30495.00000, 182547.53659, 15665596107.41939, 125162.27909, 0.94766, -8.06739, -0.00000, 9.06739, 0.92683, 0.07317
1.70460, -1.50894, -4.37124, 4.92852, -0.72459, 2.66145, 68.00000, 459797.00000, 16756.00000, 141353.58824, 12446062443.27163, 111561.92201, 0.91102, -0.42255, 0.35294, 1.06961, 0.97059, 0.02941
0.43315, -2.05481, -4.45876, 4.92853, -1.36304, 2.70143, 49.00000, 486516.00000, 14145.00000, 121541.93878, 11566475836.26156, 107547.55151, 0.90081, -0.08228, 0.33112, 0.75116, 0.95918, 0.04082
0.43811, -0.72621, -4.85499, 4.92852, -1.02797, 2.96865, 78.00000, 486436.00000, 15778.00000, 124110.50000, 11751212783.73718, 108403.01095, 0.91102, -0.09634, 0.13403, 0.96230, 0.98718, 0.01282
0.87126, -1.44936, -4.62611, 4.92550, -1.02954, 2.79113, 64.00000, 471539.00000, 21627.00000, 133971.31250, 13957344802.71484, 118141.20705, 0.94766, -0.15634, 0.28534, 0.87099, 0.93750, 0.06250
1.70460, 1.50894, -4.37124, 4.92852, 0.72459, 2.66145, 49.00000, 455262.00000, 30497.00000, 160512.22449, 14065423675.35777, 118597.73891, 0.91102, -1.43665, -1.19997, 3.63662, 1.00000, 0.00000
0.43811, 0.72621, -4.85499, 4.92852, 1.02797, 2.96865, 78.00000, 495381.00000, 15752.00000, 123445.44872, 11828815359.96532, 108760.35748, 0.91102, -0.13162, -0.18312, 1.31474, 0.97436, 0.02564
0.43315, 2.05481, -4.45876, 4.92853, 1.36304, 2.70143, 29.00000, 487403.00000, 20183.00000, 128693.03448, 11095030118.86088, 105332.94888, 0.90081, -0.24359, -0.98030, 2.22389, 1.00000, 0.00000
0.87126, 1.44936, -4.62611, 4.92550, 1.02954, 2.79113, 45.00000, 422379.00000, 11835.00000, 126333.91111, 9474289523.23654, 97335.96213, 0.94766, -0.36416, -0.66465, 2.02881, 1.00000, 0.00000
2.14766, -0.78579, -4.35121, 4.91558, -0.35075, 2.65769, 53.00000, 476657.00000, 14636.00000, 141177.94340, 12568762940.99680, 112110.49434, 1.08598, -0.71592, 0.25627, 1.45965, 1.00000, 0.00000
0.87622, 0.00000, -4.83686, 4.91558, 0.00000, 2.96238, 53.00000, 465362.00000, 14285.00000, 120462.05660, 10198563217.03453, 100987.93600, 1.08598, -0.22879, -0.00000, 1.22879, 0.98113, 0.01887
2.14766, 0.78579, -4.35121, 4.91558, 0.35075, 2.65769, 41.00000, 485893.00000, 25191.00000, 147242.53659, 12203639875.85842, 110470.08589, 1.08598, -1.46868, -0.52573, 2.99442, 1.00000, 0.00000
1.75244, 0.00000, -4.58794, 4.91123, 0.00000, 2.77673, 64.00000, 427096.00000, 15787.00000, 112051.51562, 9761952008.40601, 98802.59110, 1.14286, -0.61803, -0.00000, 1.61803, 1.00000, 0.00000
4.45876, 0.43315, 2.05481, 4.92853, 0.09684, 1.14074, 1.00000, 418513.00000, 418513.00000, 418513.00000, 0.00000, 0.00000, 0.90081, 0.64502, 0.07065, 0.28433, 1.00000, 0.00000
4.85499, 0.43811, 0.72621, 4.92852, 0.09000, 1.42291, 5.00000, 454777.00000, 154512.00000, 290344.40000, 9454779694.64000, 97235.69146, 0.91102, 0.80685, 0.08077, 0.11238, 1.00000, 0.00000
4.37124, 1.70460, 1.50894, 4.92852, 0.37182, 1.25963, 2.00000, 484924.00000, 343159.00000, 414041.50000, 5024328806.25000, 70882.50000, 0.91102, 0.57970, 0.22901, 0.19128, 1.00000, 0.00000
4.62611, 0.87126, 1.44936, 4.92550, 0.18616, 1.27212, 1.00000, 175268.00000, 175268.00000, 175268.00000, 0.00000, 0.00000, 0.94766, 0.66353, 0.11910, 0.21738, 1.00000, 0.00000
4.85499, 0.43811, -0.72621, 4.92852, 0.09000, 1.71868, 4.00000, 474526.00000, 142053.00000, 300388.25000, 17244423262.18750, 131318.02337, 0.91102, 1.04077, 0.10419, -0.14496, 1.00000, 0.00000
4.45876, 0.43315, -2.05481, 4.92853, 0.09684, 2.00085, 9.00000, 401505.00000, 162454.00000, 273189.44444, 6975413931.35803, 83518.94355, 0.90081, 1.49537, 0.16379, -0.65917, 0.88889, 0.11111
4.37124, 1.70460, -1.50894, 4.92852, 0.37182, 1.88196, 9.00000, 462886.00000, 52440.00000, 214839.11111, 26308788322.32099, 162199.84070, 0.91102, 0.93889, 0.37091, -0.30980, 1.00000, 0.00000
4.62611, 0.87126, -1.44936, 4.92550, 0.18616, 1.86947, 10.00000, 467268.00000, 84340.00000, 273902.40000, 17933542775.64000, 133916.17817, 0.94766, 1.17386, 0.21070, -0.38457, 1.00000, 0.00000
3.92241, 2.87963, 0.78273, 4.92852, 0.63328, 1.41130, 1.00000, 333704.00000, 333704.00000, 333704.00000, 0.00000, 0.00000, 0.91102, 0.52439, 0.37383, 0.10178, 1.00000, 0.00000
3.92241, 2.87963, -0.78273, 4.92852, 0.63328, 1.73029, 4.00000, 399124.00000, 327155.00000, 347889.50000, 881647198.25000, 29692.54449, 0.91102, 0.65841, 0.46938, -0.12779, 1.00000, 0.00000
3.18882, 3.75791, 0.00000, 4.92853, 0.86714, 1.57080, 0.00000, 0.00000, 0.00000, 0.00000, 0.00000, 0.00000, 0.90081, 0.46930, 0.53070, 0.00000, 0.00000, 0.00000
3.73035, 3.21637, 0.00000, 4.92550, 0.71154, 1.57080, 3.00000, 460689.00000, 73943.00000, 220709.66667, 29273045366.22222, 171093.67424, 0.94766, 0.52918, 0.47082, 0.00000, 1.00000, 0.00000
4.83686, 0.87622, 0.00000, 4.91558, 0.17921, 1.57080, 1.00000, 93220.00000, 93220.00000, 93220.00000, 0.00000, 0.00000, 1.08598, 0.84303, 0.15697, 0.00000, 1.00000, 0.00000
4.35121, 2.14766, -0.78579, 4.91558, 0.45850, 1.73134, 6.00000, 490018.00000, 171645.00000, 339483.33333, 12709459394.55556, 112736.23816, 1.08598, 0.76051, 0.37301, -0.13352, 1.00000, 0.00000
4.35121, 2.14766, 0.78579, 4.91558, 0.45850, 1.41025, 1.00000, 479170.00000, 479170.00000, 479170.00000, 0.00000, 0.00000, 1.08598, 0.60022, 0.29439, 0.10538, 1.00000, 0.00000
4.58794, 1.75244, 0.00000, 4.91123, 0.36486, 1.57080, 1.00000, 101444.00000, 101444.00000, 101444.00000, 0.00000, 0.00000, 1.14286, 0.72361, 0.27639, -0.00000, 1.00000, 0.00000
