-2.75567, 4.02561, 0.70086, 4.92853, 2.17107, 1.42811, 0.00000, 0.00000, 0.00000, 0.00000, 0.00000, 0.00000, 0.90081, -1.37444, 1.98030, 0.39414, 0.00000, 0.00000
-3.48430, 3.15040, 1.49161, 4.92852, 2.40648, 1.26333, 3.00000, 478854.00000, 229714.00000, 368505.33333, 10749615910.22222, 103680.35450, 0.91102, -2.88604, 2.59457, 1.29147, 0.00000, 1.00000
-2.21782, 3.93313, 1.97536, 4.92852, 2.08423, 1.15840, 3.00000, 443216.00000, 209110.00000, 321317.66667, 9181224382.88889, 95818.70581, 0.91102, -0.60432, 1.05443, 0.54989, 0.66667, 0.33333
-2.85909, 3.75484, 1.40973, 4.92550, 2.22158, 1.28053, 0.00000, 0.00000, 0.00000, 0.00000, 0.00000, 0.00000, 0.94766, -1.25387, 1.66465, 0.58922, 0.00000, 0.00000
-3.93313, 1.97536, 2.21782, 4.92852, 2.67616, 1.10403, 2.00000, 359319.00000, 340027.00000, 349673.00000, 93045316.00000, 9646.00000, 0.91102, -10.56672, 5.51065, 6.05607, 0.00000, 1.00000
-4.02561, 0.70086, 2.75567, 4.92853, 2.96922, 0.97747, 0.00000, 0.00000, 0.00000, 0.00000, 0.00000, 0.00000, 0.90081, 9.35336, -1.86160, -6.49176, 0.00000, 0.00000
-3.15040, 1.49161, 3.48430, 4.92852, 2.69940, 0.78559, 0.00000, 0.00000, 0.00000, 0.00000, 0.00000, 0.00000, 0.91102, -1.63909, 0.81587, 1.82322, 0.00000, 0.00000
-3.75484, 1.40973, 2.85909, 4.92550, 2.78243, 0.95149, 2.00000, 334375.00000, 84403.00000, 209389.00000, 15621500196.00000, 124986.00000, 0.94766, -9.32863, 3.30198, 7.02665, 0.50000, 0.50000
-1.49161, 3.48430, 3.15040, 4.92852, 1.97528, 0.87732, 4.00000, 461435.00000, 113354.00000, 244685.50000, 17114534486.25000, 130822.53050, 0.91102, -0.30829, 0.68893, 0.61936, 1.00000, 0.00000
-1.97536, 2.21782, 3.93313, 4.92852, 2.29844, 0.64677, 5.00000, 410697.00000, 208915.00000, 329445.60000, 5683718592.64000, 75390.44099, 0.91102, -0.49591, 0.54500, 0.95092, 0.80000, 0.20000
-0.70086, 2.75567, 4.02561, 4.92853, 1.81985, 0.61496, 2.00000, 348048.00000, 225174.00000, 286611.00000, 3774504969.00000, 61437.00000, 0.90081, -0.13313, 0.46424, 0.66888, 0.50000, 0.50000
-1.40973, 2.85909, 3.75484, 4.92550, 2.02888, 0.70390, 1.00000, 378417.00000, 378417.00000, 378417.00000, 0.00000, 0.00000, 0.94766, -0.25296, 0.53830, 0.71466, 0.00000, 1.00000
-3.47499, 2.68919, 2.20355, 4.91558, 2.48299, 1.10596, 0.00000, 0.00000, 0.00000, 0.00000, 0.00000, 0.00000, 1.08598, -2.37638, 1.85065, 1.52573, 0.00000, 0.00000
-2.68919, 2.20355, 3.47499, 4.91558, 2.45513, 0.78564, 1.00000, 281925.00000, 281925.00000, 281925.00000, 0.00000, 0.00000, 1.08598, -0.90211, 0.74373, 1.15838, 1.00000, 0.00000
-2.20355, 3.47499, 2.68919, 4.91558, 2.13592, 0.99193, 0.00000, 0.00000, 0.00000, 0.00000, 0.00000, 0.00000, 1.08598, -0.56481, 0.87972, 0.68510, 0.00000, 0.00000
-2.83550, 2.83550, 2.83550, 4.91123, 2.35619, 0.95532, 1.00000, 440952.00000, 440952.00000, 440952.00000, 0.00000, 0.00000, 1.14286, -1.00000, 1.00000, 1.00000, 1.00000, 0.00000
-2.05481, 4.45876, 0.43315, 4.92853, 2.00263, 1.48280, 0.00000, 0.00000, 0.00000, 0.00000, 0.00000, 0.00000, 0.90081, -0.65917, 1.49537, 0.16379, 0.00000, 0.00000
-1.50894, 4.37124, 1.70460, 4.92852, 1.90319, 1.21764, 1.00000, 406358.00000, 406358.00000, 406358.00000, 0.00000, 0.00000, 0.91102, -0.30980, 0.93889, 0.37091, 1.00000, 0.00000
-0.72621, 4.85499, 0.43811, 4.92852, 1.71928, 1.48179, 0.00000, 0.00000, 0.00000, 0.00000, 0.00000, 0.00000, 0.91102, -0.14496, 1.04077, 0.10419, 0.00000, 0.00000
-1.44936, 4.62611, 0.87126, 4.92550, 1.87441, 1.39297, 1.00000, 365740.00000, 365740.00000, 365740.00000, 0.00000, 0.00000, 0.94766, -0.38457, 1.17386, 0.21070, 1.00000, 0.00000
-0.78273, 3.92241, 2.87963, 4.92852, 1.76776, 0.94680, 5.00000, 437835.00000, 161423.00000, 312425.20000, 14240033112.56000, 119331.60986, 0.91102, -0.12779, 0.65841, 0.46938, 1.00000, 0.00000
0.00000, 3.18882, 3.75791, 4.92853, 1.57080, 0.70366, 6.00000, 477045.00000, 65998.00000, 211551.50000, 22845692299.91667, 151147.91530, 0.90081, -0.00000, 0.46930, 0.53070, 1.00000, 0.00000
0.78273, 3.92241, 2.87963, 4.92852, 1.37383, 0.94680, 7.00000, 454347.00000, 117112.00000, 214511.71429, 13426992863.06122, 115874.90178, 0.91102, 0.10178, 0.52439, 0.37383, 1.00000, 0.00000
0.00000, 3.73035, 3.21637, 4.92550, 1.57080, 0.85925, 3.00000, 291900.00000, 258282.00000, 277595.66667, 200908364.22222, 14174.21477, 0.94766, -0.00000, 0.52918, 0.47082, 1.00000, 0.00000
0.72621, 4.85499, 0.43811, 4.92852, 1.42232, 1.48179, 4.00000, 498721.00000, 202606.00000, 298723.25000, 13658968235.68750, 116871.58866, 0.91102, 0.11238, 0.80685, 0.08077, 1.00000, 0.00000
1.50894, 4.37124, 1.70460, 4.92852, 1.23841, 1.21764, 1.00000, 171940.00000, 171940.00000, 171940.00000, 0.00000, 0.00000, 0.91102, 0.19128, 0.57970, 0.22901, 1.00000, 0.00000
2.05481, 4.45876, 0.43315, 4.92853, 1.13896, 1.48280, 6.00000, 494795.00000, 83481.00000, 289236.00000, 17783359949.33333, 133354.26483, 0.90081, 0.28433, 0.64502, 0.07065, 1.00000, 0.00000
1.44936, 4.62611, 0.87126, 4.92550, 1.26718, 1.39297, 3.00000, 497263.00000, 83044.00000, 232661.33333, 35206928449.55555, 187635.09386, 0.94766, 0.21738, 0.66353, 0.11910, 1.00000, 0.00000
-0.78579, 4.35121, 2.14766, 4.91558, 1.74946, 1.11864, 1.00000, 313461.00000, 313461.00000, 313461.00000, 0.00000, 0.00000, 1.08598, -0.13352, 0.76051, 0.37301, 1.00000, 0.00000
0.78579, 4.35121, 2.14766, 4.91558, 1.39213, 1.11864, 2.00000, 306372.00000, 201047.00000, 253709.50000, 2773338906.25000, 52662.50000, 1.08598, 0.10538, 0.60022, 0.29439, 1.00000, 0.00000
0.00000, 4.83686, 0.87622, 4.91558, 1.57080, 1.39159, 1.00000, 268262.00000, 268262.00000, 268262.00000, 0.00000, 0.00000, 1.08598, -0.00000, 0.84303, 0.15697, 1.00000, 0.00000
0.00000, 4.58794, 1.75244, 4.91123, 1.57080, 1.20593, 4.00000, 368528.00000, 96478.00000, 207030.75000, 13249578767.68750, 115106.81460, 1.14286, 0.00000, 0.72361, 0.27639, 1.00000, 0.00000
-2.05481, 4.45876, -0.43315, 4.92853, 2.00263, 1.65880, 0.00000, 0.00000, 0.00000, 0.00000, 0.00000, 0.00000, 0.90081, -0.98030, 2.22389, -0.24359, 0.00000, 0.00000
-0.72621, 4.85499, -0.43811, 4.92852, 1.71928, 1.65981, 0.00000, 0.00000, 0.00000, 0.00000, 0.00000, 0.00000, 0.91102, -0.18312, 1.31474, -0.13162, 0.00000, 0.00000
-1.50894, 4.37124, -1.70460, 4.92852, 1.90319, 1.92396, 1.00000, 463372.00000, 463372.00000, 463372.00000, 0.00000, 0.00000, 0.91102, -1.19997, 3.63662, -1.43665, 1.00000, 0.00000
-1.44936, 4.62611, -0.87126, 4.92550, 1.87441, 1.74862, 0.00000, 0.00000, 0.00000, 0.00000, 0.00000, 0.00000, 0.94766, -0.66465, 2.02881, -0.36416, 0.00000, 0.00000
0.72621, 4.85499, -0.43811, 4.92852, 1.42232, 1.65981, 0.00000, 0.00000, 0.00000, 0.00000, 0.00000, 0.00000, 0.91102, 0.13403, 0.96230, -0.09634, 0.00000, 0.00000
2.05481, 4.45876, -0.43315, 4.92853, 1.13896, 1.65880, 3.00000, 258028.00000, 109747.00000, 193776.66667, 3860133728.22222, 62129.97447, 0.90081, 0.33112, 0.75116, -0.08228, 1.00000, 0.00000
1.50894, 4.37124, -1.70460, 4.92852, 1.23841, 1.92396, 3.00000, 368380.00000, 101710.00000, 225512.33333, 12033891617.55556, 109699.09579, 0.91102, 0.35294, 1.06961, -0.42255, 1.00000, 0.00000
1.44936, 4.62611, -0.87126, 4.92550, 1.26718, 1.74862, 2.00000, 489577.00000, 158263.00000, 323920.00000, 27442241649.00000, 165657.00000, 0.94766, 0.28534, 0.87099, -0.15634, 1.00000, 0.00000
-0.78273, 3.92241, -2.87963, 4.92852, 1.76776, 2.19479, 0.00000, 0.00000, 0.00000, 0.00000, 0.00000, 0.00000, 0.91102, -2.08678, 10.75154, -7.66476, 0.00000, 0.00000
0.78273, 3.92241, -2.87963, 4.92852, 1.37383, 2.19479, 1.00000, 416873.00000, 416873.00000, 416873.00000, 0.00000, 0.00000, 0.91102, 0.40335, 2.07817, -1.48153, 1.00000, 0.00000
0.00000, 3.18882, -3.75791, 4.92853, 1.57080, 2.43793, 1.00000, 446289.00000, 446289.00000, 446289.00000, 0.00000, 0.00000, 0.90081, -0.00000, -7.64229, 8.64229, 1.00000, 0.00000
0.00000, 3.73035, -3.21637, 4.92550, 1.57080, 2.28234, 1.00000, 133196.00000, 133196.00000, 133196.00000, 0.00000, 0.00000, 0.94766, 0.00000, 9.06739, -8.06739, 1.00000, 0.00000
0.00000, 4.83686, -0.87622, 4.91558, 1.57080, 1.75001, 2.00000, 296257.00000, 140214.00000, 218235.50000, 6087354462.25000, 78021.50000, 1.08598, 0.00000, 1.22879, -0.22879, 1.00000, 0.00000
0.78579, 4.35121, -2.14766, 4.91558, 1.39213, 2.02296, 2.00000, 467465.00000, 397619.00000, 432542.00000, 1219615929.00000, 34923.00000, 1.08598, 0.25627, 1.45965, -0.71592, 1.00000, 0.00000
-0.78579, 4.35121, -2.14766, 4.91558, 1.74946, 2.02296, 0.00000, 0.00000, 0.00000, 0.00000, 0.00000, 0.00000, 1.08598, -0.52573, 2.99442, -1.46868, 0.00000, 0.00000
0.00000, 4.58794, -1.75244, 4.91123, 1.57080, 1.93566, 1.00000, 415425.00000, 415425.00000, 415425.00000, 0.00000, 0.00000, 1.14286, 0.00000, 1.61803, -0.61803, 1.00000, 0.00000
-2.75567, 4.02561, -0.70086, 4.92853, 2.17107, 1.71348, 1.00000, 424969.00000, 424969.00000, 424969.00000, 0.00000, 0.00000, 0.90081, -6.49176, 9.35336, -1.86160, 1.00000, 0.00000
-2.21782, 3.93313, -1.97536, 4.92852, 2.08423, 1.98319, 0.00000, 0.00000, 0.00000, 0.00000, 0.00000, 0.00000, 0.91102, 6.05607, -10.56672, 5.51065, 0.00000, 0.00000
-3.48430, 3.15040, -1.49161, 4.92852, 2.40648, 1.87827, 1.00000, 273044.00000, 273044.00000, 273044.00000, 0.00000, 0.00000, 0.91102, 1.82322, -1.63909, 0.81587, 0.00000, 1.00000
-2.85909, 3.75484, -1.40973, 4.92550, 2.22158, 1.86107, 0.00000, 0.00000, 0.00000, 0.00000, 0.00000, 0.00000, 0.94766, 7.02665, -9.32863, 3.30198, 0.00000, 0.00000
-1.49161, 3.48430, -3.15040, 4.92852, 1.97528, 2.26428, 1.00000, 416561.00000, 416561.00000, 416561.00000, 0.00000, 0.00000, 0.91102, 1.29147, -2.88604, 2.59457, 1.00000, 0.00000
-0.70086, 2.75567, -4.02561, 4.92853, 1.81985, 2.52663, 0.00000, 0.00000, 0.00000, 0.00000, 0.00000, 0.00000, 0.90081, 0.39414, -1.37444, 1.98030, 0.00000, 0.00000
-1.97536, 2.21782, -3.93313, 4.92852, 2.29844, 2.49482, 0.00000, 0.00000, 0.00000, 0.00000, 0.00000, 0.00000, 0.91102, 0.54989, -0.60432, 1.05443, 0.00000, 0.00000
-1.40973, 2.85909, -3.75484, 4.92550, 2.02888, 2.43770, 0.00000, 0.00000, 0.00000, 0.00000, 0.00000, 0.00000, 0.94766, 0.58922, -1.25387, 1.66465, 0.00000, 0.00000
-3.93313, 1.97536, -2.21782, 4.92852, 2.67616, 2.03756, 0.00000, 0.00000, 0.00000, 0.00000, 0.00000, 0.00000, 0.91102, 0.95092, -0.49591, 0.54500, 0.00000, 0.00000
-3.15040, 1.49161, -3.48430, 4.92852, 2.69940, 2.35600, 0.00000, 0.00000, 0.00000, 0.00000, 0.00000, 0.00000, 0.91102, 0.61936, -0.30829, 0.68893, 0.00000, 0.00000
-4.02561, 0.70086, -2.75567, 4.92853, 2.96922, 2.16413, 0.00000, 0.00000, 0.00000, 0.00000, 0.00000, 0.00000, 0.90081, 0.66888, -0.13313, 0.46424, 0.00000, 0.00000
-3.75484, 1.40973, -2.85909, 4.92550, 2.78243, 2.19010, 2.00000, 496173.00000, 466897.00000, 481535.00000, 214271044.00000, 14638.00000, 0.94766, 0.71466, -0.25296, 0.53830, 0.50000, 0.50000
-2.20355, 3.47499, -2.68919, 4.91558, 2.13592, 2.14966, 0.00000, 0.00000, 0.00000, 0.00000, 0.00000, 0.00000, 1.08598, 1.52573, -2.37638, 1.85065, 0.00000, 0.00000
-2.68919, 2.20355, -3.47499, 4.91558, 2.45513, 2.35595, 0.00000, 0.00000, 0.00000, 0.00000, 0.00000, 0.00000, 1.08598, 0.68510, -0.56481, 0.87972, 0.00000, 0.00000
-3.47499, 2.68919, -2.20355, 4.91558, 2.48299, 2.03563, 0.00000, 0.00000, 0.00000, 0.00000, 0.00000, 0.00000, 1.08598, 1.15838, -0.90211, 0.74373, 0.00000, 0.00000
-2.83550, 2.83550, -2.83550, 4.91123, 2.35619, 2.18628, 0.00000, 0.00000, 0.00000, 0.00000, 0.00000, 0.00000, 1.14286, 1.00000, -1.00000, 1.00000, 0.00000, 0.00000
-3.18882, 3.75791, 0.00000, 4.92853, 2.27446, 1.57080, 0.00000, 0.00000, 0.00000, 0.00000, 0.00000, 0.00000, 0.90081, -7.64229, 8.64229, 0.00000, 0.00000, 0.00000
-3.92241, 2.87963, -0.78273, 4.92852, 2.50831, 1.73029, 0.00000, 0.00000, 0.00000, 0.00000, 0.00000, 0.00000, 0.91102, 2.07817, -1.48153, 0.40335, 0.00000, 0.00000
-3.92241, 2.87963, 0.78273, 4.92852, 2.50831, 1.41130, 1.00000, 487709.00000, 487709.00000, 487709.00000, 0.00000, 0.00000, 0.91102, 10.75154, -7.66476, -2.08678, 1.00000, 0.00000
-3.73035, 3.21637, 0.00000, 4.92550, 2.43005, 1.57080, 0.00000, 0.00000, 0.00000, 0.00000, 0.00000, 0.00000, 0.94766, 9.06739, -8.06739, -0.00000, 0.00000, 0.00000
-4.37124, 1.70460, -1.50894, 4.92852, 2.76977, 1.88196, 0.00000, 0.00000, 0.00000, 0.00000, 0.00000, 0.00000, 0.91102, 1.06961, -0.42255, 0.35294, 0.00000, 0.00000
-4.45876, 0.43315, -2.05481, 4.92853, 3.04475, 2.00085, 0.00000, 0.00000, 0.00000, 0.00000, 0.00000, 0.00000, 0.90081, 0.75116, -0.08228, 0.33112, 0.00000, 0.00000
-4.85499, 0.43811, -0.72621, 4.92852, 3.05160, 1.71868, 1.00000, 420760.00000, 420760.00000, 420760.00000, 0.00000, 0.00000, 0.91102, 0.96230, -0.09634, 0.13403, 0.00000, 1.00000
-4.62611, 0.87126, -1.44936, 4.92550, 2.95544, 1.86947, 0.00000, 0.00000, 0.00000, 0.00000, 0.00000, 0.00000, 0.94766, 0.87099, -0.15634, 0.28534, 0.00000, 0.00000
-4.37124, 1.70460, 1.50894, 4.92852, 2.76977, 1.25963, 1.00000, 329612.00000, 329612.00000, 329612.00000, 0.00000, 0.00000, 0.91102, 3.63662, -1.43665, -1.19997, 0.00000, 1.00000
-4.85499, 0.43811, 0.72621, 4.92852, 3.05160, 1.42291, 1.00000, 234870.00000, 234870.00000, 234870.00000, 0.00000, 0.00000, 0.91102, 1.31474, -0.13162, -0.18312, 0.00000, 1.00000
-4.45876, 0.43315, 2.05481, 4.92853, 3.04475, 1.14074, 2.00000, 353169.00000, 278145.00000, 315657.00000, 1407150144.00000, 37512.00000, 0.90081, 2.22389, -0.24359, -0.98030, 0.00000, 1.00000
-4.62611, 0.87126, 1.44936, 4.92550, 2.95544, 1.27212, 0.00000, 0.00000, 0.00000, 0.00000, 0.00000, 0.00000, 0.94766, 2.02881, -0.36416, -0.66465, 0.00000, 0.00000
-4.35121, 2.14766, -0.78579, 4.91558, 2.68310, 1.73134, 0.00000, 0.00000, 0.00000, 0.00000, 0.00000, 0.00000, 1.08598, 1.45965, -0.71592, 0.25627, 0.00000, 0.00000
-4.83686, 0.87622, 0.00000, 4.91558, 2.96238, 1.57080, 0.00000, 0.00000, 0.00000, 0.00000, 0.00000, 0.00000, 1.08598, 1.22879, -0.22879, -0.00000, 0.00000, 0.00000
-4.35121, 2.14766, 0.78579, 4.91558, 2.68310, 1.41025, 1.00000, 354705.00000, 354705.00000, 354705.00000, 0.00000, 0.00000, 1.08598, 2.99442, -1.46868, -0.52573, 1.00000, 0.00000
-4.58794, 1.75244, 0.00000, 4.91123, 2.77673, 1.57080, 0.00000, 0.00000, 0.00000, 0.00000, 0.00000, 0.00000, 1.14286, 1.61803, -0.61803, -0.00000, 0.00000, 0.00000
2.75567, 4.02561, 0.70086, 4.92853, 0.97053, 1.42811, 13.00000, 487296.00000, 58705.00000, 316245.30769, 17766499220.36686, 133291.03203, 0.90081, 0.36663, 0.52824, 0.10514, 0.92308, 0.07692
2.21782, 3.93313, 1.97536, 4.92852, 1.05736, 1.15840, 16.00000, 437581.00000, 56713.00000, 189744.06250, 12516477244.43359, 111877.06308, 0.91102, 0.27362, 0.47741, 0.24897, 1.00000, 0.00000
3.48430, 3.15040, 1.49161, 4.92852, 0.73511, 1.26333, 27.00000, 370942.00000, 27813.00000, 153198.70370, 9660570614.50480, 98288.20181, 0.91102, 0.42617, 0.38313, 0.19070, 0.96296, 0.03704
2.85909, 3.75484, 1.40973, 4.92550, 0.92001, 1.28053, 8.00000, 417112.00000, 41688.00000, 164650.12500, 17788460711.85938, 133373.38832, 0.94766, 0.35746, 0.47456, 0.16798, 1.00000, 0.00000
1.49161, 3.48430, 3.15040, 4.92852, 1.16631, 0.87732, 17.00000, 460175.00000, 61368.00000, 220910.82353, 14007377416.38062, 118352.76683, 0.91102, 0.19070, 0.42617, 0.38313, 1.00000, 0.00000
0.70086, 2.75567, 4.02561, 4.92853, 1.32174, 0.61496, 7.00000, 476797.00000, 109921.00000, 346277.57143, 13653145469.95918, 116846.67505, 0.90081, 0.10514, 0.36663, 0.52824, 0.42857, 0.57143
1.97536, 2.21782, 3.93313, 4.92852, 0.84316, 0.64677, 24.00000, 402958.00000, 14349.00000, 151193.83333, 10576531868.38889, 102842.26694, 0.91102, 0.24897, 0.27362, 0.47741, 0.95833, 0.04167
1.40973, 2.85909, 3.75484, 4.92550, 1.11271, 0.70390, 7.00000, 268125.00000, 62792.00000, 183398.57143, 4369083765.95918, 66099.04512, 0.94766, 0.16798, 0.35746, 0.47456, 1.00000, 0.00000
3.93313, 1.97536, 2.21782, 4.92852, 0.46544, 1.10403, 50.00000, 492880.00000, 16591.00000, 144630.16000, 17435827199.93440, 132044.79240, 0.91102, 0.47741, 0.24897, 0.27362, 0.94000, 0.06000
3.15040, 1.49161, 3.48430, 4.92852, 0.44220, 0.78559, 57.00000, 488814.00000, 10178.00000, 137352.54386, 13827246911.65159, 117589.31462, 0.91102, 0.38313, 0.19070, 0.42617, 0.96491, 0.03509
4.02561, 0.70086, 2.75567, 4.92853, 0.17237, 0.97747, 101.00000, 454826.00000, 9281.00000, 78996.97030, 7013429951.96941, 83746.22351, 0.90081, 0.52824, 0.10514, 0.36663, 0.98020, 0.01980
3.75484, 1.40973, 2.85909, 4.92550, 0.35916, 0.95149, 64.00000, 451740.00000, 14540.00000, 135317.46875, 11952066904.31152, 109325.50894, 0.94766, 0.47456, 0.16798, 0.35746, 0.95312, 0.04688
2.20355, 3.47499, 2.68919, 4.91558, 1.00567, 0.99193, 13.00000, 469824.00000, 51378.00000, 212141.46154, 23046457598.24852, 151810.59778, 1.08598, 0.26522, 0.41309, 0.32170, 0.92308, 0.07692
2.68919, 2.20355, 3.47499, 4.91558, 0.68646, 0.78564, 24.00000, 494617.00000, 18592.00000, 131238.16667, 13538302113.05556, 116354.20969, 1.08598, 0.32170, 0.26522, 0.41309, 0.95833, 0.04167
3.47499, 2.68919, 2.20355, 4.91558, 0.65860, 1.10596, 18.00000, 185739.00000, 36654.00000, 95781.94444, 1447853262.49691, 38050.66704, 1.08598, 0.41309, 0.32170, 0.26522, 0.94444, 0.05556
2.83550, 2.83550, 2.83550, 4.91123, 0.78540, 0.95532, 21.00000, 464569.00000, 28086.00000, 145103.09524, 13815394682.75283, 117538.90710, 1.14286, 0.33333, 0.33333, 0.33333, 0.95238, 0.04762
-0.43315, 2.05481, 4.45876, 4.92853, 1.77855, 0.44016, 6.00000, 481513.00000, 152501.00000, 269792.33333, 15583844667.88889, 124835.27013, 0.90081, -0.08228, 0.33112, 0.75116, 1.00000, 0.00000
-1.70460, 1.50894, 4.37124, 4.92852, 2.41700, 0.48015, 2.00000, 479713.00000, 330485.00000, 405099.00000, 5567248996.00000, 74614.00000, 0.91102, -0.42255, 0.35294, 1.06961, 1.00000, 0.00000
-0.43811, 0.72621, 4.85499, 4.92852, 2.11363, 0.17295, 15.00000, 373166.00000, 106253.00000, 199307.13333, 4768612243.84889, 69055.13916, 0.91102, -0.09634, 0.13403, 0.96230, 0.93333, 0.06667
-0.87126, 1.44936, 4.62611, 4.92550, 2.11205, 0.35046, 4.00000, 383683.00000, 229914.00000, 307112.50000, 3046924537.25000, 55198.95413, 0.94766, -0.15634, 0.28534, 0.87099, 0.75000, 0.25000
-2.87963, 0.78273, 3.92241, 4.92852, 2.87619, 0.65037, 5.00000, 409026.00000, 149503.00000, 279517.60000, 6756792893.84000, 82199.71347, 0.91102, -1.48153, 0.40335, 2.07817, 0.40000, 0.60000
-3.75791, 0.00000, 3.18882, 4.92853, 3.14159, 0.86714, 4.00000, 469730.00000, 192226.00000, 272265.75000, 13125651698.18750, 114567.23658, 0.90081, 8.64229, -0.00000, -7.64229, 0.50000, 0.50000
-2.87963, -0.78273, 3.92241, 4.92852, -2.87619, 0.65037, 10.00000, 350605.00000, 88221.00000, 235594.00000, 7912320393.20000, 88951.22480, 0.91102, -7.66476, -2.08678, 10.75154, 0.40000, 0.60000
-3.21637, 0.00000, 3.73035, 4.92550, 3.14159, 0.71154, 5.00000, 293564.00000, 164230.00000, 236154.40000, 1780590945.84000, 42197.04902, 0.94766, -8.06739, 0.00000, 9.06739, 0.00000, 1.00000
-0.43811, -0.72621, 4.85499, 4.92852, -2.11363, 0.17295, 24.00000, 467367.00000, 113158.00000, 236273.62500, 7071927611.81771, 84094.75377, 0.91102, -0.13162, -0.18312, 1.31474, 0.58333, 0.41667
-1.70460, -1.50894, 4.37124, 4.92852, -2.41700, 0.48015, 18.00000, 446803.00000, 79722.00000, 233471.44444, 13209371538.69136, 114932.03008, 0.91102, -1.43665, -1.19997, 3.63662, 0.55556, 0.44444
-0.43315, -2.05481, 4.45876, 4.92853, -1.77855, 0.44016, 26.00000, 488178.00000, 22440.00000, 208627.26923, 14636438292.11982, 120981.14850, 0.90081, -0.24359, -0.98030, 2.22389, 0.42308, 0.57692
-0.87126, -1.44936, 4.62611, 4.92550, -2.11205, 0.35046, 10.00000, 423831.00000, 34190.00000, 219073.90000, 14111824506.09000, 118793.20059, 0.94766, -0.36416, -0.66465, 2.02881, 0.50000, 0.50000
-2.14766, 0.78579, 4.35121, 4.91558, 2.79084, 0.48390, 6.00000, 475467.00000, 176408.00000, 298435.33333, 11061811654.55556, 105175.14751, 1.08598, -0.71592, 0.25627, 1.45965, 0.50000, 0.50000
-2.14766, -0.78579, 4.35121, 4.91558, -2.79084, 0.48390, 7.00000, 429349.00000, 78162.00000, 185602.00000, 15286972856.00000, 123640.49845, 1.08598, -1.46868, -0.52573, 2.99442, 0.42857, 0.57143
-0.87622, 0.00000, 4.83686, 4.91558, 3.14159, 0.17921, 11.00000, 355900.00000, 99758.00000, 221159.63636, 4674829714.95868, 68372.72640, 1.08598, -0.22879, 0.00000, 1.22879, 0.63636, 0.36364
-1.75244, 0.00000, 4.58794, 4.91123, 3.14159, 0.36486, 8.00000, 439187.00000, 157004.00000, 314566.75000, 6622997828.68750, 81381.80281, 1.14286, -0.61803, 0.00000, 1.61803, 0.50000, 0.50000
-4.45876, -0.43315, 2.05481, 4.92853, -3.04475, 1.14074, 2.00000, 263214.00000, 244502.00000, 253858.00000, 87534736.00000, 9356.00000, 0.90081, 1.49537, 0.16379, -0.65917, 0.50000, 0.50000
-4.85499, -0.43811, 0.72621, 4.92852, -3.05160, 1.42291, 1.00000, 346917.00000, 346917.00000, 346917.00000, 0.00000, 0.00000, 0.91102, 1.04077, 0.10419, -0.14496, 0.00000, 1.00000
-4.37124, -1.70460, 1.50894, 4.92852, -2.76977, 1.25963, 2.00000, 316348.00000, 85655.00000, 201001.50000, 13304815062.25000, 115346.50000, 0.91102, 0.93889, 0.37091, -0.30980, 0.00000, 1.00000
-4.62611, -0.87126, 1.44936, 4.92550, -2.95544, 1.27212, 1.00000, 169461.00000, 169461.00000, 169461.00000, 0.00000, 0.00000, 0.94766, 1.17386, 0.21070, -0.38457, 0.00000, 1.00000
-4.85499, -0.43811, -0.72621, 4.92852, -3.05160, 1.71868, 3.00000, 414823.00000, 217722.00000, 287317.66667, 8151565446.88889, 90286.02022, 0.91102, 0.80685, 0.08077, 0.11238, 0.66667, 0.33333
-4.45876, -0.43315, -2.05481, 4.92853, -3.04475, 2.00085, 1.00000, 253022.00000, 253022.00000, 253022.00000, 0.00000, 0.00000, 0.90081, 0.64502, 0.07065, 0.28433, 0.00000, 1.00000
-4.37124, -1.70460, -1.50894, 4.92852, -2.76977, 1.88196, 4.00000, 257719.00000, 73621.00000, 177618.75000, 6659466042.18750, 81605.55154, 0.91102, 0.57970, 0.22901, 0.19128, 0.00000, 1.00000
-4.62611, -0.87126, -1.44936, 4.92550, -2.95544, 1.86947, 3.00000, 455979.00000, 259658.00000, 363155.66667, 6480626536.22222, 80502.33870, 0.94766, 0.66353, 0.11910, 0.21738, 0.33333, 0.66667
-3.92241, -2.87963, 0.78273, 4.92852, -2.50831, 1.41130, 4.00000, 352886.00000, 52456.00000, 228944.25000, 12223313593.18750, 110559.09548, 0.91102, 0.65841, 0.46938, -0.12779, 0.00000, 1.00000
-3.92241, -2.87963, -0.78273, 4.92852, -2.50831, 1.73029, 10.00000, 486943.00000, 89279.00000, 294389.70000, 11979007686.41000, 109448.65320, 0.91102, 0.52439, 0.37383, 0.10178, 0.10000, 0.90000
-3.18882, -3.75791, 0.00000, 4.92853, -2.27446, 1.57080, 17.00000, 485543.00000, 63503.00000, 212190.88235, 15456496844.45675, 124324.16034, 0.90081, 0.46930, 0.53070, 0.00000, 0.00000, 1.00000
-3.73035, -3.21637, 0.00000, 4.92550, -2.43005, 1.57080, 5.00000, 239417.00000, 97430.00000, 131777.20000, 2937343912.16000, 54197.26849, 0.94766, 0.52918, 0.47082, -0.00000, 0.00000, 1.00000
-4.83686, -0.87622, 0.00000, 4.91558, -2.96238, 1.57080, 1.00000, 160482.00000, 160482.00000, 160482.00000, 0.00000, 0.00000, 1.08598, 0.84303, 0.15697, -0.00000, 0.00000, 1.00000
-4.35121, -2.14766, -0.78579, 4.91558, -2.68310, 1.73134, 4.00000, 497091.00000, 175857.00000, 342117.00000, 15417782658.00000, 124168.36416, 1.08598, 0.60022, 0.29439, 0.10538, 0.00000, 1.00000
-4.35121, -2.14766, 0.78579, 4.91558, -2.68310, 1.41025, 3.00000, 365637.00000, 171792.00000, 282204.00000, 6626580558.00000, 81403.81169, 1.08598, 0.76051, 0.37301, -0.13352, 0.00000, 1.00000
-4.58794, -1.75244, 0.00000, 4.91123, -2.77673, 1.57080, 3.00000, 388873.00000, 145480.00000, 241435.66667, 11198539742.88889, 105823.15315, 1.14286, 0.72361, 0.27639, -0.00000, 0.00000, 1.00000
-3.75791, 0.00000, -3.18882, 4.92853, 3.14159, 2.27446, 1.00000, 449327.00000, 449327.00000, 449327.00000, 0.00000, 0.00000, 0.90081, 0.53070, -0.00000, 0.46930, 1.00000, 0.00000
-2.87963, 0.78273, -3.92241, 4.92852, 2.87619, 2.49122, 0.00000, 0.00000, 0.00000, 0.00000, 0.00000, 0.00000, 0.91102, 0.46938, -0.12779, 0.65841, 0.00000, 0.00000
-2.87963, -0.78273, -3.92241, 4.92852, -2.87619, 2.49122, 0.00000, 0.00000, 0.00000, 0.00000, 0.00000, 0.00000, 0.91102, 0.37383, 0.10178, 0.52439, 0.00000, 0.00000
-3.21637, 0.00000, -3.73035, 4.92550, 3.14159, 2.43005, 1.00000, 446468.00000, 446468.00000, 446468.00000, 0.00000, 0.00000, 0.94766, 0.47082, 0.00000, 0.52918, 0.00000, 1.00000
-1.70460, 1.50894, -4.37124, 4.92852, 2.41700, 2.66145, 2.00000, 398957.00000, 266653.00000, 332805.00000, 4376087104.00000, 66152.00000, 0.91102, 0.37091, -0.30980, 0.93889, 0.50000, 0.50000
-0.43315, 2.05481, -4.45876, 4.92853, 1.77855, 2.70143, 2.00000, 327855.00000, 283321.00000, 305588.00000, 495819289.00000, 22267.00000, 0.90081, 0.16379, -0.65917, 1.49537, 0.50000, 0.50000
-0.43811, 0.72621, -4.85499, 4.92852, 2.11363, 2.96865, 2.00000, 368037.00000, 307493.00000, 337765.00000, 916393984.00000, 30272.00000, 0.91102, 0.10419, -0.14496, 1.04077, 0.00000, 1.00000
-0.87126, 1.44936, -4.62611, 4.92550, 2.11205, 2.79113, 0.00000, 0.00000, 0.00000, 0.00000, 0.00000, 0.00000, 0.94766, 0.21070, -0.38457, 1.17386, 0.00000, 0.00000
-1.70460, -1.50894, -4.37124, 4.92852, -2.41700, 2.66145, 1.00000, 136279.00000, 136279.00000, 136279.00000, 0.00000, 0.00000, 0.91102, 0.22901, 0.19128, 0.57970, 0.00000, 1.00000
-0.43811, -0.72621, -4.85499, 4.92852, -2.11363, 2.96865, 5.00000, 490415.00000, 315474.00000, 424687.20000, 3729318933.76000, 61068.14991, 0.91102, 0.08077, 0.11238, 0.80685, 0.20000, 0.80000
-0.43315, -2.05481, -4.45876, 4.92853, -1.77855, 2.70143, 0.00000, 0.00000, 0.00000, 0.00000, 0.00000, 0.00000, 0.90081, 0.07065, 0.28433, 0.64502, 0.00000, 0.00000
-0.87126, -1.44936, -4.62611, 4.92550, -2.11205, 2.79113, 2.00000, 344232.00000, 206159.00000, 275195.50000, 4766038332.25000, 69036.50000, 0.94766, 0.11910, 0.21738, 0.66353, 0.00000, 1.00000
-2.14766, 0.78579, -4.35121, 4.91558, 2.79084, 2.65769, 1.00000, 464072.00000, 464072.00000, 464072.00000, 0.00000, 0.00000, 1.08598, 0.37301, -0.13352, 0.76051, 0.00000, 1.00000
-0.87622, 0.00000, -4.83686, 4.91558, 3.14159, 2.96238, 0.00000, 0.00000, 0.00000, 0.00000, 0.00000, 0.00000, 1.08598, 0.15697, 0.00000, 0.84303, 0.00000, 0.00000
-2.14766, -0.78579, -4.35121, 4.91558, -2.79084, 2.65769, 2.00000, 497827.00000, 343181.00000, 420504.00000, 5978846329.00000, 77323.00000, 1.08598, 0.29439, 0.10538, 0.60022, 0.50000, 0.50000
-1.75244, 0.00000, -4.58794, 4.91123, 3.14159, 2.77673, 1.00000, 333593.00000, 333593.00000, 333593.00000, 0.00000, 0.00000, 1.14286, 0.27639, 0.00000, 0.72361, 0.00000, 1.00000
0.70086, 2.75567, -4.02561, 4.92853, 1.32174, 2.52663, 0.00000, 0.00000, 0.00000, 0.00000, 0.00000, 0.00000, 0.90081, -1.86160, -6.49176, 9.35336, 0.00000, 0.00000
1.49161, 3.48430, -3.15040, 4.92852, 1.16631, 2.26428, 5.00000, 467199.00000, 162897.00000, 333102.60000, 18182046355.44000, 134840.81858, 0.91102, 0.81587, 1.82322, -1.63909, 1.00000, 0.00000
1.97536, 2.21782, -3.93313, 4.92852, 0.84316, 2.49482, 0.00000, 0.00000, 0.00000, 0.00000, 0.00000, 0.00000, 0.91102, 5.51065, 6.05607, -10.56672, 0.00000, 0.00000
1.40973, 2.85909, -3.75484, 4.92550, 1.11271, 2.43770, 2.00000, 469687.00000, 321387.00000, 395537.00000, 5498222500.00000, 74150.00000, 0.94766, 3.30198, 7.02665, -9.32863, 1.00000, 0.00000
2.21782, 3.93313, -1.97536, 4.92852, 1.05736, 1.98319, 3.00000, 349849.00000, 92199.00000, 219782.00000, 11067005544.66667, 105199.83624, 0.91102, 0.54500, 0.95092, -0.49591, 1.00000, 0.00000
2.75567, 4.02561, -0.70086, 4.92853, 0.97053, 1.71348, 5.00000, 491261.00000, 283472.00000, 383024.40000, 4911730101.84000, 70083.73636, 0.90081, 0.46424, 0.66888, -0.13313, 0.80000, 0.20000
3.48430, 3.15040, -1.49161, 4.92852, 0.73511, 1.87827, 12.00000, 479659.00000, 167169.00000, 262255.08333, 7822448123.24306, 88444.60483, 0.91102, 0.68893, 0.61936, -0.30829, 1.00000, 0.00000
2.85909, 3.75484, -1.40973, 4.92550, 0.92001, 1.86107, 3.00000, 264940.00000, 116615.00000, 211211.33333, 4501800693.55556, 67095.45956, 0.94766, 0.53830, 0.71466, -0.25296, 1.00000, 0.00000
3.15040, 1.49161, -3.48430, 4.92852, 0.44220, 2.35600, 5.00000, 424699.00000, 111690.00000, 213679.20000, 12579125621.36000, 112156.70119, 0.91102, 2.59457, 1.29147, -2.88604, 0.80000, 0.20000
3.93313, 1.97536, -2.21782, 4.92852, 0.46544, 2.03756, 16.00000, 444358.00000, 69039.00000, 239719.31250, 10593212943.71484, 102923.33527, 0.91102, 1.05443, 0.54989, -0.60432, 0.87500, 0.12500
4.02561, 0.70086, -2.75567, 4.92853, 0.17237, 2.16413, 9.00000, 404714.00000, 36913.00000, 217609.44444, 16581006540.24691, 128767.25725, 0.90081, 1.98030, 0.39414, -1.37444, 0.88889, 0.11111
3.75484, 1.40973, -2.85909, 4.92550, 0.35916, 2.19010, 9.00000, 435359.00000, 88864.00000, 285719.22222, 13582351337.72840, 116543.34532, 0.94766, 1.66465, 0.58922, -1.25387, 0.77778, 0.22222
2.20355, 3.47499, -2.68919, 4.91558, 1.00567, 2.14966, 7.00000, 444845.00000, 191051.00000, 304569.42857, 6436841787.95918, 80229.93075, 1.08598, 0.74373, 1.15838, -0.90211, 0.71429, 0.28571
3.47499, 2.68919, -2.20355, 4.91558, 0.65860, 2.03563, 5.00000, 359253.00000, 90161.00000, 185376.00000, 12901441376.00000, 113584.51204, 1.08598, 0.87972, 0.68510, -0.56481, 1.00000, 0.00000
2.68919, 2.20355, -3.47499, 4.91558, 0.68646, 2.35595, 1.00000, 183548.00000, 183548.00000, 183548.00000, 0.00000, 0.00000, 1.08598, 1.85065, 1.52573, -2.37638, 1.00000, 0.00000
2.83550, 2.83550, -2.83550, 4.91123, 0.78540, 2.18628, 4.00000, 359455.00000, 113116.00000, 291262.50000, 10639224320.25000, 103146.61565, 1.14286, 1.00000, 1.00000, -1.00000, 1.00000, 0.00000
2.75567, -4.02561, 0.70086, 4.92853, -0.97053, 1.42811, 94.00000, 478001.00000, 17991.00000, 166824.30851, 17183065102.95801, 131084.19090, 0.90081, -6.49176, 9.35336, -1.86160, 0.32979, 0.67021
3.48430, -3.15040, 1.49161, 4.92852, -0.73511, 1.26333, 127.00000, 479155.00000, 16392.00000, 123551.51969, 10429065350.24961, 102122.79545, 0.91102, 1.82322, -1.63909, 0.81587, 0.58268, 0.41732
2.21782, -3.93313, 1.97536, 4.92852, -1.05736, 1.15840, 113.00000, 487138.00000, 18410.00000, 132460.65487, 14076602204.15522, 118644.85747, 0.91102, 6.05607, -10.56672, 5.51065, 0.39823, 0.60177
2.85909, -3.75484, 1.40973, 4.92550, -0.92001, 1.28053, 77.00000, 487776.00000, 22093.00000, 151565.46753, 13647539367.28790, 116822.68344, 0.94766, 7.02665, -9.32863, 3.30198, 0.33766, 0.66234
3.93313, -1.97536, 2.21782, 4.92852, -0.46544, 1.10403, 182.00000, 470208.00000, 6148.00000, 79890.83516, 8718925980.45634, 93375.18932, 0.91102, 0.95092, -0.49591, 0.54500, 0.85714, 0.14286
4.02561, -0.70086, 2.75567, 4.92853, -0.17237, 0.97747, 153.00000, 456623.00000, 4135.00000, 82568.72549, 10845979342.02922, 104144.03172, 0.90081, 0.66888, -0.13313, 0.46424, 0.95425, 0.04575
3.15040, -1.49161, 3.48430, 4.92852, -0.44220, 0.78559, 151.00000, 469325.00000, 6105.00000, 93002.50993, 9077419283.24328, 95275.49151, 0.91102, 0.61936, -0.30829, 0.68893, 0.84768, 0.15232
3.75484, -1.40973, 2.85909, 4.92550, -0.35916, 0.95149, 141.00000, 481593.00000, 5989.00000, 87652.07801, 10357062298.19959, 101769.65313, 0.94766, 0.71466, -0.25296, 0.53830, 0.86525, 0.13475
1.49161, -3.48430, 3.15040, 4.92852, -1.16631, 0.87732, 85.00000, 491915.00000, 19440.00000, 152915.84706, 12238142329.25896, 110626.13764, 0.91102, 1.29147, -2.88604, 2.59457, 0.31765, 0.68235
1.97536, -2.21782, 3.93313, 4.92852, -0.84316, 0.64677, 83.00000, 486939.00000, 12131.00000, 150503.80723, 15454858797.89055, 124317.57236, 0.91102, 0.54989, -0.60432, 1.05443, 0.62651, 0.37349
0.70086, -2.75567, 4.02561, 4.92853, -1.32174, 0.61496, 43.00000, 481156.00000, 19735.00000, 162626.95349, 12209677970.50947, 110497.41160, 0.90081, 0.39414, -1.37444, 1.98030, 0.39535, 0.60465
1.40973, -2.85909, 3.75484, 4.92550, -1.11271, 0.70390, 48.00000, 494368.00000, 20161.00000, 155916.35417, 16359698884.43707, 127905.03854, 0.94766, 0.58922, -1.25387, 1.66465, 0.62500, 0.37500
3.47499, -2.68919, 2.20355, 4.91558, -0.65860, 1.10596, 102.00000, 446886.00000, 12170.00000, 118243.85294, 10660461542.55680, 103249.51110, 1.08598, 1.15838, -0.90211, 0.74373, 0.78431, 0.21569
2.68919, -2.20355, 3.47499, 4.91558, -0.68646, 0.78564, 88.00000, 444934.00000, 9920.00000, 129443.22727, 12838686098.28926, 113307.92602, 1.08598, 0.68510, -0.56481, 0.87972, 0.70455, 0.29545
2.20355, -3.47499, 2.68919, 4.91558, -1.00567, 0.99193, 60.00000, 427542.00000, 15983.00000, 131050.21667, 12300283939.20306, 110906.64515, 1.08598, 1.52573, -2.37638, 1.85065, 0.33333, 0.66667
2.83550, -2.83550, 2.83550, 4.91123, -0.78540, 0.95532, 107.00000, 491820.00000, 9164.00000, 127450.81308, 13503712025.62861, 116205.47330, 1.14286, 1.00000, -1.00000, 1.00000, 0.69159, 0.30841
2.05481, -4.45876, 0.43315, 4.92853, -1.13896, 1.48280, 69.00000, 435982.00000, 8468.00000, 118675.85507, 8843757432.96450, 94041.25389, 0.90081, -0.98030, 2.22389, -0.24359, 0.21739, 0.78261
1.50894, -4.37124, 1.70460, 4.92852, -1.23841, 1.21764, 100.00000, 498148.00000, 11282.00000, 131161.06000, 13681222328.41640, 116966.75736, 0.91102, -1.19997, 3.63662, -1.43665, 0.16000, 0.84000
0.72621, -4.85499, 0.43811, 4.92852, -1.42232, 1.48179, 73.00000, 483093.00000, 25410.00000, 132353.78082, 12677801830.28073, 112595.74517, 0.91102, -0.18312, 1.31474, -0.13162, 0.09589, 0.90411
1.44936, -4.62611, 0.87126, 4.92550, -1.26718, 1.39297, 69.00000, 493174.00000, 9202.00000, 152450.92754, 14981013908.93678, 122396.95220, 0.94766, -0.66465, 2.02881, -0.36416, 0.20290, 0.79710
0.78273, -3.92241, 2.87963, 4.92852, -1.37383, 0.94680, 67.00000, 486052.00000, 12753.00000, 154583.58209, 15493969435.16864, 124474.77429, 0.91102, -2.08678, 10.75154, -7.66476, 0.28358, 0.71642
0.00000, -3.18882, 3.75791, 4.92853, -1.57080, 0.70366, 42.00000, 465801.00000, 31121.00000, 184980.21429, 13113539915.45408, 114514.36554, 0.90081, 0.00000, -7.64229, 8.64229, 0.26190, 0.73810
-0.78273, -3.92241, 2.87963, 4.92852, -1.76776, 0.94680, 39.00000, 491727.00000, 20638.00000, 159985.46154, 13383774175.78698, 115688.26291, 0.91102, 0.40335, 2.07817, -1.48153, 0.12821, 0.87179
0.00000, -3.73035, 3.21637, 4.92550, -1.57080, 0.85925, 34.00000, 472143.00000, 21548.00000, 164925.67647, 12915630366.27768, 113646.95494, 0.94766, -0.00000, 9.06739, -8.06739, 0.17647, 0.82353
-0.72621, -4.85499, 0.43811, 4.92852, -1.71928, 1.48179, 60.00000, 476219.00000, 12976.00000, 165323.70000, 16298047050.14333, 127663.80478, 0.91102, 0.13403, 0.96230, -0.09634, 0.15000, 0.85000
-1.50894, -4.37124, 1.70460, 4.92852, -1.90319, 1.21764, 43.00000, 462254.00000, 16459.00000, 183104.30233, 17208066079.42023, 131179.51852, 0.91102, 0.35294, 1.06961, -0.42255, 0.16279, 0.83721
-2.05481, -4.45876, 0.43315, 4.92853, -2.00263, 1.48280, 15.00000, 454563.00000, 51221.00000, 251020.20000, 14676447686.69333, 121146.38949, 0.90081, 0.33112, 0.75116, -0.08228, 0.06667, 0.93333
-1.44936, -4.62611, 0.87126, 4.92550, -1.87441, 1.39297, 32.00000, 371306.00000, 13548.00000, 152956.71875, 11239598514.32715, 106016.97277, 0.94766, 0.28534, 0.87099, -0.15634, 0.06250, 0.93750
0.78579, -4.35121, 2.14766, 4.91558, -1.39213, 1.11864, 65.00000, 467783.00000, 18928.00000, 124106.63077, 10945849600.63290, 104622.41443, 1.08598, -0.52573, 2.99442, -1.46868, 0.13846, 0.86154
-0.78579, -4.35121, 2.14766, 4.91558, -1.74946, 1.11864, 36.00000, 479715.00000, 27401.00000, 151210.50000, 12174341303.19444, 110337.39757, 1.08598, 0.25627, 1.45965, -0.71592, 0.13889, 0.86111
0.00000, -4.83686, 0.87622, 4.91558, -1.57080, 1.39159, 43.00000, 460187.00000, 29126.00000, 141622.72093, 11423107349.64305, 106878.93782, 1.08598, -0.00000, 1.22879, -0.22879, 0.06977, 0.93023
0.00000, -4.58794, 1.75244, 4.91123, -1.57080, 1.20593, 79.00000, 485695.00000, 16081.00000, 135451.20253, 14184000358.89569, 119096.60095, 1.14286, -0.00000, 1.61803, -0.61803, 0.13924, 0.86076
2.05481, -4.45876, -0.43315, 4.92853, -1.13896, 1.65880, 50.00000, 475214.00000, 29348.00000, 148116.16000, 10534598724.37440, 102638.19330, 0.90081, -0.65917, 1.49537, 0.16379, 0.14000, 0.86000
0.72621, -4.85499, -0.43811, 4.92852, -1.42232, 1.65981, 66.00000, 499826.00000, 17454.00000, 163007.03030, 18233161915.84757, 135030.22593, 0.91102, -0.14496, 1.04077, 0.10419, 0.09091, 0.90909
1.50894, -4.37124, -1.70460, 4.92852, -1.23841, 1.92396, 28.00000, 415378.00000, 27148.00000, 178301.89286, 12656037109.45281, 112499.05382, 0.91102, -0.30980, 0.93889, 0.37091, 0.14286, 0.85714
1.44936, -4.62611, -0.87126, 4.92550, -1.26718, 1.74862, 46.00000, 431642.00000, 34087.00000, 151783.39130, 10554280300.54253, 102734.02698, 0.94766, -0.38457, 1.17386, 0.21070, 0.10870, 0.89130
-0.72621, -4.85499, -0.43811, 4.92852, -1.71928, 1.65981, 38.00000, 440515.00000, 27949.00000, 153724.55263, 10795033801.24723, 103899.15207, 0.91102, 0.11238, 0.80685, 0.08077, 0.05263, 0.94737
-2.05481, -4.45876, -0.43315, 4.92853, -2.00263, 1.65880, 25.00000, 459308.00000, 54399.00000, 183238.28000, 12317928464.92160, 110986.16339, 0.90081, 0.28433, 0.64502, 0.07065, 0.04000, 0.96000
-1.50894, -4.37124, -1.70460, 4.92852, -1.90319, 1.92396, 22.00000, 441507.00000, 56269.00000, 191527.95455, 13672410907.13430, 116929.08495, 0.91102, 0.19128, 0.57970, 0.22901, 0.00000, 1.00000
-1.44936, -4.62611, -0.87126, 4.92550, -1.87441, 1.74862, 25.00000, 499778.00000, 29483.00000, 186658.12000, 16274327782.10560, 127570.87356, 0.94766, 0.21738, 0.66353, 0.11910, 0.04000, 0.96000
0.78273, -3.92241, -2.87963, 4.92852, -1.37383, 2.19479, 18.00000, 420032.00000, 65723.00000, 191857.00000, 7819848238.88889, 88429.90579, 0.91102, -0.12779, 0.65841, 0.46938, 0.05556, 0.94444
-0.78273, -3.92241, -2.87963, 4.92852, -1.76776, 2.19479, 18.00000, 403209.00000, 55388.00000, 178168.94444, 9640860004.49691, 98187.88115, 0.91102, 0.10178, 0.52439, 0.37383, 0.11111, 0.88889
0.00000, -3.18882, -3.75791, 4.92853, -1.57080, 2.43793, 5.00000, 321689.00000, 181778.00000, 223456.60000, 2628301814.64000, 51266.96612, 0.90081, 0.00000, 0.46930, 0.53070, 0.00000, 1.00000
0.00000, -3.73035, -3.21637, 4.92550, -1.57080, 2.28234, 15.00000, 494111.00000, 69623.00000, 233148.46667, 13547123358.91556, 116392.11038, 0.94766, -0.00000, 0.52918, 0.47082, 0.20000, 0.80000
0.00000, -4.83686, -0.87622, 4.91558, -1.57080, 1.75001, 36.00000, 474973.00000, 23042.00000, 144970.19444, 12076976056.43442, 109895.29588, 1.08598, -0.00000, 0.84303, 0.15697, 0.11111, 0.88889
-0.78579, -4.35121, -2.14766, 4.91558, -1.74946, 2.02296, 13.00000, 480989.00000, 34593.00000, 266236.69231, 20461504040.98225, 143043.71374, 1.08598, 0.10538, 0.60022, 0.29439, 0.15385, 0.84615
0.78579, -4.35121, -2.14766, 4.91558, -1.39213, 2.02296, 19.00000, 349235.00000, 81812.00000, 146355.21053, 4904871895.21884, 70034.79061, 1.08598, -0.13352, 0.76051, 0.37301, 0.15789, 0.84211
0.00000, -4.58794, -1.75244, 4.91123, -1.57080, 1.93566, 33.00000, 466406.00000, 34569.00000, 174333.69697, 14378220337.54454, 119909.21707, 1.14286, -0.00000, 0.72361, 0.27639, 0.00000, 1.00000
2.75567, -4.02561, -0.70086, 4.92853, -0.97053, 1.71348, 56.00000, 498083.00000, 27807.00000, 147374.17857, 9934215793.07526, 99670.53623, 0.90081, -1.37444, 1.98030, 0.39414, 0.28571, 0.71429
2.21782, -3.93313, -1.97536, 4.92852, -1.05736, 1.98319, 36.00000, 494154.00000, 26728.00000, 169312.47222, 11761708806.97145, 108451.41219, 0.91102, -0.60432, 1.05443, 0.54989, 0.16667, 0.83333
3.48430, -3.15040, -1.49161, 4.92852, -0.73511, 1.87827, 58.00000, 480926.00000, 33542.00000, 198531.50000, 14570330654.21552, 120707.62467, 0.91102, -2.88604, 2.59457, 1.29147, 0.36207, 0.63793
2.85909, -3.75484, -1.40973, 4.92550, -0.92001, 1.86107, 41.00000, 440488.00000, 32414.00000, 150183.00000, 10138472083.12195, 100689.98005, 0.94766, -1.25387, 1.66465, 0.58922, 0.36585, 0.63415
1.49161, -3.48430, -3.15040, 4.92852, -1.16631, 2.26428, 19.00000, 479808.00000, 33885.00000, 231017.57895, 20222641943.40166, 142206.33581, 0.91102, -0.30829, 0.68893, 0.61936, 0.26316, 0.73684
0.70086, -2.75567, -4.02561, 4.92853, -1.32174, 2.52663, 9.00000, 453713.00000, 111693.00000, 255305.00000, 14747766242.88889, 121440.38143, 0.90081, -0.13313, 0.46424, 0.66888, 0.11111, 0.88889
1.97536, -2.21782, -3.93313, 4.92852, -0.84316, 2.49482, 14.00000, 299757.00000, 63203.00000, 191203.28571, 4677697423.48980, 68393.69433, 0.91102, -0.49591, 0.54500, 0.95092, 0.14286, 0.85714
1.40973, -2.85909, -3.75484, 4.92550, -1.11271, 2.43770, 9.00000, 328166.00000, 95623.00000, 190624.55556, 7303997264.02469, 85463.42647, 0.94766, -0.25296, 0.53830, 0.71466, 0.44444, 0.55556
3.93313, -1.97536, -2.21782, 4.92852, -0.46544, 2.03756, 20.00000, 434272.00000, 41413.00000, 243973.75000, 14598806779.08750, 120825.52205, 0.91102, -10.56672, 5.51065, 6.05607, 0.60000, 0.40000
3.15040, -1.49161, -3.48430, 4.92852, -0.44220, 2.35600, 6.00000, 464339.00000, 67017.00000, 216898.00000, 16639953257.33333, 128995.94279, 0.91102, -1.63909, 0.81587, 1.82322, 0.50000, 0.50000
4.02561, -0.70086, -2.75567, 4.92853, -0.17237, 2.16413, 13.00000, 472490.00000, 75001.00000, 229385.92308, 14820653936.68639, 121740.10817, 0.90081, 9.35336, -1.86160, -6.49176, 0.84615, 0.15385
3.75484, -1.40973, -2.85909, 4.92550, -0.35916, 2.19010, 13.00000, 456818.00000, 83101.00000, 193592.38462, 11286416377.31361, 106237.54693, 0.94766, -9.32863, 3.30198, 7.02665, 0.61538, 0.38462
2.20355, -3.47499, -2.68919, 4.91558, -1.00567, 2.14966, 26.00000, 485657.00000, 37512.00000, 231980.65385, 17536502691.91864, 132425.46089, 1.08598, -0.56481, 0.87972, 0.68510, 0.19231, 0.80769
2.68919, -2.20355, -3.47499, 4.91558, -0.68646, 2.35595, 12.00000, 363041.00000, 159161.00000, 233621.58333, 5403053979.40972, 73505.46904, 1.08598, -0.90211, 0.74373, 1.15838, 0.25000, 0.75000
3.47499, -2.68919, -2.20355, 4.91558, -0.65860, 2.03563, 21.00000, 473497.00000, 64437.00000, 204789.00000, 18592418202.66667, 136354.01792, 1.08598, -2.37638, 1.85065, 1.52573, 0.23810, 0.76190
2.83550, -2.83550, -2.83550, 4.91123, -0.78540, 2.18628, 14.00000, 327051.00000, 24982.00000, 179195.78571, 8807328239.45408, 93847.36672, 1.14286, -1.00000, 1.00000, 1.00000, 0.14286, 0.85714
3.18882, -3.75791, 0.00000, 4.92853, -0.86714, 1.57080, 68.00000, 491925.00000, 20087.00000, 160320.11765, 15207060969.22145, 123316.91275, 0.90081, -7.64229, 8.64229, -0.00000, 0.30882, 0.69118
3.92241, -2.87963, -0.78273, 4.92852, -0.63328, 1.73029, 47.00000, 491538.00000, 29558.00000, 175178.48936, 13129974816.42010, 114586.10220, 0.91102, 10.75154, -7.66476, -2.08678, 0.57447, 0.42553
3.92241, -2.87963, 0.78273, 4.92852, -0.63328, 1.41130, 114.00000, 499733.00000, 10656.00000, 130718.75439, 12294614856.67652, 110881.08431, 0.91102, 2.07817, -1.48153, 0.40335, 0.59649, 0.40351
3.73035, -3.21637, 0.00000, 4.92550, -0.71154, 1.57080, 68.00000, 489399.00000, 14563.00000, 132426.83824, 12824594458.78266, 113245.72601, 0.94766, 9.06739, -8.06739, 0.00000, 0.55882, 0.44118
4.37124, -1.70460, -1.50894, 4.92852, -0.37182, 1.88196, 40.00000, 471484.00000, 41301.00000, 170328.15000, 12468321990.02750, 111661.64064, 0.91102, 3.63662, -1.43665, -1.19997, 0.72500, 0.27500
4.45876, -0.43315, -2.05481, 4.92853, -0.09684, 2.00085, 17.00000, 414134.00000, 57031.00000, 166727.23529, 11348072954.76817, 106527.33431, 0.90081, 2.22389, -0.24359, -0.98030, 0.82353, 0.17647
4.85499, -0.43811, -0.72621, 4.92852, -0.09000, 1.71868, 50.00000, 475051.00000, 18779.00000, 153732.56000, 14615068300.80640, 120892.79673, 0.91102, 1.31474, -0.13162, -0.18312, 0.84000, 0.16000
4.62611, -0.87126, -1.44936, 4.92550, -0.18616, 1.86947, 28.00000, 454625.00000, 30793.00000, 194332.42857, 20309636168.03061, 142511.88080, 0.94766, 2.02881, -0.36416, -0.66465, 0.82143, 0.17857
4.37124, -1.70460, 1.50894, 4.92852, -0.37182, 1.25963, 153.00000, 451600.00000, 6787.00000, 87548.15686, 10144448637.59631, 100719.65368, 0.91102, 1.06961, -0.42255, 0.35294, 0.90196, 0.09804
4.85499, -0.43811, 0.72621, 4.92852, -0.09000, 1.42291, 122.00000, 462060.00000, 10613.00000, 86271.29508, 9406107842.61785, 96985.09083, 0.91102, 0.96230, -0.09634, 0.13403, 0.95082, 0.04918
4.45876, -0.43315, 2.05481, 4.92853, -0.09684, 1.14074, 159.00000, 456129.00000, 7774.00000, 74679.15723, 7057203211.56647, 84007.16167, 0.90081, 0.75116, -0.08228, 0.33112, 0.96855, 0.03145
4.62611, -0.87126, 1.44936, 4.92550, -0.18616, 1.27212, 143.00000, 440894.00000, 5404.00000, 70546.27273, 6526244728.28226, 80785.17641, 0.94766, 0.87099, -0.15634, 0.28534, 0.95804, 0.04196
4.35121, -2.14766, -0.78579, 4.91558, -0.45850, 1.73134, 43.00000, 412909.00000, 25443.00000, 135360.65116, 11348459953.62250, 106529.15072, 1.08598, 2.99442, -1.46868, -0.52573, 0.79070, 0.20930
4.83686, -0.87622, 0.00000, 4.91558, -0.17921, 1.57080, 55.00000, 425006.00000, 11850.00000, 104152.18182, 9426068826.83967, 97087.94378, 1.08598, 1.22879, -0.22879, 0.00000, 0.87273, 0.12727
4.35121, -2.14766, 0.78579, 4.91558, -0.45850, 1.41025, 82.00000, 455608.00000, 6082.00000, 129790.57317, 13568732903.95196, 116484.90419, 1.08598, 1.45965, -0.71592, 0.25627, 0.76829, 0.23171
4.58794, -1.75244, 0.00000, 4.91123, -0.36486, 1.57080, 62.00000, 432881.00000, 12474.00000, 131081.91935, 10347647406.71930, 101723.38672, 1.14286, 1.61803, -0.61803, 0.00000, 0.77419, 0.22581
0.43315, -2.05481, 4.45876, 4.92853, -1.36304, 0.44016, 32.00000, 496294.00000, 34622.00000, 210639.06250, 21609926480.12109, 147003.15126, 0.90081, 0.16379, -0.65917, 1.49537, 0.53125, 0.46875
1.70460, -1.50894, 4.37124, 4.92852, -0.72459, 0.48015, 67.00000, 491754.00000, 13938.00000, 150653.07463, 13392214635.59145, 115724.73649, 0.91102, 0.37091, -0.30980, 0.93889, 0.68657, 0.31343
0.43811, -0.72621, 4.85499, 4.92852, -1.02797, 0.17295, 27.00000, 486345.00000, 29993.00000, 199309.22222, 19023639962.54321, 137926.21202, 0.91102, 0.10419, -0.14496, 1.04077, 0.62963, 0.37037
0.87126, -1.44936, 4.62611, 4.92550, -1.02954, 0.35046, 25.00000, 422360.00000, 30659.00000, 169427.20000, 12718963953.28000, 112778.38425, 0.94766, 0.21070, -0.38457, 1.17386, 0.68000, 0.32000
2.87963, -0.78273, 3.92241, 4.92852, -0.26540, 0.65037, 102.00000, 469996.00000, 7842.00000, 104457.08824, 10615324081.80594, 103030.69485, 0.91102, 0.46938, -0.12779, 0.65841, 0.90196, 0.09804
3.75791, 0.00000, 3.18882, 4.92853, 0.00000, 0.86714, 115.00000, 373798.00000, 5824.00000, 76355.89565, 6087272300.44129, 78020.97347, 0.90081, 0.53070, -0.00000, 0.46930, 0.97391, 0.02609
2.87963, 0.78273, 3.92241, 4.92852, 0.26540, 0.65037, 60.00000, 446035.00000, 12123.00000, 138335.95000, 13556016386.21416, 116430.30699, 0.91102, 0.37383, 0.10178, 0.52439, 0.91667, 0.08333
3.21637, 0.00000, 3.73035, 4.92550, 0.00000, 0.71154, 79.00000, 487141.00000, 11797.00000, 88945.37975, 9235899770.81782, 96103.58875, 0.94766, 0.47082, -0.00000, 0.52918, 0.93671, 0.06329
0.43811, 0.72621, 4.85499, 4.92852, 1.02797, 0.17295, 13.00000, 423440.00000, 41081.00000, 178330.76923, 8310464956.33136, 91161.75161, 0.91102, 0.08077, 0.11238, 0.80685, 0.76923, 0.23077
1.70460, 1.50894, 4.37124, 4.92852, 0.72459, 0.48015, 27.00000, 425548.00000, 22478.00000, 174100.48148, 19587179566.99040, 139954.20525, 0.91102, 0.22901, 0.19128, 0.57970, 0.85185, 0.14815
0.43315, 2.05481, 4.45876, 4.92853, 1.36304, 0.44016, 9.00000, 172737.00000, 76150.00000, 120130.11111, 778596374.09877, 27903.33984, 0.90081, 0.07065, 0.28433, 0.64502, 1.00000, 0.00000
0.87126, 1.44936, 4.62611, 4.92550, 1.02954, 0.35046, 21.00000, 470239.00000, 46987.00000, 207570.33333, 13437339097.65080, 115919.53717, 0.94766, 0.11910, 0.21738, 0.66353, 0.80952, 0.19048
2.14766, -0.78579, 4.35121, 4.91558, -0.35075, 0.48390, 46.00000, 405619.00000, 17940.00000, 142026.13043, 15567973764.28734, 124771.68655, 1.08598, 0.37301, -0.13352, 0.76051, 0.76087, 0.23913
2.14766, 0.78579, 4.35121, 4.91558, 0.35075, 0.48390, 35.00000, 435507.00000, 15082.00000, 133309.80000, 12268908142.04572, 110765.10345, 1.08598, 0.29439, 0.10538, 0.60022, 0.85714, 0.14286
0.87622, 0.00000, 4.83686, 4.91558, 0.00000, 0.17921, 37.00000, 442625.00000, 39160.00000, 169130.13514, 13285176832.87363, 115261.34145, 1.08598, 0.15697, -0.00000, 0.84303, 0.67568, 0.32432
1.75244, 0.00000, 4.58794, 4.91123, 0.00000, 0.36486, 45.00000, 425927.00000, 20427.00000, 152319.44444, 13065855292.06914, 114305.97225, 1.14286, 0.27639, 0.00000, 0.72361, 0.84444, 0.15556
-2.75567, -4.02561, 0.70086, 4.92853, -2.17107, 1.42811, 10.00000, 371658.00000, 76443.00000, 176822.00000, 7301266807.00000, 85447.45056, 0.90081, 0.46424, 0.66888, -0.13313, 0.00000, 1.00000
-2.21782, -3.93313, 1.97536, 4.92852, -2.08423, 1.15840, 28.00000, 456735.00000, 45545.00000, 206790.21429, 15965311106.73980, 126353.91211, 0.91102, 0.54500, 0.95092, -0.49591, 0.07143, 0.92857
-3.48430, -3.15040, 1.49161, 4.92852, -2.40648, 1.26333, 11.00000, 497457.00000, 90592.00000, 245121.09091, 21118729927.35537, 145322.84723, 0.91102, 0.68893, 0.61936, -0.30829, 0.00000, 1.00000
-2.85909, -3.75484, 1.40973, 4.92550, -2.22158, 1.28053, 14.00000, 456950.00000, 61359.00000, 259480.14286, 18376828027.97959, 135561.15973, 0.94766, 0.53830, 0.71466, -0.25296, 0.00000, 1.00000
-1.49161, -3.48430, 3.15040, 4.92852, -1.97528, 0.87732, 34.00000, 435674.00000, 21098.00000, 152675.38235, 9042598647.35381, 95092.57935, 0.91102, 0.81587, 1.82322, -1.63909, 0.11765, 0.88235
-0.70086, -2.75567, 4.02561, 4.92853, -1.81985, 0.61496, 26.00000, 464091.00000, 36394.00000, 168791.50000, 13671939462.78846, 116927.06899, 0.90081, -1.86160, -6.49176, 9.35336, 0.11538, 0.88462
-1.97536, -2.21782, 3.93313, 4.92852, -2.29844, 0.64677, 10.00000, 358701.00000, 78284.00000, 190864.30000, 6193231301.61000, 78697.08573, 0.91102, 5.51065, 6.05607, -10.56672, 0.00000, 1.00000
-1.40973, -2.85909, 3.75484, 4.92550, -2.02888, 0.70390, 16.00000, 471737.00000, 87676.00000, 190462.93750, 14254149805.18359, 119390.74422, 0.94766, 3.30198, 7.02665, -9.32863, 0.18750, 0.81250
-3.93313, -1.97536, 2.21782, 4.92852, -2.67616, 1.10403, 5.00000, 499760.00000, 254133.00000, 390645.20000, 11569977072.56000, 107563.82790, 0.91102, 1.05443, 0.54989, -0.60432, 0.00000, 1.00000
-3.15040, -1.49161, 3.48430, 4.92852, -2.69940, 0.78559, 5.00000, 476624.00000, 93049.00000, 262424.40000, 20710290018.64000, 143910.70154, 0.91102, 2.59457, 1.29147, -2.88604, 0.40000, 0.60000
-4.02561, -0.70086, 2.75567, 4.92853, -2.96922, 0.97747, 4.00000, 369206.00000, 155214.00000, 261755.50000, 8954991922.75000, 94630.81910, 0.90081, 1.98030, 0.39414, -1.37444, 0.50000, 0.50000
-3.75484, -1.40973, 2.85909, 4.92550, -2.78243, 0.95149, 4.00000, 258839.00000, 192910.00000, 225274.25000, 1018225054.68750, 31909.63890, 0.94766, 1.66465, 0.58922, -1.25387, 0.00000, 1.00000
-2.20355, -3.47499, 2.68919, 4.91558, -2.13592, 0.99193, 15.00000, 493358.00000, 46767.00000, 226797.33333, 20117384815.28889, 141835.76705, 1.08598, 0.74373, 1.15838, -0.90211, 0.00000, 1.00000
-2.68919, -2.20355, 3.47499, 4.91558, -2.45513, 0.78564, 8.00000, 404158.00000, 87673.00000, 243892.37500, 12009901633.48438, 109589.69675, 1.08598, 1.85065, 1.52573, -2.37638, 0.25000, 0.75000
-3.47499, -2.68919, 2.20355, 4.91558, -2.48299, 1.10596, 9.00000, 463193.00000, 82076.00000, 224587.55556, 15443657874.46914, 124272.51456, 1.08598, 0.87972, 0.68510, -0.56481, 0.11111, 0.88889
-2.83550, -2.83550, 2.83550, 4.91123, -2.35619, 0.95532, 12.00000, 444539.00000, 36359.00000, 254248.91667, 16766902993.90972, 129487.07655, 1.14286, 1.00000, 1.00000, -1.00000, 0.33333, 0.66667
-0.70086, -2.75567, -4.02561, 4.92853, -1.81985, 2.52663, 11.00000, 436724.00000, 146548.00000, 223570.18182, 8193489016.69422, 90517.89335, 0.90081, 0.10514, 0.36663, 0.52824, 0.18182, 0.81818
-1.49161, -3.48430, -3.15040, 4.92852, -1.97528, 2.26428, 15.00000, 459242.00000, 96721.00000, 200509.33333, 10743450807.68889, 103650.61895, 0.91102, 0.19070, 0.42617, 0.38313, 0.06667, 0.93333
-1.97536, -2.21782, -3.93313, 4.92852, -2.29844, 2.49482, 5.00000, 459177.00000, 108921.00000, 284513.80000, 18230175834.16000, 135019.16840, 0.91102, 0.24897, 0.27362, 0.47741, 0.00000, 1.00000
-1.40973, -2.85909, -3.75484, 4.92550, -2.02888, 2.43770, 6.00000, 466416.00000, 162882.00000, 361245.33333, 12554683475.22222, 112047.68394, 0.94766, 0.16798, 0.35746, 0.47456, 0.16667, 0.83333
-2.21782, -3.93313, -1.97536, 4.92852, -2.08423, 1.98319, 14.00000, 461719.00000, 66303.00000, 264297.57143, 20558546602.81633, 143382.51847, 0.91102, 0.27362, 0.47741, 0.24897, 0.07143, 0.92857
-2.75567, -4.02561, -0.70086, 4.92853, -2.17107, 1.71348, 13.00000, 416905.00000, 56384.00000, 178251.92308, 13405305001.45562, 115781.28088, 0.90081, 0.36663, 0.52824, 0.10514, 0.15385, 0.84615
-3.48430, -3.15040, -1.49161, 4.92852, -2.40648, 1.87827, 8.00000, 434621.00000, 63404.00000, 161772.25000, 12216819889.93750, 110529.72401, 0.91102, 0.42617, 0.38313, 0.19070, 0.00000, 1.00000
-2.85909, -3.75484, -1.40973, 4.92550, -2.22158, 1.86107, 9.00000, 423441.00000, 112406.00000, 274107.77778, 13684951735.06173, 116982.69844, 0.94766, 0.35746, 0.47456, 0.16798, 0.00000, 1.00000
-3.15040, -1.49161, -3.48430, 4.92852, -2.69940, 2.35600, 3.00000, 489275.00000, 183432.00000, 385663.66667, 20452975181.55556, 143013.89856, 0.91102, 0.38313, 0.19070, 0.42617, 0.00000, 1.00000
-3.93313, -1.97536, -2.21782, 4.92852, -2.67616, 2.03756, 2.00000, 349344.00000, 273850.00000, 311597.00000, 1424836009.00000, 37747.00000, 0.91102, 0.47741, 0.24897, 0.27362, 0.00000, 1.00000
-4.02561, -0.70086, -2.75567, 4.92853, -2.96922, 2.16413, 0.00000, 0.00000, 0.00000, 0.00000, 0.00000, 0.00000, 0.90081, 0.52824, 0.10514, 0.36663, 0.00000, 0.00000
-3.75484, -1.40973, -2.85909, 4.92550, -2.78243, 2.19010, 2.00000, 210654.00000, 163626.00000, 187140.00000, 552908196.00000, 23514.00000, 0.94766, 0.47456, 0.16798, 0.35746, 0.00000, 1.00000
-2.20355, -3.47499, -2.68919, 4.91558, -2.13592, 2.14966, 2.00000, 172722.00000, 75330.00000, 124026.00000, 2371300416.00000, 48696.00000, 1.08598, 0.26522, 0.41309, 0.32170, 0.00000, 1.00000
-3.47499, -2.68919, -2.20355, 4.91558, -2.48299, 2.03563, 4.00000, 484983.00000, 144139.00000, 324429.00000, 15865858710.50000, 125959.75036, 1.08598, 0.41309, 0.32170, 0.26522, 0.25000, 0.75000
-2.68919, -2.20355, -3.47499, 4.91558, -2.45513, 2.35595, 2.00000, 466117.00000, 106236.00000, 286176.50000, 32378583540.25000, 179940.50000, 1.08598, 0.32170, 0.26522, 0.41309, 0.00000, 1.00000
-2.83550, -2.83550, -2.83550, 4.91123, -2.35619, 2.18628, 1.00000, 151254.00000, 151254.00000, 151254.00000, 0.00000, 0.00000, 1.14286, 0.33333, 0.33333, 0.33333, 0.00000, 1.00000
3.75791, 0.00000, -3.18882, 4.92853, 0.00000, 2.27446, 5.00000, 459828.00000, 226520.00000, 307309.40000, 8556901536.24000, 92503.52175, 0.90081, 8.64229, 0.00000, -7.64229, 1.00000, 0.00000
2.87963, -0.78273, -3.92241, 4.92852, -0.26540, 2.49122, 9.00000, 475742.00000, 65153.00000, 226047.88889, 17238691786.32099, 131296.19867, 0.91102, -1.48153, 0.40335, 2.07817, 0.55556, 0.44444
2.87963, 0.78273, -3.92241, 4.92852, 0.26540, 2.49122, 4.00000, 449682.00000, 160962.00000, 299152.75000, 10710583448.68750, 103491.94871, 0.91102, -7.66476, -2.08678, 10.75154, 1.00000, 0.00000
3.21637, 0.00000, -3.73035, 4.92550, 0.00000, 2.43005, 3.00000, 430981.00000, 146950.00000, 309217.00000, 14265847998.00000, 119439.72538, 0.94766, -8.06739, -0.00000, 9.06739, 0.66667, 0.33333
1.70460, -1.50894, -4.37124, 4.92852, -0.72459, 2.66145, 6.00000, 463597.00000, 104537.00000, 239711.00000, 18857817136.00000, 137323.76756, 0.91102, -0.42255, 0.35294, 1.06961, 0.66667, 0.33333
0.43315, -2.05481, -4.45876, 4.92853, -1.36304, 2.70143, 2.00000, 336545.00000, 236483.00000, 286514.00000, 2503100961.00000, 50031.00000, 0.90081, -0.08228, 0.33112, 0.75116, 0.00000, 1.00000
0.43811, -0.72621, -4.85499, 4.92852, -1.02797, 2.96865, 3.00000, 488764.00000, 94901.00000, 322970.00000, 27793764940.66667, 166714.62126, 0.91102, -0.09634, 0.13403, 0.96230, 0.33333, 0.66667
0.87126, -1.44936, -4.62611, 4.92550, -1.02954, 2.79113, 7.00000, 443991.00000, 123476.00000, 302558.57143, 11030954992.24490, 105028.35328, 0.94766, -0.15634, 0.28534, 0.87099, 0.28571, 0.71429
1.70460, 1.50894, -4.37124, 4.92852, 0.72459, 2.66145, 2.00000, 420773.00000, 131095.00000, 275934.00000, 20978335921.00000, 144839.00000, 0.91102, -1.43665, -1.19997, 3.63662, 0.50000, 0.50000
0.43811, 0.72621, -4.85499, 4.92852, 1.02797, 2.96865, 1.00000, 476877.00000, 476877.00000, 476877.00000, 0.00000, 0.00000, 0.91102, -0.13162, -0.18312, 1.31474, 1.00000, 0.00000
0.43315, 2.05481, -4.45876, 4.92853, 1.36304, 2.70143, 3.00000, 248155.00000, 223056.00000, 233013.00000, 118435412.66667, 10882.80353, 0.90081, -0.24359, -0.98030, 2.22389, 0.66667, 0.33333
0.87126, 1.44936, -4.62611, 4.92550, 1.02954, 2.79113, 5.00000, 376171.00000, 125941.00000, 253870.40000, 10046572273.44000, 100232.59087, 0.94766, -0.36416, -0.66465, 2.02881, 0.60000, 0.40000
2.14766, -0.78579, -4.35121, 4.91558, -0.35075, 2.65769, 5.00000, 443156.00000, 159396.00000, 314412.80000, 9842127834.56000, 99207.49888, 1.08598, -0.71592, 0.25627, 1.45965, 0.60000, 0.40000
0.87622, 0.00000, -4.83686, 4.91558, 0.00000, 2.96238, 5.00000, 448095.00000, 187017.00000, 290412.40000, 7459533027.84000, 86368.58820, 1.08598, -0.22879, -0.00000, 1.22879, 0.00000, 1.00000
2.14766, 0.78579, -4.35121, 4.91558, 0.35075, 2.65769, 2.00000, 278159.00000, 191890.00000, 235024.50000, 1860585090.25000, 43134.50000, 1.08598, -1.46868, -0.52573, 2.99442, 0.50000, 0.50000
1.75244, 0.00000, -4.58794, 4.91123, 0.00000, 2.77673, 2.00000, 426326.00000, 151987.00000, 289156.50000, 18815471730.25000, 137169.50000, 1.14286, -0.61803, -0.00000, 1.61803, 1.00000, 0.00000
4.45876, 0.43315, 2.05481, 4.92853, 0.09684, 1.14074, 106.00000, 397009.00000, 4685.00000, 92547.00000, 10168098253.77358, 100836.98852, 0.90081, 0.64502, 0.07065, 0.28433, 0.96226, 0.03774
4.85499, 0.43811, 0.72621, 4.92852, 0.09000, 1.42291, 85.00000, 403321.00000, 10081.00000, 105407.52941, 9252903901.49619, 96192.01579, 0.91102, 0.80685, 0.08077, 0.11238, 0.94118, 0.05882
4.37124, 1.70460, 1.50894, 4.92852, 0.37182, 1.25963, 48.00000, 438279.00000, 15801.00000, 110289.75000, 15081612655.64583, 122807.21744, 0.91102, 0.57970, 0.22901, 0.19128, 0.91667, 0.08333
4.62611, 0.87126, 1.44936, 4.92550, 0.18616, 1.27212, 72.00000, 310210.00000, 13363.00000, 90146.41667, 7256297903.71528, 85183.90637, 0.94766, 0.66353, 0.11910, 0.21738, 0.98611, 0.01389
4.85499, 0.43811, -0.72621, 4.92852, 0.09000, 1.71868, 40.00000, 380553.00000, 25982.00000, 131621.67500, 7311913432.71938, 85509.72712, 0.91102, 1.04077, 0.10419, -0.14496, 0.95000, 0.05000
4.45876, 0.43315, -2.05481, 4.92853, 0.09684, 2.00085, 22.00000, 478791.00000, 58272.00000, 221330.72727, 20198414456.56198, 142121.12600, 0.90081, 1.49537, 0.16379, -0.65917, 0.77273, 0.22727
4.37124, 1.70460, -1.50894, 4.92852, 0.37182, 1.88196, 12.00000, 467961.00000, 42027.00000, 209661.75000, 17580064885.18750, 132589.83704, 0.91102, 0.93889, 0.37091, -0.30980, 0.91667, 0.08333
4.62611, 0.87126, -1.44936, 4.92550, 0.18616, 1.86947, 18.00000, 490974.00000, 47205.00000, 205216.16667, 16151897825.02778, 127090.11694, 0.94766, 1.17386, 0.21070, -0.38457, 1.00000, 0.00000
3.92241, 2.87963, 0.78273, 4.92852, 0.63328, 1.41130, 16.00000, 459444.00000, 71979.00000, 209746.75000, 10755549875.56250, 103708.96719, 0.91102, 0.52439, 0.37383, 0.10178, 1.00000, 0.00000
3.92241, 2.87963, -0.78273, 4.92852, 0.63328, 1.73029, 9.00000, 478181.00000, 65229.00000, 225709.88889, 18749315187.65432, 136928.13877, 0.91102, 0.65841, 0.46938, -0.12779, 1.00000, 0.00000
3.18882, 3.75791, 0.00000, 4.92853, 0.86714, 1.57080, 10.00000, 265604.00000, 44713.00000, 133258.80000, 5791107555.16000, 76099.32690, 0.90081, 0.46930, 0.53070, 0.00000, 1.00000, 0.00000
3.73035, 3.21637, 0.00000, 4.92550, 0.71154, 1.57080, 18.00000, 404765.00000, 37790.00000, 177100.27778, 12942719475.53395, 113766.07348, 0.94766, 0.52918, 0.47082, 0.00000, 0.94444, 0.05556
4.83686, 0.87622, 0.00000, 4.91558, 0.17921, 1.57080, 38.00000, 429607.00000, 17625.00000, 132882.44737, 8161206571.82618, 90339.39657, 1.08598, 0.84303, 0.15697, 0.00000, 1.00000, 0.00000
4.35121, 2.14766, -0.78579, 4.91558, 0.45850, 1.73134, 9.00000, 436929.00000, 90166.00000, 194713.66667, 14867226511.33334, 121931.23682, 1.08598, 0.76051, 0.37301, -0.13352, 1.00000, 0.00000
4.35121, 2.14766, 0.78579, 4.91558, 0.45850, 1.41025, 22.00000, 499746.00000, 24055.00000, 152559.45455, 15087533130.88430, 122831.31983, 1.08598, 0.60022, 0.29439, 0.10538, 0.81818, 0.18182
4.58794, 1.75244, 0.00000, 4.91123, 0.36486, 1.57080, 27.00000, 433328.00000, 34256.00000, 148912.40741, 8949887620.24143, 94603.84569, 1.14286, 0.72361, 0.27639, -0.00000, 0.92593, 0.07407
