-2.75567, 4.02561, 0.70086, 4.92853, 2.17107, 1.42811, 13.00000, 442858.00000, 83122.00000, 185594.30769, 8786906820.21302, 93738.50234, 0.90081, -1.37444, 1.98030, 0.39414, 1.00000, 0.00000
-3.48430, 3.15040, 1.49161, 4.92852, 2.40648, 1.26333, 12.00000, 456661.00000, 76631.00000, 178477.75000, 8868171193.02083, 94170.96789, 0.91102, -2.88604, 2.59457, 1.29147, 1.00000, 0.00000
-2.21782, 3.93313, 1.97536, 4.92852, 2.08423, 1.15840, 11.00000, 473670.00000, 107659.00000, 296132.45455, 15561032610.79339, 124743.86803, 0.91102, -0.60432, 1.05443, 0.54989, 0.81818, 0.18182
-2.85909, 3.75484, 1.40973, 4.92550, 2.22158, 1.28053, 5.00000, 465056.00000, 156552.00000, 252012.00000, 12583536102.00000, 112176.36160, 0.94766, -1.25387, 1.66465, 0.58922, 1.00000, 0.00000
-3.93313, 1.97536, 2.21782, 4.92852, 2.67616, 1.10403, 8.00000, 397172.00000, 112453.00000, 245051.87500, 10870342643.60938, 104260.93537, 0.91102, -10.56672, 5.51065, 6.05607, 0.75000, 0.25000
-4.02561, 0.70086, 2.75567, 4.92853, 2.96922, 0.97747, 10.00000, 467002.00000, 84702.00000, 264025.00000, 20631383785.80000, 143636.28993, 0.90081, 9.35336, -1.86160, -6.49176, 0.60000, 0.40000
-3.15040, 1.49161, 3.48430, 4.92852, 2.69940, 0.78559, 10.00000, 463502.00000, 98633.00000, 277768.40000, 10306273432.84000, 101519.81793, 0.91102, -1.63909, 0.81587, 1.82322, 0.60000, 0.40000
-3.75484, 1.40973, 2.85909, 4.92550, 2.78243, 0.95149, 11.00000, 405586.00000, 138233.00000, 279598.72727, 8674279244.38017, 93135.81075, 0.94766, -9.32863, 3.30198, 7.02665, 0.90909, 0.09091
-1.49161, 3.48430, 3.15040, 4.92852, 1.97528, 0.87732, 4.00000, 364841.00000, 130162.00000, 219432.00000, 7774513931.50000, 88173.20416, 0.91102, -0.30829, 0.68893, 0.61936, 0.25000, 0.75000
-1.97536, 2.21782, 3.93313, 4.92852, 2.29844, 0.64677, 6.00000, 473756.00000, 51419.00000, 217640.50000, 16225712084.91667, 127380.18718, 0.91102, -0.49591, 0.54500, 0.95092, 0.33333, 0.66667
-0.70086, 2.75567, 4.02561, 4.92853, 1.81985, 0.61496, 5.00000, 394516.00000, 130285.00000, 211603.20000, 9480282047.76000, 97366.73995, 0.90081, -0.13313, 0.46424, 0.66888, 0.00000, 1.00000
-1.40973, 2.85909, 3.75484, 4.92550, 2.02888, 0.70390, 9.00000, 499844.00000, 81251.00000, 305372.00000, 17422914395.11111, 131995.88780, 0.94766, -0.25296, 0.53830, 0.71466, 0.22222, 0.77778
-3.47499, 2.68919, 2.20355, 4.91558, 2.48299, 1.10596, 6.00000, 372780.00000, 127632.00000, 245108.66667, 8067819918.55556, 89821.04385, 1.08598, -2.37638, 1.85065, 1.52573, 1.00000, 0.00000
-2.68919, 2.20355, 3.47499, 4.91558, 2.45513, 0.78564, 5.00000, 431117.00000, 263155.00000, 347818.60000, 3017269513.84000, 54929.67790, 1.08598, -0.90211, 0.74373, 1.15838, 0.60000, 0.40000
-2.20355, 3.47499, 2.68919, 4.91558, 2.13592, 0.99193, 1.00000, 163190.00000, 163190.00000, 163190.00000, 0.00000, 0.00000, 1.08598, -0.56481, 0.87972, 0.68510, 0.00000, 1.00000
-2.83550, 2.83550, 2.83550, 4.91123, 2.35619, 0.95532, 12.00000, 481894.00000, 111880.00000, 277476.75000, 10882761844.35417, 104320.47663, 1.14286, -1.00000, 1.00000, 1.00000, 0.75000, 0.25000
-2.05481, 4.45876, 0.43315, 4.92853, 2.00263, 1.48280, 10.00000, 447935.00000, 104665.00000, 242992.60000, 15983472609.44000, 126425.75928, 0.90081, -0.65917, 1.49537, 0.16379, 1.00000, 0.00000
-1.50894, 4.37124, 1.70460, 4.92852, 1.90319, 1.21764, 6.00000, 436020.00000, 89710.00000, 210922.00000, 14555977153.00000, 120648.15437, 0.91102, -0.30980, 0.93889, 0.37091, 1.00000, 0.00000
-0.72621, 4.85499, 0.43811, 4.92852, 1.71928, 1.48179, 7.00000, 490184.00000, 107936.00000, 240126.14286, 25339398658.40816, 159183.53765, 0.91102, -0.14496, 1.04077, 0.10419, 0.71429, 0.28571
-1.44936, 4.62611, 0.87126, 4.92550, 1.87441, 1.39297, 2.00000, 195680.00000, 174848.00000, 185264.00000, 108493056.00000, 10416.00000, 0.94766, -0.38457, 1.17386, 0.21070, 1.00000, 0.00000
-0.78273, 3.92241, 2.87963, 4.92852, 1.76776, 0.94680, 6.00000, 411012.00000, 131933.00000, 267581.16667, 8788315172.80556, 93746.01417, 0.91102, -0.12779, 0.65841, 0.46938, 0.16667, 0.83333
0.00000, 3.18882, 3.75791, 4.92853, 1.57080, 0.70366, 4.00000, 365937.00000, 196879.00000, 288137.25000, 4176290216.18750, 64624.22314, 0.90081, -0.00000, 0.46930, 0.53070, 0.25000, 0.75000
0.78273, 3.92241, 2.87963, 4.92852, 1.37383, 0.94680, 6.00000, 463964.00000, 159321.00000, 274314.16667, 9525213867.80556, 97597.20215, 0.91102, 0.10178, 0.52439, 0.37383, 0.16667, 0.83333
0.00000, 3.73035, 3.21637, 4.92550, 1.57080, 0.85925, 6.00000, 445674.00000, 84141.00000, 223868.66667, 15140434411.22222, 123046.47257, 0.94766, -0.00000, 0.52918, 0.47082, 0.33333, 0.66667
0.72621, 4.85499, 0.43811, 4.92852, 1.42232, 1.48179, 4.00000, 471903.00000, 112144.00000, 326171.75000, 18508258496.18750, 136045.06054, 0.91102, 0.11238, 0.80685, 0.08077, 1.00000, 0.00000
1.50894, 4.37124, 1.70460, 4.92852, 1.23841, 1.21764, 4.00000, 453556.00000, 111377.00000, 286845.00000, 15544492698.50000, 124677.55491, 0.91102, 0.19128, 0.57970, 0.22901, 0.50000, 0.50000
2.05481, 4.45876, 0.43315, 4.92853, 1.13896, 1.48280, 4.00000, 491923.00000, 188407.00000, 353105.50000, 13892297586.75000, 117865.59119, 0.90081, 0.28433, 0.64502, 0.07065, 0.75000, 0.25000
1.44936, 4.62611, 0.87126, 4.92550, 1.26718, 1.39297, 5.00000, 361593.00000, 204570.00000, 291362.80000, 2803841947.76000, 52951.31677, 0.94766, 0.21738, 0.66353, 0.11910, 0.80000, 0.20000
-0.78579, 4.35121, 2.14766, 4.91558, 1.74946, 1.11864, 4.00000, 480880.00000, 329330.00000, 434766.50000, 3875723755.25000, 62255.31106, 1.08598, -0.13352, 0.76051, 0.37301, 0.50000, 0.50000
0.78579, 4.35121, 2.14766, 4.91558, 1.39213, 1.11864, 3.00000, 251144.00000, 85416.00000, 187214.66667, 5294671534.22222, 72764.49364, 1.08598, 0.10538, 0.60022, 0.29439, 0.66667, 0.33333
0.00000, 4.83686, 0.87622, 4.91558, 1.57080, 1.39159, 1.00000, 202444.00000, 202444.00000, 202444.00000, 0.00000, 0.00000, 1.08598, -0.00000, 0.84303, 0.15697, 0.00000, 1.00000
0.00000, 4.58794, 1.75244, 4.91123, 1.57080, 1.20593, 2.00000, 262926.00000, 131652.00000, 197289.00000, 4308215769.00000, 65637.00000, 1.14286, 0.00000, 0.72361, 0.27639, 1.00000, 0.00000
-2.05481, 4.45876, -0.43315, 4.92853, 2.00263, 1.65880, 9.00000, 425943.00000, 133877.00000, 233123.22222, 8998710449.50617, 94861.53303, 0.90081, -0.98030, 2.22389, -0.24359, 1.00000, 0.00000
-0.72621, 4.85499, -0.43811, 4.92852, 1.71928, 1.65981, 14.00000, 422672.00000, 73020.00000, 220650.07143, 18157694512.20918, 134750.48984, 0.91102, -0.18312, 1.31474, -0.13162, 0.92857, 0.07143
-1.50894, 4.37124, -1.70460, 4.92852, 1.90319, 1.92396, 16.00000, 361265.00000, 40897.00000, 209515.68750, 10098586044.46484, 100491.72127, 0.91102, -1.19997, 3.63662, -1.43665, 0.93750, 0.06250
-1.44936, 4.62611, -0.87126, 4.92550, 1.87441, 1.74862, 3.00000, 332637.00000, 140075.00000, 211857.00000, 7380422642.66667, 85909.38623, 0.94766, -0.66465, 2.02881, -0.36416, 1.00000, 0.00000
0.72621, 4.85499, -0.43811, 4.92852, 1.42232, 1.65981, 3.00000, 434133.00000, 253863.00000, 324585.00000, 6169941288.00000, 78548.97382, 0.91102, 0.13403, 0.96230, -0.09634, 0.66667, 0.33333
2.05481, 4.45876, -0.43315, 4.92853, 1.13896, 1.65880, 3.00000, 447794.00000, 227198.00000, 316439.00000, 8997227034.00000, 94853.71387, 0.90081, 0.33112, 0.75116, -0.08228, 1.00000, 0.00000
1.50894, 4.37124, -1.70460, 4.92852, 1.23841, 1.92396, 4.00000, 455135.00000, 101960.00000, 303619.00000, 16258150093.50000, 127507.45113, 0.91102, 0.35294, 1.06961, -0.42255, 1.00000, 0.00000
1.44936, 4.62611, -0.87126, 4.92550, 1.26718, 1.74862, 1.00000, 219491.00000, 219491.00000, 219491.00000, 0.00000, 0.00000, 0.94766, 0.28534, 0.87099, -0.15634, 1.00000, 0.00000
-0.78273, 3.92241, -2.87963, 4.92852, 1.76776, 2.19479, 17.00000, 460547.00000, 39741.00000, 177501.41176, 11049395165.53633, 105116.10326, 0.91102, -2.08678, 10.75154, -7.66476, 1.00000, 0.00000
0.78273, 3.92241, -2.87963, 4.92852, 1.37383, 2.19479, 5.00000, 350713.00000, 53181.00000, 236370.80000, 10143395042.56000, 100714.42321, 0.91102, 0.40335, 2.07817, -1.48153, 1.00000, 0.00000
0.00000, 3.18882, -3.75791, 4.92853, 1.57080, 2.43793, 13.00000, 474853.00000, 44914.00000, 213717.76923, 16596206811.86982, 128826.26600, 0.90081, -0.00000, -7.64229, 8.64229, 1.00000, 0.00000
0.00000, 3.73035, -3.21637, 4.92550, 1.57080, 2.28234, 10.00000, 440522.00000, 119931.00000, 259964.70000, 13459766918.01000, 116016.23558, 0.94766, 0.00000, 9.06739, -8.06739, 1.00000, 0.00000
0.00000, 4.83686, -0.87622, 4.91558, 1.57080, 1.75001, 7.00000, 493977.00000, 100934.00000, 299107.00000, 19577081034.00000, 139918.12261, 1.08598, 0.00000, 1.22879, -0.22879, 1.00000, 0.00000
0.78579, 4.35121, -2.14766, 4.91558, 1.39213, 2.02296, 4.00000, 424937.00000, 191853.00000, 307817.75000, 12694469595.68750, 112669.73682, 1.08598, 0.25627, 1.45965, -0.71592, 1.00000, 0.00000
-0.78579, 4.35121, -2.14766, 4.91558, 1.74946, 2.02296, 9.00000, 468784.00000, 86428.00000, 220990.55556, 20304470956.91358, 142493.75761, 1.08598, -0.52573, 2.99442, -1.46868, 1.00000, 0.00000
0.00000, 4.58794, -1.75244, 4.91123, 1.57080, 1.93566, 10.00000, 367955.00000, 112738.00000, 208182.30000, 6068647355.41000, 77901.52345, 1.14286, 0.00000, 1.61803, -0.61803, 1.00000, 0.00000
-2.75567, 4.02561, -0.70086, 4.92853, 2.17107, 1.71348, 20.00000, 410984.00000, 41816.00000, 173143.20000, 8472101084.86000, 92044.01711, 0.90081, -6.49176, 9.35336, -1.86160, 0.95000, 0.05000
-2.21782, 3.93313, -1.97536, 4.92852, 2.08423, 1.98319, 26.00000, 394709.00000, 43151.00000, 184021.30769, 13387023340.59764, 115702.30482, 0.91102, 6.05607, -10.56672, 5.51065, 1.00000, 0.00000
-3.48430, 3.15040, -1.49161, 4.92852, 2.40648, 1.87827, 41.00000, 482604.00000, 30213.00000, 180410.26829, 18969584756.09875, 137730.11565, 0.91102, 1.82322, -1.63909, 0.81587, 0.95122, 0.04878
-2.85909, 3.75484, -1.40973, 4.92550, 2.22158, 1.86107, 25.00000, 445463.00000, 36909.00000, 181435.04000, 14459702217.95840, 120248.50194, 0.94766, 7.02665, -9.32863, 3.30198, 1.00000, 0.00000
-1.49161, 3.48430, -3.15040, 4.92852, 1.97528, 2.26428, 29.00000, 474714.00000, 21417.00000, 188736.10345, 16506807248.57551, 128478.82023, 0.91102, 1.29147, -2.88604, 2.59457, 1.00000, 0.00000
-0.70086, 2.75567, -4.02561, 4.92853, 1.81985, 2.52663, 20.00000, 444137.00000, 35686.00000, 204104.55000, 15440370778.34750, 124259.28850, 0.90081, 0.39414, -1.37444, 1.98030, 1.00000, 0.00000
-1.97536, 2.21782, -3.93313, 4.92852, 2.29844, 2.49482, 49.00000, 394337.00000, 26368.00000, 130949.79592, 8469868543.95835, 92031.88873, 0.91102, 0.54989, -0.60432, 1.05443, 1.00000, 0.00000
-1.40973, 2.85909, -3.75484, 4.92550, 2.02888, 2.43770, 27.00000, 485417.00000, 26798.00000, 160999.29630, 14915003039.98628, 122126.99554, 0.94766, 0.58922, -1.25387, 1.66465, 1.00000, 0.00000
-3.93313, 1.97536, -2.21782, 4.92852, 2.67616, 2.03756, 72.00000, 496063.00000, 20094.00000, 116557.29167, 8789460119.20660, 93752.12061, 0.91102, 0.95092, -0.49591, 0.54500, 1.00000, 0.00000
-3.15040, 1.49161, -3.48430, 4.92852, 2.69940, 2.35600, 69.00000, 472455.00000, 14662.00000, 120481.08696, 10633932531.90548, 103120.96068, 0.91102, 0.61936, -0.30829, 0.68893, 1.00000, 0.00000
-4.02561, 0.70086, -2.75567, 4.92853, 2.96922, 2.16413, 67.00000, 453644.00000, 11859.00000, 122342.14925, 9160704984.90310, 95711.57184, 0.90081, 0.66888, -0.13313, 0.46424, 1.00000, 0.00000
-3.75484, 1.40973, -2.85909, 4.92550, 2.78243, 2.19010, 69.00000, 406294.00000, 19706.00000, 118161.05797, 9547537546.40244, 97711.50161, 0.94766, 0.71466, -0.25296, 0.53830, 0.98551, 0.01449
-2.20355, 3.47499, -2.68919, 4.91558, 2.13592, 2.14966, 32.00000, 459743.00000, 20726.00000, 130104.81250, 8554555111.08984, 92490.83798, 1.08598, 1.52573, -2.37638, 1.85065, 1.00000, 0.00000
-2.68919, 2.20355, -3.47499, 4.91558, 2.45513, 2.35595, 56.00000, 423098.00000, 17526.00000, 148414.01786, 12850502767.83897, 113360.05808, 1.08598, 0.68510, -0.56481, 0.87972, 1.00000, 0.00000
-3.47499, 2.68919, -2.20355, 4.91558, 2.48299, 2.03563, 42.00000, 352177.00000, 24266.00000, 123950.00000, 9016865658.76191, 94957.17803, 1.08598, 1.15838, -0.90211, 0.74373, 1.00000, 0.00000
-2.83550, 2.83550, -2.83550, 4.91123, 2.35619, 2.18628, 46.00000, 441415.00000, 20672.00000, 161224.97826, 15277590276.80387, 123602.54964, 1.14286, 1.00000, -1.00000, 1.00000, 1.00000, 0.00000
-3.18882, 3.75791, 0.00000, 4.92853, 2.27446, 1.57080, 21.00000, 471318.00000, 53743.00000, 209907.80952, 15376822796.15420, 124003.31768, 0.90081, -7.64229, 8.64229, 0.00000, 0.95238, 0.04762
-3.92241, 2.87963, -0.78273, 4.92852, 2.50831, 1.73029, 23.00000, 375218.00000, 25292.00000, 168887.00000, 9311994151.30435, 96498.67435, 0.91102, 2.07817, -1.48153, 0.40335, 1.00000, 0.00000
-3.92241, 2.87963, 0.78273, 4.92852, 2.50831, 1.41130, 12.00000, 471452.00000, 62108.00000, 231352.08333, 20043100255.40973, 141573.65664, 0.91102, 10.75154, -7.66476, -2.08678, 0.91667, 0.08333
-3.73035, 3.21637, 0.00000, 4.92550, 2.43005, 1.57080, 15.00000, 355649.00000, 30133.00000, 149740.66667, 10684440865.82222, 103365.56905, 0.94766, 9.06739, -8.06739, -0.00000, 1.00000, 0.00000
-4.37124, 1.70460, -1.50894, 4.92852, 2.76977, 1.88196, 63.00000, 436813.00000, 22178.00000, 123053.84127, 7680596232.57798, 87639.01091, 0.91102, 1.06961, -0.42255, 0.35294, 1.00000, 0.00000
-4.45876, 0.43315, -2.05481, 4.92853, 3.04475, 2.00085, 50.00000, 313683.00000, 15959.00000, 100964.34000, 5003935460.90440, 70738.50056, 0.90081, 0.75116, -0.08228, 0.33112, 1.00000, 0.00000
-4.85499, 0.43811, -0.72621, 4.92852, 3.05160, 1.71868, 47.00000, 416078.00000, 43200.00000, 153405.46809, 9681744112.16388, 98395.85414, 0.91102, 0.96230, -0.09634, 0.13403, 0.93617, 0.06383
-4.62611, 0.87126, -1.44936, 4.92550, 2.95544, 1.86947, 52.00000, 496882.00000, 20191.00000, 133495.65385, 11983622572.72633, 109469.73359, 0.94766, 0.87099, -0.15634, 0.28534, 1.00000, 0.00000
-4.37124, 1.70460, 1.50894, 4.92852, 2.76977, 1.25963, 12.00000, 460187.00000, 58327.00000, 232798.75000, 22845710980.02083, 151147.97710, 0.91102, 3.63662, -1.43665, -1.19997, 0.91667, 0.08333
-4.85499, 0.43811, 0.72621, 4.92852, 3.05160, 1.42291, 25.00000, 494060.00000, 40972.00000, 242786.28000, 14526090635.48160, 120524.23257, 0.91102, 1.31474, -0.13162, -0.18312, 0.96000, 0.04000
-4.45876, 0.43315, 2.05481, 4.92853, 3.04475, 1.14074, 15.00000, 488398.00000, 76991.00000, 282865.40000, 17143484044.64000, 130933.12814, 0.90081, 2.22389, -0.24359, -0.98030, 0.93333, 0.06667
-4.62611, 0.87126, 1.44936, 4.92550, 2.95544, 1.27212, 8.00000, 297932.00000, 34994.00000, 161025.62500, 7641619974.73438, 87416.35988, 0.94766, 2.02881, -0.36416, -0.66465, 0.87500, 0.12500
-4.35121, 2.14766, -0.78579, 4.91558, 2.68310, 1.73134, 31.00000, 487237.00000, 33593.00000, 154854.74194, 13200781859.09469, 114894.65549, 1.08598, 1.45965, -0.71592, 0.25627, 1.00000, 0.00000
-4.83686, 0.87622, 0.00000, 4.91558, 2.96238, 1.57080, 20.00000, 340014.00000, 46958.00000, 153035.45000, 9195601856.74750, 95893.70082, 1.08598, 1.22879, -0.22879, -0.00000, 1.00000, 0.00000
-4.35121, 2.14766, 0.78579, 4.91558, 2.68310, 1.41025, 16.00000, 420039.00000, 48581.00000, 169193.06250, 12740058255.80859, 112871.86654, 1.08598, 2.99442, -1.46868, -0.52573, 1.00000, 0.00000
-4.58794, 1.75244, 0.00000, 4.91123, 2.77673, 1.57080, 31.00000, 486550.00000, 53474.00000, 171664.48387, 12611483546.05619, 112300.86173, 1.14286, 1.61803, -0.61803, -0.00000, 0.96774, 0.03226
2.75567, 4.02561, 0.70086, 4.92853, 0.97053, 1.42811, 2.00000, 469083.00000, 220244.00000, 344663.50000, 15480211980.25000, 124419.50000, 0.90081, 0.36663, 0.52824, 0.10514, 0.00000, 1.00000
2.21782, 3.93313, 1.97536, 4.92852, 1.05736, 1.15840, 4.00000, 489151.00000, 247062.00000, 375922.25000, 10522182736.18750, 102577.69122, 0.91102, 0.27362, 0.47741, 0.24897, 0.25000, 0.75000
3.48430, 3.15040, 1.49161, 4.92852, 0.73511, 1.26333, 7.00000, 488783.00000, 153469.00000, 319213.00000, 15775510130.28572, 125600.59765, 0.91102, 0.42617, 0.38313, 0.19070, 0.28571, 0.71429
2.85909, 3.75484, 1.40973, 4.92550, 0.92001, 1.28053, 2.00000, 324813.00000, 268033.00000, 296423.00000, 805992100.00000, 28390.00000, 0.94766, 0.35746, 0.47456, 0.16798, 0.50000, 0.50000
1.49161, 3.48430, 3.15040, 4.92852, 1.16631, 0.87732, 4.00000, 327175.00000, 140698.00000, 246993.50000, 6040355411.25000, 77719.72344, 0.91102, 0.19070, 0.42617, 0.38313, 0.00000, 1.00000
0.70086, 2.75567, 4.02561, 4.92853, 1.32174, 0.61496, 10.00000, 372984.00000, 62034.00000, 186332.90000, 9374304937.29000, 96820.99430, 0.90081, 0.10514, 0.36663, 0.52824, 0.20000, 0.80000
1.97536, 2.21782, 3.93313, 4.92852, 0.84316, 0.64677, 9.00000, 436106.00000, 57363.00000, 261741.44444, 17161170514.91358, 131000.65082, 0.91102, 0.24897, 0.27362, 0.47741, 0.00000, 1.00000
1.40973, 2.85909, 3.75484, 4.92550, 1.11271, 0.70390, 4.00000, 288256.00000, 154021.00000, 221454.00000, 2267799823.50000, 47621.42190, 0.94766, 0.16798, 0.35746, 0.47456, 0.00000, 1.00000
3.93313, 1.97536, 2.21782, 4.92852, 0.46544, 1.10403, 9.00000, 467172.00000, 87336.00000, 211974.66667, 10212980024.44444, 101059.28965, 0.91102, 0.47741, 0.24897, 0.27362, 0.00000, 1.00000
3.15040, 1.49161, 3.48430, 4.92852, 0.44220, 0.78559, 19.00000, 488036.00000, 61803.00000, 227045.36842, 19169672691.81163, 138454.58711, 0.91102, 0.38313, 0.19070, 0.42617, 0.00000, 1.00000
4.02561, 0.70086, 2.75567, 4.92853, 0.17237, 0.97747, 16.00000, 497904.00000, 51032.00000, 216200.12500, 19168437973.73438, 138450.12811, 0.90081, 0.52824, 0.10514, 0.36663, 0.06250, 0.93750
3.75484, 1.40973, 2.85909, 4.92550, 0.35916, 0.95149, 7.00000, 366646.00000, 54584.00000, 192279.42857, 10006571227.67347, 100032.85074, 0.94766, 0.47456, 0.16798, 0.35746, 0.00000, 1.00000
2.20355, 3.47499, 2.68919, 4.91558, 1.00567, 0.99193, 4.00000, 487699.00000, 93763.00000, 342944.50000, 23154662926.25000, 152166.56310, 1.08598, 0.26522, 0.41309, 0.32170, 0.00000, 1.00000
2.68919, 2.20355, 3.47499, 4.91558, 0.68646, 0.78564, 6.00000, 237666.00000, 102060.00000, 164929.83333, 2462878446.47222, 49627.39613, 1.08598, 0.32170, 0.26522, 0.41309, 0.00000, 1.00000
3.47499, 2.68919, 2.20355, 4.91558, 0.65860, 1.10596, 5.00000, 304405.00000, 132850.00000, 208377.00000, 6250152015.60000, 79057.90293, 1.08598, 0.41309, 0.32170, 0.26522, 0.00000, 1.00000
2.83550, 2.83550, 2.83550, 4.91123, 0.78540, 0.95532, 4.00000, 490957.00000, 131466.00000, 368129.75000, 19933306580.68750, 141185.36249, 1.14286, 0.33333, 0.33333, 0.33333, 0.00000, 1.00000
-0.43315, 2.05481, 4.45876, 4.92853, 1.77855, 0.44016, 14.00000, 459929.00000, 142176.00000, 280847.64286, 11672896634.65816, 108041.18027, 0.90081, -0.08228, 0.33112, 0.75116, 0.14286, 0.85714
-1.70460, 1.50894, 4.37124, 4.92852, 2.41700, 0.48015, 15.00000, 458712.00000, 84867.00000, 297358.46667, 14368316769.31556, 119867.91384, 0.91102, -0.42255, 0.35294, 1.06961, 0.06667, 0.93333
-0.43811, 0.72621, 4.85499, 4.92852, 2.11363, 0.17295, 21.00000, 398535.00000, 57033.00000, 201532.71429, 12954277770.87075, 113816.86066, 0.91102, -0.09634, 0.13403, 0.96230, 0.00000, 1.00000
-0.87126, 1.44936, 4.62611, 4.92550, 2.11205, 0.35046, 7.00000, 395811.00000, 53999.00000, 206591.28571, 16005213154.20408, 126511.71153, 0.94766, -0.15634, 0.28534, 0.87099, 0.14286, 0.85714
-2.87963, 0.78273, 3.92241, 4.92852, 2.87619, 0.65037, 5.00000, 467774.00000, 204654.00000, 307334.00000, 10550409684.80000, 102715.18722, 0.91102, -1.48153, 0.40335, 2.07817, 0.40000, 0.60000
-3.75791, 0.00000, 3.18882, 4.92853, 3.14159, 0.86714, 4.00000, 429824.00000, 77746.00000, 283778.25000, 17515021276.18750, 132344.32846, 0.90081, 8.64229, -0.00000, -7.64229, 0.50000, 0.50000
-2.87963, -0.78273, 3.92241, 4.92852, -2.87619, 0.65037, 10.00000, 498853.00000, 95097.00000, 268851.80000, 19265941878.76000, 138801.80791, 0.91102, -7.66476, -2.08678, 10.75154, 0.10000, 0.90000
-3.21637, 0.00000, 3.73035, 4.92550, 3.14159, 0.71154, 10.00000, 489430.00000, 62771.00000, 223220.50000, 20338171553.85000, 142611.96147, 0.94766, -8.06739, 0.00000, 9.06739, 0.20000, 0.80000
-0.43811, -0.72621, 4.85499, 4.92852, -2.11363, 0.17295, 32.00000, 486122.00000, 57803.00000, 195892.68750, 11441505192.65234, 106964.97180, 0.91102, -0.13162, -0.18312, 1.31474, 0.00000, 1.00000
-1.70460, -1.50894, 4.37124, 4.92852, -2.41700, 0.48015, 25.00000, 401437.00000, 30164.00000, 204544.08000, 14413836335.51360, 120057.63756, 0.91102, -1.43665, -1.19997, 3.63662, 0.08000, 0.92000
-0.43315, -2.05481, 4.45876, 4.92853, -1.77855, 0.44016, 36.00000, 498019.00000, 24256.00000, 159996.11111, 13780522554.48765, 117390.47046, 0.90081, -0.24359, -0.98030, 2.22389, 0.02778, 0.97222
-0.87126, -1.44936, 4.62611, 4.92550, -2.11205, 0.35046, 32.00000, 494346.00000, 26534.00000, 160744.75000, 12980255499.06250, 113930.92424, 0.94766, -0.36416, -0.66465, 2.02881, 0.03125, 0.96875
-2.14766, 0.78579, 4.35121, 4.91558, 2.79084, 0.48390, 12.00000, 480866.00000, 59426.00000, 224883.08333, 17025192929.24306, 130480.62281, 1.08598, -0.71592, 0.25627, 1.45965, 0.16667, 0.83333
-2.14766, -0.78579, 4.35121, 4.91558, -2.79084, 0.48390, 15.00000, 448565.00000, 47049.00000, 206166.46667, 17380608188.24889, 131835.53462, 1.08598, -1.46868, -0.52573, 2.99442, 0.06667, 0.93333
-0.87622, 0.00000, 4.83686, 4.91558, 3.14159, 0.17921, 14.00000, 451949.00000, 74458.00000, 197069.00000, 12627390805.42857, 112371.66371, 1.08598, -0.22879, 0.00000, 1.22879, 0.14286, 0.85714
-1.75244, 0.00000, 4.58794, 4.91123, 3.14159, 0.36486, 15.00000, 489581.00000, 65264.00000, 229370.46667, 15849302606.51555, 125894.01339, 1.14286, -0.61803, 0.00000, 1.61803, 0.06667, 0.93333
-4.45876, -0.43315, 2.05481, 4.92853, -3.04475, 1.14074, 10.00000, 406740.00000, 108214.00000, 258304.80000, 8389209088.76000, 91592.62573, 0.90081, 1.49537, 0.16379, -0.65917, 0.80000, 0.20000
-4.85499, -0.43811, 0.72621, 4.92852, -3.05160, 1.42291, 16.00000, 450708.00000, 115593.00000, 267361.18750, 15244694851.02734, 123469.40856, 0.91102, 1.04077, 0.10419, -0.14496, 0.87500, 0.12500
-4.37124, -1.70460, 1.50894, 4.92852, -2.76977, 1.25963, 8.00000, 484455.00000, 99388.00000, 292080.62500, 20916535248.73438, 144625.49999, 0.91102, 0.93889, 0.37091, -0.30980, 0.50000, 0.50000
-4.62611, -0.87126, 1.44936, 4.92550, -2.95544, 1.27212, 11.00000, 495263.00000, 49167.00000, 249758.27273, 21568529887.10744, 146862.28204, 0.94766, 1.17386, 0.21070, -0.38457, 0.90909, 0.09091
-4.85499, -0.43811, -0.72621, 4.92852, -3.05160, 1.71868, 36.00000, 426288.00000, 33009.00000, 144016.08333, 9066686238.40972, 95219.14849, 0.91102, 0.80685, 0.08077, 0.11238, 1.00000, 0.00000
-4.45876, -0.43315, -2.05481, 4.92853, -3.04475, 2.00085, 58.00000, 456889.00000, 16757.00000, 133730.41379, 11967780375.82878, 109397.35086, 0.90081, 0.64502, 0.07065, 0.28433, 1.00000, 0.00000
-4.37124, -1.70460, -1.50894, 4.92852, -2.76977, 1.88196, 26.00000, 451545.00000, 20076.00000, 194443.76923, 16537313699.25444, 128597.48714, 0.91102, 0.57970, 0.22901, 0.19128, 0.92308, 0.07692
-4.62611, -0.87126, -1.44936, 4.92550, -2.95544, 1.86947, 26.00000, 487894.00000, 27436.00000, 158166.84615, 14614835259.05326, 120891.83289, 0.94766, 0.66353, 0.11910, 0.21738, 1.00000, 0.00000
-3.92241, -2.87963, 0.78273, 4.92852, -2.50831, 1.41130, 10.00000, 485476.00000, 123605.00000, 330810.70000, 11028015034.41000, 105014.35633, 0.91102, 0.65841, 0.46938, -0.12779, 0.70000, 0.30000
-3.92241, -2.87963, -0.78273, 4.92852, -2.50831, 1.73029, 17.00000, 471860.00000, 35311.00000, 265384.00000, 19436131294.11765, 139413.52622, 0.91102, 0.52439, 0.37383, 0.10178, 0.94118, 0.05882
-3.18882, -3.75791, 0.00000, 4.92853, -2.27446, 1.57080, 6.00000, 384950.00000, 122844.00000, 223221.50000, 10261361042.25000, 101298.37631, 0.90081, 0.46930, 0.53070, 0.00000, 0.33333, 0.66667
-3.73035, -3.21637, 0.00000, 4.92550, -2.43005, 1.57080, 7.00000, 434993.00000, 86433.00000, 256350.00000, 11929580362.00000, 109222.61836, 0.94766, 0.52918, 0.47082, -0.00000, 0.71429, 0.28571
-4.83686, -0.87622, 0.00000, 4.91558, -2.96238, 1.57080, 19.00000, 398807.00000, 67113.00000, 192164.31579, 12389483271.68975, 111308.05574, 1.08598, 0.84303, 0.15697, -0.00000, 0.89474, 0.10526
-4.35121, -2.14766, -0.78579, 4.91558, -2.68310, 1.73134, 13.00000, 433832.00000, 41978.00000, 207439.23077, 20286963482.48521, 142432.31193, 1.08598, 0.60022, 0.29439, 0.10538, 1.00000, 0.00000
-4.35121, -2.14766, 0.78579, 4.91558, -2.68310, 1.41025, 8.00000, 453586.00000, 35931.00000, 188584.25000, 15055760514.18750, 122701.91732, 1.08598, 0.76051, 0.37301, -0.13352, 0.62500, 0.37500
-4.58794, -1.75244, 0.00000, 4.91123, -2.77673, 1.57080, 15.00000, 455651.00000, 32795.00000, 209794.93333, 12913959866.86222, 113639.60519, 1.14286, 0.72361, 0.27639, -0.00000, 0.80000, 0.20000
-3.75791, 0.00000, -3.18882, 4.92853, 3.14159, 2.27446, 69.00000, 474536.00000, 15963.00000, 122209.78261, 11093982219.90926, 105327.97454, 0.90081, 0.53070, -0.00000, 0.46930, 1.00000, 0.00000
-2.87963, 0.78273, -3.92241, 4.92852, 2.87619, 2.49122, 72.00000, 414340.00000, 16486.00000, 121964.68056, 9359308112.35629, 96743.51716, 0.91102, 0.46938, -0.12779, 0.65841, 1.00000, 0.00000
-2.87963, -0.78273, -3.92241, 4.92852, -2.87619, 2.49122, 44.00000, 408503.00000, 19593.00000, 144134.34091, 7380065379.04287, 85907.30690, 0.91102, 0.37383, 0.10178, 0.52439, 1.00000, 0.00000
-3.21637, 0.00000, -3.73035, 4.92550, 3.14159, 2.43005, 43.00000, 436824.00000, 21468.00000, 160560.53488, 14851580386.57436, 121867.06030, 0.94766, 0.47082, 0.00000, 0.52918, 1.00000, 0.00000
-1.70460, 1.50894, -4.37124, 4.92852, 2.41700, 2.66145, 60.00000, 496887.00000, 24646.00000, 130555.05000, 11880859417.44750, 108999.35512, 0.91102, 0.37091, -0.30980, 0.93889, 1.00000, 0.00000
-0.43315, 2.05481, -4.45876, 4.92853, 1.77855, 2.70143, 23.00000, 403404.00000, 41596.00000, 175999.04348, 12033562300.56333, 109697.59478, 0.90081, 0.16379, -0.65917, 1.49537, 1.00000, 0.00000
-0.43811, 0.72621, -4.85499, 4.92852, 2.11363, 2.96865, 17.00000, 454443.00000, 42400.00000, 186257.52941, 12749177073.42561, 112912.25387, 0.91102, 0.10419, -0.14496, 1.04077, 1.00000, 0.00000
-0.87126, 1.44936, -4.62611, 4.92550, 2.11205, 2.79113, 29.00000, 478019.00000, 34363.00000, 175456.00000, 14443801953.58621, 120182.36956, 0.94766, 0.21070, -0.38457, 1.17386, 0.96552, 0.03448
-1.70460, -1.50894, -4.37124, 4.92852, -2.41700, 2.66145, 23.00000, 469754.00000, 31784.00000, 190055.00000, 13029217077.04348, 114145.59596, 0.91102, 0.22901, 0.19128, 0.57970, 0.95652, 0.04348
-0.43811, -0.72621, -4.85499, 4.92852, -2.11363, 2.96865, 10.00000, 497964.00000, 95383.00000, 274918.50000, 19734168390.25000, 140478.35559, 0.91102, 0.08077, 0.11238, 0.80685, 1.00000, 0.00000
-0.43315, -2.05481, -4.45876, 4.92853, -1.77855, 2.70143, 12.00000, 355600.00000, 102557.00000, 242892.75000, 7916122906.68750, 88972.59638, 0.90081, 0.07065, 0.28433, 0.64502, 0.91667, 0.08333
-0.87126, -1.44936, -4.62611, 4.92550, -2.11205, 2.79113, 12.00000, 326616.00000, 51966.00000, 156929.83333, 6521845215.63889, 80757.94212, 0.94766, 0.11910, 0.21738, 0.66353, 1.00000, 0.00000
-2.14766, 0.78579, -4.35121, 4.91558, 2.79084, 2.65769, 44.00000, 452731.00000, 16685.00000, 114433.61364, 9533410060.05527, 97639.18302, 1.08598, 0.37301, -0.13352, 0.76051, 1.00000, 0.00000
-0.87622, 0.00000, -4.83686, 4.91558, 3.14159, 2.96238, 17.00000, 358659.00000, 38525.00000, 197805.00000, 10115897077.05882, 100577.81603, 1.08598, 0.15697, 0.00000, 0.84303, 1.00000, 0.00000
-2.14766, -0.78579, -4.35121, 4.91558, -2.79084, 2.65769, 26.00000, 444403.00000, 32190.00000, 156299.26923, 11180019166.96597, 105735.60974, 1.08598, 0.29439, 0.10538, 0.60022, 1.00000, 0.00000
-1.75244, 0.00000, -4.58794, 4.91123, 3.14159, 2.77673, 31.00000, 381497.00000, 39222.00000, 119130.87097, 6189551253.53174, 78673.70116, 1.14286, 0.27639, 0.00000, 0.72361, 1.00000, 0.00000
0.70086, 2.75567, -4.02561, 4.92853, 1.32174, 2.52663, 7.00000, 360058.00000, 68724.00000, 170833.00000, 7607666180.85714, 87221.93635, 0.90081, -1.86160, -6.49176, 9.35336, 1.00000, 0.00000
1.49161, 3.48430, -3.15040, 4.92852, 1.16631, 2.26428, 5.00000, 394448.00000, 197646.00000, 328896.40000, 5167714996.24000, 71886.82074, 0.91102, 0.81587, 1.82322, -1.63909, 0.80000, 0.20000
1.97536, 2.21782, -3.93313, 4.92852, 0.84316, 2.49482, 6.00000, 409682.00000, 83658.00000, 275566.16667, 11841920375.13889, 108820.58801, 0.91102, 5.51065, 6.05607, -10.56672, 0.83333, 0.16667
1.40973, 2.85909, -3.75484, 4.92550, 1.11271, 2.43770, 7.00000, 444641.00000, 79651.00000, 302121.57143, 16582166673.10204, 128771.76194, 0.94766, 3.30198, 7.02665, -9.32863, 1.00000, 0.00000
2.21782, 3.93313, -1.97536, 4.92852, 1.05736, 1.98319, 5.00000, 363251.00000, 191412.00000, 275287.20000, 3231750065.36000, 56848.48340, 0.91102, 0.54500, 0.95092, -0.49591, 0.80000, 0.20000
2.75567, 4.02561, -0.70086, 4.92853, 0.97053, 1.71348, 4.00000, 438986.00000, 240322.00000, 352807.75000, 5167545236.18750, 71885.63999, 0.90081, 0.46424, 0.66888, -0.13313, 0.50000, 0.50000
3.48430, 3.15040, -1.49161, 4.92852, 0.73511, 1.87827, 4.00000, 484710.00000, 118557.00000, 349961.75000, 21214299136.18750, 145651.29294, 0.91102, 0.68893, 0.61936, -0.30829, 0.25000, 0.75000
2.85909, 3.75484, -1.40973, 4.92550, 0.92001, 1.86107, 0.00000, 0.00000, 0.00000, 0.00000, 0.00000, 0.00000, 0.94766, 0.53830, 0.71466, -0.25296, 0.00000, 0.00000
3.15040, 1.49161, -3.48430, 4.92852, 0.44220, 2.35600, 7.00000, 476919.00000, 152055.00000, 331314.28571, 12818505829.06122, 113218.84043, 0.91102, 2.59457, 1.29147, -2.88604, 0.85714, 0.14286
3.93313, 1.97536, -2.21782, 4.92852, 0.46544, 2.03756, 1.00000, 293705.00000, 293705.00000, 293705.00000, 0.00000, 0.00000, 0.91102, 1.05443, 0.54989, -0.60432, 1.00000, 0.00000
4.02561, 0.70086, -2.75567, 4.92853, 0.17237, 2.16413, 2.00000, 418974.00000, 379754.00000, 399364.00000, 384552100.00000, 19610.00000, 0.90081, 1.98030, 0.39414, -1.37444, 0.00000, 1.00000
3.75484, 1.40973, -2.85909, 4.92550, 0.35916, 2.19010, 4.00000, 352195.00000, 127425.00000, 287438.50000, 8584568606.75000, 92652.94710, 0.94766, 1.66465, 0.58922, -1.25387, 0.50000, 0.50000
2.20355, 3.47499, -2.68919, 4.91558, 1.00567, 2.14966, 4.00000, 386837.00000, 117761.00000, 243242.25000, 9349653968.68750, 96693.60873, 1.08598, 0.74373, 1.15838, -0.90211, 0.50000, 0.50000
3.47499, 2.68919, -2.20355, 4.91558, 0.65860, 2.03563, 2.00000, 489685.00000, 319946.00000, 404815.50000, 7202832030.25000, 84869.50000, 1.08598, 0.87972, 0.68510, -0.56481, 0.00000, 1.00000
2.68919, 2.20355, -3.47499, 4.91558, 0.68646, 2.35595, 0.00000, 0.00000, 0.00000, 0.00000, 0.00000, 0.00000, 1.08598, 1.85065, 1.52573, -2.37638, 0.00000, 0.00000
2.83550, 2.83550, -2.83550, 4.91123, 0.78540, 2.18628, 3.00000, 469283.00000, 146946.00000, 320400.66667, 17618756710.88889, 132735.66480, 1.14286, 1.00000, 1.00000, -1.00000, 1.00000, 0.00000
2.75567, -4.02561, 0.70086, 4.92853, -0.97053, 1.42811, 18.00000, 375692.00000, 42212.00000, 188283.50000, 12643326184.02778, 112442.54615, 0.90081, -6.49176, 9.35336, -1.86160, 0.00000, 1.00000
3.48430, -3.15040, 1.49161, 4.92852, -0.73511, 1.26333, 30.00000, 461463.00000, 35937.00000, 189224.93333, 13118444202.52889, 114535.77695, 0.91102, 1.82322, -1.63909, 0.81587, 0.00000, 1.00000
2.21782, -3.93313, 1.97536, 4.92852, -1.05736, 1.15840, 28.00000, 476047.00000, 13055.00000, 180621.42857, 20179923418.74490, 142056.05731, 0.91102, 6.05607, -10.56672, 5.51065, 0.03571, 0.96429
2.85909, -3.75484, 1.40973, 4.92550, -0.92001, 1.28053, 25.00000, 390945.00000, 28150.00000, 181687.32000, 11120141274.77760, 105452.08047, 0.94766, 7.02665, -9.32863, 3.30198, 0.00000, 1.00000
3.93313, -1.97536, 2.21782, 4.92852, -0.46544, 1.10403, 36.00000, 399187.00000, 25353.00000, 152530.11111, 8314178524.76543, 91182.11735, 0.91102, 0.95092, -0.49591, 0.54500, 0.00000, 1.00000
4.02561, -0.70086, 2.75567, 4.92853, -0.17237, 0.97747, 31.00000, 469381.00000, 34024.00000, 187314.51613, 11816791709.54006, 108705.06754, 0.90081, 0.66888, -0.13313, 0.46424, 0.03226, 0.96774
3.15040, -1.49161, 3.48430, 4.92852, -0.44220, 0.78559, 64.00000, 485548.00000, 16855.00000, 145587.35938, 13216407708.01147, 114962.63614, 0.91102, 0.61936, -0.30829, 0.68893, 0.01562, 0.98438
3.75484, -1.40973, 2.85909, 4.92550, -0.35916, 0.95149, 36.00000, 487023.00000, 24498.00000, 139421.25000, 16749132137.13194, 129418.43817, 0.94766, 0.71466, -0.25296, 0.53830, 0.00000, 1.00000
1.49161, -3.48430, 3.15040, 4.92852, -1.16631, 0.87732, 74.00000, 458890.00000, 10775.00000, 131893.68919, 10573872380.40339, 102829.33619, 0.91102, 1.29147, -2.88604, 2.59457, 0.01351, 0.98649
1.97536, -2.21782, 3.93313, 4.92852, -0.84316, 0.64677, 84.00000, 438250.00000, 19957.00000, 124587.30952, 10802197218.47563, 103933.61929, 0.91102, 0.54989, -0.60432, 1.05443, 0.00000, 1.00000
0.70086, -2.75567, 4.02561, 4.92853, -1.32174, 0.61496, 53.00000, 466177.00000, 24572.00000, 126639.09434, 11451346147.48167, 107010.96274, 0.90081, 0.39414, -1.37444, 1.98030, 0.00000, 1.00000
1.40973, -2.85909, 3.75484, 4.92550, -1.11271, 0.70390, 52.00000, 479513.00000, 15259.00000, 105878.71154, 9759698559.82064, 98791.18665, 0.94766, 0.58922, -1.25387, 1.66465, 0.00000, 1.00000
3.47499, -2.68919, 2.20355, 4.91558, -0.65860, 1.10596, 32.00000, 447896.00000, 34501.00000, 159874.15625, 13690907617.56934, 117008.15193, 1.08598, 1.15838, -0.90211, 0.74373, 0.00000, 1.00000
2.68919, -2.20355, 3.47499, 4.91558, -0.68646, 0.78564, 53.00000, 475177.00000, 16784.00000, 120682.07547, 8947419786.78675, 94590.80181, 1.08598, 0.68510, -0.56481, 0.87972, 0.00000, 1.00000
2.20355, -3.47499, 2.68919, 4.91558, -1.00567, 0.99193, 50.00000, 463817.00000, 19991.00000, 141097.18000, 10627167456.42760, 103088.15381, 1.08598, 1.52573, -2.37638, 1.85065, 0.00000, 1.00000
2.83550, -2.83550, 2.83550, 4.91123, -0.78540, 0.95532, 62.00000, 496428.00000, 19156.00000, 121662.41935, 14618703318.08221, 120907.82985, 1.14286, 1.00000, -1.00000, 1.00000, 0.01613, 0.98387
2.05481, -4.45876, 0.43315, 4.92853, -1.13896, 1.48280, 14.00000, 357514.00000, 97801.00000, 234554.00000, 7663573191.14286, 87541.83680, 0.90081, -0.98030, 2.22389, -0.24359, 0.14286, 0.85714
1.50894, -4.37124, 1.70460, 4.92852, -1.23841, 1.21764, 43.00000, 492382.00000, 33563.00000, 151402.41860, 10755728410.47593, 103709.82794, 0.91102, -1.19997, 3.63662, -1.43665, 0.00000, 1.00000
0.72621, -4.85499, 0.43811, 4.92852, -1.42232, 1.48179, 13.00000, 469464.00000, 31485.00000, 207360.23077, 14052233837.25444, 118542.11841, 0.91102, -0.18312, 1.31474, -0.13162, 0.00000, 1.00000
1.44936, -4.62611, 0.87126, 4.92550, -1.26718, 1.39297, 17.00000, 462158.00000, 48544.00000, 227171.88235, 20518728362.57439, 143243.59798, 0.94766, -0.66465, 2.02881, -0.36416, 0.05882, 0.94118
0.78273, -3.92241, 2.87963, 4.92852, -1.37383, 0.94680, 45.00000, 490918.00000, 32818.00000, 138535.20000, 11085842636.20445, 105289.32822, 0.91102, -2.08678, 10.75154, -7.66476, 0.00000, 1.00000
0.00000, -3.18882, 3.75791, 4.92853, -1.57080, 0.70366, 30.00000, 467850.00000, 34819.00000, 157433.83333, 11005764712.60556, 104908.36341, 0.90081, 0.00000, -7.64229, 8.64229, 0.00000, 1.00000
-0.78273, -3.92241, 2.87963, 4.92852, -1.76776, 0.94680, 32.00000, 482622.00000, 20442.00000, 156931.56250, 20071678696.93359, 141674.55204, 0.91102, 0.40335, 2.07817, -1.48153, 0.00000, 1.00000
0.00000, -3.73035, 3.21637, 4.92550, -1.57080, 0.85925, 29.00000, 464324.00000, 35341.00000, 160752.03448, 16768535412.51605, 129493.37980, 0.94766, -0.00000, 9.06739, -8.06739, 0.00000, 1.00000
-0.72621, -4.85499, 0.43811, 4.92852, -1.71928, 1.48179, 16.00000, 327113.00000, 60646.00000, 177805.00000, 5831575681.00000, 76364.75418, 0.91102, 0.13403, 0.96230, -0.09634, 0.12500, 0.87500
-1.50894, -4.37124, 1.70460, 4.92852, -1.90319, 1.21764, 14.00000, 438536.00000, 127518.00000, 264049.64286, 7490760939.51531, 86549.18220, 0.91102, 0.35294, 1.06961, -0.42255, 0.21429, 0.78571
-2.05481, -4.45876, 0.43315, 4.92853, -2.00263, 1.48280, 6.00000, 327908.00000, 83771.00000, 198437.50000, 8138706496.91667, 90214.77981, 0.90081, 0.33112, 0.75116, -0.08228, 0.33333, 0.66667
-1.44936, -4.62611, 0.87126, 4.92550, -1.87441, 1.39297, 8.00000, 459776.00000, 156031.00000, 250175.00000, 7246565439.00000, 85126.76100, 0.94766, 0.28534, 0.87099, -0.15634, 0.62500, 0.37500
0.78579, -4.35121, 2.14766, 4.91558, -1.39213, 1.11864, 20.00000, 412569.00000, 40814.00000, 203254.45000, 12994450955.14750, 113993.20574, 1.08598, -0.52573, 2.99442, -1.46868, 0.00000, 1.00000
-0.78579, -4.35121, 2.14766, 4.91558, -1.74946, 1.11864, 31.00000, 464463.00000, 41917.00000, 174796.87097, 12030674791.85432, 109684.43277, 1.08598, 0.25627, 1.45965, -0.71592, 0.06452, 0.93548
0.00000, -4.83686, 0.87622, 4.91558, -1.57080, 1.39159, 13.00000, 494173.00000, 43461.00000, 246937.69231, 25637896191.28994, 160118.38180, 1.08598, -0.00000, 1.22879, -0.22879, 0.00000, 1.00000
0.00000, -4.58794, 1.75244, 4.91123, -1.57080, 1.20593, 26.00000, 475850.00000, 51020.00000, 197744.84615, 15441650440.82248, 124264.43755, 1.14286, -0.00000, 1.61803, -0.61803, 0.00000, 1.00000
2.05481, -4.45876, -0.43315, 4.92853, -1.13896, 1.65880, 11.00000, 342069.00000, 57246.00000, 223041.81818, 8004833521.23967, 89469.73523, 0.90081, -0.65917, 1.49537, 0.16379, 0.00000, 1.00000
0.72621, -4.85499, -0.43811, 4.92852, -1.42232, 1.65981, 9.00000, 495009.00000, 114675.00000, 280643.11111, 22496109074.32099, 149987.02969, 0.91102, -0.14496, 1.04077, 0.10419, 0.11111, 0.88889
1.50894, -4.37124, -1.70460, 4.92852, -1.23841, 1.92396, 6.00000, 480561.00000, 128251.00000, 310199.16667, 16461921092.47222, 128304.01822, 0.91102, -0.30980, 0.93889, 0.37091, 0.16667, 0.83333
1.44936, -4.62611, -0.87126, 4.92550, -1.26718, 1.74862, 5.00000, 361704.00000, 157073.00000, 233075.20000, 5105989273.76000, 71456.20529, 0.94766, -0.38457, 1.17386, 0.21070, 0.20000, 0.80000
-0.72621, -4.85499, -0.43811, 4.92852, -1.71928, 1.65981, 4.00000, 432987.00000, 128056.00000, 246300.50000, 13798514262.25000, 117467.07735, 0.91102, 0.11238, 0.80685, 0.08077, 0.25000, 0.75000
-2.05481, -4.45876, -0.43315, 4.92853, -2.00263, 1.65880, 7.00000, 428193.00000, 98230.00000, 233943.14286, 12799462111.55102, 113134.70781, 0.90081, 0.28433, 0.64502, 0.07065, 0.71429, 0.28571
-1.50894, -4.37124, -1.70460, 4.92852, -1.90319, 1.92396, 6.00000, 475219.00000, 263807.00000, 358992.16667, 5878495119.47222, 76671.34484, 0.91102, 0.19128, 0.57970, 0.22901, 0.50000, 0.50000
-1.44936, -4.62611, -0.87126, 4.92550, -1.87441, 1.74862, 4.00000, 422904.00000, 52785.00000, 244255.25000, 23755275035.68750, 154127.46360, 0.94766, 0.21738, 0.66353, 0.11910, 0.25000, 0.75000
0.78273, -3.92241, -2.87963, 4.92852, -1.37383, 2.19479, 5.00000, 465171.00000, 229670.00000, 328763.60000, 7035107954.64000, 83875.55040, 0.91102, -0.12779, 0.65841, 0.46938, 1.00000, 0.00000
-0.78273, -3.92241, -2.87963, 4.92852, -1.76776, 2.19479, 7.00000, 481154.00000, 125873.00000, 282019.14286, 16257425054.40817, 127504.60797, 0.91102, 0.10178, 0.52439, 0.37383, 0.42857, 0.57143
0.00000, -3.18882, -3.75791, 4.92853, -1.57080, 2.43793, 7.00000, 487914.00000, 60590.00000, 232004.85714, 27379591773.83673, 165467.79679, 0.90081, 0.00000, 0.46930, 0.53070, 0.85714, 0.14286
0.00000, -3.73035, -3.21637, 4.92550, -1.57080, 2.28234, 8.00000, 456407.00000, 136447.00000, 273834.50000, 10132469483.00000, 100660.16830, 0.94766, -0.00000, 0.52918, 0.47082, 0.87500, 0.12500
0.00000, -4.83686, -0.87622, 4.91558, -1.57080, 1.75001, 5.00000, 494903.00000, 140689.00000, 259226.20000, 19005998750.16000, 137862.24556, 1.08598, -0.00000, 0.84303, 0.15697, 0.20000, 0.80000
-0.78579, -4.35121, -2.14766, 4.91558, -1.74946, 2.02296, 5.00000, 495644.00000, 177105.00000, 333833.80000, 11693480389.36000, 108136.39715, 1.08598, 0.10538, 0.60022, 0.29439, 1.00000, 0.00000
0.78579, -4.35121, -2.14766, 4.91558, -1.39213, 2.02296, 7.00000, 463920.00000, 78553.00000, 317688.57143, 17832924865.67347, 133539.97479, 1.08598, -0.13352, 0.76051, 0.37301, 0.28571, 0.71429
0.00000, -4.58794, -1.75244, 4.91123, -1.57080, 1.93566, 7.00000, 454174.00000, 112890.00000, 299590.14286, 14401084943.55102, 120004.52051, 1.14286, -0.00000, 0.72361, 0.27639, 0.42857, 0.57143
2.75567, -4.02561, -0.70086, 4.92853, -0.97053, 1.71348, 9.00000, 382349.00000, 81094.00000, 166115.55556, 7605502078.02469, 87209.52974, 0.90081, -1.37444, 1.98030, 0.39414, 0.00000, 1.00000
2.21782, -3.93313, -1.97536, 4.92852, -1.05736, 1.98319, 7.00000, 423765.00000, 65281.00000, 239959.57143, 14847508518.81633, 121850.35297, 0.91102, -0.60432, 1.05443, 0.54989, 0.28571, 0.71429
3.48430, -3.15040, -1.49161, 4.92852, -0.73511, 1.87827, 6.00000, 381166.00000, 80438.00000, 165180.33333, 10570148580.22222, 102811.22789, 0.91102, -2.88604, 2.59457, 1.29147, 0.00000, 1.00000
2.85909, -3.75484, -1.40973, 4.92550, -0.92001, 1.86107, 11.00000, 456604.00000, 102557.00000, 238400.90909, 13652531768.26446, 116844.04892, 0.94766, -1.25387, 1.66465, 0.58922, 0.00000, 1.00000
1.49161, -3.48430, -3.15040, 4.92852, -1.16631, 2.26428, 1.00000, 378792.00000, 378792.00000, 378792.00000, 0.00000, 0.00000, 0.91102, -0.30829, 0.68893, 0.61936, 1.00000, 0.00000
0.70086, -2.75567, -4.02561, 4.92853, -1.32174, 2.52663, 5.00000, 314151.00000, 183932.00000, 239254.20000, 2328968506.16000, 48259.38775, 0.90081, -0.13313, 0.46424, 0.66888, 1.00000, 0.00000
1.97536, -2.21782, -3.93313, 4.92852, -0.84316, 2.49482, 1.00000, 252760.00000, 252760.00000, 252760.00000, 0.00000, 0.00000, 0.91102, -0.49591, 0.54500, 0.95092, 1.00000, 0.00000
1.40973, -2.85909, -3.75484, 4.92550, -1.11271, 2.43770, 7.00000, 380290.00000, 213821.00000, 287890.00000, 3492961972.00000, 59101.28571, 0.94766, -0.25296, 0.53830, 0.71466, 0.71429, 0.28571
3.93313, -1.97536, -2.21782, 4.92852, -0.46544, 2.03756, 5.00000, 482122.00000, 151433.00000, 275340.40000, 18272775538.64000, 135176.83063, 0.91102, -10.56672, 5.51065, 6.05607, 0.20000, 0.80000
3.15040, -1.49161, -3.48430, 4.92852, -0.44220, 2.35600, 4.00000, 439055.00000, 166582.00000, 291481.00000, 10561763103.50000, 102770.43886, 0.91102, -1.63909, 0.81587, 1.82322, 0.25000, 0.75000
4.02561, -0.70086, -2.75567, 4.92853, -0.17237, 2.16413, 3.00000, 417784.00000, 175787.00000, 310782.66667, 10152266017.55556, 100758.45383, 0.90081, 9.35336, -1.86160, -6.49176, 0.00000, 1.00000
3.75484, -1.40973, -2.85909, 4.92550, -0.35916, 2.19010, 2.00000, 438472.00000, 259172.00000, 348822.00000, 8037122500.00000, 89650.00000, 0.94766, -9.32863, 3.30198, 7.02665, 1.00000, 0.00000
2.20355, -3.47499, -2.68919, 4.91558, -1.00567, 2.14966, 5.00000, 399695.00000, 151253.00000, 270756.60000, 7027090254.64000, 83827.74156, 1.08598, -0.56481, 0.87972, 0.68510, 0.20000, 0.80000
2.68919, -2.20355, -3.47499, 4.91558, -0.68646, 2.35595, 3.00000, 349759.00000, 183534.00000, 239308.33333, 6099875817.55555, 78101.70176, 1.08598, -0.90211, 0.74373, 1.15838, 1.00000, 0.00000
3.47499, -2.68919, -2.20355, 4.91558, -0.65860, 2.03563, 7.00000, 463977.00000, 172743.00000, 311372.71429, 11709532245.34694, 108210.59211, 1.08598, -2.37638, 1.85065, 1.52573, 0.14286, 0.85714
2.83550, -2.83550, -2.83550, 4.91123, -0.78540, 2.18628, 4.00000, 481286.00000, 171883.00000, 361998.75000, 13933543766.68750, 118040.43276, 1.14286, -1.00000, 1.00000, 1.00000, 0.50000, 0.50000
3.18882, -3.75791, 0.00000, 4.92853, -0.86714, 1.57080, 14.00000, 445284.00000, 64809.00000, 195955.21429, 18754581859.59694, 136947.36894, 0.90081, -7.64229, 8.64229, -0.00000, 0.14286, 0.85714
3.92241, -2.87963, -0.78273, 4.92852, -0.63328, 1.73029, 6.00000, 450188.00000, 164396.00000, 267108.16667, 11777275901.80556, 108523.15837, 0.91102, 10.75154, -7.66476, -2.08678, 0.00000, 1.00000
3.92241, -2.87963, 0.78273, 4.92852, -0.63328, 1.41130, 24.00000, 448446.00000, 49958.00000, 203108.54167, 9765729378.58160, 98821.70500, 0.91102, 2.07817, -1.48153, 0.40335, 0.00000, 1.00000
3.73035, -3.21637, 0.00000, 4.92550, -0.71154, 1.57080, 10.00000, 425924.00000, 63003.00000, 201625.80000, 21312737119.16000, 145988.82532, 0.94766, 9.06739, -8.06739, 0.00000, 0.00000, 1.00000
4.37124, -1.70460, -1.50894, 4.92852, -0.37182, 1.88196, 12.00000, 406631.00000, 62200.00000, 224631.41667, 11593286610.24306, 107672.12550, 0.91102, 3.63662, -1.43665, -1.19997, 0.08333, 0.91667
4.45876, -0.43315, -2.05481, 4.92853, -0.09684, 2.00085, 2.00000, 491149.00000, 273903.00000, 382526.00000, 11798956129.00000, 108623.00000, 0.90081, 2.22389, -0.24359, -0.98030, 0.00000, 1.00000
4.85499, -0.43811, -0.72621, 4.92852, -0.09000, 1.71868, 6.00000, 405500.00000, 94135.00000, 248832.83333, 14338786101.13889, 119744.67045, 0.91102, 1.31474, -0.13162, -0.18312, 0.00000, 1.00000
4.62611, -0.87126, -1.44936, 4.92550, -0.18616, 1.86947, 9.00000, 452448.00000, 42224.00000, 235651.44444, 16781061216.46914, 129541.73542, 0.94766, 2.02881, -0.36416, -0.66465, 0.11111, 0.88889
4.37124, -1.70460, 1.50894, 4.92852, -0.37182, 1.25963, 21.00000, 371727.00000, 61763.00000, 216430.14286, 10511690372.12245, 102526.53497, 0.91102, 1.06961, -0.42255, 0.35294, 0.00000, 1.00000
4.85499, -0.43811, 0.72621, 4.92852, -0.09000, 1.42291, 6.00000, 402459.00000, 59712.00000, 168580.00000, 13514739670.00000, 116252.91252, 0.91102, 0.96230, -0.09634, 0.13403, 0.00000, 1.00000
4.45876, -0.43315, 2.05481, 4.92853, -0.09684, 1.14074, 15.00000, 472124.00000, 42636.00000, 182643.00000, 19848495714.53333, 140884.68943, 0.90081, 0.75116, -0.08228, 0.33112, 0.00000, 1.00000
4.62611, -0.87126, 1.44936, 4.92550, -0.18616, 1.27212, 22.00000, 475774.00000, 57931.00000, 241464.31818, 13927244708.67149, 118013.74796, 0.94766, 0.87099, -0.15634, 0.28534, 0.00000, 1.00000
4.35121, -2.14766, -0.78579, 4.91558, -0.45850, 1.73134, 5.00000, 451177.00000, 119987.00000, 272110.40000, 19379777553.44000, 139211.26949, 1.08598, 2.99442, -1.46868, -0.52573, 0.00000, 1.00000
4.83686, -0.87622, 0.00000, 4.91558, -0.17921, 1.57080, 5.00000, 444905.00000, 54171.00000, 239554.60000, 20226981529.04000, 142221.59305, 1.08598, 1.22879, -0.22879, 0.00000, 0.00000, 1.00000
4.35121, -2.14766, 0.78579, 4.91558, -0.45850, 1.41025, 17.00000, 391814.00000, 47769.00000, 185119.00000, 11334447950.94118, 106463.36436, 1.08598, 1.45965, -0.71592, 0.25627, 0.00000, 1.00000
4.58794, -1.75244, 0.00000, 4.91123, -0.36486, 1.57080, 7.00000, 477888.00000, 52410.00000, 175550.28571, 18921472259.06123, 137555.34253, 1.14286, 1.61803, -0.61803, 0.00000, 0.14286, 0.85714
0.43315, -2.05481, 4.45876, 4.92853, -1.36304, 0.44016, 39.00000, 446343.00000, 25144.00000, 141247.41026, 14549377613.62656, 120620.80092, 0.90081, 0.16379, -0.65917, 1.49537, 0.00000, 1.00000
1.70460, -1.50894, 4.37124, 4.92852, -0.72459, 0.48015, 71.00000, 487461.00000, 17446.00000, 104455.64789, 6907402174.50982, 83110.78254, 0.91102, 0.37091, -0.30980, 0.93889, 0.00000, 1.00000
0.43811, -0.72621, 4.85499, 4.92852, -1.02797, 0.17295, 37.00000, 482023.00000, 28588.00000, 162220.18919, 12993231506.69394, 113987.85684, 0.91102, 0.10419, -0.14496, 1.04077, 0.02703, 0.97297
0.87126, -1.44936, 4.62611, 4.92550, -1.02954, 0.35046, 60.00000, 485924.00000, 27107.00000, 147560.18333, 11250622429.61639, 106068.95130, 0.94766, 0.21070, -0.38457, 1.17386, 0.00000, 1.00000
2.87963, -0.78273, 3.92241, 4.92852, -0.26540, 0.65037, 55.00000, 461967.00000, 18255.00000, 135270.76364, 12797129965.96231, 113124.40040, 0.91102, 0.46938, -0.12779, 0.65841, 0.00000, 1.00000
3.75791, 0.00000, 3.18882, 4.92853, 0.00000, 0.86714, 29.00000, 459637.00000, 46558.00000, 187169.27586, 9895469291.02735, 99475.97344, 0.90081, 0.53070, -0.00000, 0.46930, 0.00000, 1.00000
2.87963, 0.78273, 3.92241, 4.92852, 0.26540, 0.65037, 26.00000, 472422.00000, 47886.00000, 185228.80769, 10911079532.30917, 104456.11295, 0.91102, 0.37383, 0.10178, 0.52439, 0.00000, 1.00000
3.21637, 0.00000, 3.73035, 4.92550, 0.00000, 0.71154, 17.00000, 282758.00000, 42480.00000, 147855.41176, 8210739080.94810, 90613.12863, 0.94766, 0.47082, -0.00000, 0.52918, 0.00000, 1.00000
0.43811, 0.72621, 4.85499, 4.92852, 1.02797, 0.17295, 28.00000, 499141.00000, 51291.00000, 179152.64286, 10356946638.01531, 101769.08488, 0.91102, 0.08077, 0.11238, 0.80685, 0.00000, 1.00000
1.70460, 1.50894, 4.37124, 4.92852, 0.72459, 0.48015, 19.00000, 490370.00000, 53327.00000, 190130.00000, 16714290878.00000, 129283.76108, 0.91102, 0.22901, 0.19128, 0.57970, 0.00000, 1.00000
0.43315, 2.05481, 4.45876, 4.92853, 1.36304, 0.44016, 6.00000, 340786.00000, 70242.00000, 192238.00000, 7717051186.66667, 87846.74830, 0.90081, 0.07065, 0.28433, 0.64502, 0.00000, 1.00000
0.87126, 1.44936, 4.62611, 4.92550, 1.02954, 0.35046, 20.00000, 425782.00000, 52215.00000, 233032.25000, 13519034658.68750, 116271.38366, 0.94766, 0.11910, 0.21738, 0.66353, 0.00000, 1.00000
2.14766, -0.78579, 4.35121, 4.91558, -0.35075, 0.48390, 44.00000, 467857.00000, 19541.00000, 185320.09091, 18326239377.90083, 135374.44138, 1.08598, 0.37301, -0.13352, 0.76051, 0.00000, 1.00000
2.14766, 0.78579, 4.35121, 4.91558, 0.35075, 0.48390, 19.00000, 414634.00000, 76579.00000, 187262.63158, 9578229115.81163, 97868.42757, 1.08598, 0.29439, 0.10538, 0.60022, 0.00000, 1.00000
0.87622, 0.00000, 4.83686, 4.91558, 0.00000, 0.17921, 21.00000, 456101.00000, 28538.00000, 173384.80952, 20903363632.63039, 144579.95585, 1.08598, 0.15697, -0.00000, 0.84303, 0.00000, 1.00000
1.75244, 0.00000, 4.58794, 4.91123, 0.00000, 0.36486, 31.00000, 441310.00000, 20666.00000, 170197.90323, 12845991087.31322, 113340.15655, 1.14286, 0.27639, 0.00000, 0.72361, 0.06452, 0.93548
-2.75567, -4.02561, 0.70086, 4.92853, -2.17107, 1.42811, 7.00000, 470829.00000, 114174.00000, 213597.57143, 13564992943.38776, 116468.84967, 0.90081, 0.46424, 0.66888, -0.13313, 0.57143, 0.42857
-2.21782, -3.93313, 1.97536, 4.92852, -2.08423, 1.15840, 13.00000, 475898.00000, 74089.00000, 224875.61538, 13867203352.08284, 117759.09032, 0.91102, 0.54500, 0.95092, -0.49591, 0.23077, 0.76923
-3.48430, -3.15040, 1.49161, 4.92852, -2.40648, 1.26333, 11.00000, 362096.00000, 87104.00000, 235659.27273, 5792291758.92562, 76107.10715, 0.91102, 0.68893, 0.61936, -0.30829, 0.54545, 0.45455
-2.85909, -3.75484, 1.40973, 4.92550, -2.22158, 1.28053, 7.00000, 306348.00000, 108030.00000, 234845.57143, 4327233914.53061, 65781.71413, 0.94766, 0.53830, 0.71466, -0.25296, 0.57143, 0.42857
-1.49161, -3.48430, 3.15040, 4.92852, -1.97528, 0.87732, 11.00000, 431587.00000, 66763.00000, 173159.36364, 10592121653.32231, 102918.03366, 0.91102, 0.81587, 1.82322, -1.63909, 0.00000, 1.00000
-0.70086, -2.75567, 4.02561, 4.92853, -1.81985, 0.61496, 32.00000, 447319.00000, 28619.00000, 150743.37500, 11394317952.10938, 106744.17058, 0.90081, -1.86160, -6.49176, 9.35336, 0.00000, 1.00000
-1.97536, -2.21782, 3.93313, 4.92852, -2.29844, 0.64677, 22.00000, 365435.00000, 58936.00000, 190438.40909, 9405090548.42356, 96979.84609, 0.91102, 5.51065, 6.05607, -10.56672, 0.13636, 0.86364
-1.40973, -2.85909, 3.75484, 4.92550, -2.02888, 0.70390, 21.00000, 451927.00000, 40939.00000, 154517.04762, 15426587878.61678, 124203.81588, 0.94766, 3.30198, 7.02665, -9.32863, 0.00000, 1.00000
-3.93313, -1.97536, 2.21782, 4.92852, -2.67616, 1.10403, 16.00000, 445691.00000, 125290.00000, 296935.81250, 10253990207.52734, 101261.98797, 0.91102, 1.05443, 0.54989, -0.60432, 0.43750, 0.56250
-3.15040, -1.49161, 3.48430, 4.92852, -2.69940, 0.78559, 10.00000, 399881.00000, 64375.00000, 208411.80000, 12224845054.96000, 110566.02125, 0.91102, 2.59457, 1.29147, -2.88604, 0.20000, 0.80000
-4.02561, -0.70086, 2.75567, 4.92853, -2.96922, 0.97747, 5.00000, 423876.00000, 106978.00000, 214173.20000, 13167935143.76000, 114751.62371, 0.90081, 1.98030, 0.39414, -1.37444, 0.40000, 0.60000
-3.75484, -1.40973, 2.85909, 4.92550, -2.78243, 0.95149, 3.00000, 455690.00000, 170366.00000, 349045.33333, 16162794096.88889, 127132.97801, 0.94766, 1.66465, 0.58922, -1.25387, 0.00000, 1.00000
-2.20355, -3.47499, 2.68919, 4.91558, -2.13592, 0.99193, 8.00000, 417775.00000, 102788.00000, 262085.62500, 7922023396.98438, 89005.74924, 1.08598, 0.74373, 1.15838, -0.90211, 0.12500, 0.87500
-2.68919, -2.20355, 3.47499, 4.91558, -2.45513, 0.78564, 17.00000, 477028.00000, 72786.00000, 227256.05882, 17621139686.87889, 132744.64090, 1.08598, 1.85065, 1.52573, -2.37638, 0.05882, 0.94118
-3.47499, -2.68919, 2.20355, 4.91558, -2.48299, 1.10596, 6.00000, 280971.00000, 141054.00000, 213641.16667, 2504903626.47222, 50049.01224, 1.08598, 0.87972, 0.68510, -0.56481, 0.33333, 0.66667
-2.83550, -2.83550, 2.83550, 4.91123, -2.35619, 0.95532, 12.00000, 423010.00000, 157462.00000, 258870.16667, 7249097664.97222, 85141.63297, 1.14286, 1.00000, 1.00000, -1.00000, 0.25000, 0.75000
-0.70086, -2.75567, -4.02561, 4.92853, -1.81985, 2.52663, 11.00000, 464355.00000, 121769.00000, 274750.54545, 13505762238.79339, 116214.29447, 0.90081, 0.10514, 0.36663, 0.52824, 0.81818, 0.18182
-1.49161, -3.48430, -3.15040, 4.92852, -1.97528, 2.26428, 16.00000, 494505.00000, 54814.00000, 240601.62500, 9906637328.60938, 99532.09195, 0.91102, 0.19070, 0.42617, 0.38313, 1.00000, 0.00000
-1.97536, -2.21782, -3.93313, 4.92852, -2.29844, 2.49482, 25.00000, 484452.00000, 24290.00000, 173390.44000, 11429016395.04640, 106906.57788, 0.91102, 0.24897, 0.27362, 0.47741, 0.96000, 0.04000
-1.40973, -2.85909, -3.75484, 4.92550, -2.02888, 2.43770, 12.00000, 411208.00000, 38127.00000, 175403.50000, 13111080345.91667, 114503.62591, 0.94766, 0.16798, 0.35746, 0.47456, 1.00000, 0.00000
-2.21782, -3.93313, -1.97536, 4.92852, -2.08423, 1.98319, 9.00000, 445233.00000, 41593.00000, 226038.00000, 13989614048.44444, 118277.69886, 0.91102, 0.27362, 0.47741, 0.24897, 1.00000, 0.00000
-2.75567, -4.02561, -0.70086, 4.92853, -2.17107, 1.71348, 4.00000, 343702.00000, 91202.00000, 199340.00000, 9521265714.50000, 97576.97328, 0.90081, 0.36663, 0.52824, 0.10514, 0.75000, 0.25000
-3.48430, -3.15040, -1.49161, 4.92852, -2.40648, 1.87827, 19.00000, 379241.00000, 79559.00000, 196437.42105, 7582166615.50693, 87075.63732, 0.91102, 0.42617, 0.38313, 0.19070, 0.94737, 0.05263
-2.85909, -3.75484, -1.40973, 4.92550, -2.22158, 1.86107, 11.00000, 494072.00000, 62490.00000, 252221.81818, 18571197770.87603, 136276.18196, 0.94766, 0.35746, 0.47456, 0.16798, 0.90909, 0.09091
-3.15040, -1.49161, -3.48430, 4.92852, -2.69940, 2.35600, 40.00000, 441829.00000, 24863.00000, 160584.45000, 11401807436.94750, 106779.24628, 0.91102, 0.38313, 0.19070, 0.42617, 1.00000, 0.00000
-3.93313, -1.97536, -2.21782, 4.92852, -2.67616, 2.03756, 37.00000, 493954.00000, 30421.00000, 174570.02703, 18640544841.26954, 136530.38065, 0.91102, 0.47741, 0.24897, 0.27362, 0.97297, 0.02703
-4.02561, -0.70086, -2.75567, 4.92853, -2.96922, 2.16413, 48.00000, 498989.00000, 17298.00000, 149248.70833, 14145711352.66493, 118935.74464, 0.90081, 0.52824, 0.10514, 0.36663, 0.97917, 0.02083
-3.75484, -1.40973, -2.85909, 4.92550, -2.78243, 2.19010, 45.00000, 379389.00000, 20046.00000, 126494.91111, 9048096341.94765, 95121.48202, 0.94766, 0.47456, 0.16798, 0.35746, 1.00000, 0.00000
-2.20355, -3.47499, -2.68919, 4.91558, -2.13592, 2.14966, 13.00000, 396913.00000, 99784.00000, 218964.15385, 10297330937.97633, 101475.76527, 1.08598, 0.26522, 0.41309, 0.32170, 1.00000, 0.00000
-3.47499, -2.68919, -2.20355, 4.91558, -2.48299, 2.03563, 11.00000, 368756.00000, 42972.00000, 191058.09091, 14620615354.44628, 120915.73659, 1.08598, 0.41309, 0.32170, 0.26522, 0.90909, 0.09091
-2.68919, -2.20355, -3.47499, 4.91558, -2.45513, 2.35595, 12.00000, 255801.00000, 32877.00000, 148044.66667, 5914826753.05555, 76907.91086, 1.08598, 0.32170, 0.26522, 0.41309, 1.00000, 0.00000
-2.83550, -2.83550, -2.83550, 4.91123, -2.35619, 2.18628, 15.00000, 364064.00000, 63236.00000, 183207.33333, 11039725778.35556, 105070.09935, 1.14286, 0.33333, 0.33333, 0.33333, 0.93333, 0.06667
3.75791, 0.00000, -3.18882, 4.92853, 0.00000, 2.27446, 5.00000, 449888.00000, 74036.00000, 277092.00000, 14460959874.00000, 120253.73123, 0.90081, 8.64229, 0.00000, -7.64229, 0.80000, 0.20000
2.87963, -0.78273, -3.92241, 4.92852, -0.26540, 2.49122, 0.00000, 0.00000, 0.00000, 0.00000, 0.00000, 0.00000, 0.91102, -1.48153, 0.40335, 2.07817, 0.00000, 0.00000
2.87963, 0.78273, -3.92241, 4.92852, 0.26540, 2.49122, 2.00000, 208058.00000, 192620.00000, 200339.00000, 59582961.00000, 7719.00000, 0.91102, -7.66476, -2.08678, 10.75154, 1.00000, 0.00000
3.21637, 0.00000, -3.73035, 4.92550, 0.00000, 2.43005, 7.00000, 496063.00000, 143750.00000, 330134.85714, 14585770840.12245, 120771.56470, 0.94766, -8.06739, -0.00000, 9.06739, 0.28571, 0.71429
1.70460, -1.50894, -4.37124, 4.92852, -0.72459, 2.66145, 2.00000, 492155.00000, 179702.00000, 335928.50000, 24406719302.25000, 156226.50000, 0.91102, -0.42255, 0.35294, 1.06961, 0.50000, 0.50000
0.43315, -2.05481, -4.45876, 4.92853, -1.36304, 2.70143, 8.00000, 332969.00000, 91194.00000, 227120.37500, 6176434875.48438, 78590.29759, 0.90081, -0.08228, 0.33112, 0.75116, 0.75000, 0.25000
0.43811, -0.72621, -4.85499, 4.92852, -1.02797, 2.96865, 9.00000, 398336.00000, 72085.00000, 205260.00000, 14390011387.33333, 119958.37356, 0.91102, -0.09634, 0.13403, 0.96230, 1.00000, 0.00000
0.87126, -1.44936, -4.62611, 4.92550, -1.02954, 2.79113, 10.00000, 472849.00000, 66519.00000, 221524.40000, 17415756424.84000, 131968.77064, 0.94766, -0.15634, 0.28534, 0.87099, 1.00000, 0.00000
1.70460, 1.50894, -4.37124, 4.92852, 0.72459, 2.66145, 5.00000, 483528.00000, 128517.00000, 293534.00000, 14251077158.40000, 119377.87550, 0.91102, -1.43665, -1.19997, 3.63662, 1.00000, 0.00000
0.43811, 0.72621, -4.85499, 4.92852, 1.02797, 2.96865, 18.00000, 489841.00000, 41216.00000, 192038.16667, 18426129857.58333, 135742.88143, 0.91102, -0.13162, -0.18312, 1.31474, 1.00000, 0.00000
0.43315, 2.05481, -4.45876, 4.92853, 1.36304, 2.70143, 12.00000, 394656.00000, 82169.00000, 197514.08333, 10218514221.40972, 101086.66688, 0.90081, -0.24359, -0.98030, 2.22389, 1.00000, 0.00000
0.87126, 1.44936, -4.62611, 4.92550, 1.02954, 2.79113, 6.00000, 456549.00000, 100034.00000, 259639.83333, 20320649575.80556, 142550.51587, 0.94766, -0.36416, -0.66465, 2.02881, 1.00000, 0.00000
2.14766, -0.78579, -4.35121, 4.91558, -0.35075, 2.65769, 4.00000, 497003.00000, 264396.00000, 375266.50000, 9765552823.25000, 98820.81169, 1.08598, -0.71592, 0.25627, 1.45965, 1.00000, 0.00000
0.87622, 0.00000, -4.83686, 4.91558, 0.00000, 2.96238, 6.00000, 460968.00000, 99629.00000, 255579.66667, 19992686315.22222, 141395.49609, 1.08598, -0.22879, -0.00000, 1.22879, 1.00000, 0.00000
2.14766, 0.78579, -4.35121, 4.91558, 0.35075, 2.65769, 2.00000, 385483.00000, 167253.00000, 276368.00000, 11906083225.00000, 109115.00000, 1.08598, -1.46868, -0.52573, 2.99442, 1.00000, 0.00000
1.75244, 0.00000, -4.58794, 4.91123, 0.00000, 2.77673, 7.00000, 447822.00000, 78126.00000, 251940.71429, 17121214702.48980, 130848.05961, 1.14286, -0.61803, -0.00000, 1.61803, 1.00000, 0.00000
4.45876, 0.43315, 2.05481, 4.92853, 0.09684, 1.14074, 8.00000, 431504.00000, 104079.00000, 250119.62500, 15077812073.23438, 122791.74269, 0.90081, 0.64502, 0.07065, 0.28433, 0.00000, 1.00000
4.85499, 0.43811, 0.72621, 4.92852, 0.09000, 1.42291, 6.00000, 469064.00000, 90345.00000, 289932.16667, 18359679795.13889, 135497.89591, 0.91102, 0.80685, 0.08077, 0.11238, 0.00000, 1.00000
4.37124, 1.70460, 1.50894, 4.92852, 0.37182, 1.25963, 6.00000, 378264.00000, 89044.00000, 182480.83333, 9758131538.13889, 98783.25535, 0.91102, 0.57970, 0.22901, 0.19128, 0.00000, 1.00000
4.62611, 0.87126, 1.44936, 4.92550, 0.18616, 1.27212, 9.00000, 485396.00000, 89237.00000, 213971.66667, 15174570019.11111, 123185.10470, 0.94766, 0.66353, 0.11910, 0.21738, 0.11111, 0.88889
4.85499, 0.43811, -0.72621, 4.92852, 0.09000, 1.71868, 2.00000, 280224.00000, 251139.00000, 265681.50000, 211484306.25000, 14542.50000, 0.91102, 1.04077, 0.10419, -0.14496, 0.00000, 1.00000
4.45876, 0.43315, -2.05481, 4.92853, 0.09684, 2.00085, 1.00000, 264346.00000, 264346.00000, 264346.00000, 0.00000, 0.00000, 0.90081, 1.49537, 0.16379, -0.65917, 0.00000, 1.00000
4.37124, 1.70460, -1.50894, 4.92852, 0.37182, 1.88196, 0.00000, 0.00000, 0.00000, 0.00000, 0.00000, 0.00000, 0.91102, 0.93889, 0.37091, -0.30980, 0.00000, 0.00000
4.62611, 0.87126, -1.44936, 4.92550, 0.18616, 1.86947, 3.00000, 497631.00000, 370548.00000, 443591.33333, 2872251154.88889, 53593.38723, 0.94766, 1.17386, 0.21070, -0.38457, 0.33333, 0.66667
3.92241, 2.87963, 0.78273, 4.92852, 0.63328, 1.41130, 4.00000, 467610.00000, 433003.00000, 446311.25000, 177063116.68750, 13306.50655, 0.91102, 0.52439, 0.37383, 0.10178, 0.25000, 0.75000
3.92241, 2.87963, -0.78273, 4.92852, 0.63328, 1.73029, 6.00000, 496498.00000, 192838.00000, 330549.83333, 14070879870.47222, 118620.73963, 0.91102, 0.65841, 0.46938, -0.12779, 0.16667, 0.83333
3.18882, 3.75791, 0.00000, 4.92853, 0.86714, 1.57080, 1.00000, 239735.00000, 239735.00000, 239735.00000, 0.00000, 0.00000, 0.90081, 0.46930, 0.53070, 0.00000, 0.00000, 1.00000
3.73035, 3.21637, 0.00000, 4.92550, 0.71154, 1.57080, 1.00000, 408401.00000, 408401.00000, 408401.00000, 0.00000, 0.00000, 0.94766, 0.52918, 0.47082, 0.00000, 0.00000, 1.00000
4.83686, 0.87622, 0.00000, 4.91558, 0.17921, 1.57080, 6.00000, 444116.00000, 192001.00000, 310985.50000, 12211092961.58333, 110503.81424, 1.08598, 0.84303, 0.15697, 0.00000, 0.16667, 0.83333
4.35121, 2.14766, -0.78579, 4.91558, 0.45850, 1.73134, 1.00000, 423128.00000, 423128.00000, 423128.00000, 0.00000, 0.00000, 1.08598, 0.76051, 0.37301, -0.13352, 0.00000, 1.00000
4.35121, 2.14766, 0.78579, 4.91558, 0.45850, 1.41025, 4.00000, 491469.00000, 228628.00000, 353652.00000, 10397350902.50000, 101967.40118, 1.08598, 0.60022, 0.29439, 0.10538, 0.00000, 1.00000
4.58794, 1.75244, 0.00000, 4.91123, 0.36486, 1.57080, 3.00000, 320539.00000, 209799.00000, 248540.33333, 2596916376.88889, 50959.94875, 1.14286, 0.72361, 0.27639, -0.00000, 0.00000, 1.00000
