-2.75567, 4.02561, 0.70086, 4.92853, 2.17107, 1.42811, 17.00000, 490282.00000, 26802.00000, 211641.94118, 18810660296.99654, 137151.96060, 0.90081, -1.37444, 1.98030, 0.39414, 0.05882, 0.94118
-3.48430, 3.15040, 1.49161, 4.92852, 2.40648, 1.26333, 23.00000, 452253.00000, 42279.00000, 204826.47826, 10835097350.42344, 104091.77369, 0.91102, -2.88604, 2.59457, 1.29147, 0.00000, 1.00000
-2.21782, 3.93313, 1.97536, 4.92852, 2.08423, 1.15840, 13.00000, 423040.00000, 92459.00000, 237490.23077, 15483349020.63906, 124432.10607, 0.91102, -0.60432, 1.05443, 0.54989, 0.07692, 0.92308
-2.85909, 3.75484, 1.40973, 4.92550, 2.22158, 1.28053, 10.00000, 421992.00000, 63493.00000, 236503.30000, 14197476675.41000, 119153.16477, 0.94766, -1.25387, 1.66465, 0.58922, 0.10000, 0.90000
-3.93313, 1.97536, 2.21782, 4.92852, 2.67616, 1.10403, 11.00000, 360487.00000, 70680.00000, 201453.72727, 9412495051.10744, 97018.01405, 0.91102, -10.56672, 5.51065, 6.05607, 0.00000, 1.00000
-4.02561, 0.70086, 2.75567, 4.92853, 2.96922, 0.97747, 1.00000, 476807.00000, 476807.00000, 476807.00000, 0.00000, 0.00000, 0.90081, 9.35336, -1.86160, -6.49176, 0.00000, 1.00000
-3.15040, 1.49161, 3.48430, 4.92852, 2.69940, 0.78559, 4.00000, 490583.00000, 99210.00000, 215022.75000, 26083297644.68750, 161503.24345, 0.91102, -1.63909, 0.81587, 1.82322, 0.50000, 0.50000
-3.75484, 1.40973, 2.85909, 4.92550, 2.78243, 0.95149, 6.00000, 486375.00000, 151605.00000, 296410.33333, 14438199353.88889, 120159.05856, 0.94766, -9.32863, 3.30198, 7.02665, 0.16667, 0.83333
-1.49161, 3.48430, 3.15040, 4.92852, 1.97528, 0.87732, 5.00000, 468626.00000, 165143.00000, 322990.40000, 11200934040.64000, 105834.46528, 0.91102, -0.30829, 0.68893, 0.61936, 0.20000, 0.80000
-1.97536, 2.21782, 3.93313, 4.92852, 2.29844, 0.64677, 2.00000, 366314.00000, 194033.00000, 280173.50000, 7420185740.25000, 86140.50000, 0.91102, -0.49591, 0.54500, 0.95092, 0.50000, 0.50000
-0.70086, 2.75567, 4.02561, 4.92853, 1.81985, 0.61496, 3.00000, 344740.00000, 223161.00000, 271868.33333, 2755533042.88889, 52493.17139, 0.90081, -0.13313, 0.46424, 0.66888, 1.00000, 0.00000
-1.40973, 2.85909, 3.75484, 4.92550, 2.02888, 0.70390, 3.00000, 463343.00000, 183362.00000, 320723.00000, 13078721934.00000, 114362.23998, 0.94766, -0.25296, 0.53830, 0.71466, 0.66667, 0.33333
-3.47499, 2.68919, 2.20355, 4.91558, 2.48299, 1.10596, 5.00000, 467447.00000, 178453.00000, 358392.80000, 9354566067.36000, 96719.00572, 1.08598, -2.37638, 1.85065, 1.52573, 0.00000, 1.00000
-2.68919, 2.20355, 3.47499, 4.91558, 2.45513, 0.78564, 0.00000, 0.00000, 0.00000, 0.00000, 0.00000, 0.00000, 1.08598, -0.90211, 0.74373, 1.15838, 0.00000, 0.00000
-2.20355, 3.47499, 2.68919, 4.91558, 2.13592, 0.99193, 3.00000, 410174.00000, 314457.00000, 375844.66667, 1893034049.55556, 43509.01113, 1.08598, -0.56481, 0.87972, 0.68510, 0.00000, 1.00000
-2.83550, 2.83550, 2.83550, 4.91123, 2.35619, 0.95532, 4.00000, 278084.00000, 136176.00000, 210327.25000, 3126262386.68750, 55912.98943, 1.14286, -1.00000, 1.00000, 1.00000, 0.00000, 1.00000
-2.05481, 4.45876, 0.43315, 4.92853, 2.00263, 1.48280, 27.00000, 478154.00000, 34625.00000, 175558.74074, 21288973050.71056, 145907.41260, 0.90081, -0.65917, 1.49537, 0.16379, 0.00000, 1.00000
-1.50894, 4.37124, 1.70460, 4.92852, 1.90319, 1.21764, 14.00000, 482547.00000, 37931.00000, 248662.50000, 21634388528.25000, 147086.33019, 0.91102, -0.30980, 0.93889, 0.37091, 0.00000, 1.00000
-0.72621, 4.85499, 0.43811, 4.92852, 1.71928, 1.48179, 22.00000, 441437.00000, 35196.00000, 160625.95455, 10577683357.86157, 102847.86511, 0.91102, -0.14496, 1.04077, 0.10419, 0.00000, 1.00000
-1.44936, 4.62611, 0.87126, 4.92550, 1.87441, 1.39297, 16.00000, 480574.00000, 58339.00000, 190832.06250, 12986923760.43359, 113960.18498, 0.94766, -0.38457, 1.17386, 0.21070, 0.00000, 1.00000
-0.78273, 3.92241, 2.87963, 4.92852, 1.76776, 0.94680, 5.00000, 452412.00000, 81337.00000, 241731.00000, 15046435687.60000, 122663.91355, 0.91102, -0.12779, 0.65841, 0.46938, 0.20000, 0.80000
0.00000, 3.18882, 3.75791, 4.92853, 1.57080, 0.70366, 4.00000, 365464.00000, 191890.00000, 294999.25000, 4809434860.68750, 69350.08912, 0.90081, -0.00000, 0.46930, 0.53070, 0.75000, 0.25000
0.78273, 3.92241, 2.87963, 4.92852, 1.37383, 0.94680, 5.00000, 381033.00000, 133157.00000, 213187.40000, 9018331793.04000, 94964.89769, 0.91102, 0.10178, 0.52439, 0.37383, 0.40000, 0.60000
0.00000, 3.73035, 3.21637, 4.92550, 1.57080, 0.85925, 4.00000, 397928.00000, 120192.00000, 287251.25000, 13555314139.68750, 116427.29122, 0.94766, -0.00000, 0.52918, 0.47082, 0.00000, 1.00000
0.72621, 4.85499, 0.43811, 4.92852, 1.42232, 1.48179, 11.00000, 490139.00000, 80404.00000, 214961.00000, 12120658231.81818, 110093.86101, 0.91102, 0.11238, 0.80685, 0.08077, 0.00000, 1.00000
1.50894, 4.37124, 1.70460, 4.92852, 1.23841, 1.21764, 13.00000, 461622.00000, 71926.00000, 280289.76923, 18659690042.33136, 136600.47600, 0.91102, 0.19128, 0.57970, 0.22901, 0.46154, 0.53846
2.05481, 4.45876, 0.43315, 4.92853, 1.13896, 1.48280, 12.00000, 424542.00000, 42874.00000, 205626.00000, 18946228391.16667, 137645.29920, 0.90081, 0.28433, 0.64502, 0.07065, 0.08333, 0.91667
1.44936, 4.62611, 0.87126, 4.92550, 1.26718, 1.39297, 5.00000, 325676.00000, 29584.00000, 149938.60000, 10133890902.24000, 100667.22854, 0.94766, 0.21738, 0.66353, 0.11910, 0.00000, 1.00000
-0.78579, 4.35121, 2.14766, 4.91558, 1.74946, 1.11864, 6.00000, 478860.00000, 91745.00000, 261773.00000, 20431448659.66667, 142938.61850, 1.08598, -0.13352, 0.76051, 0.37301, 0.00000, 1.00000
0.78579, 4.35121, 2.14766, 4.91558, 1.39213, 1.11864, 4.00000, 364765.00000, 184738.00000, 289585.25000, 4416265680.18750, 66454.98988, 1.08598, 0.10538, 0.60022, 0.29439, 0.25000, 0.75000
0.00000, 4.83686, 0.87622, 4.91558, 1.57080, 1.39159, 8.00000, 499702.00000, 83110.00000, 189873.75000, 15920144523.43750, 126175.05508, 1.08598, -0.00000, 0.84303, 0.15697, 0.12500, 0.87500
0.00000, 4.58794, 1.75244, 4.91123, 1.57080, 1.20593, 16.00000, 494848.00000, 83994.00000, 227606.12500, 10573725433.35938, 102828.62166, 1.14286, 0.00000, 0.72361, 0.27639, 0.12500, 0.87500
-2.05481, 4.45876, -0.43315, 4.92853, 2.00263, 1.65880, 47.00000, 404262.00000, 20767.00000, 136203.93617, 9679086172.91082, 98382.34686, 0.90081, -0.98030, 2.22389, -0.24359, 0.02128, 0.97872
-0.72621, 4.85499, -0.43811, 4.92852, 1.71928, 1.65981, 41.00000, 436665.00000, 20096.00000, 132104.41463, 9084706323.55979, 95313.72579, 0.91102, -0.18312, 1.31474, -0.13162, 0.02439, 0.97561
-1.50894, 4.37124, -1.70460, 4.92852, 1.90319, 1.92396, 87.00000, 466920.00000, 22355.00000, 129783.44828, 13801161011.09790, 117478.34273, 0.91102, -1.19997, 3.63662, -1.43665, 0.01149, 0.98851
-1.44936, 4.62611, -0.87126, 4.92550, 1.87441, 1.74862, 45.00000, 469986.00000, 13769.00000, 119499.13333, 12625510180.60444, 112363.29552, 0.94766, -0.66465, 2.02881, -0.36416, 0.02222, 0.97778
0.72621, 4.85499, -0.43811, 4.92852, 1.42232, 1.65981, 22.00000, 459322.00000, 38525.00000, 203869.72727, 20719970166.38017, 143944.33009, 0.91102, 0.13403, 0.96230, -0.09634, 0.09091, 0.90909
2.05481, 4.45876, -0.43315, 4.92853, 1.13896, 1.65880, 7.00000, 412492.00000, 52366.00000, 212723.42857, 19160185750.24490, 138420.32275, 0.90081, 0.33112, 0.75116, -0.08228, 0.00000, 1.00000
1.50894, 4.37124, -1.70460, 4.92852, 1.23841, 1.92396, 25.00000, 461420.00000, 36122.00000, 195306.48000, 15077619517.28960, 122790.95861, 0.91102, 0.35294, 1.06961, -0.42255, 0.12000, 0.88000
1.44936, 4.62611, -0.87126, 4.92550, 1.26718, 1.74862, 20.00000, 491470.00000, 26405.00000, 153139.00000, 16293957308.70000, 127647.78615, 0.94766, 0.28534, 0.87099, -0.15634, 0.05000, 0.95000
-0.78273, 3.92241, -2.87963, 4.92852, 1.76776, 2.19479, 81.00000, 490812.00000, 13983.00000, 109550.98765, 12413086518.60478, 111414.03196, 0.91102, -2.08678, 10.75154, -7.66476, 0.00000, 1.00000
0.78273, 3.92241, -2.87963, 4.92852, 1.37383, 2.19479, 52.00000, 448218.00000, 20587.00000, 161692.65385, 14142905894.38018, 118923.95005, 0.91102, 0.40335, 2.07817, -1.48153, 0.00000, 1.00000
0.00000, 3.18882, -3.75791, 4.92853, 1.57080, 2.43793, 56.00000, 472221.00000, 19130.00000, 111382.39286, 9605929659.80995, 98009.84471, 0.90081, -0.00000, -7.64229, 8.64229, 0.00000, 1.00000
0.00000, 3.73035, -3.21637, 4.92550, 1.57080, 2.28234, 51.00000, 494439.00000, 17240.00000, 127289.90196, 13657014335.34333, 116863.22918, 0.94766, 0.00000, 9.06739, -8.06739, 0.00000, 1.00000
0.00000, 4.83686, -0.87622, 4.91558, 1.57080, 1.75001, 20.00000, 419912.00000, 35250.00000, 170206.55000, 12993144434.54750, 113987.47490, 1.08598, 0.00000, 1.22879, -0.22879, 0.00000, 1.00000
0.78579, 4.35121, -2.14766, 4.91558, 1.39213, 2.02296, 32.00000, 437397.00000, 16985.00000, 138440.03125, 13258083885.09277, 115143.75313, 1.08598, 0.25627, 1.45965, -0.71592, 0.00000, 1.00000
-0.78579, 4.35121, -2.14766, 4.91558, 1.74946, 2.02296, 51.00000, 479764.00000, 22069.00000, 121593.54902, 13403831364.71819, 115774.91682, 1.08598, -0.52573, 2.99442, -1.46868, 0.00000, 1.00000
0.00000, 4.58794, -1.75244, 4.91123, 1.57080, 1.93566, 36.00000, 364555.00000, 19683.00000, 137797.05556, 8486701026.94136, 92123.29253, 1.14286, 0.00000, 1.61803, -0.61803, 0.00000, 1.00000
-2.75567, 4.02561, -0.70086, 4.92853, 2.17107, 1.71348, 38.00000, 449888.00000, 24329.00000, 124235.21053, 10952100447.27147, 104652.28353, 0.90081, -6.49176, 9.35336, -1.86160, 0.00000, 1.00000
-2.21782, 3.93313, -1.97536, 4.92852, 2.08423, 1.98319, 93.00000, 493717.00000, 16068.00000, 107364.15054, 11503364717.93433, 107253.73988, 0.91102, 6.05607, -10.56672, 5.51065, 0.00000, 1.00000
-3.48430, 3.15040, -1.49161, 4.92852, 2.40648, 1.87827, 60.00000, 467509.00000, 12567.00000, 117076.11667, 10658655952.46972, 103240.76691, 0.91102, 1.82322, -1.63909, 0.81587, 0.00000, 1.00000
-2.85909, 3.75484, -1.40973, 4.92550, 2.22158, 1.86107, 52.00000, 468012.00000, 21896.00000, 130126.26923, 11988804305.77367, 109493.39846, 0.94766, 7.02665, -9.32863, 3.30198, 0.00000, 1.00000
-1.49161, 3.48430, -3.15040, 4.92852, 1.97528, 2.26428, 97.00000, 496277.00000, 6931.00000, 99513.79381, 8111944062.98842, 90066.33146, 0.91102, 1.29147, -2.88604, 2.59457, 0.01031, 0.98969
-0.70086, 2.75567, -4.02561, 4.92853, 1.81985, 2.52663, 67.00000, 470654.00000, 20782.00000, 118901.67164, 9631319748.90710, 98139.28749, 0.90081, 0.39414, -1.37444, 1.98030, 0.00000, 1.00000
-1.97536, 2.21782, -3.93313, 4.92852, 2.29844, 2.49482, 68.00000, 456405.00000, 12435.00000, 111742.36765, 8085441427.49719, 89919.08267, 0.91102, 0.54989, -0.60432, 1.05443, 0.00000, 1.00000
-1.40973, 2.85909, -3.75484, 4.92550, 2.02888, 2.43770, 54.00000, 461229.00000, 9923.00000, 102560.88889, 9417081491.61728, 97041.64823, 0.94766, 0.58922, -1.25387, 1.66465, 0.00000, 1.00000
-3.93313, 1.97536, -2.21782, 4.92852, 2.67616, 2.03756, 63.00000, 447383.00000, 15321.00000, 127574.76190, 9284637347.51474, 96356.82305, 0.91102, 0.95092, -0.49591, 0.54500, 0.00000, 1.00000
-3.15040, 1.49161, -3.48430, 4.92852, 2.69940, 2.35600, 56.00000, 469578.00000, 17741.00000, 133600.62500, 10033360704.73438, 100166.66464, 0.91102, 0.61936, -0.30829, 0.68893, 0.00000, 1.00000
-4.02561, 0.70086, -2.75567, 4.92853, 2.96922, 2.16413, 16.00000, 428717.00000, 46256.00000, 170172.31250, 15100118610.58984, 122882.53989, 0.90081, 0.66888, -0.13313, 0.46424, 0.00000, 1.00000
-3.75484, 1.40973, -2.85909, 4.92550, 2.78243, 2.19010, 31.00000, 471507.00000, 28433.00000, 171368.93548, 18849559271.93132, 137293.69713, 0.94766, 0.71466, -0.25296, 0.53830, 0.00000, 1.00000
-2.20355, 3.47499, -2.68919, 4.91558, 2.13592, 2.14966, 63.00000, 353120.00000, 9679.00000, 84819.25397, 4280310319.55455, 65424.08058, 1.08598, 1.52573, -2.37638, 1.85065, 0.00000, 1.00000
-2.68919, 2.20355, -3.47499, 4.91558, 2.45513, 2.35595, 55.00000, 436077.00000, 15932.00000, 121103.70909, 9345302677.36992, 96671.10570, 1.08598, 0.68510, -0.56481, 0.87972, 0.00000, 1.00000
-3.47499, 2.68919, -2.20355, 4.91558, 2.48299, 2.03563, 52.00000, 471145.00000, 17715.00000, 124470.40385, 10692643219.81767, 103405.23787, 1.08598, 1.15838, -0.90211, 0.74373, 0.00000, 1.00000
-2.83550, 2.83550, -2.83550, 4.91123, 2.35619, 2.18628, 91.00000, 493039.00000, 10972.00000, 95245.65934, 9333213397.49934, 96608.55758, 1.14286, 1.00000, -1.00000, 1.00000, 0.00000, 1.00000
-3.18882, 3.75791, 0.00000, 4.92853, 2.27446, 1.57080, 32.00000, 496359.00000, 37180.00000, 176880.34375, 16532671670.85059, 128579.43720, 0.90081, -7.64229, 8.64229, 0.00000, 0.03125, 0.96875
-3.92241, 2.87963, -0.78273, 4.92852, 2.50831, 1.73029, 31.00000, 462076.00000, 22960.00000, 159583.09677, 12886788383.44225, 113519.99112, 0.91102, 2.07817, -1.48153, 0.40335, 0.00000, 1.00000
-3.92241, 2.87963, 0.78273, 4.92852, 2.50831, 1.41130, 18.00000, 433331.00000, 55632.00000, 194428.77778, 11259070299.17284, 106108.76636, 0.91102, 10.75154, -7.66476, -2.08678, 0.00000, 1.00000
-3.73035, 3.21637, 0.00000, 4.92550, 2.43005, 1.57080, 21.00000, 452746.00000, 35401.00000, 159194.42857, 13336117465.10204, 115482.10885, 0.94766, 9.06739, -8.06739, -0.00000, 0.00000, 1.00000
-4.37124, 1.70460, -1.50894, 4.92852, 2.76977, 1.88196, 34.00000, 391583.00000, 34938.00000, 165084.47059, 11267976209.13149, 106150.72402, 0.91102, 1.06961, -0.42255, 0.35294, 0.00000, 1.00000
-4.45876, 0.43315, -2.05481, 4.92853, 3.04475, 2.00085, 14.00000, 472334.00000, 47427.00000, 216247.14286, 20259058523.12244, 142334.31955, 0.90081, 0.75116, -0.08228, 0.33112, 0.07143, 0.92857
-4.85499, 0.43811, -0.72621, 4.92852, 3.05160, 1.71868, 16.00000, 464696.00000, 47454.00000, 266110.93750, 17278418417.05859, 131447.39791, 0.91102, 0.96230, -0.09634, 0.13403, 0.00000, 1.00000
-4.62611, 0.87126, -1.44936, 4.92550, 2.95544, 1.86947, 11.00000, 452360.00000, 52173.00000, 211045.81818, 15653060744.87603, 125112.19263, 0.94766, 0.87099, -0.15634, 0.28534, 0.00000, 1.00000
-4.37124, 1.70460, 1.50894, 4.92852, 2.76977, 1.25963, 6.00000, 482177.00000, 73124.00000, 257183.83333, 18540226008.80555, 136162.49854, 0.91102, 3.63662, -1.43665, -1.19997, 0.16667, 0.83333
-4.85499, 0.43811, 0.72621, 4.92852, 3.05160, 1.42291, 6.00000, 441479.00000, 63903.00000, 311865.00000, 16729898133.33333, 129344.10746, 0.91102, 1.31474, -0.13162, -0.18312, 0.00000, 1.00000
-4.45876, 0.43315, 2.05481, 4.92853, 3.04475, 1.14074, 5.00000, 464199.00000, 78212.00000, 290114.00000, 17631576629.20000, 132783.94718, 0.90081, 2.22389, -0.24359, -0.98030, 0.00000, 1.00000
-4.62611, 0.87126, 1.44936, 4.92550, 2.95544, 1.27212, 4.00000, 468029.00000, 86208.00000, 240668.00000, 23430254940.50000, 153069.44483, 0.94766, 2.02881, -0.36416, -0.66465, 0.00000, 1.00000
-4.35121, 2.14766, -0.78579, 4.91558, 2.68310, 1.73134, 21.00000, 445311.00000, 19917.00000, 206300.19048, 12712343832.72562, 112749.03030, 1.08598, 1.45965, -0.71592, 0.25627, 0.00000, 1.00000
-4.83686, 0.87622, 0.00000, 4.91558, 2.96238, 1.57080, 13.00000, 349665.00000, 72760.00000, 216417.00000, 8232465744.30769, 90732.93638, 1.08598, 1.22879, -0.22879, -0.00000, 0.00000, 1.00000
-4.35121, 2.14766, 0.78579, 4.91558, 2.68310, 1.41025, 13.00000, 474137.00000, 74260.00000, 253618.84615, 14695546539.36094, 121225.18938, 1.08598, 2.99442, -1.46868, -0.52573, 0.00000, 1.00000
-4.58794, 1.75244, 0.00000, 4.91123, 2.77673, 1.57080, 8.00000, 365014.00000, 78012.00000, 178696.62500, 12155042245.73438, 110249.90814, 1.14286, 1.61803, -0.61803, -0.00000, 0.00000, 1.00000
2.75567, 4.02561, 0.70086, 4.92853, 0.97053, 1.42811, 9.00000, 433694.00000, 171547.00000, 323270.77778, 5918916809.95062, 76934.49688, 0.90081, 0.36663, 0.52824, 0.10514, 0.44444, 0.55556
2.21782, 3.93313, 1.97536, 4.92852, 1.05736, 1.15840, 9.00000, 481105.00000, 96485.00000, 253757.44444, 19570087982.24691, 139893.13058, 0.91102, 0.27362, 0.47741, 0.24897, 0.33333, 0.66667
3.48430, 3.15040, 1.49161, 4.92852, 0.73511, 1.26333, 11.00000, 467100.00000, 158847.00000, 301783.00000, 11954961558.72727, 109338.74683, 0.91102, 0.42617, 0.38313, 0.19070, 0.63636, 0.36364
2.85909, 3.75484, 1.40973, 4.92550, 0.92001, 1.28053, 4.00000, 486282.00000, 166518.00000, 335285.50000, 13055762616.75000, 114261.81609, 0.94766, 0.35746, 0.47456, 0.16798, 0.75000, 0.25000
1.49161, 3.48430, 3.15040, 4.92852, 1.16631, 0.87732, 4.00000, 393166.00000, 112953.00000, 281252.75000, 10620549098.68750, 103056.04834, 0.91102, 0.19070, 0.42617, 0.38313, 1.00000, 0.00000
0.70086, 2.75567, 4.02561, 4.92853, 1.32174, 0.61496, 5.00000, 279416.00000, 186800.00000, 244718.80000, 1003154701.76000, 31672.61754, 0.90081, 0.10514, 0.36663, 0.52824, 0.80000, 0.20000
1.97536, 2.21782, 3.93313, 4.92852, 0.84316, 0.64677, 10.00000, 453063.00000, 120876.00000, 255695.40000, 10956430399.84000, 104672.96881, 0.91102, 0.24897, 0.27362, 0.47741, 0.80000, 0.20000
1.40973, 2.85909, 3.75484, 4.92550, 1.11271, 0.70390, 7.00000, 325352.00000, 82918.00000, 190176.71429, 8896191988.20408, 94319.62674, 0.94766, 0.16798, 0.35746, 0.47456, 0.57143, 0.42857
3.93313, 1.97536, 2.21782, 4.92852, 0.46544, 1.10403, 10.00000, 446594.00000, 112810.00000, 252571.60000, 11485741350.84000, 107171.55103, 0.91102, 0.47741, 0.24897, 0.27362, 0.80000, 0.20000
3.15040, 1.49161, 3.48430, 4.92852, 0.44220, 0.78559, 20.00000, 494529.00000, 50888.00000, 272887.00000, 18256782272.40000, 135117.66085, 0.91102, 0.38313, 0.19070, 0.42617, 0.90000, 0.10000
4.02561, 0.70086, 2.75567, 4.92853, 0.17237, 0.97747, 24.00000, 488897.00000, 44599.00000, 202852.87500, 18102836404.27604, 134546.78147, 0.90081, 0.52824, 0.10514, 0.36663, 1.00000, 0.00000
3.75484, 1.40973, 2.85909, 4.92550, 0.35916, 0.95149, 13.00000, 494498.00000, 67040.00000, 230759.61538, 18856862032.23669, 137320.28995, 0.94766, 0.47456, 0.16798, 0.35746, 1.00000, 0.00000
2.20355, 3.47499, 2.68919, 4.91558, 1.00567, 0.99193, 8.00000, 464454.00000, 60160.00000, 239264.00000, 19465310143.50000, 139518.13554, 1.08598, 0.26522, 0.41309, 0.32170, 0.62500, 0.37500
2.68919, 2.20355, 3.47499, 4.91558, 0.68646, 0.78564, 3.00000, 466463.00000, 199496.00000, 335491.66667, 11891185144.22222, 109046.71084, 1.08598, 0.32170, 0.26522, 0.41309, 0.66667, 0.33333
3.47499, 2.68919, 2.20355, 4.91558, 0.65860, 1.10596, 10.00000, 381062.00000, 65917.00000, 214987.90000, 7949086112.89000, 89157.64753, 1.08598, 0.41309, 0.32170, 0.26522, 0.70000, 0.30000
2.83550, 2.83550, 2.83550, 4.91123, 0.78540, 0.95532, 6.00000, 486688.00000, 88056.00000, 336422.66667, 19067762584.55555, 138086.06948, 1.14286, 0.33333, 0.33333, 0.33333, 1.00000, 0.00000
-0.43315, 2.05481, 4.45876, 4.92853, 1.77855, 0.44016, 5.00000, 393481.00000, 195529.00000, 254030.20000, 5432439013.36000, 73705.08133, 0.90081, -0.08228, 0.33112, 0.75116, 0.40000, 0.60000
-1.70460, 1.50894, 4.37124, 4.92852, 2.41700, 0.48015, 5.00000, 395933.00000, 149035.00000, 244943.20000, 8855893269.76000, 94105.75577, 0.91102, -0.42255, 0.35294, 1.06961, 0.80000, 0.20000
-0.43811, 0.72621, 4.85499, 4.92852, 2.11363, 0.17295, 7.00000, 471442.00000, 132212.00000, 297335.42857, 13428658185.38776, 115882.08742, 0.91102, -0.09634, 0.13403, 0.96230, 0.85714, 0.14286
-0.87126, 1.44936, 4.62611, 4.92550, 2.11205, 0.35046, 1.00000, 446820.00000, 446820.00000, 446820.00000, 0.00000, 0.00000, 0.94766, -0.15634, 0.28534, 0.87099, 1.00000, 0.00000
-2.87963, 0.78273, 3.92241, 4.92852, 2.87619, 0.65037, 3.00000, 487344.00000, 263814.00000, 342962.33333, 10455304038.88889, 102251.18111, 0.91102, -1.48153, 0.40335, 2.07817, 0.00000, 1.00000
-3.75791, 0.00000, 3.18882, 4.92853, 3.14159, 0.86714, 2.00000, 336832.00000, 288114.00000, 312473.00000, 593360881.00000, 24359.00000, 0.90081, 8.64229, -0.00000, -7.64229, 0.00000, 1.00000
-2.87963, -0.78273, 3.92241, 4.92852, -2.87619, 0.65037, 5.00000, 485201.00000, 165704.00000, 352645.80000, 23145986271.76000, 152138.05005, 0.91102, -7.66476, -2.08678, 10.75154, 0.80000, 0.20000
-3.21637, 0.00000, 3.73035, 4.92550, 3.14159, 0.71154, 4.00000, 349652.00000, 230928.00000, 289206.75000, 3019329702.68750, 54948.42766, 0.94766, -8.06739, 0.00000, 9.06739, 0.50000, 0.50000
-0.43811, -0.72621, 4.85499, 4.92852, -2.11363, 0.17295, 18.00000, 357936.00000, 53611.00000, 211821.05556, 7774380538.60803, 88172.44773, 0.91102, -0.13162, -0.18312, 1.31474, 1.00000, 0.00000
-1.70460, -1.50894, 4.37124, 4.92852, -2.41700, 0.48015, 6.00000, 290227.00000, 86686.00000, 182308.50000, 4749220783.91667, 68914.59050, 0.91102, -1.43665, -1.19997, 3.63662, 1.00000, 0.00000
-0.43315, -2.05481, 4.45876, 4.92853, -1.77855, 0.44016, 14.00000, 486761.00000, 108788.00000, 252940.42857, 12024747137.95918, 109657.40804, 0.90081, -0.24359, -0.98030, 2.22389, 1.00000, 0.00000
-0.87126, -1.44936, 4.62611, 4.92550, -2.11205, 0.35046, 8.00000, 397971.00000, 58083.00000, 168624.37500, 10012847358.73438, 100064.21618, 0.94766, -0.36416, -0.66465, 2.02881, 1.00000, 0.00000
-2.14766, 0.78579, 4.35121, 4.91558, 2.79084, 0.48390, 2.00000, 492069.00000, 138995.00000, 315532.00000, 31165312369.00000, 176537.00000, 1.08598, -0.71592, 0.25627, 1.45965, 0.50000, 0.50000
-2.14766, -0.78579, 4.35121, 4.91558, -2.79084, 0.48390, 6.00000, 402820.00000, 212398.00000, 337527.16667, 5221894525.80556, 72262.67727, 1.08598, -1.46868, -0.52573, 2.99442, 0.66667, 0.33333
-0.87622, 0.00000, 4.83686, 4.91558, 3.14159, 0.17921, 7.00000, 424397.00000, 112232.00000, 246303.42857, 11353289667.67347, 106551.81682, 1.08598, -0.22879, 0.00000, 1.22879, 0.85714, 0.14286
-1.75244, 0.00000, 4.58794, 4.91123, 3.14159, 0.36486, 3.00000, 425629.00000, 119274.00000, 285316.33333, 15973238877.55556, 126385.27951, 1.14286, -0.61803, 0.00000, 1.61803, 1.00000, 0.00000
-4.45876, -0.43315, 2.05481, 4.92853, -3.04475, 1.14074, 1.00000, 195616.00000, 195616.00000, 195616.00000, 0.00000, 0.00000, 0.90081, 1.49537, 0.16379, -0.65917, 0.00000, 1.00000
-4.85499, -0.43811, 0.72621, 4.92852, -3.05160, 1.42291, 6.00000, 450064.00000, 167014.00000, 289753.83333, 12942966420.80556, 113767.15880, 0.91102, 1.04077, 0.10419, -0.14496, 0.00000, 1.00000
-4.37124, -1.70460, 1.50894, 4.92852, -2.76977, 1.25963, 4.00000, 465318.00000, 237887.00000, 364083.50000, 7262722036.25000, 85221.60545, 0.91102, 0.93889, 0.37091, -0.30980, 0.50000, 0.50000
-4.62611, -0.87126, 1.44936, 4.92550, -2.95544, 1.27212, 2.00000, 217748.00000, 137056.00000, 177402.00000, 1627799716.00000, 40346.00000, 0.94766, 1.17386, 0.21070, -0.38457, 0.00000, 1.00000
-4.85499, -0.43811, -0.72621, 4.92852, -3.05160, 1.71868, 15.00000, 476942.00000, 124826.00000, 290611.53333, 13443571679.98222, 115946.41728, 0.91102, 0.80685, 0.08077, 0.11238, 0.00000, 1.00000
-4.45876, -0.43315, -2.05481, 4.92853, -3.04475, 2.00085, 12.00000, 465406.00000, 80752.00000, 224163.33333, 17369727169.72223, 131794.26076, 0.90081, 0.64502, 0.07065, 0.28433, 0.00000, 1.00000
-4.37124, -1.70460, -1.50894, 4.92852, -2.76977, 1.88196, 7.00000, 423496.00000, 81821.00000, 268117.71429, 13814396585.63265, 117534.66121, 0.91102, 0.57970, 0.22901, 0.19128, 0.00000, 1.00000
-4.62611, -0.87126, -1.44936, 4.92550, -2.95544, 1.86947, 3.00000, 402766.00000, 142036.00000, 240957.00000, 13307472422.00000, 115358.01846, 0.94766, 0.66353, 0.11910, 0.21738, 0.00000, 1.00000
-3.92241, -2.87963, 0.78273, 4.92852, -2.50831, 1.41130, 3.00000, 284327.00000, 189410.00000, 230428.00000, 1584499562.00000, 39805.77297, 0.91102, 0.65841, 0.46938, -0.12779, 0.00000, 1.00000
-3.92241, -2.87963, -0.78273, 4.92852, -2.50831, 1.73029, 4.00000, 423602.00000, 96066.00000, 276508.00000, 16592211872.50000, 128810.75993, 0.91102, 0.52439, 0.37383, 0.10178, 0.25000, 0.75000
-3.18882, -3.75791, 0.00000, 4.92853, -2.27446, 1.57080, 2.00000, 311971.00000, 164045.00000, 238008.00000, 5470525369.00000, 73963.00000, 0.90081, 0.46930, 0.53070, 0.00000, 1.00000, 0.00000
-3.73035, -3.21637, 0.00000, 4.92550, -2.43005, 1.57080, 3.00000, 495847.00000, 258186.00000, 390574.33333, 9781421509.55556, 98901.06930, 0.94766, 0.52918, 0.47082, -0.00000, 0.66667, 0.33333
-4.83686, -0.87622, 0.00000, 4.91558, -2.96238, 1.57080, 2.00000, 366699.00000, 90011.00000, 228355.00000, 19139062336.00000, 138344.00000, 1.08598, 0.84303, 0.15697, -0.00000, 0.00000, 1.00000
-4.35121, -2.14766, -0.78579, 4.91558, -2.68310, 1.73134, 5.00000, 448970.00000, 285920.00000, 364041.00000, 4322606860.80000, 65746.53497, 1.08598, 0.60022, 0.29439, 0.10538, 0.20000, 0.80000
-4.35121, -2.14766, 0.78579, 4.91558, -2.68310, 1.41025, 7.00000, 478367.00000, 116572.00000, 309126.71429, 17196926423.63266, 131137.05206, 1.08598, 0.76051, 0.37301, -0.13352, 0.42857, 0.57143
-4.58794, -1.75244, 0.00000, 4.91123, -2.77673, 1.57080, 2.00000, 415619.00000, 264712.00000, 340165.50000, 5693230662.25000, 75453.50000, 1.14286, 0.72361, 0.27639, -0.00000, 0.00000, 1.00000
-3.75791, 0.00000, -3.18882, 4.92853, 3.14159, 2.27446, 12.00000, 414502.00000, 30131.00000, 121811.66667, 11358924639.38889, 106578.25594, 0.90081, 0.53070, -0.00000, 0.46930, 0.00000, 1.00000
-2.87963, 0.78273, -3.92241, 4.92852, 2.87619, 2.49122, 35.00000, 458741.00000, 34017.00000, 165698.85714, 15450066806.40816, 124298.29768, 0.91102, 0.46938, -0.12779, 0.65841, 0.00000, 1.00000
-2.87963, -0.78273, -3.92241, 4.92852, -2.87619, 2.49122, 14.00000, 443422.00000, 49781.00000, 192594.57143, 14441618347.53061, 120173.28467, 0.91102, 0.37383, 0.10178, 0.52439, 0.00000, 1.00000
-3.21637, 0.00000, -3.73035, 4.92550, 3.14159, 2.43005, 25.00000, 493261.00000, 40236.00000, 175640.92000, 14960297111.51360, 122312.29338, 0.94766, 0.47082, 0.00000, 0.52918, 0.00000, 1.00000
-1.70460, 1.50894, -4.37124, 4.92852, 2.41700, 2.66145, 59.00000, 465805.00000, 22657.00000, 130393.01695, 10809392184.32174, 103968.22680, 0.91102, 0.37091, -0.30980, 0.93889, 0.00000, 1.00000
-0.43315, 2.05481, -4.45876, 4.92853, 1.77855, 2.70143, 51.00000, 476849.00000, 17743.00000, 130145.29412, 11607138175.97232, 107736.42920, 0.90081, 0.16379, -0.65917, 1.49537, 0.00000, 1.00000
-0.43811, 0.72621, -4.85499, 4.92852, 2.11363, 2.96865, 29.00000, 414765.00000, 33336.00000, 183480.82759, 12066533142.41855, 109847.77259, 0.91102, 0.10419, -0.14496, 1.04077, 0.06897, 0.93103
-0.87126, 1.44936, -4.62611, 4.92550, 2.11205, 2.79113, 36.00000, 499342.00000, 29027.00000, 182905.58333, 17636322247.13194, 132801.81568, 0.94766, 0.21070, -0.38457, 1.17386, 0.00000, 1.00000
-1.70460, -1.50894, -4.37124, 4.92852, -2.41700, 2.66145, 13.00000, 426177.00000, 80122.00000, 209960.69231, 9667829825.90533, 98325.12307, 0.91102, 0.22901, 0.19128, 0.57970, 0.15385, 0.84615
-0.43811, -0.72621, -4.85499, 4.92852, -2.11363, 2.96865, 11.00000, 472890.00000, 121062.00000, 232337.81818, 15045342417.05785, 122659.45710, 0.91102, 0.08077, 0.11238, 0.80685, 0.00000, 1.00000
-0.43315, -2.05481, -4.45876, 4.92853, -1.77855, 2.70143, 5.00000, 357589.00000, 164811.00000, 281453.80000, 6047689278.16000, 77766.89063, 0.90081, 0.07065, 0.28433, 0.64502, 0.60000, 0.40000
-0.87126, -1.44936, -4.62611, 4.92550, -2.11205, 2.79113, 7.00000, 269124.00000, 72962.00000, 165860.00000, 5036118826.00000, 70965.61721, 0.94766, 0.11910, 0.21738, 0.66353, 0.00000, 1.00000
-2.14766, 0.78579, -4.35121, 4.91558, 2.79084, 2.65769, 26.00000, 478352.00000, 37573.00000, 141940.00000, 10764278602.53846, 103751.04145, 1.08598, 0.37301, -0.13352, 0.76051, 0.00000, 1.00000
-0.87622, 0.00000, -4.83686, 4.91558, 3.14159, 2.96238, 9.00000, 463945.00000, 113459.00000, 248342.88889, 14501857457.20988, 120423.65821, 1.08598, 0.15697, 0.00000, 0.84303, 0.11111, 0.88889
-2.14766, -0.78579, -4.35121, 4.91558, -2.79084, 2.65769, 7.00000, 251441.00000, 64032.00000, 170306.00000, 3201864692.57143, 56585.02180, 1.08598, 0.29439, 0.10538, 0.60022, 0.00000, 1.00000
-1.75244, 0.00000, -4.58794, 4.91123, 3.14159, 2.77673, 24.00000, 436539.00000, 21551.00000, 181505.66667, 17571950089.72223, 132559.23238, 1.14286, 0.27639, 0.00000, 0.72361, 0.00000, 1.00000
0.70086, 2.75567, -4.02561, 4.92853, 1.32174, 2.52663, 38.00000, 481490.00000, 43561.00000, 178214.02632, 15956857258.49931, 126320.45463, 0.90081, -1.86160, -6.49176, 9.35336, 0.00000, 1.00000
1.49161, 3.48430, -3.15040, 4.92852, 1.16631, 2.26428, 34.00000, 449296.00000, 23771.00000, 192374.20588, 18016767501.69291, 134226.55289, 0.91102, 0.81587, 1.82322, -1.63909, 0.02941, 0.97059
1.97536, 2.21782, -3.93313, 4.92852, 0.84316, 2.49482, 30.00000, 490594.00000, 29052.00000, 215763.13333, 24433802093.04889, 156313.15393, 0.91102, 5.51065, 6.05607, -10.56672, 0.03333, 0.96667
1.40973, 2.85909, -3.75484, 4.92550, 1.11271, 2.43770, 23.00000, 475356.00000, 67388.00000, 162094.82609, 12496706388.92628, 111788.66843, 0.94766, 3.30198, 7.02665, -9.32863, 0.00000, 1.00000
2.21782, 3.93313, -1.97536, 4.92852, 1.05736, 1.98319, 18.00000, 442880.00000, 62716.00000, 200436.66667, 10687922995.55556, 103382.41144, 0.91102, 0.54500, 0.95092, -0.49591, 0.05556, 0.94444
2.75567, 4.02561, -0.70086, 4.92853, 0.97053, 1.71348, 7.00000, 353335.00000, 74496.00000, 221757.71429, 7255723345.34694, 85180.53384, 0.90081, 0.46424, 0.66888, -0.13313, 0.42857, 0.57143
3.48430, 3.15040, -1.49161, 4.92852, 0.73511, 1.87827, 15.00000, 423801.00000, 43864.00000, 249329.73333, 15557066666.46222, 124727.97067, 0.91102, 0.68893, 0.61936, -0.30829, 0.26667, 0.73333
2.85909, 3.75484, -1.40973, 4.92550, 0.92001, 1.86107, 10.00000, 464895.00000, 44970.00000, 206279.60000, 18768392542.24000, 136997.78298, 0.94766, 0.53830, 0.71466, -0.25296, 0.00000, 1.00000
3.15040, 1.49161, -3.48430, 4.92852, 0.44220, 2.35600, 12.00000, 461658.00000, 66818.00000, 225300.50000, 11817106066.58333, 108706.51345, 0.91102, 2.59457, 1.29147, -2.88604, 0.16667, 0.83333
3.93313, 1.97536, -2.21782, 4.92852, 0.46544, 2.03756, 7.00000, 458418.00000, 151052.00000, 276769.85714, 12378925408.40816, 111260.61931, 0.91102, 1.05443, 0.54989, -0.60432, 0.42857, 0.57143
4.02561, 0.70086, -2.75567, 4.92853, 0.17237, 2.16413, 8.00000, 495665.00000, 144419.00000, 274019.25000, 17059481709.68750, 130611.95087, 0.90081, 1.98030, 0.39414, -1.37444, 0.62500, 0.37500
3.75484, 1.40973, -2.85909, 4.92550, 0.35916, 2.19010, 5.00000, 418837.00000, 197621.00000, 285483.00000, 9072138886.40000, 95247.77628, 0.94766, 1.66465, 0.58922, -1.25387, 0.20000, 0.80000
2.20355, 3.47499, -2.68919, 4.91558, 1.00567, 2.14966, 14.00000, 433006.00000, 74244.00000, 216780.85714, 10768786467.12245, 103772.76361, 1.08598, 0.74373, 1.15838, -0.90211, 0.00000, 1.00000
3.47499, 2.68919, -2.20355, 4.91558, 0.65860, 2.03563, 9.00000, 489234.00000, 197283.00000, 342717.88889, 11101782137.43210, 105364.99484, 1.08598, 0.87972, 0.68510, -0.56481, 0.33333, 0.66667
2.68919, 2.20355, -3.47499, 4.91558, 0.68646, 2.35595, 13.00000, 435815.00000, 111706.00000, 265292.23077, 11510712159.10059, 107287.98702, 1.08598, 1.85065, 1.52573, -2.37638, 0.00000, 1.00000
2.83550, 2.83550, -2.83550, 4.91123, 0.78540, 2.18628, 19.00000, 453457.00000, 56553.00000, 210578.00000, 15078837254.21053, 122795.91709, 1.14286, 1.00000, 1.00000, -1.00000, 0.10526, 0.89474
2.75567, -4.02561, 0.70086, 4.92853, -0.97053, 1.42811, 41.00000, 430075.00000, 11051.00000, 135617.53659, 10087742141.22427, 100437.75257, 0.90081, -6.49176, 9.35336, -1.86160, 1.00000, 0.00000
3.48430, -3.15040, 1.49161, 4.92852, -0.73511, 1.26333, 79.00000, 417257.00000, 14283.00000, 117007.64557, 8155199363.03894, 90306.14244, 0.91102, 1.82322, -1.63909, 0.81587, 1.00000, 0.00000
2.21782, -3.93313, 1.97536, 4.92852, -1.05736, 1.15840, 65.00000, 497939.00000, 20616.00000, 150758.01538, 15664966877.55361, 125159.76541, 0.91102, 6.05607, -10.56672, 5.51065, 1.00000, 0.00000
2.85909, -3.75484, 1.40973, 4.92550, -0.92001, 1.28053, 67.00000, 496547.00000, 10023.00000, 152499.17910, 16422923703.40075, 128151.95552, 0.94766, 7.02665, -9.32863, 3.30198, 1.00000, 0.00000
3.93313, -1.97536, 2.21782, 4.92852, -0.46544, 1.10403, 89.00000, 497763.00000, 12319.00000, 124978.98876, 10185730230.77515, 100924.37877, 0.91102, 0.95092, -0.49591, 0.54500, 1.00000, 0.00000
4.02561, -0.70086, 2.75567, 4.92853, -0.17237, 0.97747, 33.00000, 495327.00000, 28230.00000, 155469.18182, 12171477266.39118, 110324.41827, 0.90081, 0.66888, -0.13313, 0.46424, 1.00000, 0.00000
3.15040, -1.49161, 3.48430, 4.92852, -0.44220, 0.78559, 55.00000, 428546.00000, 16249.00000, 144009.00000, 10670463452.32727, 103297.93537, 0.91102, 0.61936, -0.30829, 0.68893, 1.00000, 0.00000
3.75484, -1.40973, 2.85909, 4.92550, -0.35916, 0.95149, 63.00000, 492926.00000, 15802.00000, 148572.28571, 14164449407.31519, 119014.49243, 0.94766, 0.71466, -0.25296, 0.53830, 1.00000, 0.00000
1.49161, -3.48430, 3.15040, 4.92852, -1.16631, 0.87732, 41.00000, 431875.00000, 26651.00000, 136029.95122, 9150537785.94884, 95658.44336, 0.91102, 1.29147, -2.88604, 2.59457, 1.00000, 0.00000
1.97536, -2.21782, 3.93313, 4.92852, -0.84316, 0.64677, 51.00000, 454824.00000, 24610.00000, 159374.52941, 16738172145.07266, 129376.08800, 0.91102, 0.54989, -0.60432, 1.05443, 1.00000, 0.00000
0.70086, -2.75567, 4.02561, 4.92853, -1.32174, 0.61496, 25.00000, 471458.00000, 28460.00000, 186149.16000, 17175799934.05440, 131056.47612, 0.90081, 0.39414, -1.37444, 1.98030, 1.00000, 0.00000
1.40973, -2.85909, 3.75484, 4.92550, -1.11271, 0.70390, 27.00000, 487564.00000, 44772.00000, 169005.62963, 14117081623.41838, 118815.32571, 0.94766, 0.58922, -1.25387, 1.66465, 1.00000, 0.00000
3.47499, -2.68919, 2.20355, 4.91558, -0.65860, 1.10596, 70.00000, 489234.00000, 14874.00000, 114556.30000, 10041449816.35286, 100207.03476, 1.08598, 1.15838, -0.90211, 0.74373, 1.00000, 0.00000
2.68919, -2.20355, 3.47499, 4.91558, -0.68646, 0.78564, 58.00000, 435908.00000, 19764.00000, 142706.63793, 9813139180.19649, 99061.29002, 1.08598, 0.68510, -0.56481, 0.87972, 1.00000, 0.00000
2.20355, -3.47499, 2.68919, 4.91558, -1.00567, 0.99193, 48.00000, 487915.00000, 24141.00000, 143534.87500, 12398437775.98438, 111348.27244, 1.08598, 1.52573, -2.37638, 1.85065, 1.00000, 0.00000
2.83550, -2.83550, 2.83550, 4.91123, -0.78540, 0.95532, 83.00000, 416802.00000, 20069.00000, 119946.18072, 8866374523.44927, 94161.42800, 1.14286, 1.00000, -1.00000, 1.00000, 1.00000, 0.00000
2.05481, -4.45876, 0.43315, 4.92853, -1.13896, 1.48280, 37.00000, 492811.00000, 31450.00000, 179621.48649, 10555195573.97955, 102738.48147, 0.90081, -0.98030, 2.22389, -0.24359, 1.00000, 0.00000
1.50894, -4.37124, 1.70460, 4.92852, -1.23841, 1.21764, 46.00000, 496040.00000, 22324.00000, 157961.93478, 17763513585.32183, 133279.83188, 0.91102, -1.19997, 3.63662, -1.43665, 1.00000, 0.00000
0.72621, -4.85499, 0.43811, 4.92852, -1.42232, 1.48179, 24.00000, 488252.00000, 42963.00000, 189898.87500, 14754919629.77604, 121469.83012, 0.91102, -0.18312, 1.31474, -0.13162, 1.00000, 0.00000
1.44936, -4.62611, 0.87126, 4.92550, -1.26718, 1.39297, 26.00000, 489014.00000, 28418.00000, 174990.84615, 21763494749.66864, 147524.55643, 0.94766, -0.66465, 2.02881, -0.36416, 1.00000, 0.00000
0.78273, -3.92241, 2.87963, 4.92852, -1.37383, 0.94680, 27.00000, 403068.00000, 35581.00000, 164817.85185, 11807479692.42250, 108662.22753, 0.91102, -2.08678, 10.75154, -7.66476, 0.96296, 0.03704
0.00000, -3.18882, 3.75791, 4.92853, -1.57080, 0.70366, 20.00000, 452681.00000, 23854.00000, 181146.65000, 11721978839.52750, 108268.08782, 0.90081, 0.00000, -7.64229, 8.64229, 0.95000, 0.05000
-0.78273, -3.92241, 2.87963, 4.92852, -1.76776, 0.94680, 6.00000, 347861.00000, 49995.00000, 159930.66667, 10028309738.22222, 100141.44865, 0.91102, 0.40335, 2.07817, -1.48153, 1.00000, 0.00000
0.00000, -3.73035, 3.21637, 4.92550, -1.57080, 0.85925, 12.00000, 492460.00000, 62430.00000, 223176.83333, 18533709944.97223, 136138.56891, 0.94766, -0.00000, 9.06739, -8.06739, 1.00000, 0.00000
-0.72621, -4.85499, 0.43811, 4.92852, -1.71928, 1.48179, 11.00000, 366002.00000, 51061.00000, 203102.45455, 10842346104.79339, 104126.58693, 0.91102, 0.13403, 0.96230, -0.09634, 1.00000, 0.00000
-1.50894, -4.37124, 1.70460, 4.92852, -1.90319, 1.21764, 10.00000, 472460.00000, 119434.00000, 264816.30000, 11749968830.41000, 108397.27317, 0.91102, 0.35294, 1.06961, -0.42255, 0.90000, 0.10000
-2.05481, -4.45876, 0.43315, 4.92853, -2.00263, 1.48280, 4.00000, 494030.00000, 198691.00000, 341101.00000, 17569721790.50000, 132550.82720, 0.90081, 0.33112, 0.75116, -0.08228, 1.00000, 0.00000
-1.44936, -4.62611, 0.87126, 4.92550, -1.87441, 1.39297, 5.00000, 441878.00000, 171438.00000, 313482.20000, 13771938431.36000, 117353.90250, 0.94766, 0.28534, 0.87099, -0.15634, 0.80000, 0.20000
0.78579, -4.35121, 2.14766, 4.91558, -1.39213, 1.11864, 27.00000, 415307.00000, 33706.00000, 198016.74074, 14966712337.00686, 122338.51535, 1.08598, -0.52573, 2.99442, -1.46868, 1.00000, 0.00000
-0.78579, -4.35121, 2.14766, 4.91558, -1.74946, 1.11864, 14.00000, 362301.00000, 56300.00000, 199515.71429, 10370942614.77551, 101837.82507, 1.08598, 0.25627, 1.45965, -0.71592, 1.00000, 0.00000
0.00000, -4.83686, 0.87622, 4.91558, -1.57080, 1.39159, 11.00000, 352141.00000, 61947.00000, 130483.09091, 6523266450.62810, 80766.74099, 1.08598, -0.00000, 1.22879, -0.22879, 1.00000, 0.00000
0.00000, -4.58794, 1.75244, 4.91123, -1.57080, 1.20593, 15.00000, 494430.00000, 39338.00000, 182365.40000, 14812935467.44000, 121708.40344, 1.14286, -0.00000, 1.61803, -0.61803, 1.00000, 0.00000
2.05481, -4.45876, -0.43315, 4.92853, -1.13896, 1.65880, 25.00000, 423874.00000, 23260.00000, 187915.40000, 11925761974.96000, 109205.13713, 0.90081, -0.65917, 1.49537, 0.16379, 0.96000, 0.04000
0.72621, -4.85499, -0.43811, 4.92852, -1.42232, 1.65981, 23.00000, 460576.00000, 45098.00000, 206929.95652, 12937863488.38941, 113744.72950, 0.91102, -0.14496, 1.04077, 0.10419, 1.00000, 0.00000
1.50894, -4.37124, -1.70460, 4.92852, -1.23841, 1.92396, 19.00000, 445983.00000, 84733.00000, 227225.63158, 8755370614.02216, 93570.13741, 0.91102, -0.30980, 0.93889, 0.37091, 1.00000, 0.00000
1.44936, -4.62611, -0.87126, 4.92550, -1.26718, 1.74862, 10.00000, 379505.00000, 90878.00000, 211158.80000, 11286350337.16000, 106237.23611, 0.94766, -0.38457, 1.17386, 0.21070, 1.00000, 0.00000
-0.72621, -4.85499, -0.43811, 4.92852, -1.71928, 1.65981, 6.00000, 433161.00000, 94132.00000, 282224.50000, 17217891988.91667, 131216.96532, 0.91102, 0.11238, 0.80685, 0.08077, 0.83333, 0.16667
-2.05481, -4.45876, -0.43315, 4.92853, -2.00263, 1.65880, 9.00000, 476320.00000, 83524.00000, 282451.22222, 13267958143.28395, 115186.62311, 0.90081, 0.28433, 0.64502, 0.07065, 0.88889, 0.11111
-1.50894, -4.37124, -1.70460, 4.92852, -1.90319, 1.92396, 4.00000, 431624.00000, 297287.00000, 343685.75000, 2709953963.18750, 52057.21817, 0.91102, 0.19128, 0.57970, 0.22901, 1.00000, 0.00000
-1.44936, -4.62611, -0.87126, 4.92550, -1.87441, 1.74862, 4.00000, 455728.00000, 86584.00000, 248540.75000, 18667553929.68750, 136629.25722, 0.94766, 0.21738, 0.66353, 0.11910, 1.00000, 0.00000
0.78273, -3.92241, -2.87963, 4.92852, -1.37383, 2.19479, 7.00000, 441790.00000, 157504.00000, 348212.42857, 6967649753.38776, 83472.44907, 0.91102, -0.12779, 0.65841, 0.46938, 0.85714, 0.14286
-0.78273, -3.92241, -2.87963, 4.92852, -1.76776, 2.19479, 5.00000, 472215.00000, 168749.00000, 315531.40000, 11597750542.64000, 107692.85279, 0.91102, 0.10178, 0.52439, 0.37383, 0.60000, 0.40000
0.00000, -3.18882, -3.75791, 4.92853, -1.57080, 2.43793, 2.00000, 331597.00000, 315962.00000, 323779.50000, 61113306.25000, 7817.50000, 0.90081, 0.00000, 0.46930, 0.53070, 0.00000, 1.00000
0.00000, -3.73035, -3.21637, 4.92550, -1.57080, 2.28234, 8.00000, 328963.00000, 188118.00000, 250813.37500, 2632960967.73438, 51312.38610, 0.94766, -0.00000, 0.52918, 0.47082, 0.62500, 0.37500
0.00000, -4.83686, -0.87622, 4.91558, -1.57080, 1.75001, 5.00000, 272246.00000, 71234.00000, 148918.20000, 4653072087.36000, 68213.43040, 1.08598, -0.00000, 0.84303, 0.15697, 1.00000, 0.00000
-0.78579, -4.35121, -2.14766, 4.91558, -1.74946, 2.02296, 6.00000, 436385.00000, 127404.00000, 265710.00000, 13092195768.66667, 114421.13340, 1.08598, 0.10538, 0.60022, 0.29439, 0.66667, 0.33333
0.78579, -4.35121, -2.14766, 4.91558, -1.39213, 2.02296, 5.00000, 416529.00000, 152382.00000, 267083.20000, 7699968989.36000, 87749.46717, 1.08598, -0.13352, 0.76051, 0.37301, 1.00000, 0.00000
0.00000, -4.58794, -1.75244, 4.91123, -1.57080, 1.93566, 3.00000, 256892.00000, 194639.00000, 217303.33333, 789122530.88889, 28091.32483, 1.14286, -0.00000, 0.72361, 0.27639, 1.00000, 0.00000
2.75567, -4.02561, -0.70086, 4.92853, -0.97053, 1.71348, 24.00000, 464107.00000, 27241.00000, 172632.12500, 16043376907.35938, 126662.45263, 0.90081, -1.37444, 1.98030, 0.39414, 1.00000, 0.00000
2.21782, -3.93313, -1.97536, 4.92852, -1.05736, 1.98319, 19.00000, 451381.00000, 37711.00000, 211726.57895, 12183456837.92798, 110378.69739, 0.91102, -0.60432, 1.05443, 0.54989, 0.94737, 0.05263
3.48430, -3.15040, -1.49161, 4.92852, -0.73511, 1.87827, 22.00000, 499438.00000, 41779.00000, 190697.31818, 11519196129.21694, 107327.51804, 0.91102, -2.88604, 2.59457, 1.29147, 0.95455, 0.04545
2.85909, -3.75484, -1.40973, 4.92550, -0.92001, 1.86107, 19.00000, 468102.00000, 31416.00000, 214376.21053, 9760490594.06094, 98795.19520, 0.94766, -1.25387, 1.66465, 0.58922, 0.94737, 0.05263
1.49161, -3.48430, -3.15040, 4.92852, -1.16631, 2.26428, 8.00000, 399286.00000, 102230.00000, 225863.25000, 11052089711.93750, 105128.91948, 0.91102, -0.30829, 0.68893, 0.61936, 1.00000, 0.00000
0.70086, -2.75567, -4.02561, 4.92853, -1.32174, 2.52663, 7.00000, 410754.00000, 91678.00000, 244135.71429, 12932380385.34694, 113720.62427, 0.90081, -0.13313, 0.46424, 0.66888, 0.57143, 0.42857
1.97536, -2.21782, -3.93313, 4.92852, -0.84316, 2.49482, 7.00000, 474753.00000, 168077.00000, 296165.42857, 11659193169.38775, 107977.74386, 0.91102, -0.49591, 0.54500, 0.95092, 0.57143, 0.42857
1.40973, -2.85909, -3.75484, 4.92550, -1.11271, 2.43770, 4.00000, 398352.00000, 188755.00000, 273395.50000, 7320365576.25000, 85559.13497, 0.94766, -0.25296, 0.53830, 0.71466, 0.50000, 0.50000
3.93313, -1.97536, -2.21782, 4.92852, -0.46544, 2.03756, 9.00000, 449966.00000, 46794.00000, 203890.77778, 14151519771.06173, 118960.16044, 0.91102, -10.56672, 5.51065, 6.05607, 1.00000, 0.00000
3.15040, -1.49161, -3.48430, 4.92852, -0.44220, 2.35600, 10.00000, 488228.00000, 158372.00000, 253883.10000, 12991171036.29000, 113978.81837, 0.91102, -1.63909, 0.81587, 1.82322, 0.70000, 0.30000
4.02561, -0.70086, -2.75567, 4.92853, -0.17237, 2.16413, 10.00000, 424346.00000, 89700.00000, 250072.70000, 12791214169.61000, 113098.25007, 0.90081, 9.35336, -1.86160, -6.49176, 0.60000, 0.40000
3.75484, -1.40973, -2.85909, 4.92550, -0.35916, 2.19010, 6.00000, 397642.00000, 178815.00000, 278117.50000, 4862239320.25000, 69729.75922, 0.94766, -9.32863, 3.30198, 7.02665, 1.00000, 0.00000
2.20355, -3.47499, -2.68919, 4.91558, -1.00567, 2.14966, 13.00000, 427431.00000, 51949.00000, 266017.61538, 12698574296.08284, 112687.95098, 1.08598, -0.56481, 0.87972, 0.68510, 0.69231, 0.30769
2.68919, -2.20355, -3.47499, 4.91558, -0.68646, 2.35595, 8.00000, 443168.00000, 68594.00000, 260058.12500, 11269501584.35938, 106157.90872, 1.08598, -0.90211, 0.74373, 1.15838, 0.87500, 0.12500
3.47499, -2.68919, -2.20355, 4.91558, -0.65860, 2.03563, 10.00000, 479882.00000, 89685.00000, 231057.30000, 17083536791.61000, 130704.00450, 1.08598, -2.37638, 1.85065, 1.52573, 1.00000, 0.00000
2.83550, -2.83550, -2.83550, 4.91123, -0.78540, 2.18628, 12.00000, 490944.00000, 54985.00000, 281673.66667, 16358663878.05556, 127900.99248, 1.14286, -1.00000, 1.00000, 1.00000, 1.00000, 0.00000
3.18882, -3.75791, 0.00000, 4.92853, -0.86714, 1.57080, 55.00000, 478629.00000, 22689.00000, 134355.07273, 9080826921.44926, 95293.37291, 0.90081, -7.64229, 8.64229, -0.00000, 1.00000, 0.00000
3.92241, -2.87963, -0.78273, 4.92852, -0.63328, 1.73029, 34.00000, 479630.00000, 35863.00000, 167356.14706, 15978525080.18426, 126406.19083, 0.91102, 10.75154, -7.66476, -2.08678, 1.00000, 0.00000
3.92241, -2.87963, 0.78273, 4.92852, -0.63328, 1.41130, 70.00000, 499001.00000, 18009.00000, 148779.90000, 12890147382.49000, 113534.78490, 0.91102, 2.07817, -1.48153, 0.40335, 1.00000, 0.00000
3.73035, -3.21637, 0.00000, 4.92550, -0.71154, 1.57080, 47.00000, 449144.00000, 16380.00000, 149213.31915, 10563202870.04708, 102777.44339, 0.94766, 9.06739, -8.06739, 0.00000, 1.00000, 0.00000
4.37124, -1.70460, -1.50894, 4.92852, -0.37182, 1.88196, 25.00000, 489947.00000, 71209.00000, 230149.32000, 13322856745.09760, 115424.67997, 0.91102, 3.63662, -1.43665, -1.19997, 0.96000, 0.04000
4.45876, -0.43315, -2.05481, 4.92853, -0.09684, 2.00085, 8.00000, 468741.00000, 65264.00000, 226694.62500, 16082327165.98438, 126816.11556, 0.90081, 2.22389, -0.24359, -0.98030, 0.87500, 0.12500
4.85499, -0.43811, -0.72621, 4.92852, -0.09000, 1.71868, 30.00000, 497575.00000, 37900.00000, 181958.26667, 14951300112.92889, 122275.50905, 0.91102, 1.31474, -0.13162, -0.18312, 0.86667, 0.13333
4.62611, -0.87126, -1.44936, 4.92550, -0.18616, 1.86947, 17.00000, 488542.00000, 53977.00000, 235361.70588, 18419693902.56055, 135719.17294, 0.94766, 2.02881, -0.36416, -0.66465, 0.94118, 0.05882
4.37124, -1.70460, 1.50894, 4.92852, -0.37182, 1.25963, 88.00000, 481111.00000, 17860.00000, 133716.77273, 12769265278.99380, 113001.17379, 0.91102, 1.06961, -0.42255, 0.35294, 1.00000, 0.00000
4.85499, -0.43811, 0.72621, 4.92852, -0.09000, 1.42291, 33.00000, 484793.00000, 29695.00000, 158899.09091, 17310906124.74931, 131570.91671, 0.91102, 0.96230, -0.09634, 0.13403, 0.93939, 0.06061
4.45876, -0.43315, 2.05481, 4.92853, -0.09684, 1.14074, 38.00000, 395558.00000, 20524.00000, 127070.42105, 9625021713.08587, 98107.19501, 0.90081, 0.75116, -0.08228, 0.33112, 0.97368, 0.02632
4.62611, -0.87126, 1.44936, 4.92550, -0.18616, 1.27212, 47.00000, 395492.00000, 27625.00000, 110677.63830, 6196466682.65641, 78717.63896, 0.94766, 0.87099, -0.15634, 0.28534, 0.95745, 0.04255
4.35121, -2.14766, -0.78579, 4.91558, -0.45850, 1.73134, 29.00000, 474346.00000, 34445.00000, 206152.93103, 17866347434.20214, 133665.05689, 1.08598, 2.99442, -1.46868, -0.52573, 1.00000, 0.00000
4.83686, -0.87622, 0.00000, 4.91558, -0.17921, 1.57080, 20.00000, 488200.00000, 43027.00000, 168197.15000, 11150352443.42750, 105595.22926, 1.08598, 1.22879, -0.22879, 0.00000, 1.00000, 0.00000
4.35121, -2.14766, 0.78579, 4.91558, -0.45850, 1.41025, 46.00000, 494768.00000, 20490.00000, 159316.89130, 19814264435.40123, 140763.15013, 1.08598, 1.45965, -0.71592, 0.25627, 1.00000, 0.00000
4.58794, -1.75244, 0.00000, 4.91123, -0.36486, 1.57080, 39.00000, 388158.00000, 30359.00000, 149709.28205, 8866374558.76660, 94161.42819, 1.14286, 1.61803, -0.61803, 0.00000, 1.00000, 0.00000
0.43315, -2.05481, 4.45876, 4.92853, -1.36304, 0.44016, 21.00000, 434253.00000, 48349.00000, 183069.42857, 15437983327.76871, 124249.68140, 0.90081, 0.16379, -0.65917, 1.49537, 1.00000, 0.00000
1.70460, -1.50894, 4.37124, 4.92852, -0.72459, 0.48015, 34.00000, 482979.00000, 25344.00000, 213072.38235, 14859030125.05969, 121897.62149, 0.91102, 0.37091, -0.30980, 0.93889, 1.00000, 0.00000
0.43811, -0.72621, 4.85499, 4.92852, -1.02797, 0.17295, 14.00000, 414184.00000, 52917.00000, 211660.64286, 12369217667.22959, 111216.98462, 0.91102, 0.10419, -0.14496, 1.04077, 0.92857, 0.07143
0.87126, -1.44936, 4.62611, 4.92550, -1.02954, 0.35046, 19.00000, 471223.00000, 46119.00000, 192675.57895, 17509235117.19114, 132322.46641, 0.94766, 0.21070, -0.38457, 1.17386, 1.00000, 0.00000
2.87963, -0.78273, 3.92241, 4.92852, -0.26540, 0.65037, 50.00000, 464948.00000, 26762.00000, 154829.54000, 12683800763.28840, 112622.38127, 0.91102, 0.46938, -0.12779, 0.65841, 1.00000, 0.00000
3.75791, 0.00000, 3.18882, 4.92853, 0.00000, 0.86714, 24.00000, 473955.00000, 32492.00000, 134381.83333, 11140070298.72222, 105546.53144, 0.90081, 0.53070, -0.00000, 0.46930, 1.00000, 0.00000
2.87963, 0.78273, 3.92241, 4.92852, 0.26540, 0.65037, 20.00000, 487116.00000, 38268.00000, 203079.65000, 18964139361.42750, 137710.34588, 0.91102, 0.37383, 0.10178, 0.52439, 1.00000, 0.00000
3.21637, 0.00000, 3.73035, 4.92550, 0.00000, 0.71154, 23.00000, 426448.00000, 48864.00000, 165614.52174, 14312850815.81474, 119636.32733, 0.94766, 0.47082, -0.00000, 0.52918, 0.95652, 0.04348
0.43811, 0.72621, 4.85499, 4.92852, 1.02797, 0.17295, 10.00000, 387553.00000, 29146.00000, 246499.10000, 9073558956.49000, 95255.23060, 0.91102, 0.08077, 0.11238, 0.80685, 1.00000, 0.00000
1.70460, 1.50894, 4.37124, 4.92852, 0.72459, 0.48015, 10.00000, 485550.00000, 102827.00000, 249449.30000, 18811093685.01000, 137153.54055, 0.91102, 0.22901, 0.19128, 0.57970, 0.90000, 0.10000
0.43315, 2.05481, 4.45876, 4.92853, 1.36304, 0.44016, 3.00000, 485199.00000, 209348.00000, 363295.00000, 13195672624.66667, 114872.41890, 0.90081, 0.07065, 0.28433, 0.64502, 0.66667, 0.33333
0.87126, 1.44936, 4.62611, 4.92550, 1.02954, 0.35046, 8.00000, 482268.00000, 131281.00000, 296809.50000, 13346122229.00000, 115525.41811, 0.94766, 0.11910, 0.21738, 0.66353, 1.00000, 0.00000
2.14766, -0.78579, 4.35121, 4.91558, -0.35075, 0.48390, 26.00000, 428846.00000, 42458.00000, 211177.88462, 16138550476.56361, 127037.59474, 1.08598, 0.37301, -0.13352, 0.76051, 1.00000, 0.00000
2.14766, 0.78579, 4.35121, 4.91558, 0.35075, 0.48390, 15.00000, 491889.00000, 89949.00000, 229370.73333, 18106673554.99556, 134561.04026, 1.08598, 0.29439, 0.10538, 0.60022, 1.00000, 0.00000
0.87622, 0.00000, 4.83686, 4.91558, 0.00000, 0.17921, 13.00000, 463412.00000, 51090.00000, 260669.61538, 19465175001.31361, 139517.65122, 1.08598, 0.15697, -0.00000, 0.84303, 0.92308, 0.07692
1.75244, 0.00000, 4.58794, 4.91123, 0.00000, 0.36486, 20.00000, 460081.00000, 48803.00000, 235503.05000, 17763124062.64750, 133278.37057, 1.14286, 0.27639, 0.00000, 0.72361, 0.95000, 0.05000
-2.75567, -4.02561, 0.70086, 4.92853, -2.17107, 1.42811, 6.00000, 439681.00000, 177621.00000, 343715.16667, 7742223618.80556, 87989.90635, 0.90081, 0.46424, 0.66888, -0.13313, 0.83333, 0.16667
-2.21782, -3.93313, 1.97536, 4.92852, -2.08423, 1.15840, 4.00000, 387002.00000, 146126.00000, 267968.50000, 9059792240.25000, 95182.94091, 0.91102, 0.54500, 0.95092, -0.49591, 1.00000, 0.00000
-3.48430, -3.15040, 1.49161, 4.92852, -2.40648, 1.26333, 0.00000, 0.00000, 0.00000, 0.00000, 0.00000, 0.00000, 0.91102, 0.68893, 0.61936, -0.30829, 0.00000, 0.00000
-2.85909, -3.75484, 1.40973, 4.92550, -2.22158, 1.28053, 3.00000, 340634.00000, 293604.00000, 318396.66667, 371901680.88889, 19284.75255, 0.94766, 0.53830, 0.71466, -0.25296, 0.66667, 0.33333
-1.49161, -3.48430, 3.15040, 4.92852, -1.97528, 0.87732, 8.00000, 363540.00000, 76580.00000, 241866.50000, 6954916611.75000, 83396.14267, 0.91102, 0.81587, 1.82322, -1.63909, 1.00000, 0.00000
-0.70086, -2.75567, 4.02561, 4.92853, -1.81985, 0.61496, 9.00000, 423286.00000, 87865.00000, 243769.22222, 10962219283.06173, 104700.61740, 0.90081, -1.86160, -6.49176, 9.35336, 1.00000, 0.00000
-1.97536, -2.21782, 3.93313, 4.92852, -2.29844, 0.64677, 8.00000, 246012.00000, 64895.00000, 176900.75000, 4081332052.43750, 63885.30388, 0.91102, 5.51065, 6.05607, -10.56672, 1.00000, 0.00000
-1.40973, -2.85909, 3.75484, 4.92550, -2.02888, 0.70390, 19.00000, 385844.00000, 77977.00000, 221422.94737, 8714420907.52355, 93351.06270, 0.94766, 3.30198, 7.02665, -9.32863, 0.94737, 0.05263
-3.93313, -1.97536, 2.21782, 4.92852, -2.67616, 1.10403, 2.00000, 480929.00000, 345615.00000, 413272.00000, 4577469649.00000, 67657.00000, 0.91102, 1.05443, 0.54989, -0.60432, 1.00000, 0.00000
-3.15040, -1.49161, 3.48430, 4.92852, -2.69940, 0.78559, 3.00000, 487850.00000, 348774.00000, 411210.33333, 3324556301.55556, 57658.96549, 0.91102, 2.59457, 1.29147, -2.88604, 0.33333, 0.66667
-4.02561, -0.70086, 2.75567, 4.92853, -2.96922, 0.97747, 4.00000, 450600.00000, 216122.00000, 367154.75000, 9016931799.68750, 94957.52629, 0.90081, 1.98030, 0.39414, -1.37444, 0.25000, 0.75000
-3.75484, -1.40973, 2.85909, 4.92550, -2.78243, 0.95149, 2.00000, 453959.00000, 323289.00000, 388624.00000, 4268662225.00000, 65335.00000, 0.94766, 1.66465, 0.58922, -1.25387, 0.50000, 0.50000
-2.20355, -3.47499, 2.68919, 4.91558, -2.13592, 0.99193, 4.00000, 347153.00000, 145480.00000, 265728.00000, 5694464351.50000, 75461.67472, 1.08598, 0.74373, 1.15838, -0.90211, 0.75000, 0.25000
-2.68919, -2.20355, 3.47499, 4.91558, -2.45513, 0.78564, 3.00000, 480077.00000, 237563.00000, 352993.66667, 9870065686.22222, 99348.20424, 1.08598, 1.85065, 1.52573, -2.37638, 1.00000, 0.00000
-3.47499, -2.68919, 2.20355, 4.91558, -2.48299, 1.10596, 2.00000, 290112.00000, 138899.00000, 214505.50000, 5716342842.25000, 75606.50000, 1.08598, 0.87972, 0.68510, -0.56481, 1.00000, 0.00000
-2.83550, -2.83550, 2.83550, 4.91123, -2.35619, 0.95532, 1.00000, 289001.00000, 289001.00000, 289001.00000, 0.00000, 0.00000, 1.14286, 1.00000, 1.00000, -1.00000, 1.00000, 0.00000
-0.70086, -2.75567, -4.02561, 4.92853, -1.81985, 2.52663, 5.00000, 453631.00000, 86505.00000, 259671.60000, 15934528618.64000, 126232.04276, 0.90081, 0.10514, 0.36663, 0.52824, 0.00000, 1.00000
-1.49161, -3.48430, -3.15040, 4.92852, -1.97528, 2.26428, 4.00000, 384801.00000, 198350.00000, 310152.75000, 4779655655.18750, 69135.05374, 0.91102, 0.19070, 0.42617, 0.38313, 0.25000, 0.75000
-1.97536, -2.21782, -3.93313, 4.92852, -2.29844, 2.49482, 9.00000, 496575.00000, 118646.00000, 255209.66667, 12530007656.44444, 111937.51675, 0.91102, 0.24897, 0.27362, 0.47741, 0.22222, 0.77778
-1.40973, -2.85909, -3.75484, 4.92550, -2.02888, 2.43770, 6.00000, 492932.00000, 49345.00000, 268519.16667, 21299304509.80555, 145942.81246, 0.94766, 0.16798, 0.35746, 0.47456, 0.50000, 0.50000
-2.21782, -3.93313, -1.97536, 4.92852, -2.08423, 1.98319, 2.00000, 471254.00000, 184882.00000, 328068.00000, 20502230596.00000, 143186.00000, 0.91102, 0.27362, 0.47741, 0.24897, 0.50000, 0.50000
-2.75567, -4.02561, -0.70086, 4.92853, -2.17107, 1.71348, 4.00000, 267457.00000, 72096.00000, 186159.25000, 5297165582.18750, 72781.62943, 0.90081, 0.36663, 0.52824, 0.10514, 1.00000, 0.00000
-3.48430, -3.15040, -1.49161, 4.92852, -2.40648, 1.87827, 7.00000, 326091.00000, 131076.00000, 230929.14286, 3665993153.26531, 60547.44547, 0.91102, 0.42617, 0.38313, 0.19070, 0.28571, 0.71429
-2.85909, -3.75484, -1.40973, 4.92550, -2.22158, 1.86107, 1.00000, 470496.00000, 470496.00000, 470496.00000, 0.00000, 0.00000, 0.94766, 0.35746, 0.47456, 0.16798, 1.00000, 0.00000
-3.15040, -1.49161, -3.48430, 4.92852, -2.69940, 2.35600, 10.00000, 456801.00000, 58222.00000, 189264.50000, 15334369033.85000, 123832.01942, 0.91102, 0.38313, 0.19070, 0.42617, 0.00000, 1.00000
-3.93313, -1.97536, -2.21782, 4.92852, -2.67616, 2.03756, 6.00000, 309568.00000, 92366.00000, 181498.50000, 5654199940.25000, 75194.41429, 0.91102, 0.47741, 0.24897, 0.27362, 0.16667, 0.83333
-4.02561, -0.70086, -2.75567, 4.92853, -2.96922, 2.16413, 8.00000, 318588.00000, 62103.00000, 152037.37500, 5674680879.73438, 75330.47776, 0.90081, 0.52824, 0.10514, 0.36663, 0.00000, 1.00000
-3.75484, -1.40973, -2.85909, 4.92550, -2.78243, 2.19010, 6.00000, 491174.00000, 105748.00000, 332997.66667, 25979088113.22223, 161180.29691, 0.94766, 0.47456, 0.16798, 0.35746, 0.00000, 1.00000
-2.20355, -3.47499, -2.68919, 4.91558, -2.13592, 2.14966, 4.00000, 425650.00000, 174611.00000, 327093.75000, 8620800108.68750, 92848.26390, 1.08598, 0.26522, 0.41309, 0.32170, 0.25000, 0.75000
-3.47499, -2.68919, -2.20355, 4.91558, -2.48299, 2.03563, 4.00000, 331557.00000, 195207.00000, 272025.50000, 2875597902.75000, 53624.60166, 1.08598, 0.41309, 0.32170, 0.26522, 0.25000, 0.75000
-2.68919, -2.20355, -3.47499, 4.91558, -2.45513, 2.35595, 5.00000, 496536.00000, 121478.00000, 290340.40000, 21510121942.64000, 146663.29446, 1.08598, 0.32170, 0.26522, 0.41309, 0.00000, 1.00000
-2.83550, -2.83550, -2.83550, 4.91123, -2.35619, 2.18628, 5.00000, 438801.00000, 107002.00000, 283923.80000, 12462801258.16000, 111636.91709, 1.14286, 0.33333, 0.33333, 0.33333, 0.20000, 0.80000
3.75791, 0.00000, -3.18882, 4.92853, 0.00000, 2.27446, 7.00000, 482772.00000, 236453.00000, 330484.85714, 6479805707.26531, 80497.24037, 0.90081, 8.64229, 0.00000, -7.64229, 0.85714, 0.14286
2.87963, -0.78273, -3.92241, 4.92852, -0.26540, 2.49122, 9.00000, 475750.00000, 129709.00000, 307242.66667, 8346155521.77778, 91357.29594, 0.91102, -1.48153, 0.40335, 2.07817, 1.00000, 0.00000
2.87963, 0.78273, -3.92241, 4.92852, 0.26540, 2.49122, 12.00000, 452479.00000, 61914.00000, 245055.50000, 15767060647.91667, 125566.95683, 0.91102, -7.66476, -2.08678, 10.75154, 0.33333, 0.66667
3.21637, 0.00000, -3.73035, 4.92550, 0.00000, 2.43005, 10.00000, 484651.00000, 181701.00000, 321446.40000, 10355614147.84000, 101762.53804, 0.94766, -8.06739, -0.00000, 9.06739, 0.40000, 0.60000
1.70460, -1.50894, -4.37124, 4.92852, -0.72459, 2.66145, 12.00000, 471451.00000, 36841.00000, 263287.50000, 17022256061.58333, 130469.36829, 0.91102, -0.42255, 0.35294, 1.06961, 0.25000, 0.75000
0.43315, -2.05481, -4.45876, 4.92853, -1.36304, 2.70143, 5.00000, 474909.00000, 118194.00000, 213267.00000, 17693261791.60000, 133016.02081, 0.90081, -0.08228, 0.33112, 0.75116, 0.20000, 0.80000
0.43811, -0.72621, -4.85499, 4.92852, -1.02797, 2.96865, 17.00000, 443152.00000, 74086.00000, 232206.88235, 16896046856.22145, 129984.79471, 0.91102, -0.09634, 0.13403, 0.96230, 0.11765, 0.88235
0.87126, -1.44936, -4.62611, 4.92550, -1.02954, 2.79113, 5.00000, 440118.00000, 112282.00000, 328195.80000, 15283394256.96000, 123626.02581, 0.94766, -0.15634, 0.28534, 0.87099, 0.20000, 0.80000
1.70460, 1.50894, -4.37124, 4.92852, 0.72459, 2.66145, 13.00000, 295423.00000, 56165.00000, 177465.00000, 6187274386.61539, 78659.22951, 0.91102, -1.43665, -1.19997, 3.63662, 0.07692, 0.92308
0.43811, 0.72621, -4.85499, 4.92852, 1.02797, 2.96865, 25.00000, 469368.00000, 60702.00000, 174005.56000, 10595673140.24640, 102935.28618, 0.91102, -0.13162, -0.18312, 1.31474, 0.00000, 1.00000
0.43315, 2.05481, -4.45876, 4.92853, 1.36304, 2.70143, 37.00000, 431938.00000, 30659.00000, 136024.89189, 10888097961.50183, 104346.04909, 0.90081, -0.24359, -0.98030, 2.22389, 0.00000, 1.00000
0.87126, 1.44936, -4.62611, 4.92550, 1.02954, 2.79113, 20.00000, 475014.00000, 67631.00000, 168937.65000, 9189866491.52750, 95863.79135, 0.94766, -0.36416, -0.66465, 2.02881, 0.15000, 0.85000
2.14766, -0.78579, -4.35121, 4.91558, -0.35075, 2.65769, 3.00000, 337177.00000, 162108.00000, 266876.66667, 5702225461.55556, 75513.08139, 1.08598, -0.71592, 0.25627, 1.45965, 0.00000, 1.00000
0.87622, 0.00000, -4.83686, 4.91558, 0.00000, 2.96238, 10.00000, 482477.00000, 88888.00000, 253300.80000, 21699734029.76000, 147308.29586, 1.08598, -0.22879, -0.00000, 1.22879, 0.10000, 0.90000
2.14766, 0.78579, -4.35121, 4.91558, 0.35075, 2.65769, 9.00000, 429282.00000, 126204.00000, 252805.66667, 9415195534.88889, 97031.93049, 1.08598, -1.46868, -0.52573, 2.99442, 0.00000, 1.00000
1.75244, 0.00000, -4.58794, 4.91123, 0.00000, 2.77673, 7.00000, 444623.00000, 168178.00000, 290719.57143, 13509847646.53061, 116231.87018, 1.14286, -0.61803, -0.00000, 1.61803, 0.57143, 0.42857
4.45876, 0.43315, 2.05481, 4.92853, 0.09684, 1.14074, 29.00000, 394664.00000, 37332.00000, 152927.65517, 10165748568.08799, 100825.33694, 0.90081, 0.64502, 0.07065, 0.28433, 0.96552, 0.03448
4.85499, 0.43811, 0.72621, 4.92852, 0.09000, 1.42291, 24.00000, 459121.00000, 44089.00000, 187045.54167, 13926977700.91493, 118012.61670, 0.91102, 0.80685, 0.08077, 0.11238, 0.95833, 0.04167
4.37124, 1.70460, 1.50894, 4.92852, 0.37182, 1.25963, 12.00000, 345152.00000, 63193.00000, 148270.00000, 7237431534.83333, 85073.09525, 0.91102, 0.57970, 0.22901, 0.19128, 1.00000, 0.00000
4.62611, 0.87126, 1.44936, 4.92550, 0.18616, 1.27212, 17.00000, 377974.00000, 26705.00000, 166440.82353, 12395395426.26298, 111334.61019, 0.94766, 0.66353, 0.11910, 0.21738, 0.94118, 0.05882
4.85499, 0.43811, -0.72621, 4.92852, 0.09000, 1.71868, 11.00000, 491355.00000, 46293.00000, 248937.90909, 16949894354.26447, 130191.75993, 0.91102, 1.04077, 0.10419, -0.14496, 0.90909, 0.09091
4.45876, 0.43315, -2.05481, 4.92853, 0.09684, 2.00085, 5.00000, 374642.00000, 48758.00000, 187437.40000, 13133995626.24000, 114603.64578, 0.90081, 1.49537, 0.16379, -0.65917, 0.60000, 0.40000
4.37124, 1.70460, -1.50894, 4.92852, 0.37182, 1.88196, 1.00000, 219328.00000, 219328.00000, 219328.00000, 0.00000, 0.00000, 0.91102, 0.93889, 0.37091, -0.30980, 1.00000, 0.00000
4.62611, 0.87126, -1.44936, 4.92550, 0.18616, 1.86947, 7.00000, 464131.00000, 97604.00000, 231267.57143, 12830694782.53061, 113272.65682, 0.94766, 1.17386, 0.21070, -0.38457, 1.00000, 0.00000
3.92241, 2.87963, 0.78273, 4.92852, 0.63328, 1.41130, 7.00000, 460740.00000, 279151.00000, 374322.85714, 4906874784.97959, 70049.08840, 0.91102, 0.52439, 0.37383, 0.10178, 0.42857, 0.57143
3.92241, 2.87963, -0.78273, 4.92852, 0.63328, 1.73029, 12.00000, 314028.00000, 87443.00000, 186926.66667, 4586906004.05556, 67726.70082, 0.91102, 0.65841, 0.46938, -0.12779, 0.41667, 0.58333
3.18882, 3.75791, 0.00000, 4.92853, 0.86714, 1.57080, 11.00000, 456625.00000, 155219.00000, 299089.54545, 7458601037.33884, 86363.19261, 0.90081, 0.46930, 0.53070, 0.00000, 0.54545, 0.45455
3.73035, 3.21637, 0.00000, 4.92550, 0.71154, 1.57080, 8.00000, 486464.00000, 159749.00000, 325038.75000, 12857452465.93750, 113390.70714, 0.94766, 0.52918, 0.47082, 0.00000, 0.50000, 0.50000
4.83686, 0.87622, 0.00000, 4.91558, 0.17921, 1.57080, 13.00000, 371389.00000, 65683.00000, 200522.00000, 7294144080.00000, 85405.76140, 1.08598, 0.84303, 0.15697, 0.00000, 1.00000, 0.00000
4.35121, 2.14766, -0.78579, 4.91558, 0.45850, 1.73134, 6.00000, 462681.00000, 113390.00000, 263916.33333, 18920104732.22223, 137550.37162, 1.08598, 0.76051, 0.37301, -0.13352, 1.00000, 0.00000
4.35121, 2.14766, 0.78579, 4.91558, 0.45850, 1.41025, 9.00000, 485228.00000, 146399.00000, 314176.33333, 15591129244.66667, 124864.44348, 1.08598, 0.60022, 0.29439, 0.10538, 0.66667, 0.33333
4.58794, 1.75244, 0.00000, 4.91123, 0.36486, 1.57080, 12.00000, 455479.00000, 82093.00000, 263010.33333, 15198151811.22222, 123280.78444, 1.14286, 0.72361, 0.27639, -0.00000, 0.83333, 0.16667
