-2.75567, 4.02561, 0.70086, 4.92853, 2.17107, 1.42811, 8.00000, 407099.00000, 143320.00000, 271664.50000, 9932217350.25000, 99660.51049, 0.90081, -1.37444, 1.98030, 0.39414, 0.50000, 0.50000
-3.48430, 3.15040, 1.49161, 4.92852, 2.40648, 1.26333, 10.00000, 371295.00000, 110375.00000, 228243.00000, 6643119658.60000, 81505.33515, 0.91102, -2.88604, 2.59457, 1.29147, 0.50000, 0.50000
-2.21782, 3.93313, 1.97536, 4.92852, 2.08423, 1.15840, 4.00000, 359932.00000, 213510.00000, 286932.00000, 3824302581.50000, 61840.94583, 0.91102, -0.60432, 1.05443, 0.54989, 0.75000, 0.25000
-2.85909, 3.75484, 1.40973, 4.92550, 2.22158, 1.28053, 12.00000, 499219.00000, 92003.00000, 278912.33333, 21667961776.22223, 147200.41364, 0.94766, -1.25387, 1.66465, 0.58922, 0.50000, 0.50000
-3.93313, 1.97536, 2.21782, 4.92852, 2.67616, 1.10403, 14.00000, 492909.00000, 42548.00000, 242505.64286, 19991015375.37245, 141389.58722, 0.91102, -10.56672, 5.51065, 6.05607, 0.28571, 0.71429
-4.02561, 0.70086, 2.75567, 4.92853, 2.96922, 0.97747, 15.00000, 432080.00000, 43291.00000, 246146.33333, 12281390825.28889, 110821.43667, 0.90081, 9.35336, -1.86160, -6.49176, 0.53333, 0.46667
-3.15040, 1.49161, 3.48430, 4.92852, 2.69940, 0.78559, 2.00000, 384189.00000, 158519.00000, 271354.00000, 12731737225.00000, 112835.00000, 0.91102, -1.63909, 0.81587, 1.82322, 1.00000, 0.00000
-3.75484, 1.40973, 2.85909, 4.92550, 2.78243, 0.95149, 7.00000, 403589.00000, 71925.00000, 262848.42857, 15245028703.67347, 123470.76052, 0.94766, -9.32863, 3.30198, 7.02665, 0.42857, 0.57143
-1.49161, 3.48430, 3.15040, 4.92852, 1.97528, 0.87732, 1.00000, 243413.00000, 243413.00000, 243413.00000, 0.00000, 0.00000, 0.91102, -0.30829, 0.68893, 0.61936, 0.00000, 1.00000
-1.97536, 2.21782, 3.93313, 4.92852, 2.29844, 0.64677, 3.00000, 290588.00000, 249698.00000, 271420.33333, 281928510.88889, 16790.72693, 0.91102, -0.49591, 0.54500, 0.95092, 1.00000, 0.00000
-0.70086, 2.75567, 4.02561, 4.92853, 1.81985, 0.61496, 1.00000, 374486.00000, 374486.00000, 374486.00000, 0.00000, 0.00000, 0.90081, -0.13313, 0.46424, 0.66888, 1.00000, 0.00000
-1.40973, 2.85909, 3.75484, 4.92550, 2.02888, 0.70390, 0.00000, 0.00000, 0.00000, 0.00000, 0.00000, 0.00000, 0.94766, -0.25296, 0.53830, 0.71466, 0.00000, 0.00000
-3.47499, 2.68919, 2.20355, 4.91558, 2.48299, 1.10596, 4.00000, 425446.00000, 122767.00000, 228035.75000, 13833777556.18750, 117617.08021, 1.08598, -2.37638, 1.85065, 1.52573, 0.50000, 0.50000
-2.68919, 2.20355, 3.47499, 4.91558, 2.45513, 0.78564, 5.00000, 480970.00000, 220818.00000, 345790.60000, 9184014035.84000, 95833.26164, 1.08598, -0.90211, 0.74373, 1.15838, 0.80000, 0.20000
-2.20355, 3.47499, 2.68919, 4.91558, 2.13592, 0.99193, 2.00000, 406133.00000, 387665.00000, 396899.00000, 85266756.00000, 9234.00000, 1.08598, -0.56481, 0.87972, 0.68510, 0.00000, 1.00000
-2.83550, 2.83550, 2.83550, 4.91123, 2.35619, 0.95532, 8.00000, 436594.00000, 137382.00000, 272425.12500, 8384406297.35938, 91566.40376, 1.14286, -1.00000, 1.00000, 1.00000, 0.37500, 0.62500
-2.05481, 4.45876, 0.43315, 4.92853, 2.00263, 1.48280, 4.00000, 376767.00000, 142995.00000, 253072.75000, 6882891769.18750, 82963.19527, 0.90081, -0.65917, 1.49537, 0.16379, 0.50000, 0.50000
-1.50894, 4.37124, 1.70460, 4.92852, 1.90319, 1.21764, 3.00000, 479178.00000, 441133.00000, 464196.66667, 273899060.22222, 16549.89608, 0.91102, -0.30980, 0.93889, 0.37091, 0.66667, 0.33333
-0.72621, 4.85499, 0.43811, 4.92852, 1.71928, 1.48179, 1.00000, 289897.00000, 289897.00000, 289897.00000, 0.00000, 0.00000, 0.91102, -0.14496, 1.04077, 0.10419, 0.00000, 1.00000
-1.44936, 4.62611, 0.87126, 4.92550, 1.87441, 1.39297, 2.00000, 251355.00000, 221182.00000, 236268.50000, 227602482.25000, 15086.50000, 0.94766, -0.38457, 1.17386, 0.21070, 0.50000, 0.50000
-0.78273, 3.92241, 2.87963, 4.92852, 1.76776, 0.94680, 2.00000, 418223.00000, 285585.00000, 351904.00000, 4398209761.00000, 66319.00000, 0.91102, -0.12779, 0.65841, 0.46938, 0.50000, 0.50000
0.00000, 3.18882, 3.75791, 4.92853, 1.57080, 0.70366, 1.00000, 305696.00000, 305696.00000, 305696.00000, 0.00000, 0.00000, 0.90081, -0.00000, 0.46930, 0.53070, 1.00000, 0.00000
0.78273, 3.92241, 2.87963, 4.92852, 1.37383, 0.94680, 0.00000, 0.00000, 0.00000, 0.00000, 0.00000, 0.00000, 0.91102, 0.10178, 0.52439, 0.37383, 0.00000, 0.00000
0.00000, 3.73035, 3.21637, 4.92550, 1.57080, 0.85925, 1.00000, 398221.00000, 398221.00000, 398221.00000, 0.00000, 0.00000, 0.94766, -0.00000, 0.52918, 0.47082, 0.00000, 1.00000
0.72621, 4.85499, 0.43811, 4.92852, 1.42232, 1.48179, 1.00000, 158528.00000, 158528.00000, 158528.00000, 0.00000, 0.00000, 0.91102, 0.11238, 0.80685, 0.08077, 0.00000, 1.00000
1.50894, 4.37124, 1.70460, 4.92852, 1.23841, 1.21764, 0.00000, 0.00000, 0.00000, 0.00000, 0.00000, 0.00000, 0.91102, 0.19128, 0.57970, 0.22901, 0.00000, 0.00000
2.05481, 4.45876, 0.43315, 4.92853, 1.13896, 1.48280, 1.00000, 362819.00000, 362819.00000, 362819.00000, 0.00000, 0.00000, 0.90081, 0.28433, 0.64502, 0.07065, 0.00000, 1.00000
1.44936, 4.62611, 0.87126, 4.92550, 1.26718, 1.39297, 1.00000, 480069.00000, 480069.00000, 480069.00000, 0.00000, 0.00000, 0.94766, 0.21738, 0.66353, 0.11910, 1.00000, 0.00000
-0.78579, 4.35121, 2.14766, 4.91558, 1.74946, 1.11864, 1.00000, 469762.00000, 469762.00000, 469762.00000, 0.00000, 0.00000, 1.08598, -0.13352, 0.76051, 0.37301, 0.00000, 1.00000
0.78579, 4.35121, 2.14766, 4.91558, 1.39213, 1.11864, 3.00000, 446530.00000, 174836.00000, 313061.00000, 12314248040.66667, 110969.58160, 1.08598, 0.10538, 0.60022, 0.29439, 0.00000, 1.00000
0.00000, 4.83686, 0.87622, 4.91558, 1.57080, 1.39159, 0.00000, 0.00000, 0.00000, 0.00000, 0.00000, 0.00000, 1.08598, -0.00000, 0.84303, 0.15697, 0.00000, 0.00000
0.00000, 4.58794, 1.75244, 4.91123, 1.57080, 1.20593, 0.00000, 0.00000, 0.00000, 0.00000, 0.00000, 0.00000, 1.14286, 0.00000, 0.72361, 0.27639, 0.00000, 0.00000
-2.05481, 4.45876, -0.43315, 4.92853, 2.00263, 1.65880, 3.00000, 468518.00000, 407159.00000, 439986.66667, 636717053.55556, 25233.25293, 0.90081, -0.98030, 2.22389, -0.24359, 0.66667, 0.33333
-0.72621, 4.85499, -0.43811, 4.92852, 1.71928, 1.65981, 2.00000, 494248.00000, 387145.00000, 440696.50000, 2867763152.25000, 53551.50000, 0.91102, -0.18312, 1.31474, -0.13162, 1.00000, 0.00000
-1.50894, 4.37124, -1.70460, 4.92852, 1.90319, 1.92396, 9.00000, 452568.00000, 128296.00000, 290179.55556, 7102335434.02469, 84275.35484, 0.91102, -1.19997, 3.63662, -1.43665, 0.22222, 0.77778
-1.44936, 4.62611, -0.87126, 4.92550, 1.87441, 1.74862, 5.00000, 387037.00000, 148277.00000, 286214.40000, 6578218480.64000, 81106.21727, 0.94766, -0.66465, 2.02881, -0.36416, 0.00000, 1.00000
0.72621, 4.85499, -0.43811, 4.92852, 1.42232, 1.65981, 2.00000, 470837.00000, 223982.00000, 347409.50000, 15234347756.25000, 123427.50000, 0.91102, 0.13403, 0.96230, -0.09634, 0.00000, 1.00000
2.05481, 4.45876, -0.43315, 4.92853, 1.13896, 1.65880, 0.00000, 0.00000, 0.00000, 0.00000, 0.00000, 0.00000, 0.90081, 0.33112, 0.75116, -0.08228, 0.00000, 0.00000
1.50894, 4.37124, -1.70460, 4.92852, 1.23841, 1.92396, 3.00000, 424027.00000, 273958.00000, 359750.66667, 3984927093.55556, 63126.27895, 0.91102, 0.35294, 1.06961, -0.42255, 0.33333, 0.66667
1.44936, 4.62611, -0.87126, 4.92550, 1.26718, 1.74862, 0.00000, 0.00000, 0.00000, 0.00000, 0.00000, 0.00000, 0.94766, 0.28534, 0.87099, -0.15634, 0.00000, 0.00000
-0.78273, 3.92241, -2.87963, 4.92852, 1.76776, 2.19479, 12.00000, 462396.00000, 77437.00000, 304769.66667, 16572537341.88889, 128734.36737, 0.91102, -2.08678, 10.75154, -7.66476, 0.16667, 0.83333
0.78273, 3.92241, -2.87963, 4.92852, 1.37383, 2.19479, 3.00000, 427561.00000, 167669.00000, 339220.66667, 14719371608.22222, 121323.41739, 0.91102, 0.40335, 2.07817, -1.48153, 0.33333, 0.66667
0.00000, 3.18882, -3.75791, 4.92853, 1.57080, 2.43793, 7.00000, 216817.00000, 134043.00000, 170238.28571, 738261360.48980, 27170.96539, 0.90081, -0.00000, -7.64229, 8.64229, 0.00000, 1.00000
0.00000, 3.73035, -3.21637, 4.92550, 1.57080, 2.28234, 3.00000, 331528.00000, 294856.00000, 316408.00000, 244824576.00000, 15646.87112, 0.94766, 0.00000, 9.06739, -8.06739, 0.00000, 1.00000
0.00000, 4.83686, -0.87622, 4.91558, 1.57080, 1.75001, 0.00000, 0.00000, 0.00000, 0.00000, 0.00000, 0.00000, 1.08598, 0.00000, 1.22879, -0.22879, 0.00000, 0.00000
0.78579, 4.35121, -2.14766, 4.91558, 1.39213, 2.02296, 3.00000, 427071.00000, 222284.00000, 331731.66667, 7089141762.88889, 84197.04130, 1.08598, 0.25627, 1.45965, -0.71592, 0.66667, 0.33333
-0.78579, 4.35121, -2.14766, 4.91558, 1.74946, 2.02296, 4.00000, 317513.00000, 104285.00000, 168481.25000, 7646243478.18750, 87442.80118, 1.08598, -0.52573, 2.99442, -1.46868, 0.00000, 1.00000
0.00000, 4.58794, -1.75244, 4.91123, 1.57080, 1.93566, 7.00000, 485108.00000, 102797.00000, 257515.85714, 17927548934.40816, 133893.79722, 1.14286, 0.00000, 1.61803, -0.61803, 0.00000, 1.00000
-2.75567, 4.02561, -0.70086, 4.92853, 2.17107, 1.71348, 8.00000, 498069.00000, 80702.00000, 236734.37500, 16972533959.48438, 130278.67807, 0.90081, -6.49176, 9.35336, -1.86160, 0.12500, 0.87500
-2.21782, 3.93313, -1.97536, 4.92852, 2.08423, 1.98319, 9.00000, 478453.00000, 97060.00000, 248743.55556, 18222078454.69136, 134989.17903, 0.91102, 6.05607, -10.56672, 5.51065, 0.33333, 0.66667
-3.48430, 3.15040, -1.49161, 4.92852, 2.40648, 1.87827, 27.00000, 455393.00000, 52636.00000, 228477.81481, 18052174700.74348, 134358.38158, 0.91102, 1.82322, -1.63909, 0.81587, 0.29630, 0.70370
-2.85909, 3.75484, -1.40973, 4.92550, 2.22158, 1.86107, 12.00000, 394901.00000, 63404.00000, 244693.33333, 13020330221.22222, 114106.66160, 0.94766, 7.02665, -9.32863, 3.30198, 0.41667, 0.58333
-1.49161, 3.48430, -3.15040, 4.92852, 1.97528, 2.26428, 26.00000, 450602.00000, 43588.00000, 241723.65385, 12755842948.22633, 112941.76795, 0.91102, 1.29147, -2.88604, 2.59457, 0.15385, 0.84615
-0.70086, 2.75567, -4.02561, 4.92853, 1.81985, 2.52663, 14.00000, 494139.00000, 62613.00000, 224186.85714, 16366605600.26531, 127932.03508, 0.90081, 0.39414, -1.37444, 1.98030, 0.07143, 0.92857
-1.97536, 2.21782, -3.93313, 4.92852, 2.29844, 2.49482, 37.00000, 497755.00000, 32850.00000, 152249.10811, 9981636470.96129, 99908.14016, 0.91102, 0.54989, -0.60432, 1.05443, 0.27027, 0.72973
-1.40973, 2.85909, -3.75484, 4.92550, 2.02888, 2.43770, 13.00000, 484658.00000, 120268.00000, 262084.84615, 13986344820.13018, 118263.87792, 0.94766, 0.58922, -1.25387, 1.66465, 0.15385, 0.84615
-3.93313, 1.97536, -2.21782, 4.92852, 2.67616, 2.03756, 65.00000, 448561.00000, 19343.00000, 172779.12308, 14475779841.70793, 120315.33502, 0.91102, 0.95092, -0.49591, 0.54500, 0.30769, 0.69231
-3.15040, 1.49161, -3.48430, 4.92852, 2.69940, 2.35600, 69.00000, 469786.00000, 12869.00000, 146157.43478, 14316601577.23125, 119652.00198, 0.91102, 0.61936, -0.30829, 0.68893, 0.15942, 0.84058
-4.02561, 0.70086, -2.75567, 4.92853, 2.96922, 2.16413, 109.00000, 411486.00000, 12256.00000, 123282.00917, 9378398402.54120, 96842.13134, 0.90081, 0.66888, -0.13313, 0.46424, 0.23853, 0.76147
-3.75484, 1.40973, -2.85909, 4.92550, 2.78243, 2.19010, 65.00000, 452229.00000, 17051.00000, 167108.33846, 13647168866.93160, 116821.09770, 0.94766, 0.71466, -0.25296, 0.53830, 0.38462, 0.61538
-2.20355, 3.47499, -2.68919, 4.91558, 2.13592, 2.14966, 14.00000, 487745.00000, 144489.00000, 289160.28571, 8804095706.34694, 93830.14285, 1.08598, 1.52573, -2.37638, 1.85065, 0.35714, 0.64286
-2.68919, 2.20355, -3.47499, 4.91558, 2.45513, 2.35595, 39.00000, 474441.00000, 34766.00000, 179280.89744, 17770523030.91256, 133306.12526, 1.08598, 0.68510, -0.56481, 0.87972, 0.23077, 0.76923
-3.47499, 2.68919, -2.20355, 4.91558, 2.48299, 2.03563, 29.00000, 456737.00000, 47215.00000, 171147.27586, 8807749577.16528, 93849.61149, 1.08598, 1.15838, -0.90211, 0.74373, 0.13793, 0.86207
-2.83550, 2.83550, -2.83550, 4.91123, 2.35619, 2.18628, 27.00000, 368167.00000, 51667.00000, 179083.29630, 8412739507.31962, 91720.98728, 1.14286, 1.00000, -1.00000, 1.00000, 0.22222, 0.77778
-3.18882, 3.75791, 0.00000, 4.92853, 2.27446, 1.57080, 10.00000, 382933.00000, 145824.00000, 245996.70000, 7387364051.81000, 85949.77633, 0.90081, -7.64229, 8.64229, 0.00000, 0.50000, 0.50000
-3.92241, 2.87963, -0.78273, 4.92852, 2.50831, 1.73029, 19.00000, 416096.00000, 84097.00000, 208956.52632, 7797236188.14404, 88301.96027, 0.91102, 2.07817, -1.48153, 0.40335, 0.26316, 0.73684
-3.92241, 2.87963, 0.78273, 4.92852, 2.50831, 1.41130, 13.00000, 421594.00000, 72207.00000, 240172.30769, 13087470143.44379, 114400.48140, 0.91102, 10.75154, -7.66476, -2.08678, 0.38462, 0.61538
-3.73035, 3.21637, 0.00000, 4.92550, 2.43005, 1.57080, 9.00000, 339443.00000, 79292.00000, 184179.33333, 6410416291.77778, 80065.07536, 0.94766, 9.06739, -8.06739, -0.00000, 0.22222, 0.77778
-4.37124, 1.70460, -1.50894, 4.92852, 2.76977, 1.88196, 60.00000, 435306.00000, 25967.00000, 153750.28333, 10270291003.43639, 101342.44423, 0.91102, 1.06961, -0.42255, 0.35294, 0.31667, 0.68333
-4.45876, 0.43315, -2.05481, 4.92853, 3.04475, 2.00085, 97.00000, 392225.00000, 17119.00000, 132026.11340, 9221298975.46136, 96027.59486, 0.90081, 0.75116, -0.08228, 0.33112, 0.37113, 0.62887
-4.85499, 0.43811, -0.72621, 4.92852, 3.05160, 1.71868, 94.00000, 491217.00000, 20880.00000, 147382.89362, 12465531746.83975, 111649.14575, 0.91102, 0.96230, -0.09634, 0.13403, 0.48936, 0.51064
-4.62611, 0.87126, -1.44936, 4.92550, 2.95544, 1.86947, 67.00000, 477195.00000, 24476.00000, 158576.32836, 13662068421.80263, 116884.85112, 0.94766, 0.87099, -0.15634, 0.28534, 0.50746, 0.49254
-4.37124, 1.70460, 1.50894, 4.92852, 2.76977, 1.25963, 24.00000, 442763.00000, 43829.00000, 176482.70833, 10394915913.20660, 101955.46044, 0.91102, 3.63662, -1.43665, -1.19997, 0.66667, 0.33333
-4.85499, 0.43811, 0.72621, 4.92852, 3.05160, 1.42291, 46.00000, 494346.00000, 25913.00000, 167991.95652, 14961066294.04159, 122315.43768, 0.91102, 1.31474, -0.13162, -0.18312, 0.60870, 0.39130
-4.45876, 0.43315, 2.05481, 4.92853, 3.04475, 1.14074, 21.00000, 459428.00000, 41378.00000, 207249.04762, 22794167090.99773, 150977.37278, 0.90081, 2.22389, -0.24359, -0.98030, 0.57143, 0.42857
-4.62611, 0.87126, 1.44936, 4.92550, 2.95544, 1.27212, 20.00000, 413691.00000, 54975.00000, 178442.55000, 14449719983.44750, 120206.98808, 0.94766, 2.02881, -0.36416, -0.66465, 0.65000, 0.35000
-4.35121, 2.14766, -0.78579, 4.91558, 2.68310, 1.73134, 33.00000, 445361.00000, 42785.00000, 157289.66667, 9193241237.13132, 95881.39151, 1.08598, 1.45965, -0.71592, 0.25627, 0.45455, 0.54545
-4.83686, 0.87622, 0.00000, 4.91558, 2.96238, 1.57080, 34.00000, 493988.00000, 51120.00000, 202656.11765, 13417649398.69204, 115834.57773, 1.08598, 1.22879, -0.22879, -0.00000, 0.47059, 0.52941
-4.35121, 2.14766, 0.78579, 4.91558, 2.68310, 1.41025, 24.00000, 343694.00000, 56584.00000, 186630.79167, 8227394151.74826, 90704.98416, 1.08598, 2.99442, -1.46868, -0.52573, 0.54167, 0.45833
-4.58794, 1.75244, 0.00000, 4.91123, 2.77673, 1.57080, 31.00000, 416532.00000, 35567.00000, 183694.90323, 11387597702.66805, 106712.68764, 1.14286, 1.61803, -0.61803, -0.00000, 0.38710, 0.61290
2.75567, 4.02561, 0.70086, 4.92853, 0.97053, 1.42811, 0.00000, 0.00000, 0.00000, 0.00000, 0.00000, 0.00000, 0.90081, 0.36663, 0.52824, 0.10514, 0.00000, 0.00000
2.21782, 3.93313, 1.97536, 4.92852, 1.05736, 1.15840, 1.00000, 423742.00000, 423742.00000, 423742.00000, 0.00000, 0.00000, 0.91102, 0.27362, 0.47741, 0.24897, 0.00000, 1.00000
3.48430, 3.15040, 1.49161, 4.92852, 0.73511, 1.26333, 1.00000, 421155.00000, 421155.00000, 421155.00000, 0.00000, 0.00000, 0.91102, 0.42617, 0.38313, 0.19070, 0.00000, 1.00000
2.85909, 3.75484, 1.40973, 4.92550, 0.92001, 1.28053, 1.00000, 299289.00000, 299289.00000, 299289.00000, 0.00000, 0.00000, 0.94766, 0.35746, 0.47456, 0.16798, 0.00000, 1.00000
1.49161, 3.48430, 3.15040, 4.92852, 1.16631, 0.87732, 0.00000, 0.00000, 0.00000, 0.00000, 0.00000, 0.00000, 0.91102, 0.19070, 0.42617, 0.38313, 0.00000, 0.00000
0.70086, 2.75567, 4.02561, 4.92853, 1.32174, 0.61496, 0.00000, 0.00000, 0.00000, 0.00000, 0.00000, 0.00000, 0.90081, 0.10514, 0.36663, 0.52824, 0.00000, 0.00000
1.97536, 2.21782, 3.93313, 4.92852, 0.84316, 0.64677, 0.00000, 0.00000, 0.00000, 0.00000, 0.00000, 0.00000, 0.91102, 0.24897, 0.27362, 0.47741, 0.00000, 0.00000
1.40973, 2.85909, 3.75484, 4.92550, 1.11271, 0.70390, 1.00000, 282375.00000, 282375.00000, 282375.00000, 0.00000, 0.00000, 0.94766, 0.16798, 0.35746, 0.47456, 0.00000, 1.00000
3.93313, 1.97536, 2.21782, 4.92852, 0.46544, 1.10403, 0.00000, 0.00000, 0.00000, 0.00000, 0.00000, 0.00000, 0.91102, 0.47741, 0.24897, 0.27362, 0.00000, 0.00000
3.15040, 1.49161, 3.48430, 4.92852, 0.44220, 0.78559, 1.00000, 421156.00000, 421156.00000, 421156.00000, 0.00000, 0.00000, 0.91102, 0.38313, 0.19070, 0.42617, 1.00000, 0.00000
4.02561, 0.70086, 2.75567, 4.92853, 0.17237, 0.97747, 0.00000, 0.00000, 0.00000, 0.00000, 0.00000, 0.00000, 0.90081, 0.52824, 0.10514, 0.36663, 0.00000, 0.00000
3.75484, 1.40973, 2.85909, 4.92550, 0.35916, 0.95149, 0.00000, 0.00000, 0.00000, 0.00000, 0.00000, 0.00000, 0.94766, 0.47456, 0.16798, 0.35746, 0.00000, 0.00000
2.20355, 3.47499, 2.68919, 4.91558, 1.00567, 0.99193, 0.00000, 0.00000, 0.00000, 0.00000, 0.00000, 0.00000, 1.08598, 0.26522, 0.41309, 0.32170, 0.00000, 0.00000
2.68919, 2.20355, 3.47499, 4.91558, 0.68646, 0.78564, 0.00000, 0.00000, 0.00000, 0.00000, 0.00000, 0.00000, 1.08598, 0.32170, 0.26522, 0.41309, 0.00000, 0.00000
3.47499, 2.68919, 2.20355, 4.91558, 0.65860, 1.10596, 0.00000, 0.00000, 0.00000, 0.00000, 0.00000, 0.00000, 1.08598, 0.41309, 0.32170, 0.26522, 0.00000, 0.00000
2.83550, 2.83550, 2.83550, 4.91123, 0.78540, 0.95532, 0.00000, 0.00000, 0.00000, 0.00000, 0.00000, 0.00000, 1.14286, 0.33333, 0.33333, 0.33333, 0.00000, 0.00000
-0.43315, 2.05481, 4.45876, 4.92853, 1.77855, 0.44016, 1.00000, 177006.00000, 177006.00000, 177006.00000, 0.00000, 0.00000, 0.90081, -0.08228, 0.33112, 0.75116, 1.00000, 0.00000
-1.70460, 1.50894, 4.37124, 4.92852, 2.41700, 0.48015, 0.00000, 0.00000, 0.00000, 0.00000, 0.00000, 0.00000, 0.91102, -0.42255, 0.35294, 1.06961, 0.00000, 0.00000
-0.43811, 0.72621, 4.85499, 4.92852, 2.11363, 0.17295, 2.00000, 493359.00000, 301033.00000, 397196.00000, 9247322569.00000, 96163.00000, 0.91102, -0.09634, 0.13403, 0.96230, 1.00000, 0.00000
-0.87126, 1.44936, 4.62611, 4.92550, 2.11205, 0.35046, 2.00000, 273224.00000, 266134.00000, 269679.00000, 12567025.00000, 3545.00000, 0.94766, -0.15634, 0.28534, 0.87099, 1.00000, 0.00000
-2.87963, 0.78273, 3.92241, 4.92852, 2.87619, 0.65037, 10.00000, 447239.00000, 55882.00000, 249907.40000, 16215311352.64000, 127339.35508, 0.91102, -1.48153, 0.40335, 2.07817, 0.70000, 0.30000
-3.75791, 0.00000, 3.18882, 4.92853, 3.14159, 0.86714, 15.00000, 383706.00000, 41109.00000, 194985.06667, 9894060090.59556, 99468.89006, 0.90081, 8.64229, -0.00000, -7.64229, 0.80000, 0.20000
-2.87963, -0.78273, 3.92241, 4.92852, -2.87619, 0.65037, 8.00000, 422838.00000, 56761.00000, 265892.50000, 17692070118.25000, 133011.54130, 0.91102, -7.66476, -2.08678, 10.75154, 0.87500, 0.12500
-3.21637, 0.00000, 3.73035, 4.92550, 3.14159, 0.71154, 8.00000, 353451.00000, 81283.00000, 222525.12500, 8601906462.35938, 92746.46334, 0.94766, -8.06739, 0.00000, 9.06739, 0.50000, 0.50000
-0.43811, -0.72621, 4.85499, 4.92852, -2.11363, 0.17295, 0.00000, 0.00000, 0.00000, 0.00000, 0.00000, 0.00000, 0.91102, -0.13162, -0.18312, 1.31474, 0.00000, 0.00000
-1.70460, -1.50894, 4.37124, 4.92852, -2.41700, 0.48015, 5.00000, 252605.00000, 120453.00000, 167391.80000, 2217362642.96000, 47088.88025, 0.91102, -1.43665, -1.19997, 3.63662, 1.00000, 0.00000
-0.43315, -2.05481, 4.45876, 4.92853, -1.77855, 0.44016, 3.00000, 462306.00000, 307103.00000, 383600.33333, 4017100236.22222, 63380.59826, 0.90081, -0.24359, -0.98030, 2.22389, 1.00000, 0.00000
-0.87126, -1.44936, 4.62611, 4.92550, -2.11205, 0.35046, 5.00000, 370560.00000, 111689.00000, 220776.20000, 9471378721.76000, 97321.00864, 0.94766, -0.36416, -0.66465, 2.02881, 1.00000, 0.00000
-2.14766, 0.78579, 4.35121, 4.91558, 2.79084, 0.48390, 1.00000, 334566.00000, 334566.00000, 334566.00000, 0.00000, 0.00000, 1.08598, -0.71592, 0.25627, 1.45965, 1.00000, 0.00000
-2.14766, -0.78579, 4.35121, 4.91558, -2.79084, 0.48390, 8.00000, 455749.00000, 70564.00000, 213959.25000, 16753879317.93750, 129436.77730, 1.08598, -1.46868, -0.52573, 2.99442, 1.00000, 0.00000
-0.87622, 0.00000, 4.83686, 4.91558, 3.14159, 0.17921, 2.00000, 465124.00000, 246415.00000, 355769.50000, 11958406670.25000, 109354.50000, 1.08598, -0.22879, 0.00000, 1.22879, 0.50000, 0.50000
-1.75244, 0.00000, 4.58794, 4.91123, 3.14159, 0.36486, 4.00000, 445279.00000, 94519.00000, 278336.50000, 26566414118.75000, 162992.06766, 1.14286, -0.61803, 0.00000, 1.61803, 0.75000, 0.25000
-4.45876, -0.43315, 2.05481, 4.92853, -3.04475, 1.14074, 34.00000, 440475.00000, 38072.00000, 153732.61765, 9569415531.11851, 97823.38949, 0.90081, 1.49537, 0.16379, -0.65917, 0.76471, 0.23529
-4.85499, -0.43811, 0.72621, 4.92852, -3.05160, 1.42291, 88.00000, 443056.00000, 25827.00000, 156162.29545, 11884103416.73089, 109014.23493, 0.91102, 1.04077, 0.10419, -0.14496, 0.59091, 0.40909
-4.37124, -1.70460, 1.50894, 4.92852, -2.76977, 1.25963, 59.00000, 495667.00000, 23177.00000, 140093.64407, 9612660352.39874, 98044.17551, 0.91102, 0.93889, 0.37091, -0.30980, 0.74576, 0.25424
-4.62611, -0.87126, 1.44936, 4.92550, -2.95544, 1.27212, 49.00000, 440420.00000, 28223.00000, 159135.14286, 13323554568.93878, 115427.70278, 0.94766, 1.17386, 0.21070, -0.38457, 0.73469, 0.26531
-4.85499, -0.43811, -0.72621, 4.92852, -3.05160, 1.71868, 109.00000, 418400.00000, 15175.00000, 105846.56881, 8864934257.60306, 94153.77984, 0.91102, 0.80685, 0.08077, 0.11238, 0.59633, 0.40367
-4.45876, -0.43315, -2.05481, 4.92853, -3.04475, 2.00085, 134.00000, 474386.00000, 10580.00000, 117898.32836, 12327477652.04144, 111029.17478, 0.90081, 0.64502, 0.07065, 0.28433, 0.41791, 0.58209
-4.37124, -1.70460, -1.50894, 4.92852, -2.76977, 1.88196, 187.00000, 488135.00000, 9408.00000, 93659.49733, 8396096302.45320, 91630.21501, 0.91102, 0.57970, 0.22901, 0.19128, 0.68449, 0.31551
-4.62611, -0.87126, -1.44936, 4.92550, -2.95544, 1.86947, 143.00000, 459605.00000, 11603.00000, 109182.08392, 10372260471.25170, 101844.29523, 0.94766, 0.66353, 0.11910, 0.21738, 0.62937, 0.37063
-3.92241, -2.87963, 0.78273, 4.92852, -2.50831, 1.41130, 82.00000, 446865.00000, 11208.00000, 133051.96341, 14878418860.01086, 121977.12433, 0.91102, 0.65841, 0.46938, -0.12779, 0.79268, 0.20732
-3.92241, -2.87963, -0.78273, 4.92852, -2.50831, 1.73029, 161.00000, 487597.00000, 5213.00000, 103787.23602, 11350294896.05610, 106537.76277, 0.91102, 0.52439, 0.37383, 0.10178, 0.78882, 0.21118
-3.18882, -3.75791, 0.00000, 4.92853, -2.27446, 1.57080, 78.00000, 498347.00000, 13472.00000, 128248.06410, 11506081967.64973, 107266.40652, 0.90081, 0.46930, 0.53070, 0.00000, 0.70513, 0.29487
-3.73035, -3.21637, 0.00000, 4.92550, -2.43005, 1.57080, 105.00000, 492244.00000, 8583.00000, 129369.92381, 14996277755.82277, 122459.29020, 0.94766, 0.52918, 0.47082, -0.00000, 0.85714, 0.14286
-4.83686, -0.87622, 0.00000, 4.91558, -2.96238, 1.57080, 91.00000, 456557.00000, 17036.00000, 114097.76923, 9571920086.70498, 97836.19007, 1.08598, 0.84303, 0.15697, -0.00000, 0.75824, 0.24176
-4.35121, -2.14766, -0.78579, 4.91558, -2.68310, 1.73134, 131.00000, 431287.00000, 5915.00000, 87750.48092, 6355886627.57788, 79723.81468, 1.08598, 0.60022, 0.29439, 0.10538, 0.74809, 0.25191
-4.35121, -2.14766, 0.78579, 4.91558, -2.68310, 1.41025, 77.00000, 482531.00000, 12242.00000, 122398.25974, 13230434847.38708, 115023.62734, 1.08598, 0.76051, 0.37301, -0.13352, 0.75325, 0.24675
-4.58794, -1.75244, 0.00000, 4.91123, -2.77673, 1.57080, 124.00000, 494611.00000, 11027.00000, 114653.88710, 10139470931.89048, 100694.93995, 1.14286, 0.72361, 0.27639, -0.00000, 0.72581, 0.27419
-3.75791, 0.00000, -3.18882, 4.92853, 3.14159, 2.27446, 138.00000, 484635.00000, 11768.00000, 106321.97826, 10465431495.89083, 102300.69157, 0.90081, 0.53070, -0.00000, 0.46930, 0.38406, 0.61594
-2.87963, 0.78273, -3.92241, 4.92852, 2.87619, 2.49122, 98.00000, 491907.00000, 10587.00000, 129877.38776, 12746434802.48230, 112900.10984, 0.91102, 0.46938, -0.12779, 0.65841, 0.18367, 0.81633
-2.87963, -0.78273, -3.92241, 4.92852, -2.87619, 2.49122, 151.00000, 456274.00000, 10066.00000, 117760.27815, 12921084944.28025, 113670.95031, 0.91102, 0.37383, 0.10178, 0.52439, 0.33113, 0.66887
-3.21637, 0.00000, -3.73035, 4.92550, 3.14159, 2.43005, 100.00000, 457969.00000, 15719.00000, 123125.61000, 9800186856.61790, 98995.89313, 0.94766, 0.47082, 0.00000, 0.52918, 0.26000, 0.74000
-1.70460, 1.50894, -4.37124, 4.92852, 2.41700, 2.66145, 37.00000, 442266.00000, 27783.00000, 188598.18919, 13703599178.15340, 117062.37302, 0.91102, 0.37091, -0.30980, 0.93889, 0.21622, 0.78378
-0.43315, 2.05481, -4.45876, 4.92853, 1.77855, 2.70143, 22.00000, 461707.00000, 90377.00000, 222599.18182, 10312157340.78512, 101548.79291, 0.90081, 0.16379, -0.65917, 1.49537, 0.27273, 0.72727
-0.43811, 0.72621, -4.85499, 4.92852, 2.11363, 2.96865, 36.00000, 486588.00000, 33624.00000, 177677.91667, 11662111891.35417, 107991.25840, 0.91102, 0.10419, -0.14496, 1.04077, 0.22222, 0.77778
-0.87126, 1.44936, -4.62611, 4.92550, 2.11205, 2.79113, 18.00000, 480418.00000, 46212.00000, 181674.44444, 13881415547.58025, 117819.41923, 0.94766, 0.21070, -0.38457, 1.17386, 0.11111, 0.88889
-1.70460, -1.50894, -4.37124, 4.92852, -2.41700, 2.66145, 82.00000, 495395.00000, 16650.00000, 151105.76829, 16131410024.00729, 127009.48793, 0.91102, 0.22901, 0.19128, 0.57970, 0.23171, 0.76829
-0.43811, -0.72621, -4.85499, 4.92852, -2.11363, 2.96865, 33.00000, 496157.00000, 36263.00000, 185235.72727, 15839623561.89531, 125855.56627, 0.91102, 0.08077, 0.11238, 0.80685, 0.21212, 0.78788
-0.43315, -2.05481, -4.45876, 4.92853, -1.77855, 2.70143, 30.00000, 397816.00000, 29392.00000, 146522.50000, 9136536260.78333, 95585.23035, 0.90081, 0.07065, 0.28433, 0.64502, 0.33333, 0.66667
-0.87126, -1.44936, -4.62611, 4.92550, -2.11205, 2.79113, 37.00000, 466732.00000, 24232.00000, 155461.43243, 11429459391.32651, 106908.64975, 0.94766, 0.11910, 0.21738, 0.66353, 0.27027, 0.72973
-2.14766, 0.78579, -4.35121, 4.91558, 2.79084, 2.65769, 43.00000, 480384.00000, 18704.00000, 155459.90698, 17810112413.75879, 133454.53313, 1.08598, 0.37301, -0.13352, 0.76051, 0.13953, 0.86047
-0.87622, 0.00000, -4.83686, 4.91558, 3.14159, 2.96238, 37.00000, 475254.00000, 19335.00000, 200014.37838, 21406033151.26223, 146308.00782, 1.08598, 0.15697, 0.00000, 0.84303, 0.16216, 0.83784
-2.14766, -0.78579, -4.35121, 4.91558, -2.79084, 2.65769, 79.00000, 468333.00000, 14572.00000, 135127.88608, 13455010644.68322, 115995.73546, 1.08598, 0.29439, 0.10538, 0.60022, 0.26582, 0.73418
-1.75244, 0.00000, -4.58794, 4.91123, 3.14159, 2.77673, 62.00000, 495890.00000, 19304.00000, 157189.01613, 14870635429.82232, 121945.21487, 1.14286, 0.27639, 0.00000, 0.72361, 0.24194, 0.75806
0.70086, 2.75567, -4.02561, 4.92853, 1.32174, 2.52663, 6.00000, 468500.00000, 139339.00000, 279137.00000, 15146939639.00000, 123072.90376, 0.90081, -1.86160, -6.49176, 9.35336, 0.00000, 1.00000
1.49161, 3.48430, -3.15040, 4.92852, 1.16631, 2.26428, 5.00000, 316598.00000, 66192.00000, 231225.60000, 8833031122.24000, 93984.20677, 0.91102, 0.81587, 1.82322, -1.63909, 0.20000, 0.80000
1.97536, 2.21782, -3.93313, 4.92852, 0.84316, 2.49482, 5.00000, 481288.00000, 56536.00000, 279425.80000, 28720823484.96000, 169472.19089, 0.91102, 5.51065, 6.05607, -10.56672, 0.20000, 0.80000
1.40973, 2.85909, -3.75484, 4.92550, 1.11271, 2.43770, 7.00000, 361277.00000, 83320.00000, 203040.71429, 8651075513.63265, 93011.15801, 0.94766, 3.30198, 7.02665, -9.32863, 0.14286, 0.85714
2.21782, 3.93313, -1.97536, 4.92852, 1.05736, 1.98319, 0.00000, 0.00000, 0.00000, 0.00000, 0.00000, 0.00000, 0.91102, 0.54500, 0.95092, -0.49591, 0.00000, 0.00000
2.75567, 4.02561, -0.70086, 4.92853, 0.97053, 1.71348, 0.00000, 0.00000, 0.00000, 0.00000, 0.00000, 0.00000, 0.90081, 0.46424, 0.66888, -0.13313, 0.00000, 0.00000
3.48430, 3.15040, -1.49161, 4.92852, 0.73511, 1.87827, 0.00000, 0.00000, 0.00000, 0.00000, 0.00000, 0.00000, 0.91102, 0.68893, 0.61936, -0.30829, 0.00000, 0.00000
2.85909, 3.75484, -1.40973, 4.92550, 0.92001, 1.86107, 1.00000, 456003.00000, 456003.00000, 456003.00000, 0.00000, 0.00000, 0.94766, 0.53830, 0.71466, -0.25296, 0.00000, 1.00000
3.15040, 1.49161, -3.48430, 4.92852, 0.44220, 2.35600, 3.00000, 393601.00000, 242192.00000, 324691.33333, 3913120400.22222, 62554.93906, 0.91102, 2.59457, 1.29147, -2.88604, 0.33333, 0.66667
3.93313, 1.97536, -2.21782, 4.92852, 0.46544, 2.03756, 2.00000, 410027.00000, 377891.00000, 393959.00000, 258180624.00000, 16068.00000, 0.91102, 1.05443, 0.54989, -0.60432, 0.50000, 0.50000
4.02561, 0.70086, -2.75567, 4.92853, 0.17237, 2.16413, 5.00000, 435041.00000, 170942.00000, 276698.20000, 9386778570.56000, 96885.38884, 0.90081, 1.98030, 0.39414, -1.37444, 0.20000, 0.80000
3.75484, 1.40973, -2.85909, 4.92550, 0.35916, 2.19010, 2.00000, 317940.00000, 282214.00000, 300077.00000, 319086769.00000, 17863.00000, 0.94766, 1.66465, 0.58922, -1.25387, 0.50000, 0.50000
2.20355, 3.47499, -2.68919, 4.91558, 1.00567, 2.14966, 2.00000, 384125.00000, 154896.00000, 269510.50000, 13136483610.25000, 114614.50000, 1.08598, 0.74373, 1.15838, -0.90211, 0.00000, 1.00000
3.47499, 2.68919, -2.20355, 4.91558, 0.65860, 2.03563, 2.00000, 445286.00000, 253305.00000, 349295.50000, 9214176090.25000, 95990.50000, 1.08598, 0.87972, 0.68510, -0.56481, 0.00000, 1.00000
2.68919, 2.20355, -3.47499, 4.91558, 0.68646, 2.35595, 0.00000, 0.00000, 0.00000, 0.00000, 0.00000, 0.00000, 1.08598, 1.85065, 1.52573, -2.37638, 0.00000, 0.00000
2.83550, 2.83550, -2.83550, 4.91123, 0.78540, 2.18628, 2.00000, 480310.00000, 183403.00000, 331856.50000, 22038441662.25000, 148453.50000, 1.14286, 1.00000, 1.00000, -1.00000, 0.00000, 1.00000
2.75567, -4.02561, 0.70086, 4.92853, -0.97053, 1.42811, 3.00000, 377226.00000, 119706.00000, 263930.00000, 11531028992.00000, 107382.62891, 0.90081, -6.49176, 9.35336, -1.86160, 0.33333, 0.66667
3.48430, -3.15040, 1.49161, 4.92852, -0.73511, 1.26333, 3.00000, 484805.00000, 314699.00000, 385108.33333, 5251549152.88889, 72467.57311, 0.91102, 1.82322, -1.63909, 0.81587, 0.66667, 0.33333
2.21782, -3.93313, 1.97536, 4.92852, -1.05736, 1.15840, 2.00000, 377084.00000, 329391.00000, 353237.50000, 568655562.25000, 23846.50000, 0.91102, 6.05607, -10.56672, 5.51065, 0.00000, 1.00000
2.85909, -3.75484, 1.40973, 4.92550, -0.92001, 1.28053, 0.00000, 0.00000, 0.00000, 0.00000, 0.00000, 0.00000, 0.94766, 7.02665, -9.32863, 3.30198, 0.00000, 0.00000
3.93313, -1.97536, 2.21782, 4.92852, -0.46544, 1.10403, 2.00000, 352106.00000, 222147.00000, 287126.50000, 4222335420.25000, 64979.50000, 0.91102, 0.95092, -0.49591, 0.54500, 0.50000, 0.50000
4.02561, -0.70086, 2.75567, 4.92853, -0.17237, 0.97747, 0.00000, 0.00000, 0.00000, 0.00000, 0.00000, 0.00000, 0.90081, 0.66888, -0.13313, 0.46424, 0.00000, 0.00000
3.15040, -1.49161, 3.48430, 4.92852, -0.44220, 0.78559, 0.00000, 0.00000, 0.00000, 0.00000, 0.00000, 0.00000, 0.91102, 0.61936, -0.30829, 0.68893, 0.00000, 0.00000
3.75484, -1.40973, 2.85909, 4.92550, -0.35916, 0.95149, 0.00000, 0.00000, 0.00000, 0.00000, 0.00000, 0.00000, 0.94766, 0.71466, -0.25296, 0.53830, 0.00000, 0.00000
1.49161, -3.48430, 3.15040, 4.92852, -1.16631, 0.87732, 3.00000, 438516.00000, 260800.00000, 373683.33333, 6418262726.22222, 80114.06073, 0.91102, 1.29147, -2.88604, 2.59457, 0.33333, 0.66667
1.97536, -2.21782, 3.93313, 4.92852, -0.84316, 0.64677, 1.00000, 204351.00000, 204351.00000, 204351.00000, 0.00000, 0.00000, 0.91102, 0.54989, -0.60432, 1.05443, 1.00000, 0.00000
0.70086, -2.75567, 4.02561, 4.92853, -1.32174, 0.61496, 1.00000, 326126.00000, 326126.00000, 326126.00000, 0.00000, 0.00000, 0.90081, 0.39414, -1.37444, 1.98030, 1.00000, 0.00000
1.40973, -2.85909, 3.75484, 4.92550, -1.11271, 0.70390, 1.00000, 230862.00000, 230862.00000, 230862.00000, 0.00000, 0.00000, 0.94766, 0.58922, -1.25387, 1.66465, 1.00000, 0.00000
3.47499, -2.68919, 2.20355, 4.91558, -0.65860, 1.10596, 0.00000, 0.00000, 0.00000, 0.00000, 0.00000, 0.00000, 1.08598, 1.15838, -0.90211, 0.74373, 0.00000, 0.00000
2.68919, -2.20355, 3.47499, 4.91558, -0.68646, 0.78564, 2.00000, 331829.00000, 137991.00000, 234910.00000, 9393292561.00000, 96919.00000, 1.08598, 0.68510, -0.56481, 0.87972, 1.00000, 0.00000
2.20355, -3.47499, 2.68919, 4.91558, -1.00567, 0.99193, 0.00000, 0.00000, 0.00000, 0.00000, 0.00000, 0.00000, 1.08598, 1.52573, -2.37638, 1.85065, 0.00000, 0.00000
2.83550, -2.83550, 2.83550, 4.91123, -0.78540, 0.95532, 0.00000, 0.00000, 0.00000, 0.00000, 0.00000, 0.00000, 1.14286, 1.00000, -1.00000, 1.00000, 0.00000, 0.00000
2.05481, -4.45876, 0.43315, 4.92853, -1.13896, 1.48280, 2.00000, 202138.00000, 135508.00000, 168823.00000, 1109889225.00000, 33315.00000, 0.90081, -0.98030, 2.22389, -0.24359, 0.50000, 0.50000
1.50894, -4.37124, 1.70460, 4.92852, -1.23841, 1.21764, 3.00000, 389644.00000, 315103.00000, 362263.66667, 1121690906.88889, 33491.65429, 0.91102, -1.19997, 3.63662, -1.43665, 0.66667, 0.33333
0.72621, -4.85499, 0.43811, 4.92852, -1.42232, 1.48179, 12.00000, 476630.00000, 48699.00000, 297603.50000, 17576482969.41667, 132576.32884, 0.91102, -0.18312, 1.31474, -0.13162, 0.66667, 0.33333
1.44936, -4.62611, 0.87126, 4.92550, -1.26718, 1.39297, 7.00000, 404831.00000, 66624.00000, 263358.71429, 18942771172.20408, 137632.74019, 0.94766, -0.66465, 2.02881, -0.36416, 0.85714, 0.14286
0.78273, -3.92241, 2.87963, 4.92852, -1.37383, 0.94680, 4.00000, 480154.00000, 156960.00000, 332482.00000, 20207391842.00000, 142152.70607, 0.91102, -2.08678, 10.75154, -7.66476, 0.75000, 0.25000
0.00000, -3.18882, 3.75791, 4.92853, -1.57080, 0.70366, 4.00000, 446516.00000, 89582.00000, 244896.00000, 17549874253.50000, 132475.93839, 0.90081, 0.00000, -7.64229, 8.64229, 0.50000, 0.50000
-0.78273, -3.92241, 2.87963, 4.92852, -1.76776, 0.94680, 12.00000, 360886.00000, 39875.00000, 198051.08333, 7198982389.74306, 84846.81720, 0.91102, 0.40335, 2.07817, -1.48153, 0.91667, 0.08333
0.00000, -3.73035, 3.21637, 4.92550, -1.57080, 0.85925, 5.00000, 461211.00000, 72537.00000, 227579.80000, 18920848205.76000, 137553.07414, 0.94766, -0.00000, 9.06739, -8.06739, 0.80000, 0.20000
-0.72621, -4.85499, 0.43811, 4.92852, -1.71928, 1.48179, 25.00000, 490929.00000, 37437.00000, 181557.72000, 17802947994.12160, 133427.68826, 0.91102, 0.13403, 0.96230, -0.09634, 0.76000, 0.24000
-1.50894, -4.37124, 1.70460, 4.92852, -1.90319, 1.21764, 19.00000, 485814.00000, 73821.00000, 239062.73684, 15634104893.87812, 125036.41427, 0.91102, 0.35294, 1.06961, -0.42255, 0.89474, 0.10526
-2.05481, -4.45876, 0.43315, 4.92853, -2.00263, 1.48280, 34.00000, 432566.00000, 20200.00000, 175270.52941, 16261470673.95502, 127520.47159, 0.90081, 0.33112, 0.75116, -0.08228, 0.82353, 0.17647
-1.44936, -4.62611, 0.87126, 4.92550, -1.87441, 1.39297, 22.00000, 497698.00000, 59218.00000, 188364.09091, 15583186983.90083, 124832.63589, 0.94766, 0.28534, 0.87099, -0.15634, 0.77273, 0.22727
0.78579, -4.35121, 2.14766, 4.91558, -1.39213, 1.11864, 5.00000, 402912.00000, 133860.00000, 291211.00000, 9596735934.00000, 97962.93143, 1.08598, -0.52573, 2.99442, -1.46868, 0.60000, 0.40000
-0.78579, -4.35121, 2.14766, 4.91558, -1.74946, 1.11864, 14.00000, 491074.00000, 73915.00000, 243028.78571, 16825814414.73980, 129714.35701, 1.08598, 0.25627, 1.45965, -0.71592, 0.57143, 0.42857
0.00000, -4.83686, 0.87622, 4.91558, -1.57080, 1.39159, 5.00000, 478794.00000, 116460.00000, 282162.20000, 20552480329.76000, 143361.36275, 1.08598, -0.00000, 1.22879, -0.22879, 0.60000, 0.40000
0.00000, -4.58794, 1.75244, 4.91123, -1.57080, 1.20593, 7.00000, 478111.00000, 152069.00000, 304412.85714, 14357448459.83673, 119822.57074, 1.14286, -0.00000, 1.61803, -0.61803, 0.85714, 0.14286
2.05481, -4.45876, -0.43315, 4.92853, -1.13896, 1.65880, 7.00000, 329491.00000, 137476.00000, 225788.00000, 4574923438.85714, 67638.18033, 0.90081, -0.65917, 1.49537, 0.16379, 0.71429, 0.28571
0.72621, -4.85499, -0.43811, 4.92852, -1.42232, 1.65981, 14.00000, 455696.00000, 39140.00000, 304873.50000, 20538739022.53571, 143313.42932, 0.91102, -0.14496, 1.04077, 0.10419, 0.50000, 0.50000
1.50894, -4.37124, -1.70460, 4.92852, -1.23841, 1.92396, 9.00000, 319984.00000, 83741.00000, 200653.11111, 5814702432.98765, 76254.19617, 0.91102, -0.30980, 0.93889, 0.37091, 0.55556, 0.44444
1.44936, -4.62611, -0.87126, 4.92550, -1.26718, 1.74862, 9.00000, 462642.00000, 108032.00000, 262731.77778, 11419192880.39506, 106860.62362, 0.94766, -0.38457, 1.17386, 0.21070, 0.77778, 0.22222
-0.72621, -4.85499, -0.43811, 4.92852, -1.71928, 1.65981, 34.00000, 462484.00000, 27028.00000, 147378.29412, 9144181602.26644, 95625.21426, 0.91102, 0.11238, 0.80685, 0.08077, 0.88235, 0.11765
-2.05481, -4.45876, -0.43315, 4.92853, -2.00263, 1.65880, 59.00000, 488087.00000, 31771.00000, 171050.79661, 13823448407.92474, 117573.16194, 0.90081, 0.28433, 0.64502, 0.07065, 0.76271, 0.23729
-1.50894, -4.37124, -1.70460, 4.92852, -1.90319, 1.92396, 53.00000, 463407.00000, 39849.00000, 161286.88679, 13110714212.77964, 114502.02711, 0.91102, 0.19128, 0.57970, 0.22901, 0.69811, 0.30189
-1.44936, -4.62611, -0.87126, 4.92550, -1.87441, 1.74862, 40.00000, 393447.00000, 23305.00000, 148931.30000, 9093922960.61000, 95362.06248, 0.94766, 0.21738, 0.66353, 0.11910, 0.70000, 0.30000
0.78273, -3.92241, -2.87963, 4.92852, -1.37383, 2.19479, 11.00000, 446272.00000, 62448.00000, 214850.81818, 14888291127.96694, 122017.58532, 0.91102, -0.12779, 0.65841, 0.46938, 0.27273, 0.72727
-0.78273, -3.92241, -2.87963, 4.92852, -1.76776, 2.19479, 57.00000, 477164.00000, 21016.00000, 179596.28070, 13568137265.78086, 116482.34744, 0.91102, 0.10178, 0.52439, 0.37383, 0.43860, 0.56140
0.00000, -3.18882, -3.75791, 4.92853, -1.57080, 2.43793, 29.00000, 454419.00000, 40140.00000, 213871.27586, 16182356385.64804, 127209.89107, 0.90081, 0.00000, 0.46930, 0.53070, 0.51724, 0.48276
0.00000, -3.73035, -3.21637, 4.92550, -1.57080, 2.28234, 29.00000, 485925.00000, 78784.00000, 217361.03448, 16029005935.34364, 126605.71052, 0.94766, -0.00000, 0.52918, 0.47082, 0.51724, 0.48276
0.00000, -4.83686, -0.87622, 4.91558, -1.57080, 1.75001, 18.00000, 478729.00000, 74450.00000, 241672.11111, 16281338761.09876, 127598.34937, 1.08598, -0.00000, 0.84303, 0.15697, 0.61111, 0.38889
-0.78579, -4.35121, -2.14766, 4.91558, -1.74946, 2.02296, 36.00000, 431587.00000, 31629.00000, 191958.97222, 15108469373.91589, 122916.51384, 1.08598, 0.10538, 0.60022, 0.29439, 0.55556, 0.44444
0.78579, -4.35121, -2.14766, 4.91558, -1.39213, 2.02296, 13.00000, 249358.00000, 44014.00000, 133373.53846, 4995742325.94083, 70680.56540, 1.08598, -0.13352, 0.76051, 0.37301, 0.53846, 0.46154
0.00000, -4.58794, -1.75244, 4.91123, -1.57080, 1.93566, 22.00000, 447213.00000, 36241.00000, 200433.36364, 15242406388.50414, 123460.14089, 1.14286, -0.00000, 0.72361, 0.27639, 0.40909, 0.59091
2.75567, -4.02561, -0.70086, 4.92853, -0.97053, 1.71348, 3.00000, 432864.00000, 312170.00000, 385714.33333, 2776179486.88889, 52689.46277, 0.90081, -1.37444, 1.98030, 0.39414, 0.66667, 0.33333
2.21782, -3.93313, -1.97536, 4.92852, -1.05736, 1.98319, 7.00000, 407595.00000, 104580.00000, 245516.00000, 9244700372.57143, 96149.36491, 0.91102, -0.60432, 1.05443, 0.54989, 0.28571, 0.71429
3.48430, -3.15040, -1.49161, 4.92852, -0.73511, 1.87827, 3.00000, 456913.00000, 88678.00000, 265379.33333, 22709501593.55556, 150696.72058, 0.91102, -2.88604, 2.59457, 1.29147, 0.33333, 0.66667
2.85909, -3.75484, -1.40973, 4.92550, -0.92001, 1.86107, 2.00000, 193830.00000, 169968.00000, 181899.00000, 142348761.00000, 11931.00000, 0.94766, -1.25387, 1.66465, 0.58922, 0.50000, 0.50000
1.49161, -3.48430, -3.15040, 4.92852, -1.16631, 2.26428, 12.00000, 432486.00000, 127282.00000, 294720.50000, 7112018630.91667, 84332.78503, 0.91102, -0.30829, 0.68893, 0.61936, 0.33333, 0.66667
0.70086, -2.75567, -4.02561, 4.92853, -1.32174, 2.52663, 14.00000, 470792.00000, 47595.00000, 205522.57143, 15829209810.53061, 125814.18764, 0.90081, -0.13313, 0.46424, 0.66888, 0.64286, 0.35714
1.97536, -2.21782, -3.93313, 4.92852, -0.84316, 2.49482, 8.00000, 336146.00000, 59057.00000, 203821.62500, 8146598604.73438, 90258.50987, 0.91102, -0.49591, 0.54500, 0.95092, 0.25000, 0.75000
1.40973, -2.85909, -3.75484, 4.92550, -1.11271, 2.43770, 7.00000, 408107.00000, 76517.00000, 247035.57143, 12607844705.10204, 112284.65926, 0.94766, -0.25296, 0.53830, 0.71466, 0.71429, 0.28571
3.93313, -1.97536, -2.21782, 4.92852, -0.46544, 2.03756, 3.00000, 427037.00000, 382652.00000, 406376.33333, 333031064.22222, 18249.13873, 0.91102, -10.56672, 5.51065, 6.05607, 0.00000, 1.00000
3.15040, -1.49161, -3.48430, 4.92852, -0.44220, 2.35600, 5.00000, 430388.00000, 151789.00000, 268932.00000, 10451171457.20000, 102230.97113, 0.91102, -1.63909, 0.81587, 1.82322, 0.20000, 0.80000
4.02561, -0.70086, -2.75567, 4.92853, -0.17237, 2.16413, 2.00000, 493202.00000, 334183.00000, 413692.50000, 6321760590.25000, 79509.50000, 0.90081, 9.35336, -1.86160, -6.49176, 0.50000, 0.50000
3.75484, -1.40973, -2.85909, 4.92550, -0.35916, 2.19010, 5.00000, 315198.00000, 234661.00000, 277661.00000, 853784303.60000, 29219.58767, 0.94766, -9.32863, 3.30198, 7.02665, 0.40000, 0.60000
2.20355, -3.47499, -2.68919, 4.91558, -1.00567, 2.14966, 2.00000, 152045.00000, 130899.00000, 141472.00000, 111788329.00000, 10573.00000, 1.08598, -0.56481, 0.87972, 0.68510, 0.50000, 0.50000
2.68919, -2.20355, -3.47499, 4.91558, -0.68646, 2.35595, 4.00000, 465118.00000, 142810.00000, 374517.25000, 18144966144.68750, 134703.25217, 1.08598, -0.90211, 0.74373, 1.15838, 0.00000, 1.00000
3.47499, -2.68919, -2.20355, 4.91558, -0.65860, 2.03563, 0.00000, 0.00000, 0.00000, 0.00000, 0.00000, 0.00000, 1.08598, -2.37638, 1.85065, 1.52573, 0.00000, 0.00000
2.83550, -2.83550, -2.83550, 4.91123, -0.78540, 2.18628, 8.00000, 482941.00000, 75121.00000, 286804.12500, 16508093649.85938, 128483.82641, 1.14286, -1.00000, 1.00000, 1.00000, 0.25000, 0.75000
3.18882, -3.75791, 0.00000, 4.92853, -0.86714, 1.57080, 2.00000, 431769.00000, 311463.00000, 371616.00000, 3618383409.00000, 60153.00000, 0.90081, -7.64229, 8.64229, -0.00000, 0.00000, 1.00000
3.92241, -2.87963, -0.78273, 4.92852, -0.63328, 1.73029, 4.00000, 479974.00000, 271867.00000, 404821.00000, 6924655326.50000, 83214.51392, 0.91102, 10.75154, -7.66476, -2.08678, 0.50000, 0.50000
3.92241, -2.87963, 0.78273, 4.92852, -0.63328, 1.41130, 0.00000, 0.00000, 0.00000, 0.00000, 0.00000, 0.00000, 0.91102, 2.07817, -1.48153, 0.40335, 0.00000, 0.00000
3.73035, -3.21637, 0.00000, 4.92550, -0.71154, 1.57080, 0.00000, 0.00000, 0.00000, 0.00000, 0.00000, 0.00000, 0.94766, 9.06739, -8.06739, 0.00000, 0.00000, 0.00000
4.37124, -1.70460, -1.50894, 4.92852, -0.37182, 1.88196, 1.00000, 347734.00000, 347734.00000, 347734.00000, 0.00000, 0.00000, 0.91102, 3.63662, -1.43665, -1.19997, 0.00000, 1.00000
4.45876, -0.43315, -2.05481, 4.92853, -0.09684, 2.00085, 2.00000, 495579.00000, 260829.00000, 378204.00000, 13776890625.00000, 117375.00000, 0.90081, 2.22389, -0.24359, -0.98030, 0.00000, 1.00000
4.85499, -0.43811, -0.72621, 4.92852, -0.09000, 1.71868, 0.00000, 0.00000, 0.00000, 0.00000, 0.00000, 0.00000, 0.91102, 1.31474, -0.13162, -0.18312, 0.00000, 0.00000
4.62611, -0.87126, -1.44936, 4.92550, -0.18616, 1.86947, 0.00000, 0.00000, 0.00000, 0.00000, 0.00000, 0.00000, 0.94766, 2.02881, -0.36416, -0.66465, 0.00000, 0.00000
4.37124, -1.70460, 1.50894, 4.92852, -0.37182, 1.25963, 1.00000, 485293.00000, 485293.00000, 485293.00000, 0.00000, 0.00000, 0.91102, 1.06961, -0.42255, 0.35294, 1.00000, 0.00000
4.85499, -0.43811, 0.72621, 4.92852, -0.09000, 1.42291, 1.00000, 271877.00000, 271877.00000, 271877.00000, 0.00000, 0.00000, 0.91102, 0.96230, -0.09634, 0.13403, 1.00000, 0.00000
4.45876, -0.43315, 2.05481, 4.92853, -0.09684, 1.14074, 0.00000, 0.00000, 0.00000, 0.00000, 0.00000, 0.00000, 0.90081, 0.75116, -0.08228, 0.33112, 0.00000, 0.00000
4.62611, -0.87126, 1.44936, 4.92550, -0.18616, 1.27212, 0.00000, 0.00000, 0.00000, 0.00000, 0.00000, 0.00000, 0.94766, 0.87099, -0.15634, 0.28534, 0.00000, 0.00000
4.35121, -2.14766, -0.78579, 4.91558, -0.45850, 1.73134, 2.00000, 341415.00000, 211814.00000, 276614.50000, 4199104800.25000, 64800.50000, 1.08598, 2.99442, -1.46868, -0.52573, 0.50000, 0.50000
4.83686, -0.87622, 0.00000, 4.91558, -0.17921, 1.57080, 0.00000, 0.00000, 0.00000, 0.00000, 0.00000, 0.00000, 1.08598, 1.22879, -0.22879, 0.00000, 0.00000, 0.00000
4.35121, -2.14766, 0.78579, 4.91558, -0.45850, 1.41025, 0.00000, 0.00000, 0.00000, 0.00000, 0.00000, 0.00000, 1.08598, 1.45965, -0.71592, 0.25627, 0.00000, 0.00000
4.58794, -1.75244, 0.00000, 4.91123, -0.36486, 1.57080, 0.00000, 0.00000, 0.00000, 0.00000, 0.00000, 0.00000, 1.14286, 1.61803, -0.61803, 0.00000, 0.00000, 0.00000
0.43315, -2.05481, 4.45876, 4.92853, -1.36304, 0.44016, 2.00000, 204381.00000, 109312.00000, 156846.50000, 2259528690.25000, 47534.50000, 0.90081, 0.16379, -0.65917, 1.49537, 1.00000, 0.00000
1.70460, -1.50894, 4.37124, 4.92852, -0.72459, 0.48015, 1.00000, 266348.00000, 266348.00000, 266348.00000, 0.00000, 0.00000, 0.91102, 0.37091, -0.30980, 0.93889, 1.00000, 0.00000
0.43811, -0.72621, 4.85499, 4.92852, -1.02797, 0.17295, 1.00000, 493372.00000, 493372.00000, 493372.00000, 0.00000, 0.00000, 0.91102, 0.10419, -0.14496, 1.04077, 0.00000, 1.00000
0.87126, -1.44936, 4.62611, 4.92550, -1.02954, 0.35046, 1.00000, 163699.00000, 163699.00000, 163699.00000, 0.00000, 0.00000, 0.94766, 0.21070, -0.38457, 1.17386, 1.00000, 0.00000
2.87963, -0.78273, 3.92241, 4.92852, -0.26540, 0.65037, 0.00000, 0.00000, 0.00000, 0.00000, 0.00000, 0.00000, 0.91102, 0.46938, -0.12779, 0.65841, 0.00000, 0.00000
3.75791, 0.00000, 3.18882, 4.92853, 0.00000, 0.86714, 0.00000, 0.00000, 0.00000, 0.00000, 0.00000, 0.00000, 0.90081, 0.53070, -0.00000, 0.46930, 0.00000, 0.00000
2.87963, 0.78273, 3.92241, 4.92852, 0.26540, 0.65037, 0.00000, 0.00000, 0.00000, 0.00000, 0.00000, 0.00000, 0.91102, 0.37383, 0.10178, 0.52439, 0.00000, 0.00000
3.21637, 0.00000, 3.73035, 4.92550, 0.00000, 0.71154, 1.00000, 324843.00000, 324843.00000, 324843.00000, 0.00000, 0.00000, 0.94766, 0.47082, -0.00000, 0.52918, 1.00000, 0.00000
0.43811, 0.72621, 4.85499, 4.92852, 1.02797, 0.17295, 0.00000, 0.00000, 0.00000, 0.00000, 0.00000, 0.00000, 0.91102, 0.08077, 0.11238, 0.80685, 0.00000, 0.00000
1.70460, 1.50894, 4.37124, 4.92852, 0.72459, 0.48015, 0.00000, 0.00000, 0.00000, 0.00000, 0.00000, 0.00000, 0.91102, 0.22901, 0.19128, 0.57970, 0.00000, 0.00000
0.43315, 2.05481, 4.45876, 4.92853, 1.36304, 0.44016, 1.00000, 306478.00000, 306478.00000, 306478.00000, 0.00000, 0.00000, 0.90081, 0.07065, 0.28433, 0.64502, 0.00000, 1.00000
0.87126, 1.44936, 4.62611, 4.92550, 1.02954, 0.35046, 0.00000, 0.00000, 0.00000, 0.00000, 0.00000, 0.00000, 0.94766, 0.11910, 0.21738, 0.66353, 0.00000, 0.00000
2.14766, -0.78579, 4.35121, 4.91558, -0.35075, 0.48390, 2.00000, 389777.00000, 154597.00000, 272187.00000, 13827408100.00000, 117590.00000, 1.08598, 0.37301, -0.13352, 0.76051, 0.50000, 0.50000
2.14766, 0.78579, 4.35121, 4.91558, 0.35075, 0.48390, 2.00000, 315093.00000, 176337.00000, 245715.00000, 4813306884.00000, 69378.00000, 1.08598, 0.29439, 0.10538, 0.60022, 1.00000, 0.00000
0.87622, 0.00000, 4.83686, 4.91558, 0.00000, 0.17921, 0.00000, 0.00000, 0.00000, 0.00000, 0.00000, 0.00000, 1.08598, 0.15697, -0.00000, 0.84303, 0.00000, 0.00000
1.75244, 0.00000, 4.58794, 4.91123, 0.00000, 0.36486, 1.00000, 389515.00000, 389515.00000, 389515.00000, 0.00000, 0.00000, 1.14286, 0.27639, 0.00000, 0.72361, 1.00000, 0.00000
-2.75567, -4.02561, 0.70086, 4.92853, -2.17107, 1.42811, 42.00000, 484263.00000, 31000.00000, 144800.35714, 11036611762.13435, 105055.27955, 0.90081, 0.46424, 0.66888, -0.13313, 0.80952, 0.19048
-2.21782, -3.93313, 1.97536, 4.92852, -2.08423, 1.15840, 27.00000, 443433.00000, 38734.00000, 209453.48148, 13348085527.80521, 115533.91505, 0.91102, 0.54500, 0.95092, -0.49591, 0.85185, 0.14815
-3.48430, -3.15040, 1.49161, 4.92852, -2.40648, 1.26333, 63.00000, 468264.00000, 13248.00000, 154188.57143, 14432061711.76871, 120133.51619, 0.91102, 0.68893, 0.61936, -0.30829, 0.84127, 0.15873
-2.85909, -3.75484, 1.40973, 4.92550, -2.22158, 1.28053, 32.00000, 438657.00000, 35513.00000, 160332.90625, 12634060662.77246, 112401.33746, 0.94766, 0.53830, 0.71466, -0.25296, 0.81250, 0.18750
-1.49161, -3.48430, 3.15040, 4.92852, -1.97528, 0.87732, 16.00000, 491721.00000, 86353.00000, 276297.56250, 18076195208.12109, 134447.74155, 0.91102, 0.81587, 1.82322, -1.63909, 0.87500, 0.12500
-0.70086, -2.75567, 4.02561, 4.92853, -1.81985, 0.61496, 5.00000, 410995.00000, 98362.00000, 269965.40000, 15342877715.44000, 123866.37040, 0.90081, -1.86160, -6.49176, 9.35336, 1.00000, 0.00000
-1.97536, -2.21782, 3.93313, 4.92852, -2.29844, 0.64677, 8.00000, 420705.00000, 93181.00000, 212451.50000, 12501406613.75000, 111809.68927, 0.91102, 5.51065, 6.05607, -10.56672, 0.62500, 0.37500
-1.40973, -2.85909, 3.75484, 4.92550, -2.02888, 0.70390, 11.00000, 487109.00000, 97660.00000, 233654.81818, 14192132639.60331, 119130.73759, 0.94766, 3.30198, 7.02665, -9.32863, 0.90909, 0.09091
-3.93313, -1.97536, 2.21782, 4.92852, -2.67616, 1.10403, 45.00000, 404021.00000, 29576.00000, 136328.82222, 9055716744.81284, 95161.52975, 0.91102, 1.05443, 0.54989, -0.60432, 0.80000, 0.20000
-3.15040, -1.49161, 3.48430, 4.92852, -2.69940, 0.78559, 14.00000, 458382.00000, 67528.00000, 207708.21429, 13134571762.16837, 114606.15936, 0.91102, 2.59457, 1.29147, -2.88604, 0.71429, 0.28571
-4.02561, -0.70086, 2.75567, 4.92853, -2.96922, 0.97747, 25.00000, 445256.00000, 35967.00000, 190619.12000, 12243599840.66560, 110650.80136, 0.90081, 1.98030, 0.39414, -1.37444, 0.72000, 0.28000
-3.75484, -1.40973, 2.85909, 4.92550, -2.78243, 0.95149, 24.00000, 440550.00000, 38811.00000, 205244.50000, 14596969717.08333, 120817.91969, 0.94766, 1.66465, 0.58922, -1.25387, 0.83333, 0.16667
-2.20355, -3.47499, 2.68919, 4.91558, -2.13592, 0.99193, 16.00000, 472839.00000, 47309.00000, 211982.18750, 13684448641.77734, 116980.54813, 1.08598, 0.74373, 1.15838, -0.90211, 0.81250, 0.18750
-2.68919, -2.20355, 3.47499, 4.91558, -2.45513, 0.78564, 9.00000, 421718.00000, 59730.00000, 212328.11111, 11150006602.32099, 105593.59167, 1.08598, 1.85065, 1.52573, -2.37638, 0.66667, 0.33333
-3.47499, -2.68919, 2.20355, 4.91558, -2.48299, 1.10596, 36.00000, 423966.00000, 21209.00000, 144569.63889, 9998795895.95293, 99993.97930, 1.08598, 0.87972, 0.68510, -0.56481, 0.77778, 0.22222
-2.83550, -2.83550, 2.83550, 4.91123, -2.35619, 0.95532, 21.00000, 488809.00000, 32733.00000, 183513.85714, 17688246709.26530, 132997.16805, 1.14286, 1.00000, 1.00000, -1.00000, 0.76190, 0.23810
-0.70086, -2.75567, -4.02561, 4.92853, -1.81985, 2.52663, 34.00000, 443377.00000, 41024.00000, 184643.58824, 16207945583.53633, 127310.42999, 0.90081, 0.10514, 0.36663, 0.52824, 0.38235, 0.61765
-1.49161, -3.48430, -3.15040, 4.92852, -1.97528, 2.26428, 51.00000, 455494.00000, 12872.00000, 149841.47059, 12902862618.99423, 113590.76819, 0.91102, 0.19070, 0.42617, 0.38313, 0.45098, 0.54902
-1.97536, -2.21782, -3.93313, 4.92852, -2.29844, 2.49482, 92.00000, 464101.00000, 13493.00000, 116971.80435, 10032359686.63563, 100161.66775, 0.91102, 0.24897, 0.27362, 0.47741, 0.32609, 0.67391
-1.40973, -2.85909, -3.75484, 4.92550, -2.02888, 2.43770, 54.00000, 486482.00000, 19619.00000, 140978.44444, 14204108529.39506, 119180.99064, 0.94766, 0.16798, 0.35746, 0.47456, 0.40741, 0.59259
-2.21782, -3.93313, -1.97536, 4.92852, -2.08423, 1.98319, 106.00000, 447881.00000, 20746.00000, 120158.17925, 10341398625.29806, 101692.66751, 0.91102, 0.27362, 0.47741, 0.24897, 0.61321, 0.38679
-2.75567, -4.02561, -0.70086, 4.92853, -2.17107, 1.71348, 89.00000, 466718.00000, 15649.00000, 115444.86517, 10087351418.88070, 100435.80745, 0.90081, 0.36663, 0.52824, 0.10514, 0.77528, 0.22472
-3.48430, -3.15040, -1.49161, 4.92852, -2.40648, 1.87827, 156.00000, 493202.00000, 7132.00000, 87554.83974, 7102988822.96791, 84279.23127, 0.91102, 0.42617, 0.38313, 0.19070, 0.76923, 0.23077
-2.85909, -3.75484, -1.40973, 4.92550, -2.22158, 1.86107, 107.00000, 390026.00000, 9663.00000, 101329.62617, 6217076287.93502, 78848.43872, 0.94766, 0.35746, 0.47456, 0.16798, 0.71963, 0.28037
-3.15040, -1.49161, -3.48430, 4.92852, -2.69940, 2.35600, 189.00000, 475545.00000, 5974.00000, 103888.91005, 9069617452.78027, 95234.53918, 0.91102, 0.38313, 0.19070, 0.42617, 0.31217, 0.68783
-3.93313, -1.97536, -2.21782, 4.92852, -2.67616, 2.03756, 201.00000, 459460.00000, 10798.00000, 93893.58209, 8905510041.38754, 94369.00996, 0.91102, 0.47741, 0.24897, 0.27362, 0.61194, 0.38806
-4.02561, -0.70086, -2.75567, 4.92853, -2.96922, 2.16413, 149.00000, 427603.00000, 11245.00000, 97201.14765, 7172411655.80370, 84690.09184, 0.90081, 0.52824, 0.10514, 0.36663, 0.37584, 0.62416
-3.75484, -1.40973, -2.85909, 4.92550, -2.78243, 2.19010, 154.00000, 493530.00000, 9101.00000, 105412.28571, 9916240572.68460, 99580.32222, 0.94766, 0.47456, 0.16798, 0.35746, 0.43506, 0.56494
-2.20355, -3.47499, -2.68919, 4.91558, -2.13592, 2.14966, 84.00000, 406104.00000, 12396.00000, 127512.33333, 9509863596.60318, 97518.52950, 1.08598, 0.26522, 0.41309, 0.32170, 0.61905, 0.38095
-3.47499, -2.68919, -2.20355, 4.91558, -2.48299, 2.03563, 136.00000, 441020.00000, 8194.00000, 100066.58088, 10420237789.66993, 102079.56598, 1.08598, 0.41309, 0.32170, 0.26522, 0.63235, 0.36765
-2.68919, -2.20355, -3.47499, 4.91558, -2.45513, 2.35595, 117.00000, 433349.00000, 12578.00000, 106986.01709, 9596920036.59800, 97963.87108, 1.08598, 0.32170, 0.26522, 0.41309, 0.41026, 0.58974
-2.83550, -2.83550, -2.83550, 4.91123, -2.35619, 2.18628, 108.00000, 494529.00000, 9236.00000, 130064.02778, 13807248861.76775, 117504.25040, 1.14286, 0.33333, 0.33333, 0.33333, 0.56481, 0.43519
3.75791, 0.00000, -3.18882, 4.92853, 0.00000, 2.27446, 3.00000, 478196.00000, 131102.00000, 348576.00000, 23938203464.00000, 154719.75783, 0.90081, 8.64229, 0.00000, -7.64229, 0.33333, 0.66667
2.87963, -0.78273, -3.92241, 4.92852, -0.26540, 2.49122, 8.00000, 457174.00000, 145560.00000, 355276.12500, 11153682726.35938, 105610.99718, 0.91102, -1.48153, 0.40335, 2.07817, 0.50000, 0.50000
2.87963, 0.78273, -3.92241, 4.92852, 0.26540, 2.49122, 3.00000, 300545.00000, 92032.00000, 212052.66667, 7743296429.55556, 87996.00235, 0.91102, -7.66476, -2.08678, 10.75154, 0.33333, 0.66667
3.21637, 0.00000, -3.73035, 4.92550, 0.00000, 2.43005, 1.00000, 495897.00000, 495897.00000, 495897.00000, 0.00000, 0.00000, 0.94766, -8.06739, -0.00000, 9.06739, 0.00000, 1.00000
1.70460, -1.50894, -4.37124, 4.92852, -0.72459, 2.66145, 11.00000, 497500.00000, 98218.00000, 245045.54545, 20060742842.97521, 141635.95180, 0.91102, -0.42255, 0.35294, 1.06961, 0.45455, 0.54545
0.43315, -2.05481, -4.45876, 4.92853, -1.36304, 2.70143, 30.00000, 441975.00000, 33337.00000, 164907.43333, 13326015079.91222, 115438.36052, 0.90081, -0.08228, 0.33112, 0.75116, 0.13333, 0.86667
0.43811, -0.72621, -4.85499, 4.92852, -1.02797, 2.96865, 19.00000, 478092.00000, 46407.00000, 213039.21053, 15122542057.63989, 122973.74540, 0.91102, -0.09634, 0.13403, 0.96230, 0.21053, 0.78947
0.87126, -1.44936, -4.62611, 4.92550, -1.02954, 2.79113, 23.00000, 446020.00000, 44452.00000, 225662.30435, 13731919532.29868, 117183.27326, 0.94766, -0.15634, 0.28534, 0.87099, 0.34783, 0.65217
1.70460, 1.50894, -4.37124, 4.92852, 0.72459, 2.66145, 10.00000, 429558.00000, 106432.00000, 272978.70000, 13771258416.01000, 117351.00518, 0.91102, -1.43665, -1.19997, 3.63662, 0.20000, 0.80000
0.43811, 0.72621, -4.85499, 4.92852, 1.02797, 2.96865, 27.00000, 496177.00000, 43618.00000, 191701.11111, 19916417966.91358, 141125.53974, 0.91102, -0.13162, -0.18312, 1.31474, 0.37037, 0.62963
0.43315, 2.05481, -4.45876, 4.92853, 1.36304, 2.70143, 8.00000, 481877.00000, 37277.00000, 239043.87500, 27283787268.85938, 165178.04718, 0.90081, -0.24359, -0.98030, 2.22389, 0.00000, 1.00000
0.87126, 1.44936, -4.62611, 4.92550, 1.02954, 2.79113, 13.00000, 358917.00000, 105026.00000, 220645.15385, 9303816149.97633, 96456.29140, 0.94766, -0.36416, -0.66465, 2.02881, 0.23077, 0.76923
2.14766, -0.78579, -4.35121, 4.91558, -0.35075, 2.65769, 5.00000, 310710.00000, 114889.00000, 203732.20000, 5537364323.76000, 74413.46870, 1.08598, -0.71592, 0.25627, 1.45965, 0.40000, 0.60000
0.87622, 0.00000, -4.83686, 4.91558, 0.00000, 2.96238, 12.00000, 491403.00000, 67467.00000, 226408.83333, 16893039287.30555, 129973.22527, 1.08598, -0.22879, -0.00000, 1.22879, 0.08333, 0.91667
2.14766, 0.78579, -4.35121, 4.91558, 0.35075, 2.65769, 6.00000, 488516.00000, 154211.00000, 290637.83333, 17460135959.80556, 132136.80774, 1.08598, -1.46868, -0.52573, 2.99442, 0.33333, 0.66667
1.75244, 0.00000, -4.58794, 4.91123, 0.00000, 2.77673, 7.00000, 431658.00000, 110114.00000, 247429.57143, 9718870539.95918, 98584.33212, 1.14286, -0.61803, -0.00000, 1.61803, 0.00000, 1.00000
4.45876, 0.43315, 2.05481, 4.92853, 0.09684, 1.14074, 0.00000, 0.00000, 0.00000, 0.00000, 0.00000, 0.00000, 0.90081, 0.64502, 0.07065, 0.28433, 0.00000, 0.00000
4.85499, 0.43811, 0.72621, 4.92852, 0.09000, 1.42291, 0.00000, 0.00000, 0.00000, 0.00000, 0.00000, 0.00000, 0.91102, 0.80685, 0.08077, 0.11238, 0.00000, 0.00000
4.37124, 1.70460, 1.50894, 4.92852, 0.37182, 1.25963, 0.00000, 0.00000, 0.00000, 0.00000, 0.00000, 0.00000, 0.91102, 0.57970, 0.22901, 0.19128, 0.00000, 0.00000
4.62611, 0.87126, 1.44936, 4.92550, 0.18616, 1.27212, 0.00000, 0.00000, 0.00000, 0.00000, 0.00000, 0.00000, 0.94766, 0.66353, 0.11910, 0.21738, 0.00000, 0.00000
4.85499, 0.43811, -0.72621, 4.92852, 0.09000, 1.71868, 0.00000, 0.00000, 0.00000, 0.00000, 0.00000, 0.00000, 0.91102, 1.04077, 0.10419, -0.14496, 0.00000, 0.00000
4.45876, 0.43315, -2.05481, 4.92853, 0.09684, 2.00085, 2.00000, 434130.00000, 155074.00000, 294602.00000, 19468062784.00000, 139528.00000, 0.90081, 1.49537, 0.16379, -0.65917, 0.50000, 0.50000
4.37124, 1.70460, -1.50894, 4.92852, 0.37182, 1.88196, 0.00000, 0.00000, 0.00000, 0.00000, 0.00000, 0.00000, 0.91102, 0.93889, 0.37091, -0.30980, 0.00000, 0.00000
4.62611, 0.87126, -1.44936, 4.92550, 0.18616, 1.86947, 0.00000, 0.00000, 0.00000, 0.00000, 0.00000, 0.00000, 0.94766, 1.17386, 0.21070, -0.38457, 0.00000, 0.00000
3.92241, 2.87963, 0.78273, 4.92852, 0.63328, 1.41130, 0.00000, 0.00000, 0.00000, 0.00000, 0.00000, 0.00000, 0.91102, 0.52439, 0.37383, 0.10178, 0.00000, 0.00000
3.92241, 2.87963, -0.78273, 4.92852, 0.63328, 1.73029, 0.00000, 0.00000, 0.00000, 0.00000, 0.00000, 0.00000, 0.91102, 0.65841, 0.46938, -0.12779, 0.00000, 0.00000
3.18882, 3.75791, 0.00000, 4.92853, 0.86714, 1.57080, 0.00000, 0.00000, 0.00000, 0.00000, 0.00000, 0.00000, 0.90081, 0.46930, 0.53070, 0.00000, 0.00000, 0.00000
3.73035, 3.21637, 0.00000, 4.92550, 0.71154, 1.57080, 0.00000, 0.00000, 0.00000, 0.00000, 0.00000, 0.00000, 0.94766, 0.52918, 0.47082, 0.00000, 0.00000, 0.00000
4.83686, 0.87622, 0.00000, 4.91558, 0.17921, 1.57080, 0.00000, 0.00000, 0.00000, 0.00000, 0.00000, 0.00000, 1.08598, 0.84303, 0.15697, 0.00000, 0.00000, 0.00000
4.35121, 2.14766, -0.78579, 4.91558, 0.45850, 1.73134, 0.00000, 0.00000, 0.00000, 0.00000, 0.00000, 0.00000, 1.08598, 0.76051, 0.37301, -0.13352, 0.00000, 0.00000
4.35121, 2.14766, 0.78579, 4.91558, 0.45850, 1.41025, 0.00000, 0.00000, 0.00000, 0.00000, 0.00000, 0.00000, 1.08598, 0.60022, 0.29439, 0.10538, 0.00000, 0.00000
4.58794, 1.75244, 0.00000, 4.91123, 0.36486, 1.57080, 1.00000, 333790.00000, 333790.00000, 333790.00000, 0.00000, 0.00000, 1.14286, 0.72361, 0.27639, -0.00000, 0.00000, 1.00000
