-2.75567, 4.02561, 0.70086, 4.92853, 2.17107, 1.42811, 5.00000, 412811.00000, 205503.00000, 359938.60000, 6134742737.84000, 78324.59855, 0.90081, -1.37444, 1.98030, 0.39414, 0.80000, 0.20000
-3.48430, 3.15040, 1.49161, 4.92852, 2.40648, 1.26333, 13.00000, 440975.00000, 86542.00000, 235885.61538, 14113232742.08284, 118799.12770, 0.91102, -2.88604, 2.59457, 1.29147, 0.53846, 0.46154
-2.21782, 3.93313, 1.97536, 4.92852, 2.08423, 1.15840, 13.00000, 452305.00000, 85299.00000, 254568.61538, 16432689752.69822, 128190.05325, 0.91102, -0.60432, 1.05443, 0.54989, 0.69231, 0.30769
-2.85909, 3.75484, 1.40973, 4.92550, 2.22158, 1.28053, 6.00000, 382896.00000, 72077.00000, 199908.83333, 10949628612.47222, 104640.47311, 0.94766, -1.25387, 1.66465, 0.58922, 1.00000, 0.00000
-3.93313, 1.97536, 2.21782, 4.92852, 2.67616, 1.10403, 30.00000, 472547.00000, 49292.00000, 210275.03333, 14199771294.36555, 119162.79325, 0.91102, -10.56672, 5.51065, 6.05607, 0.60000, 0.40000
-4.02561, 0.70086, 2.75567, 4.92853, 2.96922, 0.97747, 47.00000, 452884.00000, 21255.00000, 162332.31915, 13372966039.15346, 115641.54115, 0.90081, 9.35336, -1.86160, -6.49176, 0.61702, 0.38298
-3.15040, 1.49161, 3.48430, 4.92852, 2.69940, 0.78559, 39.00000, 462041.00000, 19589.00000, 164983.82051, 11911284355.22420, 109138.83065, 0.91102, -1.63909, 0.81587, 1.82322, 0.74359, 0.25641
-3.75484, 1.40973, 2.85909, 4.92550, 2.78243, 0.95149, 34.00000, 462455.00000, 17495.00000, 172691.08824, 16907327003.02163, 130028.17773, 0.94766, -9.32863, 3.30198, 7.02665, 0.61765, 0.38235
-1.49161, 3.48430, 3.15040, 4.92852, 1.97528, 0.87732, 19.00000, 408973.00000, 44709.00000, 212599.68421, 13659910892.11080, 116875.62146, 0.91102, -0.30829, 0.68893, 0.61936, 0.57895, 0.42105
-1.97536, 2.21782, 3.93313, 4.92852, 2.29844, 0.64677, 43.00000, 439115.00000, 25544.00000, 126845.41860, 8563075708.05733, 92536.88836, 0.91102, -0.49591, 0.54500, 0.95092, 0.67442, 0.32558
-0.70086, 2.75567, 4.02561, 4.92853, 1.81985, 0.61496, 29.00000, 472298.00000, 33622.00000, 216804.48276, 10056476376.52557, 100281.98431, 0.90081, -0.13313, 0.46424, 0.66888, 0.55172, 0.44828
-1.40973, 2.85909, 3.75484, 4.92550, 2.02888, 0.70390, 29.00000, 488860.00000, 46188.00000, 255126.48276, 21059143651.35315, 145117.68897, 0.94766, -0.25296, 0.53830, 0.71466, 0.58621, 0.41379
-3.47499, 2.68919, 2.20355, 4.91558, 2.48299, 1.10596, 19.00000, 412320.00000, 31211.00000, 251510.94737, 17365229436.26039, 131777.19619, 1.08598, -2.37638, 1.85065, 1.52573, 0.73684, 0.26316
-2.68919, 2.20355, 3.47499, 4.91558, 2.45513, 0.78564, 29.00000, 485554.00000, 25530.00000, 195809.72414, 14460580299.02735, 120252.15299, 1.08598, -0.90211, 0.74373, 1.15838, 0.55172, 0.44828
-2.20355, 3.47499, 2.68919, 4.91558, 2.13592, 0.99193, 14.00000, 384534.00000, 44726.00000, 210565.07143, 12385578118.06633, 111290.51226, 1.08598, -0.56481, 0.87972, 0.68510, 0.71429, 0.28571
-2.83550, 2.83550, 2.83550, 4.91123, 2.35619, 0.95532, 26.00000, 456932.00000, 39781.00000, 191348.73077, 13274533356.11982, 115215.16114, 1.14286, -1.00000, 1.00000, 1.00000, 0.69231, 0.30769
-2.05481, 4.45876, 0.43315, 4.92853, 2.00263, 1.48280, 3.00000, 353671.00000, 195449.00000, 273027.33333, 4177065014.88889, 64630.21751, 0.90081, -0.65917, 1.49537, 0.16379, 0.66667, 0.33333
-1.50894, 4.37124, 1.70460, 4.92852, 1.90319, 1.21764, 4.00000, 446495.00000, 115618.00000, 305798.25000, 14473672466.18750, 120306.57699, 0.91102, -0.30980, 0.93889, 0.37091, 0.75000, 0.25000
-0.72621, 4.85499, 0.43811, 4.92852, 1.71928, 1.48179, 2.00000, 455032.00000, 184041.00000, 319536.50000, 18359030520.25000, 135495.50000, 0.91102, -0.14496, 1.04077, 0.10419, 0.50000, 0.50000
-1.44936, 4.62611, 0.87126, 4.92550, 1.87441, 1.39297, 2.00000, 318342.00000, 174837.00000, 246589.50000, 5148421256.25000, 71752.50000, 0.94766, -0.38457, 1.17386, 0.21070, 1.00000, 0.00000
-0.78273, 3.92241, 2.87963, 4.92852, 1.76776, 0.94680, 10.00000, 484433.00000, 85774.00000, 275427.20000, 18894390026.56000, 137456.86606, 0.91102, -0.12779, 0.65841, 0.46938, 0.10000, 0.90000
0.00000, 3.18882, 3.75791, 4.92853, 1.57080, 0.70366, 16.00000, 363722.00000, 51486.00000, 214724.75000, 9880763724.81250, 99402.03079, 0.90081, -0.00000, 0.46930, 0.53070, 0.50000, 0.50000
0.78273, 3.92241, 2.87963, 4.92852, 1.37383, 0.94680, 5.00000, 423241.00000, 147835.00000, 280067.20000, 10351727188.96000, 101743.43806, 0.91102, 0.10178, 0.52439, 0.37383, 0.40000, 0.60000
0.00000, 3.73035, 3.21637, 4.92550, 1.57080, 0.85925, 10.00000, 354361.00000, 81288.00000, 192102.90000, 8682581787.29000, 93180.37233, 0.94766, -0.00000, 0.52918, 0.47082, 0.20000, 0.80000
0.72621, 4.85499, 0.43811, 4.92852, 1.42232, 1.48179, 4.00000, 452294.00000, 180632.00000, 349364.00000, 11296474419.50000, 106284.87390, 0.91102, 0.11238, 0.80685, 0.08077, 0.75000, 0.25000
1.50894, 4.37124, 1.70460, 4.92852, 1.23841, 1.21764, 5.00000, 489463.00000, 254613.00000, 419604.00000, 7330372762.40000, 85617.59610, 0.91102, 0.19128, 0.57970, 0.22901, 0.20000, 0.80000
2.05481, 4.45876, 0.43315, 4.92853, 1.13896, 1.48280, 1.00000, 254564.00000, 254564.00000, 254564.00000, 0.00000, 0.00000, 0.90081, 0.28433, 0.64502, 0.07065, 0.00000, 1.00000
1.44936, 4.62611, 0.87126, 4.92550, 1.26718, 1.39297, 1.00000, 418647.00000, 418647.00000, 418647.00000, 0.00000, 0.00000, 0.94766, 0.21738, 0.66353, 0.11910, 1.00000, 0.00000
-0.78579, 4.35121, 2.14766, 4.91558, 1.74946, 1.11864, 5.00000, 388662.00000, 158321.00000, 271392.00000, 9883686484.80000, 99416.73141, 1.08598, -0.13352, 0.76051, 0.37301, 0.60000, 0.40000
0.78579, 4.35121, 2.14766, 4.91558, 1.39213, 1.11864, 5.00000, 491779.00000, 167767.00000, 366395.00000, 14972088930.00000, 122360.48762, 1.08598, 0.10538, 0.60022, 0.29439, 1.00000, 0.00000
0.00000, 4.83686, 0.87622, 4.91558, 1.57080, 1.39159, 2.00000, 449593.00000, 372398.00000, 410995.50000, 1489767006.25000, 38597.50000, 1.08598, -0.00000, 0.84303, 0.15697, 0.00000, 1.00000
0.00000, 4.58794, 1.75244, 4.91123, 1.57080, 1.20593, 5.00000, 486554.00000, 132143.00000, 269113.20000, 14197948899.76000, 119155.14634, 1.14286, 0.00000, 0.72361, 0.27639, 0.40000, 0.60000
-2.05481, 4.45876, -0.43315, 4.92853, 2.00263, 1.65880, 1.00000, 136714.00000, 136714.00000, 136714.00000, 0.00000, 0.00000, 0.90081, -0.98030, 2.22389, -0.24359, 1.00000, 0.00000
-0.72621, 4.85499, -0.43811, 4.92852, 1.71928, 1.65981, 1.00000, 284827.00000, 284827.00000, 284827.00000, 0.00000, 0.00000, 0.91102, -0.18312, 1.31474, -0.13162, 1.00000, 0.00000
-1.50894, 4.37124, -1.70460, 4.92852, 1.90319, 1.92396, 1.00000, 292620.00000, 292620.00000, 292620.00000, 0.00000, 0.00000, 0.91102, -1.19997, 3.63662, -1.43665, 0.00000, 1.00000
-1.44936, 4.62611, -0.87126, 4.92550, 1.87441, 1.74862, 1.00000, 469679.00000, 469679.00000, 469679.00000, 0.00000, 0.00000, 0.94766, -0.66465, 2.02881, -0.36416, 0.00000, 1.00000
0.72621, 4.85499, -0.43811, 4.92852, 1.42232, 1.65981, 2.00000, 443336.00000, 215795.00000, 329565.50000, 12943726670.25000, 113770.50000, 0.91102, 0.13403, 0.96230, -0.09634, 0.00000, 1.00000
2.05481, 4.45876, -0.43315, 4.92853, 1.13896, 1.65880, 0.00000, 0.00000, 0.00000, 0.00000, 0.00000, 0.00000, 0.90081, 0.33112, 0.75116, -0.08228, 0.00000, 0.00000
1.50894, 4.37124, -1.70460, 4.92852, 1.23841, 1.92396, 1.00000, 437212.00000, 437212.00000, 437212.00000, 0.00000, 0.00000, 0.91102, 0.35294, 1.06961, -0.42255, 0.00000, 1.00000
1.44936, 4.62611, -0.87126, 4.92550, 1.26718, 1.74862, 1.00000, 359323.00000, 359323.00000, 359323.00000, 0.00000, 0.00000, 0.94766, 0.28534, 0.87099, -0.15634, 0.00000, 1.00000
-0.78273, 3.92241, -2.87963, 4.92852, 1.76776, 2.19479, 0.00000, 0.00000, 0.00000, 0.00000, 0.00000, 0.00000, 0.91102, -2.08678, 10.75154, -7.66476, 0.00000, 0.00000
0.78273, 3.92241, -2.87963, 4.92852, 1.37383, 2.19479, 0.00000, 0.00000, 0.00000, 0.00000, 0.00000, 0.00000, 0.91102, 0.40335, 2.07817, -1.48153, 0.00000, 0.00000
0.00000, 3.18882, -3.75791, 4.92853, 1.57080, 2.43793, 0.00000, 0.00000, 0.00000, 0.00000, 0.00000, 0.00000, 0.90081, -0.00000, -7.64229, 8.64229, 0.00000, 0.00000
0.00000, 3.73035, -3.21637, 4.92550, 1.57080, 2.28234, 0.00000, 0.00000, 0.00000, 0.00000, 0.00000, 0.00000, 0.94766, 0.00000, 9.06739, -8.06739, 0.00000, 0.00000
0.00000, 4.83686, -0.87622, 4.91558, 1.57080, 1.75001, 0.00000, 0.00000, 0.00000, 0.00000, 0.00000, 0.00000, 1.08598, 0.00000, 1.22879, -0.22879, 0.00000, 0.00000
0.78579, 4.35121, -2.14766, 4.91558, 1.39213, 2.02296, 0.00000, 0.00000, 0.00000, 0.00000, 0.00000, 0.00000, 1.08598, 0.25627, 1.45965, -0.71592, 0.00000, 0.00000
-0.78579, 4.35121, -2.14766, 4.91558, 1.74946, 2.02296, 1.00000, 219787.00000, 219787.00000, 219787.00000, 0.00000, 0.00000, 1.08598, -0.52573, 2.99442, -1.46868, 1.00000, 0.00000
0.00000, 4.58794, -1.75244, 4.91123, 1.57080, 1.93566, 0.00000, 0.00000, 0.00000, 0.00000, 0.00000, 0.00000, 1.14286, 0.00000, 1.61803, -0.61803, 0.00000, 0.00000
-2.75567, 4.02561, -0.70086, 4.92853, 2.17107, 1.71348, 3.00000, 492665.00000, 148194.00000, 361410.33333, 23135569041.55556, 152103.81008, 0.90081, -6.49176, 9.35336, -1.86160, 0.66667, 0.33333
-2.21782, 3.93313, -1.97536, 4.92852, 2.08423, 1.98319, 0.00000, 0.00000, 0.00000, 0.00000, 0.00000, 0.00000, 0.91102, 6.05607, -10.56672, 5.51065, 0.00000, 0.00000
-3.48430, 3.15040, -1.49161, 4.92852, 2.40648, 1.87827, 6.00000, 465666.00000, 214921.00000, 373106.83333, 6222020059.80556, 78879.78233, 0.91102, 1.82322, -1.63909, 0.81587, 0.83333, 0.16667
-2.85909, 3.75484, -1.40973, 4.92550, 2.22158, 1.86107, 3.00000, 346711.00000, 160607.00000, 282626.66667, 7450701226.88889, 86317.44451, 0.94766, 7.02665, -9.32863, 3.30198, 0.66667, 0.33333
-1.49161, 3.48430, -3.15040, 4.92852, 1.97528, 2.26428, 1.00000, 280498.00000, 280498.00000, 280498.00000, 0.00000, 0.00000, 0.91102, 1.29147, -2.88604, 2.59457, 1.00000, 0.00000
-0.70086, 2.75567, -4.02561, 4.92853, 1.81985, 2.52663, 0.00000, 0.00000, 0.00000, 0.00000, 0.00000, 0.00000, 0.90081, 0.39414, -1.37444, 1.98030, 0.00000, 0.00000
-1.97536, 2.21782, -3.93313, 4.92852, 2.29844, 2.49482, 0.00000, 0.00000, 0.00000, 0.00000, 0.00000, 0.00000, 0.91102, 0.54989, -0.60432, 1.05443, 0.00000, 0.00000
-1.40973, 2.85909, -3.75484, 4.92550, 2.02888, 2.43770, 1.00000, 227294.00000, 227294.00000, 227294.00000, 0.00000, 0.00000, 0.94766, 0.58922, -1.25387, 1.66465, 1.00000, 0.00000
-3.93313, 1.97536, -2.21782, 4.92852, 2.67616, 2.03756, 2.00000, 352044.00000, 177421.00000, 264732.50000, 7623298032.25000, 87311.50000, 0.91102, 0.95092, -0.49591, 0.54500, 1.00000, 0.00000
-3.15040, 1.49161, -3.48430, 4.92852, 2.69940, 2.35600, 1.00000, 485764.00000, 485764.00000, 485764.00000, 0.00000, 0.00000, 0.91102, 0.61936, -0.30829, 0.68893, 0.00000, 1.00000
-4.02561, 0.70086, -2.75567, 4.92853, 2.96922, 2.16413, 3.00000, 467680.00000, 306964.00000, 404423.00000, 4889827178.00000, 69927.29923, 0.90081, 0.66888, -0.13313, 0.46424, 0.66667, 0.33333
-3.75484, 1.40973, -2.85909, 4.92550, 2.78243, 2.19010, 2.00000, 374951.00000, 261520.00000, 318235.50000, 3216647940.25000, 56715.50000, 0.94766, 0.71466, -0.25296, 0.53830, 0.00000, 1.00000
-2.20355, 3.47499, -2.68919, 4.91558, 2.13592, 2.14966, 1.00000, 107548.00000, 107548.00000, 107548.00000, 0.00000, 0.00000, 1.08598, 1.52573, -2.37638, 1.85065, 1.00000, 0.00000
-2.68919, 2.20355, -3.47499, 4.91558, 2.45513, 2.35595, 0.00000, 0.00000, 0.00000, 0.00000, 0.00000, 0.00000, 1.08598, 0.68510, -0.56481, 0.87972, 0.00000, 0.00000
-3.47499, 2.68919, -2.20355, 4.91558, 2.48299, 2.03563, 1.00000, 171763.00000, 171763.00000, 171763.00000, 0.00000, 0.00000, 1.08598, 1.15838, -0.90211, 0.74373, 1.00000, 0.00000
-2.83550, 2.83550, -2.83550, 4.91123, 2.35619, 2.18628, 0.00000, 0.00000, 0.00000, 0.00000, 0.00000, 0.00000, 1.14286, 1.00000, -1.00000, 1.00000, 0.00000, 0.00000
-3.18882, 3.75791, 0.00000, 4.92853, 2.27446, 1.57080, 4.00000, 458942.00000, 275285.00000, 329668.00000, 5633212579.50000, 75054.73056, 0.90081, -7.64229, 8.64229, 0.00000, 0.50000, 0.50000
-3.92241, 2.87963, -0.78273, 4.92852, 2.50831, 1.73029, 5.00000, 377152.00000, 77477.00000, 207789.40000, 10081494228.24000, 100406.64434, 0.91102, 2.07817, -1.48153, 0.40335, 1.00000, 0.00000
-3.92241, 2.87963, 0.78273, 4.92852, 2.50831, 1.41130, 15.00000, 455112.00000, 51674.00000, 232353.86667, 13950403965.84889, 118111.82822, 0.91102, 10.75154, -7.66476, -2.08678, 0.80000, 0.20000
-3.73035, 3.21637, 0.00000, 4.92550, 2.43005, 1.57080, 7.00000, 497737.00000, 94317.00000, 292454.85714, 23684363908.12245, 153897.25114, 0.94766, 9.06739, -8.06739, -0.00000, 0.71429, 0.28571
-4.37124, 1.70460, -1.50894, 4.92852, 2.76977, 1.88196, 5.00000, 421004.00000, 155861.00000, 279218.00000, 7999261178.80000, 89438.58887, 0.91102, 1.06961, -0.42255, 0.35294, 0.20000, 0.80000
-4.45876, 0.43315, -2.05481, 4.92853, 3.04475, 2.00085, 4.00000, 362075.00000, 248411.00000, 298672.50000, 1954960560.25000, 44214.93594, 0.90081, 0.75116, -0.08228, 0.33112, 0.50000, 0.50000
-4.85499, 0.43811, -0.72621, 4.92852, 3.05160, 1.71868, 6.00000, 366318.00000, 90214.00000, 259440.16667, 7998601303.80556, 89434.89981, 0.91102, 0.96230, -0.09634, 0.13403, 0.83333, 0.16667
-4.62611, 0.87126, -1.44936, 4.92550, 2.95544, 1.86947, 3.00000, 423706.00000, 136205.00000, 295329.00000, 14248826504.66667, 119368.44853, 0.94766, 0.87099, -0.15634, 0.28534, 0.66667, 0.33333
-4.37124, 1.70460, 1.50894, 4.92852, 2.76977, 1.25963, 25.00000, 454856.00000, 45935.00000, 178308.00000, 10184756204.08000, 100919.55313, 0.91102, 3.63662, -1.43665, -1.19997, 0.76000, 0.24000
-4.85499, 0.43811, 0.72621, 4.92852, 3.05160, 1.42291, 19.00000, 365841.00000, 61123.00000, 165160.26316, 8441810515.98338, 91879.32584, 0.91102, 1.31474, -0.13162, -0.18312, 0.78947, 0.21053
-4.45876, 0.43315, 2.05481, 4.92853, 3.04475, 1.14074, 38.00000, 459422.00000, 37300.00000, 179479.34211, 15309867129.59349, 123733.04785, 0.90081, 2.22389, -0.24359, -0.98030, 0.71053, 0.28947
-4.62611, 0.87126, 1.44936, 4.92550, 2.95544, 1.27212, 15.00000, 437832.00000, 76771.00000, 221912.53333, 12831294474.11556, 113275.30390, 0.94766, 2.02881, -0.36416, -0.66465, 0.80000, 0.20000
-4.35121, 2.14766, -0.78579, 4.91558, 2.68310, 1.73134, 10.00000, 445355.00000, 95363.00000, 251449.00000, 10463181387.80000, 102289.69346, 1.08598, 1.45965, -0.71592, 0.25627, 0.80000, 0.20000
-4.83686, 0.87622, 0.00000, 4.91558, 2.96238, 1.57080, 8.00000, 424071.00000, 57250.00000, 217012.00000, 12178350987.00000, 110355.56618, 1.08598, 1.22879, -0.22879, -0.00000, 0.62500, 0.37500
-4.35121, 2.14766, 0.78579, 4.91558, 2.68310, 1.41025, 7.00000, 462897.00000, 140419.00000, 261466.71429, 11853324569.34694, 108872.97447, 1.08598, 2.99442, -1.46868, -0.52573, 0.85714, 0.14286
-4.58794, 1.75244, 0.00000, 4.91123, 2.77673, 1.57080, 6.00000, 395170.00000, 131374.00000, 218280.16667, 7289857442.13889, 85380.66199, 1.14286, 1.61803, -0.61803, -0.00000, 0.50000, 0.50000
2.75567, 4.02561, 0.70086, 4.92853, 0.97053, 1.42811, 3.00000, 197798.00000, 91555.00000, 150612.00000, 1951722828.66667, 44178.30722, 0.90081, 0.36663, 0.52824, 0.10514, 0.00000, 1.00000
2.21782, 3.93313, 1.97536, 4.92852, 1.05736, 1.15840, 4.00000, 469821.00000, 205022.00000, 339548.50000, 9045968410.25000, 95110.29603, 0.91102, 0.27362, 0.47741, 0.24897, 0.00000, 1.00000
3.48430, 3.15040, 1.49161, 4.92852, 0.73511, 1.26333, 1.00000, 439172.00000, 439172.00000, 439172.00000, 0.00000, 0.00000, 0.91102, 0.42617, 0.38313, 0.19070, 0.00000, 1.00000
2.85909, 3.75484, 1.40973, 4.92550, 0.92001, 1.28053, 3.00000, 368427.00000, 290860.00000, 321688.00000, 1129353208.66667, 33605.85081, 0.94766, 0.35746, 0.47456, 0.16798, 0.66667, 0.33333
1.49161, 3.48430, 3.15040, 4.92852, 1.16631, 0.87732, 8.00000, 468991.00000, 100969.00000, 261285.00000, 15398803751.25000, 124091.91654, 0.91102, 0.19070, 0.42617, 0.38313, 0.50000, 0.50000
0.70086, 2.75567, 4.02561, 4.92853, 1.32174, 0.61496, 19.00000, 409759.00000, 68248.00000, 224926.47368, 10099283385.09141, 100495.19086, 0.90081, 0.10514, 0.36663, 0.52824, 0.42105, 0.57895
1.97536, 2.21782, 3.93313, 4.92852, 0.84316, 0.64677, 16.00000, 498292.00000, 75778.00000, 236326.56250, 11682014631.87109, 108083.36890, 0.91102, 0.24897, 0.27362, 0.47741, 0.18750, 0.81250
1.40973, 2.85909, 3.75484, 4.92550, 1.11271, 0.70390, 8.00000, 409850.00000, 93842.00000, 189613.87500, 9056497328.35938, 95165.63102, 0.94766, 0.16798, 0.35746, 0.47456, 0.87500, 0.12500
3.93313, 1.97536, 2.21782, 4.92852, 0.46544, 1.10403, 3.00000, 472760.00000, 380893.00000, 412217.66667, 1833426970.88889, 42818.53537, 0.91102, 0.47741, 0.24897, 0.27362, 1.00000, 0.00000
3.15040, 1.49161, 3.48430, 4.92852, 0.44220, 0.78559, 12.00000, 411721.00000, 137526.00000, 224419.75000, 7342489635.18750, 85688.32847, 0.91102, 0.38313, 0.19070, 0.42617, 0.41667, 0.58333
4.02561, 0.70086, 2.75567, 4.92853, 0.17237, 0.97747, 7.00000, 486031.00000, 108648.00000, 282821.71429, 14677790003.63265, 121151.92943, 0.90081, 0.52824, 0.10514, 0.36663, 0.42857, 0.57143
3.75484, 1.40973, 2.85909, 4.92550, 0.35916, 0.95149, 11.00000, 481839.00000, 195157.00000, 354514.36364, 7468667620.95868, 86421.45348, 0.94766, 0.47456, 0.16798, 0.35746, 0.27273, 0.72727
2.20355, 3.47499, 2.68919, 4.91558, 1.00567, 0.99193, 5.00000, 371381.00000, 81304.00000, 221001.00000, 12266011509.20000, 110752.02711, 1.08598, 0.26522, 0.41309, 0.32170, 0.20000, 0.80000
2.68919, 2.20355, 3.47499, 4.91558, 0.68646, 0.78564, 8.00000, 495282.00000, 121466.00000, 275051.25000, 17573869591.68750, 132566.47235, 1.08598, 0.32170, 0.26522, 0.41309, 0.62500, 0.37500
3.47499, 2.68919, 2.20355, 4.91558, 0.65860, 1.10596, 3.00000, 419459.00000, 245625.00000, 335442.66667, 5053204326.88889, 71085.89401, 1.08598, 0.41309, 0.32170, 0.26522, 0.66667, 0.33333
2.83550, 2.83550, 2.83550, 4.91123, 0.78540, 0.95532, 6.00000, 335830.00000, 82747.00000, 229611.50000, 6676689777.58333, 81711.01381, 1.14286, 0.33333, 0.33333, 0.33333, 0.33333, 0.66667
-0.43315, 2.05481, 4.45876, 4.92853, 1.77855, 0.44016, 26.00000, 415011.00000, 21561.00000, 172414.00000, 14267242429.23077, 119445.56262, 0.90081, -0.08228, 0.33112, 0.75116, 0.53846, 0.46154
-1.70460, 1.50894, 4.37124, 4.92852, 2.41700, 0.48015, 66.00000, 409105.00000, 25330.00000, 156123.90909, 9005740099.93113, 94898.57797, 0.91102, -0.42255, 0.35294, 1.06961, 0.57576, 0.42424
-0.43811, 0.72621, 4.85499, 4.92852, 2.11363, 0.17295, 79.00000, 448712.00000, 26308.00000, 139635.34177, 10052375750.83256, 100261.53675, 0.91102, -0.09634, 0.13403, 0.96230, 0.46835, 0.53165
-0.87126, 1.44936, 4.62611, 4.92550, 2.11205, 0.35046, 40.00000, 480104.00000, 28752.00000, 173940.27500, 13708010137.74937, 117081.21172, 0.94766, -0.15634, 0.28534, 0.87099, 0.57500, 0.42500
-2.87963, 0.78273, 3.92241, 4.92852, 2.87619, 0.65037, 81.00000, 461890.00000, 14313.00000, 140240.07407, 11925433615.10563, 109203.63371, 0.91102, -1.48153, 0.40335, 2.07817, 0.67901, 0.32099
-3.75791, 0.00000, 3.18882, 4.92853, 3.14159, 0.86714, 73.00000, 453795.00000, 13150.00000, 126909.79452, 10886015480.93038, 104336.06989, 0.90081, 8.64229, -0.00000, -7.64229, 0.75342, 0.24658
-2.87963, -0.78273, 3.92241, 4.92852, -2.87619, 0.65037, 174.00000, 492228.00000, 8430.00000, 97891.83908, 9422152787.83617, 97067.77420, 0.91102, -7.66476, -2.08678, 10.75154, 0.60345, 0.39655
-3.21637, 0.00000, 3.73035, 4.92550, 3.14159, 0.71154, 82.00000, 495479.00000, 14146.00000, 122227.32927, 12429259424.85500, 111486.58854, 0.94766, -8.06739, 0.00000, 9.06739, 0.62195, 0.37805
-0.43811, -0.72621, 4.85499, 4.92852, -2.11363, 0.17295, 127.00000, 491060.00000, 11155.00000, 119726.77165, 10177029125.49904, 100881.26251, 0.91102, -0.13162, -0.18312, 1.31474, 0.45669, 0.54331
-1.70460, -1.50894, 4.37124, 4.92852, -2.41700, 0.48015, 203.00000, 499248.00000, 11419.00000, 109123.23645, 10294387619.32340, 101461.26167, 0.91102, -1.43665, -1.19997, 3.63662, 0.62069, 0.37931
-0.43315, -2.05481, 4.45876, 4.92853, -1.77855, 0.44016, 122.00000, 490200.00000, 10778.00000, 107020.69672, 9782558299.24409, 98906.81624, 0.90081, -0.24359, -0.98030, 2.22389, 0.31967, 0.68033
-0.87126, -1.44936, 4.62611, 4.92550, -2.11205, 0.35046, 147.00000, 486607.00000, 11212.00000, 117126.27891, 12955955512.50044, 113824.23078, 0.94766, -0.36416, -0.66465, 2.02881, 0.46939, 0.53061
-2.14766, 0.78579, 4.35121, 4.91558, 2.79084, 0.48390, 75.00000, 499131.00000, 16874.00000, 136446.17333, 14272951714.78329, 119469.45934, 1.08598, -0.71592, 0.25627, 1.45965, 0.57333, 0.42667
-2.14766, -0.78579, 4.35121, 4.91558, -2.79084, 0.48390, 137.00000, 484931.00000, 6978.00000, 108677.94161, 9649463494.12798, 98231.68274, 1.08598, -1.46868, -0.52573, 2.99442, 0.56934, 0.43066
-0.87622, 0.00000, 4.83686, 4.91558, 3.14159, 0.17921, 111.00000, 445214.00000, 15989.00000, 123833.42342, 9458675911.43332, 97255.72431, 1.08598, -0.22879, 0.00000, 1.22879, 0.52252, 0.47748
-1.75244, 0.00000, 4.58794, 4.91123, 3.14159, 0.36486, 118.00000, 490008.00000, 17826.00000, 130593.22881, 12003413904.05781, 109560.09266, 1.14286, -0.61803, 0.00000, 1.61803, 0.60169, 0.39831
-4.45876, -0.43315, 2.05481, 4.92853, -3.04475, 1.14074, 44.00000, 351621.00000, 32523.00000, 127577.63636, 8920621179.91322, 94449.04012, 0.90081, 1.49537, 0.16379, -0.65917, 0.75000, 0.25000
-4.85499, -0.43811, 0.72621, 4.92852, -3.05160, 1.42291, 27.00000, 452189.00000, 36596.00000, 248935.92593, 11335800489.69822, 106469.71630, 0.91102, 1.04077, 0.10419, -0.14496, 0.66667, 0.33333
-4.37124, -1.70460, 1.50894, 4.92852, -2.76977, 1.25963, 53.00000, 321984.00000, 23167.00000, 138722.43396, 5996348890.09470, 77436.09552, 0.91102, 0.93889, 0.37091, -0.30980, 0.66038, 0.33962
-4.62611, -0.87126, 1.44936, 4.92550, -2.95544, 1.27212, 33.00000, 448290.00000, 32755.00000, 172184.12121, 13774510482.95500, 117364.86051, 0.94766, 1.17386, 0.21070, -0.38457, 0.72727, 0.27273
-4.85499, -0.43811, -0.72621, 4.92852, -3.05160, 1.71868, 14.00000, 485187.00000, 62739.00000, 226520.71429, 14036191245.91837, 118474.43288, 0.91102, 0.80685, 0.08077, 0.11238, 0.71429, 0.28571
-4.45876, -0.43315, -2.05481, 4.92853, -3.04475, 2.00085, 6.00000, 434565.00000, 88013.00000, 194494.33333, 16488888497.22222, 128409.06704, 0.90081, 0.64502, 0.07065, 0.28433, 0.50000, 0.50000
-4.37124, -1.70460, -1.50894, 4.92852, -2.76977, 1.88196, 12.00000, 484898.00000, 93127.00000, 242543.41667, 11001021855.74305, 104885.75621, 0.91102, 0.57970, 0.22901, 0.19128, 0.58333, 0.41667
-4.62611, -0.87126, -1.44936, 4.92550, -2.95544, 1.86947, 10.00000, 485544.00000, 65036.00000, 189971.70000, 14346597611.81000, 119777.28337, 0.94766, 0.66353, 0.11910, 0.21738, 0.60000, 0.40000
-3.92241, -2.87963, 0.78273, 4.92852, -2.50831, 1.41130, 45.00000, 437547.00000, 46019.00000, 148443.20000, 9350327095.31556, 96697.08938, 0.91102, 0.65841, 0.46938, -0.12779, 0.68889, 0.31111
-3.92241, -2.87963, -0.78273, 4.92852, -2.50831, 1.73029, 15.00000, 499156.00000, 52664.00000, 227109.86667, 17553522788.78222, 132489.70824, 0.91102, 0.52439, 0.37383, 0.10178, 0.73333, 0.26667
-3.18882, -3.75791, 0.00000, 4.92853, -2.27446, 1.57080, 18.00000, 382987.00000, 48384.00000, 169076.44444, 8724363604.69136, 93404.30185, 0.90081, 0.46930, 0.53070, 0.00000, 0.55556, 0.44444
-3.73035, -3.21637, 0.00000, 4.92550, -2.43005, 1.57080, 19.00000, 476004.00000, 25192.00000, 180394.05263, 11647912808.78671, 107925.49656, 0.94766, 0.52918, 0.47082, -0.00000, 0.73684, 0.26316
-4.83686, -0.87622, 0.00000, 4.91558, -2.96238, 1.57080, 7.00000, 278705.00000, 78357.00000, 182901.00000, 4599007533.42857, 67815.98288, 1.08598, 0.84303, 0.15697, -0.00000, 0.42857, 0.57143
-4.35121, -2.14766, -0.78579, 4.91558, -2.68310, 1.73134, 12.00000, 450443.00000, 101864.00000, 204432.50000, 7833602723.75000, 88507.64218, 1.08598, 0.60022, 0.29439, 0.10538, 0.66667, 0.33333
-4.35121, -2.14766, 0.78579, 4.91558, -2.68310, 1.41025, 29.00000, 464538.00000, 25811.00000, 181766.89655, 12760888761.95482, 112964.10386, 1.08598, 0.76051, 0.37301, -0.13352, 0.58621, 0.41379
-4.58794, -1.75244, 0.00000, 4.91123, -2.77673, 1.57080, 19.00000, 406646.00000, 50888.00000, 211473.89474, 11403144243.04155, 106785.50577, 1.14286, 0.72361, 0.27639, -0.00000, 0.68421, 0.31579
-3.75791, 0.00000, -3.18882, 4.92853, 3.14159, 2.27446, 2.00000, 365734.00000, 108195.00000, 236964.50000, 16581584130.25000, 128769.50000, 0.90081, 0.53070, -0.00000, 0.46930, 1.00000, 0.00000
-2.87963, 0.78273, -3.92241, 4.92852, 2.87619, 2.49122, 2.00000, 463909.00000, 150741.00000, 307325.00000, 24518549056.00000, 156584.00000, 0.91102, 0.46938, -0.12779, 0.65841, 0.00000, 1.00000
-2.87963, -0.78273, -3.92241, 4.92852, -2.87619, 2.49122, 1.00000, 425188.00000, 425188.00000, 425188.00000, 0.00000, 0.00000, 0.91102, 0.37383, 0.10178, 0.52439, 1.00000, 0.00000
-3.21637, 0.00000, -3.73035, 4.92550, 3.14159, 2.43005, 4.00000, 454753.00000, 271932.00000, 369501.00000, 6591091303.50000, 81185.53629, 0.94766, 0.47082, 0.00000, 0.52918, 0.50000, 0.50000
-1.70460, 1.50894, -4.37124, 4.92852, 2.41700, 2.66145, 1.00000, 436438.00000, 436438.00000, 436438.00000, 0.00000, 0.00000, 0.91102, 0.37091, -0.30980, 0.93889, 0.00000, 1.00000
-0.43315, 2.05481, -4.45876, 4.92853, 1.77855, 2.70143, 0.00000, 0.00000, 0.00000, 0.00000, 0.00000, 0.00000, 0.90081, 0.16379, -0.65917, 1.49537, 0.00000, 0.00000
-0.43811, 0.72621, -4.85499, 4.92852, 2.11363, 2.96865, 1.00000, 163607.00000, 163607.00000, 163607.00000, 0.00000, 0.00000, 0.91102, 0.10419, -0.14496, 1.04077, 1.00000, 0.00000
-0.87126, 1.44936, -4.62611, 4.92550, 2.11205, 2.79113, 0.00000, 0.00000, 0.00000, 0.00000, 0.00000, 0.00000, 0.94766, 0.21070, -0.38457, 1.17386, 0.00000, 0.00000
-1.70460, -1.50894, -4.37124, 4.92852, -2.41700, 2.66145, 3.00000, 451059.00000, 189734.00000, 305416.33333, 11830603390.88889, 108768.57722, 0.91102, 0.22901, 0.19128, 0.57970, 1.00000, 0.00000
-0.43811, -0.72621, -4.85499, 4.92852, -2.11363, 2.96865, 1.00000, 377548.00000, 377548.00000, 377548.00000, 0.00000, 0.00000, 0.91102, 0.08077, 0.11238, 0.80685, 1.00000, 0.00000
-0.43315, -2.05481, -4.45876, 4.92853, -1.77855, 2.70143, 0.00000, 0.00000, 0.00000, 0.00000, 0.00000, 0.00000, 0.90081, 0.07065, 0.28433, 0.64502, 0.00000, 0.00000
-0.87126, -1.44936, -4.62611, 4.92550, -2.11205, 2.79113, 0.00000, 0.00000, 0.00000, 0.00000, 0.00000, 0.00000, 0.94766, 0.11910, 0.21738, 0.66353, 0.00000, 0.00000
-2.14766, 0.78579, -4.35121, 4.91558, 2.79084, 2.65769, 0.00000, 0.00000, 0.00000, 0.00000, 0.00000, 0.00000, 1.08598, 0.37301, -0.13352, 0.76051, 0.00000, 0.00000
-0.87622, 0.00000, -4.83686, 4.91558, 3.14159, 2.96238, 1.00000, 229255.00000, 229255.00000, 229255.00000, 0.00000, 0.00000, 1.08598, 0.15697, 0.00000, 0.84303, 1.00000, 0.00000
-2.14766, -0.78579, -4.35121, 4.91558, -2.79084, 2.65769, 1.00000, 367230.00000, 367230.00000, 367230.00000, 0.00000, 0.00000, 1.08598, 0.29439, 0.10538, 0.60022, 1.00000, 0.00000
-1.75244, 0.00000, -4.58794, 4.91123, 3.14159, 2.77673, 0.00000, 0.00000, 0.00000, 0.00000, 0.00000, 0.00000, 1.14286, 0.27639, 0.00000, 0.72361, 0.00000, 0.00000
0.70086, 2.75567, -4.02561, 4.92853, 1.32174, 2.52663, 1.00000, 342141.00000, 342141.00000, 342141.00000, 0.00000, 0.00000, 0.90081, -1.86160, -6.49176, 9.35336, 1.00000, 0.00000
1.49161, 3.48430, -3.15040, 4.92852, 1.16631, 2.26428, 0.00000, 0.00000, 0.00000, 0.00000, 0.00000, 0.00000, 0.91102, 0.81587, 1.82322, -1.63909, 0.00000, 0.00000
1.97536, 2.21782, -3.93313, 4.92852, 0.84316, 2.49482, 0.00000, 0.00000, 0.00000, 0.00000, 0.00000, 0.00000, 0.91102, 5.51065, 6.05607, -10.56672, 0.00000, 0.00000
1.40973, 2.85909, -3.75484, 4.92550, 1.11271, 2.43770, 0.00000, 0.00000, 0.00000, 0.00000, 0.00000, 0.00000, 0.94766, 3.30198, 7.02665, -9.32863, 0.00000, 0.00000
2.21782, 3.93313, -1.97536, 4.92852, 1.05736, 1.98319, 0.00000, 0.00000, 0.00000, 0.00000, 0.00000, 0.00000, 0.91102, 0.54500, 0.95092, -0.49591, 0.00000, 0.00000
2.75567, 4.02561, -0.70086, 4.92853, 0.97053, 1.71348, 0.00000, 0.00000, 0.00000, 0.00000, 0.00000, 0.00000, 0.90081, 0.46424, 0.66888, -0.13313, 0.00000, 0.00000
3.48430, 3.15040, -1.49161, 4.92852, 0.73511, 1.87827, 0.00000, 0.00000, 0.00000, 0.00000, 0.00000, 0.00000, 0.91102, 0.68893, 0.61936, -0.30829, 0.00000, 0.00000
2.85909, 3.75484, -1.40973, 4.92550, 0.92001, 1.86107, 0.00000, 0.00000, 0.00000, 0.00000, 0.00000, 0.00000, 0.94766, 0.53830, 0.71466, -0.25296, 0.00000, 0.00000
3.15040, 1.49161, -3.48430, 4.92852, 0.44220, 2.35600, 0.00000, 0.00000, 0.00000, 0.00000, 0.00000, 0.00000, 0.91102, 2.59457, 1.29147, -2.88604, 0.00000, 0.00000
3.93313, 1.97536, -2.21782, 4.92852, 0.46544, 2.03756, 0.00000, 0.00000, 0.00000, 0.00000, 0.00000, 0.00000, 0.91102, 1.05443, 0.54989, -0.60432, 0.00000, 0.00000
4.02561, 0.70086, -2.75567, 4.92853, 0.17237, 2.16413, 0.00000, 0.00000, 0.00000, 0.00000, 0.00000, 0.00000, 0.90081, 1.98030, 0.39414, -1.37444, 0.00000, 0.00000
3.75484, 1.40973, -2.85909, 4.92550, 0.35916, 2.19010, 0.00000, 0.00000, 0.00000, 0.00000, 0.00000, 0.00000, 0.94766, 1.66465, 0.58922, -1.25387, 0.00000, 0.00000
2.20355, 3.47499, -2.68919, 4.91558, 1.00567, 2.14966, 0.00000, 0.00000, 0.00000, 0.00000, 0.00000, 0.00000, 1.08598, 0.74373, 1.15838, -0.90211, 0.00000, 0.00000
3.47499, 2.68919, -2.20355, 4.91558, 0.65860, 2.03563, 0.00000, 0.00000, 0.00000, 0.00000, 0.00000, 0.00000, 1.08598, 0.87972, 0.68510, -0.56481, 0.00000, 0.00000
2.68919, 2.20355, -3.47499, 4.91558, 0.68646, 2.35595, 1.00000, 434787.00000, 434787.00000, 434787.00000, 0.00000, 0.00000, 1.08598, 1.85065, 1.52573, -2.37638, 0.00000, 1.00000
2.83550, 2.83550, -2.83550, 4.91123, 0.78540, 2.18628, 2.00000, 306407.00000, 241476.00000, 273941.50000, 1054008690.25000, 32465.50000, 1.14286, 1.00000, 1.00000, -1.00000, 0.00000, 1.00000
2.75567, -4.02561, 0.70086, 4.92853, -0.97053, 1.42811, 9.00000, 497096.00000, 95560.00000, 309984.55556, 18001040923.13580, 134167.95789, 0.90081, -6.49176, 9.35336, -1.86160, 0.66667, 0.33333
3.48430, -3.15040, 1.49161, 4.92852, -0.73511, 1.26333, 11.00000, 494602.00000, 78566.00000, 220320.72727, 14426767489.10744, 120111.47942, 0.91102, 1.82322, -1.63909, 0.81587, 0.18182, 0.81818
2.21782, -3.93313, 1.97536, 4.92852, -1.05736, 1.15840, 28.00000, 472798.00000, 40748.00000, 213480.78571, 13668522455.31122, 116912.45637, 0.91102, 6.05607, -10.56672, 5.51065, 0.35714, 0.64286
2.85909, -3.75484, 1.40973, 4.92550, -0.92001, 1.28053, 11.00000, 444935.00000, 106216.00000, 270422.09091, 13065813550.26446, 114305.78966, 0.94766, 7.02665, -9.32863, 3.30198, 0.45455, 0.54545
3.93313, -1.97536, 2.21782, 4.92852, -0.46544, 1.10403, 15.00000, 490547.00000, 50403.00000, 252859.66667, 15068798460.75556, 122755.03436, 0.91102, 0.95092, -0.49591, 0.54500, 0.33333, 0.66667
4.02561, -0.70086, 2.75567, 4.92853, -0.17237, 0.97747, 7.00000, 234992.00000, 104961.00000, 163570.85714, 1698920415.83673, 41217.96230, 0.90081, 0.66888, -0.13313, 0.46424, 0.14286, 0.85714
3.15040, -1.49161, 3.48430, 4.92852, -0.44220, 0.78559, 24.00000, 403470.00000, 78961.00000, 209083.83333, 9160541768.72222, 95710.71919, 0.91102, 0.61936, -0.30829, 0.68893, 0.45833, 0.54167
3.75484, -1.40973, 2.85909, 4.92550, -0.35916, 0.95149, 14.00000, 433600.00000, 73098.00000, 276292.64286, 16051092677.22959, 126692.90697, 0.94766, 0.71466, -0.25296, 0.53830, 0.42857, 0.57143
1.49161, -3.48430, 3.15040, 4.92852, -1.16631, 0.87732, 46.00000, 424564.00000, 34385.00000, 157068.13043, 12111603923.41777, 110052.73247, 0.91102, 1.29147, -2.88604, 2.59457, 0.36957, 0.63043
1.97536, -2.21782, 3.93313, 4.92852, -0.84316, 0.64677, 47.00000, 494804.00000, 40978.00000, 170277.95745, 11967044797.78542, 109393.98886, 0.91102, 0.54989, -0.60432, 1.05443, 0.36170, 0.63830
0.70086, -2.75567, 4.02561, 4.92853, -1.32174, 0.61496, 90.00000, 475864.00000, 16442.00000, 122325.34444, 8646734528.44802, 92987.81925, 0.90081, 0.39414, -1.37444, 1.98030, 0.35556, 0.64444
1.40973, -2.85909, 3.75484, 4.92550, -1.11271, 0.70390, 44.00000, 460446.00000, 24284.00000, 150447.25000, 12899421976.68750, 113575.62228, 0.94766, 0.58922, -1.25387, 1.66465, 0.38636, 0.61364
3.47499, -2.68919, 2.20355, 4.91558, -0.65860, 1.10596, 17.00000, 487766.00000, 43936.00000, 208125.64706, 16838495827.05190, 129763.22987, 1.08598, 1.15838, -0.90211, 0.74373, 0.41176, 0.58824
2.68919, -2.20355, 3.47499, 4.91558, -0.68646, 0.78564, 20.00000, 450415.00000, 37945.00000, 168881.95000, 13742759502.84750, 117229.51635, 1.08598, 0.68510, -0.56481, 0.87972, 0.35000, 0.65000
2.20355, -3.47499, 2.68919, 4.91558, -1.00567, 0.99193, 25.00000, 468027.00000, 34048.00000, 198143.96000, 11344092854.59840, 106508.65155, 1.08598, 1.52573, -2.37638, 1.85065, 0.36000, 0.64000
2.83550, -2.83550, 2.83550, 4.91123, -0.78540, 0.95532, 25.00000, 498749.00000, 35854.00000, 204166.28000, 15579839960.12160, 124819.22913, 1.14286, 1.00000, -1.00000, 1.00000, 0.44000, 0.56000
2.05481, -4.45876, 0.43315, 4.92853, -1.13896, 1.48280, 8.00000, 299472.00000, 85570.00000, 196906.25000, 4214666217.93750, 64920.46070, 0.90081, -0.98030, 2.22389, -0.24359, 0.12500, 0.87500
1.50894, -4.37124, 1.70460, 4.92852, -1.23841, 1.21764, 23.00000, 437222.00000, 33372.00000, 184704.21739, 11265869975.90926, 106140.80260, 0.91102, -1.19997, 3.63662, -1.43665, 0.47826, 0.52174
0.72621, -4.85499, 0.43811, 4.92852, -1.42232, 1.48179, 19.00000, 394999.00000, 61373.00000, 211045.26316, 11465791495.98338, 107078.43619, 0.91102, -0.18312, 1.31474, -0.13162, 0.47368, 0.52632
1.44936, -4.62611, 0.87126, 4.92550, -1.26718, 1.39297, 21.00000, 491898.00000, 54337.00000, 235067.71429, 17190925800.48980, 131114.17086, 0.94766, -0.66465, 2.02881, -0.36416, 0.42857, 0.57143
0.78273, -3.92241, 2.87963, 4.92852, -1.37383, 0.94680, 54.00000, 421215.00000, 19988.00000, 147339.87037, 12070867926.59431, 109867.50169, 0.91102, -2.08678, 10.75154, -7.66476, 0.42593, 0.57407
0.00000, -3.18882, 3.75791, 4.92853, -1.57080, 0.70366, 99.00000, 470917.00000, 20948.00000, 111382.54545, 9914384436.00551, 99571.00198, 0.90081, 0.00000, -7.64229, 8.64229, 0.43434, 0.56566
-0.78273, -3.92241, 2.87963, 4.92852, -1.76776, 0.94680, 64.00000, 465794.00000, 11024.00000, 149166.04688, 14430746493.23218, 120128.04208, 0.91102, 0.40335, 2.07817, -1.48153, 0.39062, 0.60938
0.00000, -3.73035, 3.21637, 4.92550, -1.57080, 0.85925, 74.00000, 484003.00000, 16001.00000, 130004.98649, 10771704041.41874, 103786.82017, 0.94766, -0.00000, 9.06739, -8.06739, 0.47297, 0.52703
-0.72621, -4.85499, 0.43811, 4.92852, -1.71928, 1.48179, 26.00000, 471488.00000, 51840.00000, 235218.42308, 12494597994.85947, 111779.23776, 0.91102, 0.13403, 0.96230, -0.09634, 0.38462, 0.61538
-1.50894, -4.37124, 1.70460, 4.92852, -1.90319, 1.21764, 62.00000, 466511.00000, 23276.00000, 159961.67742, 11004361916.86369, 104901.67738, 0.91102, 0.35294, 1.06961, -0.42255, 0.48387, 0.51613
-2.05481, -4.45876, 0.43315, 4.92853, -2.00263, 1.48280, 24.00000, 496415.00000, 46676.00000, 291822.70833, 20269475286.87326, 142370.90745, 0.90081, 0.33112, 0.75116, -0.08228, 0.45833, 0.54167
-1.44936, -4.62611, 0.87126, 4.92550, -1.87441, 1.39297, 40.00000, 491512.00000, 34440.00000, 203305.97500, 17280683101.12437, 131456.01204, 0.94766, 0.28534, 0.87099, -0.15634, 0.60000, 0.40000
0.78579, -4.35121, 2.14766, 4.91558, -1.39213, 1.11864, 26.00000, 471848.00000, 39055.00000, 166120.53846, 12472209873.40236, 111679.04850, 1.08598, -0.52573, 2.99442, -1.46868, 0.30769, 0.69231
-0.78579, -4.35121, 2.14766, 4.91558, -1.74946, 1.11864, 41.00000, 432917.00000, 32751.00000, 168903.00000, 11972964960.09756, 109421.04441, 1.08598, 0.25627, 1.45965, -0.71592, 0.51220, 0.48780
0.00000, -4.83686, 0.87622, 4.91558, -1.57080, 1.39159, 23.00000, 403505.00000, 74864.00000, 212009.82609, 10724241766.75237, 103557.91504, 1.08598, -0.00000, 1.22879, -0.22879, 0.30435, 0.69565
0.00000, -4.58794, 1.75244, 4.91123, -1.57080, 1.20593, 28.00000, 482784.00000, 31285.00000, 199668.60714, 17488887047.45281, 132245.55587, 1.14286, -0.00000, 1.61803, -0.61803, 0.39286, 0.60714
2.05481, -4.45876, -0.43315, 4.92853, -1.13896, 1.65880, 7.00000, 360093.00000, 137025.00000, 273859.42857, 5261535476.24490, 72536.44240, 0.90081, -0.65917, 1.49537, 0.16379, 0.57143, 0.42857
0.72621, -4.85499, -0.43811, 4.92852, -1.42232, 1.65981, 13.00000, 454042.00000, 85974.00000, 233651.15385, 14619248512.28402, 120910.08441, 0.91102, -0.14496, 1.04077, 0.10419, 0.38462, 0.61538
1.50894, -4.37124, -1.70460, 4.92852, -1.23841, 1.92396, 5.00000, 368404.00000, 95198.00000, 235858.00000, 9607747684.40000, 98019.11897, 0.91102, -0.30980, 0.93889, 0.37091, 0.60000, 0.40000
1.44936, -4.62611, -0.87126, 4.92550, -1.26718, 1.74862, 5.00000, 474410.00000, 92100.00000, 262112.00000, 16917844273.20000, 130068.61371, 0.94766, -0.38457, 1.17386, 0.21070, 0.40000, 0.60000
-0.72621, -4.85499, -0.43811, 4.92852, -1.71928, 1.65981, 14.00000, 495335.00000, 54744.00000, 220692.21429, 12863278719.02551, 113416.39528, 0.91102, 0.11238, 0.80685, 0.08077, 0.71429, 0.28571
-2.05481, -4.45876, -0.43315, 4.92853, -2.00263, 1.65880, 16.00000, 479968.00000, 78576.00000, 221465.12500, 20195716881.60938, 142111.63528, 0.90081, 0.28433, 0.64502, 0.07065, 0.37500, 0.62500
-1.50894, -4.37124, -1.70460, 4.92852, -1.90319, 1.92396, 5.00000, 467940.00000, 214438.00000, 318848.40000, 8532887816.24000, 92373.63161, 0.91102, 0.19128, 0.57970, 0.22901, 0.20000, 0.80000
-1.44936, -4.62611, -0.87126, 4.92550, -1.87441, 1.74862, 18.00000, 414332.00000, 55711.00000, 191221.27778, 12149962698.75617, 110226.86922, 0.94766, 0.21738, 0.66353, 0.11910, 0.61111, 0.38889
0.78273, -3.92241, -2.87963, 4.92852, -1.37383, 2.19479, 4.00000, 497483.00000, 292237.00000, 396235.75000, 6145919668.68750, 78395.91615, 0.91102, -0.12779, 0.65841, 0.46938, 1.00000, 0.00000
-0.78273, -3.92241, -2.87963, 4.92852, -1.76776, 2.19479, 5.00000, 395312.00000, 103376.00000, 270219.60000, 11543141295.04000, 107439.01198, 0.91102, 0.10178, 0.52439, 0.37383, 0.80000, 0.20000
0.00000, -3.18882, -3.75791, 4.92853, -1.57080, 2.43793, 1.00000, 266543.00000, 266543.00000, 266543.00000, 0.00000, 0.00000, 0.90081, 0.00000, 0.46930, 0.53070, 1.00000, 0.00000
0.00000, -3.73035, -3.21637, 4.92550, -1.57080, 2.28234, 3.00000, 430595.00000, 217930.00000, 313339.66667, 7776350280.22222, 88183.61685, 0.94766, -0.00000, 0.52918, 0.47082, 1.00000, 0.00000
0.00000, -4.83686, -0.87622, 4.91558, -1.57080, 1.75001, 3.00000, 446284.00000, 365204.00000, 402214.33333, 1120578160.22222, 33475.03787, 1.08598, -0.00000, 0.84303, 0.15697, 0.66667, 0.33333
-0.78579, -4.35121, -2.14766, 4.91558, -1.74946, 2.02296, 1.00000, 322335.00000, 322335.00000, 322335.00000, 0.00000, 0.00000, 1.08598, 0.10538, 0.60022, 0.29439, 0.00000, 1.00000
0.78579, -4.35121, -2.14766, 4.91558, -1.39213, 2.02296, 0.00000, 0.00000, 0.00000, 0.00000, 0.00000, 0.00000, 1.08598, -0.13352, 0.76051, 0.37301, 0.00000, 0.00000
0.00000, -4.58794, -1.75244, 4.91123, -1.57080, 1.93566, 4.00000, 303917.00000, 199331.00000, 244321.75000, 1573683032.68750, 39669.67397, 1.14286, -0.00000, 0.72361, 0.27639, 0.25000, 0.75000
2.75567, -4.02561, -0.70086, 4.92853, -0.97053, 1.71348, 7.00000, 490625.00000, 96197.00000, 320956.00000, 13940258530.85714, 118068.87198, 0.90081, -1.37444, 1.98030, 0.39414, 0.57143, 0.42857
2.21782, -3.93313, -1.97536, 4.92852, -1.05736, 1.98319, 3.00000, 367879.00000, 150024.00000, 251958.66667, 8007932940.22222, 89487.05460, 0.91102, -0.60432, 1.05443, 0.54989, 0.66667, 0.33333
3.48430, -3.15040, -1.49161, 4.92852, -0.73511, 1.87827, 1.00000, 116775.00000, 116775.00000, 116775.00000, 0.00000, 0.00000, 0.91102, -2.88604, 2.59457, 1.29147, 0.00000, 1.00000
2.85909, -3.75484, -1.40973, 4.92550, -0.92001, 1.86107, 6.00000, 483923.00000, 201950.00000, 325990.00000, 8618749353.66667, 92837.21966, 0.94766, -1.25387, 1.66465, 0.58922, 0.50000, 0.50000
1.49161, -3.48430, -3.15040, 4.92852, -1.16631, 2.26428, 0.00000, 0.00000, 0.00000, 0.00000, 0.00000, 0.00000, 0.91102, -0.30829, 0.68893, 0.61936, 0.00000, 0.00000
0.70086, -2.75567, -4.02561, 4.92853, -1.32174, 2.52663, 1.00000, 498034.00000, 498034.00000, 498034.00000, 0.00000, 0.00000, 0.90081, -0.13313, 0.46424, 0.66888, 0.00000, 1.00000
1.97536, -2.21782, -3.93313, 4.92852, -0.84316, 2.49482, 1.00000, 393771.00000, 393771.00000, 393771.00000, 0.00000, 0.00000, 0.91102, -0.49591, 0.54500, 0.95092, 1.00000, 0.00000
1.40973, -2.85909, -3.75484, 4.92550, -1.11271, 2.43770, 1.00000, 481663.00000, 481663.00000, 481663.00000, 0.00000, 0.00000, 0.94766, -0.25296, 0.53830, 0.71466, 0.00000, 1.00000
3.93313, -1.97536, -2.21782, 4.92852, -0.46544, 2.03756, 0.00000, 0.00000, 0.00000, 0.00000, 0.00000, 0.00000, 0.91102, -10.56672, 5.51065, 6.05607, 0.00000, 0.00000
3.15040, -1.49161, -3.48430, 4.92852, -0.44220, 2.35600, 2.00000, 446119.00000, 433671.00000, 439895.00000, 38738176.00000, 6224.00000, 0.91102, -1.63909, 0.81587, 1.82322, 1.00000, 0.00000
4.02561, -0.70086, -2.75567, 4.92853, -0.17237, 2.16413, 0.00000, 0.00000, 0.00000, 0.00000, 0.00000, 0.00000, 0.90081, 9.35336, -1.86160, -6.49176, 0.00000, 0.00000
3.75484, -1.40973, -2.85909, 4.92550, -0.35916, 2.19010, 1.00000, 361406.00000, 361406.00000, 361406.00000, 0.00000, 0.00000, 0.94766, -9.32863, 3.30198, 7.02665, 1.00000, 0.00000
2.20355, -3.47499, -2.68919, 4.91558, -1.00567, 2.14966, 2.00000, 458151.00000, 422547.00000, 440349.00000, 316911204.00000, 17802.00000, 1.08598, -0.56481, 0.87972, 0.68510, 0.50000, 0.50000
2.68919, -2.20355, -3.47499, 4.91558, -0.68646, 2.35595, 2.00000, 461349.00000, 448811.00000, 455080.00000, 39300361.00000, 6269.00000, 1.08598, -0.90211, 0.74373, 1.15838, 0.00000, 1.00000
3.47499, -2.68919, -2.20355, 4.91558, -0.65860, 2.03563, 2.00000, 438045.00000, 331578.00000, 384811.50000, 2833805522.25000, 53233.50000, 1.08598, -2.37638, 1.85065, 1.52573, 0.50000, 0.50000
2.83550, -2.83550, -2.83550, 4.91123, -0.78540, 2.18628, 0.00000, 0.00000, 0.00000, 0.00000, 0.00000, 0.00000, 1.14286, -1.00000, 1.00000, 1.00000, 0.00000, 0.00000
3.18882, -3.75791, 0.00000, 4.92853, -0.86714, 1.57080, 8.00000, 323244.00000, 72001.00000, 173205.37500, 4819243487.48438, 69420.77130, 0.90081, -7.64229, 8.64229, -0.00000, 0.12500, 0.87500
3.92241, -2.87963, -0.78273, 4.92852, -0.63328, 1.73029, 2.00000, 128014.00000, 88620.00000, 108317.00000, 387971809.00000, 19697.00000, 0.91102, 10.75154, -7.66476, -2.08678, 0.00000, 1.00000
3.92241, -2.87963, 0.78273, 4.92852, -0.63328, 1.41130, 5.00000, 361387.00000, 85751.00000, 178326.80000, 10336552113.76000, 101668.83551, 0.91102, 2.07817, -1.48153, 0.40335, 0.00000, 1.00000
3.73035, -3.21637, 0.00000, 4.92550, -0.71154, 1.57080, 5.00000, 438252.00000, 77213.00000, 304583.60000, 15935155136.24000, 126234.52434, 0.94766, 9.06739, -8.06739, 0.00000, 0.60000, 0.40000
4.37124, -1.70460, -1.50894, 4.92852, -0.37182, 1.88196, 6.00000, 422724.00000, 174989.00000, 294778.50000, 7279335484.91667, 85319.02182, 0.91102, 3.63662, -1.43665, -1.19997, 0.00000, 1.00000
4.45876, -0.43315, -2.05481, 4.92853, -0.09684, 2.00085, 0.00000, 0.00000, 0.00000, 0.00000, 0.00000, 0.00000, 0.90081, 2.22389, -0.24359, -0.98030, 0.00000, 0.00000
4.85499, -0.43811, -0.72621, 4.92852, -0.09000, 1.71868, 2.00000, 288368.00000, 178772.00000, 233570.00000, 3002820804.00000, 54798.00000, 0.91102, 1.31474, -0.13162, -0.18312, 0.00000, 1.00000
4.62611, -0.87126, -1.44936, 4.92550, -0.18616, 1.86947, 0.00000, 0.00000, 0.00000, 0.00000, 0.00000, 0.00000, 0.94766, 2.02881, -0.36416, -0.66465, 0.00000, 0.00000
4.37124, -1.70460, 1.50894, 4.92852, -0.37182, 1.25963, 9.00000, 420918.00000, 97798.00000, 239502.77778, 10599748195.28395, 102955.07853, 0.91102, 1.06961, -0.42255, 0.35294, 0.33333, 0.66667
4.85499, -0.43811, 0.72621, 4.92852, -0.09000, 1.42291, 1.00000, 438780.00000, 438780.00000, 438780.00000, 0.00000, 0.00000, 0.91102, 0.96230, -0.09634, 0.13403, 0.00000, 1.00000
4.45876, -0.43315, 2.05481, 4.92853, -0.09684, 1.14074, 6.00000, 492235.00000, 138031.00000, 291782.16667, 13842208018.80556, 117652.91335, 0.90081, 0.75116, -0.08228, 0.33112, 0.33333, 0.66667
4.62611, -0.87126, 1.44936, 4.92550, -0.18616, 1.27212, 1.00000, 452825.00000, 452825.00000, 452825.00000, 0.00000, 0.00000, 0.94766, 0.87099, -0.15634, 0.28534, 0.00000, 1.00000
4.35121, -2.14766, -0.78579, 4.91558, -0.45850, 1.73134, 0.00000, 0.00000, 0.00000, 0.00000, 0.00000, 0.00000, 1.08598, 2.99442, -1.46868, -0.52573, 0.00000, 0.00000
4.83686, -0.87622, 0.00000, 4.91558, -0.17921, 1.57080, 0.00000, 0.00000, 0.00000, 0.00000, 0.00000, 0.00000, 1.08598, 1.22879, -0.22879, 0.00000, 0.00000, 0.00000
4.35121, -2.14766, 0.78579, 4.91558, -0.45850, 1.41025, 3.00000, 372273.00000, 85356.00000, 240720.66667, 14003741090.88889, 118337.40360, 1.08598, 1.45965, -0.71592, 0.25627, 0.66667, 0.33333
4.58794, -1.75244, 0.00000, 4.91123, -0.36486, 1.57080, 2.00000, 374634.00000, 191149.00000, 282891.50000, 8416686306.25000, 91742.50000, 1.14286, 1.61803, -0.61803, 0.00000, 0.50000, 0.50000
0.43315, -2.05481, 4.45876, 4.92853, -1.36304, 0.44016, 92.00000, 449070.00000, 15643.00000, 147686.77174, 12835505764.69790, 113293.89112, 0.90081, 0.16379, -0.65917, 1.49537, 0.35870, 0.64130
1.70460, -1.50894, 4.37124, 4.92852, -0.72459, 0.48015, 57.00000, 485543.00000, 21931.00000, 163521.63158, 13564979238.33795, 116468.79083, 0.91102, 0.37091, -0.30980, 0.93889, 0.29825, 0.70175
0.43811, -0.72621, 4.85499, 4.92852, -1.02797, 0.17295, 94.00000, 390421.00000, 13333.00000, 122731.53191, 8598002344.84473, 92725.41369, 0.91102, 0.10419, -0.14496, 1.04077, 0.35106, 0.64894
0.87126, -1.44936, 4.62611, 4.92550, -1.02954, 0.35046, 72.00000, 471194.00000, 22845.00000, 155361.69444, 14329626233.29552, 119706.41684, 0.94766, 0.21070, -0.38457, 1.17386, 0.40278, 0.59722
2.87963, -0.78273, 3.92241, 4.92852, -0.26540, 0.65037, 30.00000, 414770.00000, 49106.00000, 158863.70000, 8060415331.21000, 89779.81583, 0.91102, 0.46938, -0.12779, 0.65841, 0.26667, 0.73333
3.75791, 0.00000, 3.18882, 4.92853, 0.00000, 0.86714, 9.00000, 430369.00000, 104296.00000, 262261.11111, 14073541796.98765, 118631.95942, 0.90081, 0.53070, -0.00000, 0.46930, 0.44444, 0.55556
2.87963, 0.78273, 3.92241, 4.92852, 0.26540, 0.65037, 17.00000, 499354.00000, 64936.00000, 188952.41176, 15798984153.77162, 125694.01002, 0.91102, 0.37383, 0.10178, 0.52439, 0.52941, 0.47059
3.21637, 0.00000, 3.73035, 4.92550, 0.00000, 0.71154, 17.00000, 443801.00000, 67957.00000, 204482.94118, 12508843000.29066, 111842.93898, 0.94766, 0.47082, -0.00000, 0.52918, 0.29412, 0.70588
0.43811, 0.72621, 4.85499, 4.92852, 1.02797, 0.17295, 44.00000, 437716.00000, 21575.00000, 163923.88636, 13335633685.46436, 115480.01423, 0.91102, 0.08077, 0.11238, 0.80685, 0.45455, 0.54545
1.70460, 1.50894, 4.37124, 4.92852, 0.72459, 0.48015, 21.00000, 464857.00000, 41160.00000, 192838.80952, 15889249844.53514, 126052.56778, 0.91102, 0.22901, 0.19128, 0.57970, 0.47619, 0.52381
0.43315, 2.05481, 4.45876, 4.92853, 1.36304, 0.44016, 23.00000, 449666.00000, 29996.00000, 179683.30435, 10235430229.51607, 101170.30310, 0.90081, 0.07065, 0.28433, 0.64502, 0.47826, 0.52174
0.87126, 1.44936, 4.62611, 4.92550, 1.02954, 0.35046, 30.00000, 443061.00000, 39627.00000, 196386.73333, 15423367278.52889, 124190.85022, 0.94766, 0.11910, 0.21738, 0.66353, 0.50000, 0.50000
2.14766, -0.78579, 4.35121, 4.91558, -0.35075, 0.48390, 32.00000, 418758.00000, 46697.00000, 210813.21875, 11944472367.23340, 109290.76982, 1.08598, 0.37301, -0.13352, 0.76051, 0.43750, 0.56250
2.14766, 0.78579, 4.35121, 4.91558, 0.35075, 0.48390, 18.00000, 382171.00000, 75513.00000, 207590.44444, 10332407962.80247, 101648.45283, 1.08598, 0.29439, 0.10538, 0.60022, 0.55556, 0.44444
0.87622, 0.00000, 4.83686, 4.91558, 0.00000, 0.17921, 42.00000, 354932.00000, 26842.00000, 145595.00000, 7846454674.61905, 88580.21605, 1.08598, 0.15697, -0.00000, 0.84303, 0.50000, 0.50000
1.75244, 0.00000, 4.58794, 4.91123, 0.00000, 0.36486, 32.00000, 457369.00000, 49945.00000, 201088.12500, 15549469429.42188, 124697.51172, 1.14286, 0.27639, 0.00000, 0.72361, 0.43750, 0.56250
-2.75567, -4.02561, 0.70086, 4.92853, -2.17107, 1.42811, 29.00000, 473877.00000, 30674.00000, 171450.34483, 11819445258.01903, 108717.27212, 0.90081, 0.46424, 0.66888, -0.13313, 0.55172, 0.44828
-2.21782, -3.93313, 1.97536, 4.92852, -2.08423, 1.15840, 77.00000, 464500.00000, 21594.00000, 137202.92208, 10752276144.72120, 103693.18273, 0.91102, 0.54500, 0.95092, -0.49591, 0.59740, 0.40260
-3.48430, -3.15040, 1.49161, 4.92852, -2.40648, 1.26333, 68.00000, 489072.00000, 29259.00000, 167769.39706, 14462106628.15117, 120258.49919, 0.91102, 0.68893, 0.61936, -0.30829, 0.69118, 0.30882
-2.85909, -3.75484, 1.40973, 4.92550, -2.22158, 1.28053, 41.00000, 459734.00000, 24160.00000, 148339.82927, 12024923038.33671, 109658.21008, 0.94766, 0.53830, 0.71466, -0.25296, 0.68293, 0.31707
-1.49161, -3.48430, 3.15040, 4.92852, -1.97528, 0.87732, 142.00000, 481889.00000, 12944.00000, 124924.54930, 12989116770.74053, 113969.80640, 0.91102, 0.81587, 1.82322, -1.63909, 0.57746, 0.42254
-0.70086, -2.75567, 4.02561, 4.92853, -1.81985, 0.61496, 137.00000, 426405.00000, 11393.00000, 110308.14599, 9748942705.52613, 98736.73433, 0.90081, -1.86160, -6.49176, 9.35336, 0.48175, 0.51825
-1.97536, -2.21782, 3.93313, 4.92852, -2.29844, 0.64677, 202.00000, 499521.00000, 7343.00000, 99705.03465, 9733486091.88494, 98658.43143, 0.91102, 5.51065, 6.05607, -10.56672, 0.54950, 0.45050
-1.40973, -2.85909, 3.75484, 4.92550, -2.02888, 0.70390, 132.00000, 478043.00000, 13632.00000, 96539.03788, 8634090348.06675, 92919.80601, 0.94766, 3.30198, 7.02665, -9.32863, 0.51515, 0.48485
-3.93313, -1.97536, 2.21782, 4.92852, -2.67616, 1.10403, 85.00000, 444080.00000, 11630.00000, 136127.77647, 10758170425.91474, 103721.60058, 0.91102, 1.05443, 0.54989, -0.60432, 0.72941, 0.27059
-3.15040, -1.49161, 3.48430, 4.92852, -2.69940, 0.78559, 169.00000, 470432.00000, 12837.00000, 94675.94083, 9013612090.78940, 94940.04472, 0.91102, 2.59457, 1.29147, -2.88604, 0.68047, 0.31953
-4.02561, -0.70086, 2.75567, 4.92853, -2.96922, 0.97747, 79.00000, 494806.00000, 13857.00000, 151900.69620, 15358339616.84442, 123928.76832, 0.90081, 1.98030, 0.39414, -1.37444, 0.72152, 0.27848
-3.75484, -1.40973, 2.85909, 4.92550, -2.78243, 0.95149, 103.00000, 437924.00000, 11633.00000, 117318.78641, 9729585099.58545, 98638.65925, 0.94766, 1.66465, 0.58922, -1.25387, 0.71845, 0.28155
-2.20355, -3.47499, 2.68919, 4.91558, -2.13592, 0.99193, 85.00000, 476726.00000, 11607.00000, 115403.49412, 11115814840.95585, 105431.56473, 1.08598, 0.74373, 1.15838, -0.90211, 0.54118, 0.45882
-2.68919, -2.20355, 3.47499, 4.91558, -2.45513, 0.78564, 132.00000, 473514.00000, 13498.00000, 97248.43182, 8011930204.59384, 89509.38613, 1.08598, 1.85065, 1.52573, -2.37638, 0.61364, 0.38636
-3.47499, -2.68919, 2.20355, 4.91558, -2.48299, 1.10596, 68.00000, 466559.00000, 12609.00000, 133197.35294, 13297524883.22837, 115314.89446, 1.08598, 0.87972, 0.68510, -0.56481, 0.64706, 0.35294
-2.83550, -2.83550, 2.83550, 4.91123, -2.35619, 0.95532, 106.00000, 448945.00000, 16334.00000, 104213.91509, 7908280094.66260, 88928.51115, 1.14286, 1.00000, 1.00000, -1.00000, 0.60377, 0.39623
-0.70086, -2.75567, -4.02561, 4.92853, -1.81985, 2.52663, 1.00000, 453344.00000, 453344.00000, 453344.00000, 0.00000, 0.00000, 0.90081, 0.10514, 0.36663, 0.52824, 1.00000, 0.00000
-1.49161, -3.48430, -3.15040, 4.92852, -1.97528, 2.26428, 4.00000, 397162.00000, 186696.00000, 312199.75000, 6784361801.18750, 82367.23743, 0.91102, 0.19070, 0.42617, 0.38313, 1.00000, 0.00000
-1.97536, -2.21782, -3.93313, 4.92852, -2.29844, 2.49482, 2.00000, 417132.00000, 188281.00000, 302706.50000, 13093195050.25000, 114425.50000, 0.91102, 0.24897, 0.27362, 0.47741, 1.00000, 0.00000
-1.40973, -2.85909, -3.75484, 4.92550, -2.02888, 2.43770, 0.00000, 0.00000, 0.00000, 0.00000, 0.00000, 0.00000, 0.94766, 0.16798, 0.35746, 0.47456, 0.00000, 0.00000
-2.21782, -3.93313, -1.97536, 4.92852, -2.08423, 1.98319, 9.00000, 360261.00000, 94130.00000, 208651.22222, 8135320364.17284, 90196.01080, 0.91102, 0.27362, 0.47741, 0.24897, 0.55556, 0.44444
-2.75567, -4.02561, -0.70086, 4.92853, -2.17107, 1.71348, 12.00000, 459984.00000, 110849.00000, 274642.08333, 12721611375.24306, 112790.12091, 0.90081, 0.36663, 0.52824, 0.10514, 0.41667, 0.58333
-3.48430, -3.15040, -1.49161, 4.92852, -2.40648, 1.87827, 7.00000, 447183.00000, 90226.00000, 175143.71429, 14286470855.63265, 119526.02585, 0.91102, 0.42617, 0.38313, 0.19070, 0.85714, 0.14286
-2.85909, -3.75484, -1.40973, 4.92550, -2.22158, 1.86107, 9.00000, 459897.00000, 86971.00000, 245244.77778, 12131942008.39506, 110145.09525, 0.94766, 0.35746, 0.47456, 0.16798, 0.55556, 0.44444
-3.15040, -1.49161, -3.48430, 4.92852, -2.69940, 2.35600, 3.00000, 464028.00000, 364360.00000, 397845.00000, 2190197972.66667, 46799.55099, 0.91102, 0.38313, 0.19070, 0.42617, 0.33333, 0.66667
-3.93313, -1.97536, -2.21782, 4.92852, -2.67616, 2.03756, 5.00000, 468587.00000, 165242.00000, 279281.40000, 15791688316.24000, 125664.98445, 0.91102, 0.47741, 0.24897, 0.27362, 0.80000, 0.20000
-4.02561, -0.70086, -2.75567, 4.92853, -2.96922, 2.16413, 1.00000, 447516.00000, 447516.00000, 447516.00000, 0.00000, 0.00000, 0.90081, 0.52824, 0.10514, 0.36663, 1.00000, 0.00000
-3.75484, -1.40973, -2.85909, 4.92550, -2.78243, 2.19010, 6.00000, 437717.00000, 252172.00000, 335269.50000, 5482526219.91667, 74044.08295, 0.94766, 0.47456, 0.16798, 0.35746, 1.00000, 0.00000
-2.20355, -3.47499, -2.68919, 4.91558, -2.13592, 2.14966, 3.00000, 366929.00000, 120529.00000, 230298.00000, 10479610188.66667, 102369.96722, 1.08598, 0.26522, 0.41309, 0.32170, 0.66667, 0.33333
-3.47499, -2.68919, -2.20355, 4.91558, -2.48299, 2.03563, 11.00000, 478435.00000, 75059.00000, 258645.54545, 24626338287.52066, 156927.81235, 1.08598, 0.41309, 0.32170, 0.26522, 0.72727, 0.27273
-2.68919, -2.20355, -3.47499, 4.91558, -2.45513, 2.35595, 1.00000, 466478.00000, 466478.00000, 466478.00000, 0.00000, 0.00000, 1.08598, 0.32170, 0.26522, 0.41309, 1.00000, 0.00000
-2.83550, -2.83550, -2.83550, 4.91123, -2.35619, 2.18628, 4.00000, 478853.00000, 102183.00000, 321098.25000, 23205564222.68750, 152333.72648, 1.14286, 0.33333, 0.33333, 0.33333, 0.50000, 0.50000
3.75791, 0.00000, -3.18882, 4.92853, 0.00000, 2.27446, 0.00000, 0.00000, 0.00000, 0.00000, 0.00000, 0.00000, 0.90081, 8.64229, 0.00000, -7.64229, 0.00000, 0.00000
2.87963, -0.78273, -3.92241, 4.92852, -0.26540, 2.49122, 2.00000, 452751.00000, 142789.00000, 297770.00000, 24019110361.00000, 154981.00000, 0.91102, -1.48153, 0.40335, 2.07817, 0.00000, 1.00000
2.87963, 0.78273, -3.92241, 4.92852, 0.26540, 2.49122, 1.00000, 353142.00000, 353142.00000, 353142.00000, 0.00000, 0.00000, 0.91102, -7.66476, -2.08678, 10.75154, 1.00000, 0.00000
3.21637, 0.00000, -3.73035, 4.92550, 0.00000, 2.43005, 0.00000, 0.00000, 0.00000, 0.00000, 0.00000, 0.00000, 0.94766, -8.06739, -0.00000, 9.06739, 0.00000, 0.00000
1.70460, -1.50894, -4.37124, 4.92852, -0.72459, 2.66145, 0.00000, 0.00000, 0.00000, 0.00000, 0.00000, 0.00000, 0.91102, -0.42255, 0.35294, 1.06961, 0.00000, 0.00000
0.43315, -2.05481, -4.45876, 4.92853, -1.36304, 2.70143, 1.00000, 335558.00000, 335558.00000, 335558.00000, 0.00000, 0.00000, 0.90081, -0.08228, 0.33112, 0.75116, 1.00000, 0.00000
0.43811, -0.72621, -4.85499, 4.92852, -1.02797, 2.96865, 0.00000, 0.00000, 0.00000, 0.00000, 0.00000, 0.00000, 0.91102, -0.09634, 0.13403, 0.96230, 0.00000, 0.00000
0.87126, -1.44936, -4.62611, 4.92550, -1.02954, 2.79113, 1.00000, 319378.00000, 319378.00000, 319378.00000, 0.00000, 0.00000, 0.94766, -0.15634, 0.28534, 0.87099, 1.00000, 0.00000
1.70460, 1.50894, -4.37124, 4.92852, 0.72459, 2.66145, 1.00000, 369930.00000, 369930.00000, 369930.00000, 0.00000, 0.00000, 0.91102, -1.43665, -1.19997, 3.63662, 0.00000, 1.00000
0.43811, 0.72621, -4.85499, 4.92852, 1.02797, 2.96865, 0.00000, 0.00000, 0.00000, 0.00000, 0.00000, 0.00000, 0.91102, -0.13162, -0.18312, 1.31474, 0.00000, 0.00000
0.43315, 2.05481, -4.45876, 4.92853, 1.36304, 2.70143, 0.00000, 0.00000, 0.00000, 0.00000, 0.00000, 0.00000, 0.90081, -0.24359, -0.98030, 2.22389, 0.00000, 0.00000
0.87126, 1.44936, -4.62611, 4.92550, 1.02954, 2.79113, 0.00000, 0.00000, 0.00000, 0.00000, 0.00000, 0.00000, 0.94766, -0.36416, -0.66465, 2.02881, 0.00000, 0.00000
2.14766, -0.78579, -4.35121, 4.91558, -0.35075, 2.65769, 0.00000, 0.00000, 0.00000, 0.00000, 0.00000, 0.00000, 1.08598, -0.71592, 0.25627, 1.45965, 0.00000, 0.00000
0.87622, 0.00000, -4.83686, 4.91558, 0.00000, 2.96238, 0.00000, 0.00000, 0.00000, 0.00000, 0.00000, 0.00000, 1.08598, -0.22879, -0.00000, 1.22879, 0.00000, 0.00000
2.14766, 0.78579, -4.35121, 4.91558, 0.35075, 2.65769, 0.00000, 0.00000, 0.00000, 0.00000, 0.00000, 0.00000, 1.08598, -1.46868, -0.52573, 2.99442, 0.00000, 0.00000
1.75244, 0.00000, -4.58794, 4.91123, 0.00000, 2.77673, 0.00000, 0.00000, 0.00000, 0.00000, 0.00000, 0.00000, 1.14286, -0.61803, -0.00000, 1.61803, 0.00000, 0.00000
4.45876, 0.43315, 2.05481, 4.92853, 0.09684, 1.14074, 6.00000, 410389.00000, 170387.00000, 289679.50000, 5920953351.91667, 76947.73130, 0.90081, 0.64502, 0.07065, 0.28433, 0.50000, 0.50000
4.85499, 0.43811, 0.72621, 4.92852, 0.09000, 1.42291, 3.00000, 489952.00000, 357467.00000, 417318.33333, 3007073226.88889, 54836.78717, 0.91102, 0.80685, 0.08077, 0.11238, 0.33333, 0.66667
4.37124, 1.70460, 1.50894, 4.92852, 0.37182, 1.25963, 1.00000, 339970.00000, 339970.00000, 339970.00000, 0.00000, 0.00000, 0.91102, 0.57970, 0.22901, 0.19128, 0.00000, 1.00000
4.62611, 0.87126, 1.44936, 4.92550, 0.18616, 1.27212, 2.00000, 427363.00000, 193936.00000, 310649.50000, 13622041082.25000, 116713.50000, 0.94766, 0.66353, 0.11910, 0.21738, 0.50000, 0.50000
4.85499, 0.43811, -0.72621, 4.92852, 0.09000, 1.71868, 1.00000, 157457.00000, 157457.00000, 157457.00000, 0.00000, 0.00000, 0.91102, 1.04077, 0.10419, -0.14496, 0.00000, 1.00000
4.45876, 0.43315, -2.05481, 4.92853, 0.09684, 2.00085, 0.00000, 0.00000, 0.00000, 0.00000, 0.00000, 0.00000, 0.90081, 1.49537, 0.16379, -0.65917, 0.00000, 0.00000
4.37124, 1.70460, -1.50894, 4.92852, 0.37182, 1.88196, 1.00000, 467263.00000, 467263.00000, 467263.00000, 0.00000, 0.00000, 0.91102, 0.93889, 0.37091, -0.30980, 0.00000, 1.00000
4.62611, 0.87126, -1.44936, 4.92550, 0.18616, 1.86947, 0.00000, 0.00000, 0.00000, 0.00000, 0.00000, 0.00000, 0.94766, 1.17386, 0.21070, -0.38457, 0.00000, 0.00000
3.92241, 2.87963, 0.78273, 4.92852, 0.63328, 1.41130, 2.00000, 412553.00000, 329414.00000, 370983.50000, 1728023330.25000, 41569.50000, 0.91102, 0.52439, 0.37383, 0.10178, 0.00000, 1.00000
3.92241, 2.87963, -0.78273, 4.92852, 0.63328, 1.73029, 1.00000, 494553.00000, 494553.00000, 494553.00000, 0.00000, 0.00000, 0.91102, 0.65841, 0.46938, -0.12779, 0.00000, 1.00000
3.18882, 3.75791, 0.00000, 4.92853, 0.86714, 1.57080, 0.00000, 0.00000, 0.00000, 0.00000, 0.00000, 0.00000, 0.90081, 0.46930, 0.53070, 0.00000, 0.00000, 0.00000
3.73035, 3.21637, 0.00000, 4.92550, 0.71154, 1.57080, 1.00000, 143027.00000, 143027.00000, 143027.00000, 0.00000, 0.00000, 0.94766, 0.52918, 0.47082, 0.00000, 0.00000, 1.00000
4.83686, 0.87622, 0.00000, 4.91558, 0.17921, 1.57080, 3.00000, 348246.00000, 244881.00000, 311956.66667, 2254619697.55556, 47482.83582, 1.08598, 0.84303, 0.15697, 0.00000, 0.00000, 1.00000
4.35121, 2.14766, -0.78579, 4.91558, 0.45850, 1.73134, 1.00000, 446009.00000, 446009.00000, 446009.00000, 0.00000, 0.00000, 1.08598, 0.76051, 0.37301, -0.13352, 0.00000, 1.00000
4.35121, 2.14766, 0.78579, 4.91558, 0.45850, 1.41025, 3.00000, 487401.00000, 248844.00000, 374967.66667, 9578619654.88889, 97870.42278, 1.08598, 0.60022, 0.29439, 0.10538, 0.00000, 1.00000
4.58794, 1.75244, 0.00000, 4.91123, 0.36486, 1.57080, 0.00000, 0.00000, 0.00000, 0.00000, 0.00000, 0.00000, 1.14286, 0.72361, 0.27639, -0.00000, 0.00000, 0.00000
