-2.75567, 4.02561, 0.70086, 4.92853, 2.17107, 1.42811, 5.00000, 472400.00000, 163262.00000, 330206.80000, 15107507533.76000, 122912.60120, 0.90081, -1.37444, 1.98030, 0.39414, 0.80000, 0.20000
-3.48430, 3.15040, 1.49161, 4.92852, 2.40648, 1.26333, 11.00000, 475063.00000, 100418.00000, 223738.54545, 12334723238.97521, 111061.79919, 0.91102, -2.88604, 2.59457, 1.29147, 0.90909, 0.09091
-2.21782, 3.93313, 1.97536, 4.92852, 2.08423, 1.15840, 15.00000, 475296.00000, 127238.00000, 302439.40000, 13155189341.04000, 114696.07378, 0.91102, -0.60432, 1.05443, 0.54989, 0.86667, 0.13333
-2.85909, 3.75484, 1.40973, 4.92550, 2.22158, 1.28053, 4.00000, 340843.00000, 160367.00000, 249605.50000, 5438419234.25000, 73745.63875, 0.94766, -1.25387, 1.66465, 0.58922, 1.00000, 0.00000
-3.93313, 1.97536, 2.21782, 4.92852, 2.67616, 1.10403, 19.00000, 467248.00000, 56179.00000, 221372.57895, 15232018612.34903, 123418.06437, 0.91102, -10.56672, 5.51065, 6.05607, 0.94737, 0.05263
-4.02561, 0.70086, 2.75567, 4.92853, 2.96922, 0.97747, 19.00000, 483416.00000, 50365.00000, 233996.89474, 19422267648.51523, 139363.79605, 0.90081, 9.35336, -1.86160, -6.49176, 1.00000, 0.00000
-3.15040, 1.49161, 3.48430, 4.92852, 2.69940, 0.78559, 36.00000, 392486.00000, 35760.00000, 155594.97222, 9702481646.13812, 98501.17586, 0.91102, -1.63909, 0.81587, 1.82322, 0.94444, 0.05556
-3.75484, 1.40973, 2.85909, 4.92550, 2.78243, 0.95149, 26.00000, 483961.00000, 46170.00000, 223475.11538, 16119002817.10207, 126960.63491, 0.94766, -9.32863, 3.30198, 7.02665, 0.96154, 0.03846
-1.49161, 3.48430, 3.15040, 4.92852, 1.97528, 0.87732, 26.00000, 416217.00000, 61073.00000, 213754.23077, 12559142631.71598, 112067.58065, 0.91102, -0.30829, 0.68893, 0.61936, 0.84615, 0.15385
-1.97536, 2.21782, 3.93313, 4.92852, 2.29844, 0.64677, 44.00000, 490244.00000, 42789.00000, 190703.68182, 13225991422.21694, 115004.31045, 0.91102, -0.49591, 0.54500, 0.95092, 0.93182, 0.06818
-0.70086, 2.75567, 4.02561, 4.92853, 1.81985, 0.61496, 34.00000, 497887.00000, 48009.00000, 209241.08824, 19756372613.72751, 140557.36414, 0.90081, -0.13313, 0.46424, 0.66888, 0.73529, 0.26471
-1.40973, 2.85909, 3.75484, 4.92550, 2.02888, 0.70390, 20.00000, 450883.00000, 64718.00000, 215742.05000, 15225547958.14750, 123391.84721, 0.94766, -0.25296, 0.53830, 0.71466, 0.95000, 0.05000
-3.47499, 2.68919, 2.20355, 4.91558, 2.48299, 1.10596, 12.00000, 497375.00000, 62410.00000, 260785.50000, 20206963273.58333, 142151.19864, 1.08598, -2.37638, 1.85065, 1.52573, 0.91667, 0.08333
-2.68919, 2.20355, 3.47499, 4.91558, 2.45513, 0.78564, 24.00000, 458863.00000, 67535.00000, 251606.08333, 17288636755.40972, 131486.26071, 1.08598, -0.90211, 0.74373, 1.15838, 1.00000, 0.00000
-2.20355, 3.47499, 2.68919, 4.91558, 2.13592, 0.99193, 15.00000, 370868.00000, 49085.00000, 212035.26667, 10089093516.86222, 100444.47977, 1.08598, -0.56481, 0.87972, 0.68510, 0.80000, 0.20000
-2.83550, 2.83550, 2.83550, 4.91123, 2.35619, 0.95532, 19.00000, 493838.00000, 46974.00000, 221057.89474, 21359003750.40997, 146147.19891, 1.14286, -1.00000, 1.00000, 1.00000, 0.84211, 0.15789
-2.05481, 4.45876, 0.43315, 4.92853, 2.00263, 1.48280, 2.00000, 459941.00000, 173763.00000, 316852.00000, 20474461921.00000, 143089.00000, 0.90081, -0.65917, 1.49537, 0.16379, 1.00000, 0.00000
-1.50894, 4.37124, 1.70460, 4.92852, 1.90319, 1.21764, 11.00000, 456655.00000, 88759.00000, 247058.81818, 13554751215.96694, 116424.87370, 0.91102, -0.30980, 0.93889, 0.37091, 0.81818, 0.18182
-0.72621, 4.85499, 0.43811, 4.92852, 1.71928, 1.48179, 3.00000, 254807.00000, 121984.00000, 172721.33333, 3431683889.55556, 58580.57604, 0.91102, -0.14496, 1.04077, 0.10419, 0.66667, 0.33333
-1.44936, 4.62611, 0.87126, 4.92550, 1.87441, 1.39297, 7.00000, 484452.00000, 124835.00000, 236474.42857, 11782388112.24490, 108546.70936, 0.94766, -0.38457, 1.17386, 0.21070, 0.85714, 0.14286
-0.78273, 3.92241, 2.87963, 4.92852, 1.76776, 0.94680, 12.00000, 496986.00000, 53030.00000, 176486.66667, 19898093777.22223, 141060.60321, 0.91102, -0.12779, 0.65841, 0.46938, 0.83333, 0.16667
0.00000, 3.18882, 3.75791, 4.92853, 1.57080, 0.70366, 24.00000, 492670.00000, 72918.00000, 223088.08333, 14925618055.57639, 122170.44674, 0.90081, -0.00000, 0.46930, 0.53070, 0.66667, 0.33333
0.78273, 3.92241, 2.87963, 4.92852, 1.37383, 0.94680, 16.00000, 489664.00000, 141860.00000, 325376.87500, 11253050336.35938, 106080.39563, 0.91102, 0.10178, 0.52439, 0.37383, 0.68750, 0.31250
0.00000, 3.73035, 3.21637, 4.92550, 1.57080, 0.85925, 15.00000, 450449.00000, 108127.00000, 264454.33333, 16537708353.02222, 128599.02159, 0.94766, -0.00000, 0.52918, 0.47082, 0.73333, 0.26667
0.72621, 4.85499, 0.43811, 4.92852, 1.42232, 1.48179, 8.00000, 497628.00000, 96082.00000, 292279.37500, 15778230895.48438, 125611.42820, 0.91102, 0.11238, 0.80685, 0.08077, 0.50000, 0.50000
1.50894, 4.37124, 1.70460, 4.92852, 1.23841, 1.21764, 10.00000, 451127.00000, 141153.00000, 322752.00000, 8035183540.60000, 89639.18530, 0.91102, 0.19128, 0.57970, 0.22901, 0.60000, 0.40000
2.05481, 4.45876, 0.43315, 4.92853, 1.13896, 1.48280, 6.00000, 484083.00000, 101225.00000, 325576.00000, 23801188021.33333, 154276.33656, 0.90081, 0.28433, 0.64502, 0.07065, 0.16667, 0.83333
1.44936, 4.62611, 0.87126, 4.92550, 1.26718, 1.39297, 5.00000, 424696.00000, 280591.00000, 356493.80000, 2270199694.16000, 47646.61262, 0.94766, 0.21738, 0.66353, 0.11910, 0.40000, 0.60000
-0.78579, 4.35121, 2.14766, 4.91558, 1.74946, 1.11864, 9.00000, 462190.00000, 151282.00000, 311272.44444, 14066306234.24691, 118601.45966, 1.08598, -0.13352, 0.76051, 0.37301, 0.88889, 0.11111
0.78579, 4.35121, 2.14766, 4.91558, 1.39213, 1.11864, 4.00000, 389349.00000, 92323.00000, 268718.50000, 15596343055.25000, 124885.31961, 1.08598, 0.10538, 0.60022, 0.29439, 0.75000, 0.25000
0.00000, 4.83686, 0.87622, 4.91558, 1.57080, 1.39159, 0.00000, 0.00000, 0.00000, 0.00000, 0.00000, 0.00000, 1.08598, -0.00000, 0.84303, 0.15697, 0.00000, 0.00000
0.00000, 4.58794, 1.75244, 4.91123, 1.57080, 1.20593, 6.00000, 483612.00000, 97438.00000, 295287.16667, 23214744596.47222, 152363.85594, 1.14286, 0.00000, 0.72361, 0.27639, 0.50000, 0.50000
-2.05481, 4.45876, -0.43315, 4.92853, 2.00263, 1.65880, 6.00000, 486075.00000, 186698.00000, 393234.83333, 10742431206.80556, 103645.70038, 0.90081, -0.98030, 2.22389, -0.24359, 0.66667, 0.33333
-0.72621, 4.85499, -0.43811, 4.92852, 1.71928, 1.65981, 0.00000, 0.00000, 0.00000, 0.00000, 0.00000, 0.00000, 0.91102, -0.18312, 1.31474, -0.13162, 0.00000, 0.00000
-1.50894, 4.37124, -1.70460, 4.92852, 1.90319, 1.92396, 1.00000, 200584.00000, 200584.00000, 200584.00000, 0.00000, 0.00000, 0.91102, -1.19997, 3.63662, -1.43665, 1.00000, 0.00000
-1.44936, 4.62611, -0.87126, 4.92550, 1.87441, 1.74862, 0.00000, 0.00000, 0.00000, 0.00000, 0.00000, 0.00000, 0.94766, -0.66465, 2.02881, -0.36416, 0.00000, 0.00000
0.72621, 4.85499, -0.43811, 4.92852, 1.42232, 1.65981, 3.00000, 382773.00000, 306333.00000, 355918.66667, 1232202357.55556, 35102.74003, 0.91102, 0.13403, 0.96230, -0.09634, 0.66667, 0.33333
2.05481, 4.45876, -0.43315, 4.92853, 1.13896, 1.65880, 2.00000, 487453.00000, 435893.00000, 461673.00000, 664608400.00000, 25780.00000, 0.90081, 0.33112, 0.75116, -0.08228, 1.00000, 0.00000
1.50894, 4.37124, -1.70460, 4.92852, 1.23841, 1.92396, 1.00000, 455335.00000, 455335.00000, 455335.00000, 0.00000, 0.00000, 0.91102, 0.35294, 1.06961, -0.42255, 1.00000, 0.00000
1.44936, 4.62611, -0.87126, 4.92550, 1.26718, 1.74862, 1.00000, 163611.00000, 163611.00000, 163611.00000, 0.00000, 0.00000, 0.94766, 0.28534, 0.87099, -0.15634, 1.00000, 0.00000
-0.78273, 3.92241, -2.87963, 4.92852, 1.76776, 2.19479, 1.00000, 365703.00000, 365703.00000, 365703.00000, 0.00000, 0.00000, 0.91102, -2.08678, 10.75154, -7.66476, 0.00000, 1.00000
0.78273, 3.92241, -2.87963, 4.92852, 1.37383, 2.19479, 1.00000, 413800.00000, 413800.00000, 413800.00000, 0.00000, 0.00000, 0.91102, 0.40335, 2.07817, -1.48153, 1.00000, 0.00000
0.00000, 3.18882, -3.75791, 4.92853, 1.57080, 2.43793, 1.00000, 495079.00000, 495079.00000, 495079.00000, 0.00000, 0.00000, 0.90081, -0.00000, -7.64229, 8.64229, 1.00000, 0.00000
0.00000, 3.73035, -3.21637, 4.92550, 1.57080, 2.28234, 0.00000, 0.00000, 0.00000, 0.00000, 0.00000, 0.00000, 0.94766, 0.00000, 9.06739, -8.06739, 0.00000, 0.00000
0.00000, 4.83686, -0.87622, 4.91558, 1.57080, 1.75001, 0.00000, 0.00000, 0.00000, 0.00000, 0.00000, 0.00000, 1.08598, 0.00000, 1.22879, -0.22879, 0.00000, 0.00000
0.78579, 4.35121, -2.14766, 4.91558, 1.39213, 2.02296, 0.00000, 0.00000, 0.00000, 0.00000, 0.00000, 0.00000, 1.08598, 0.25627, 1.45965, -0.71592, 0.00000, 0.00000
-0.78579, 4.35121, -2.14766, 4.91558, 1.74946, 2.02296, 0.00000, 0.00000, 0.00000, 0.00000, 0.00000, 0.00000, 1.08598, -0.52573, 2.99442, -1.46868, 0.00000, 0.00000
0.00000, 4.58794, -1.75244, 4.91123, 1.57080, 1.93566, 0.00000, 0.00000, 0.00000, 0.00000, 0.00000, 0.00000, 1.14286, 0.00000, 1.61803, -0.61803, 0.00000, 0.00000
-2.75567, 4.02561, -0.70086, 4.92853, 2.17107, 1.71348, 5.00000, 492713.00000, 119176.00000, 290821.20000, 26589537065.36000, 163062.98496, 0.90081, -6.49176, 9.35336, -1.86160, 0.80000, 0.20000
-2.21782, 3.93313, -1.97536, 4.92852, 2.08423, 1.98319, 0.00000, 0.00000, 0.00000, 0.00000, 0.00000, 0.00000, 0.91102, 6.05607, -10.56672, 5.51065, 0.00000, 0.00000
-3.48430, 3.15040, -1.49161, 4.92852, 2.40648, 1.87827, 4.00000, 393201.00000, 201113.00000, 286769.75000, 7179614110.68750, 84732.60359, 0.91102, 1.82322, -1.63909, 0.81587, 0.75000, 0.25000
-2.85909, 3.75484, -1.40973, 4.92550, 2.22158, 1.86107, 2.00000, 211245.00000, 203518.00000, 207381.50000, 14926632.25000, 3863.50000, 0.94766, 7.02665, -9.32863, 3.30198, 1.00000, 0.00000
-1.49161, 3.48430, -3.15040, 4.92852, 1.97528, 2.26428, 0.00000, 0.00000, 0.00000, 0.00000, 0.00000, 0.00000, 0.91102, 1.29147, -2.88604, 2.59457, 0.00000, 0.00000
-0.70086, 2.75567, -4.02561, 4.92853, 1.81985, 2.52663, 0.00000, 0.00000, 0.00000, 0.00000, 0.00000, 0.00000, 0.90081, 0.39414, -1.37444, 1.98030, 0.00000, 0.00000
-1.97536, 2.21782, -3.93313, 4.92852, 2.29844, 2.49482, 1.00000, 266101.00000, 266101.00000, 266101.00000, 0.00000, 0.00000, 0.91102, 0.54989, -0.60432, 1.05443, 1.00000, 0.00000
-1.40973, 2.85909, -3.75484, 4.92550, 2.02888, 2.43770, 1.00000, 304834.00000, 304834.00000, 304834.00000, 0.00000, 0.00000, 0.94766, 0.58922, -1.25387, 1.66465, 1.00000, 0.00000
-3.93313, 1.97536, -2.21782, 4.92852, 2.67616, 2.03756, 1.00000, 372502.00000, 372502.00000, 372502.00000, 0.00000, 0.00000, 0.91102, 0.95092, -0.49591, 0.54500, 1.00000, 0.00000
-3.15040, 1.49161, -3.48430, 4.92852, 2.69940, 2.35600, 1.00000, 446967.00000, 446967.00000, 446967.00000, 0.00000, 0.00000, 0.91102, 0.61936, -0.30829, 0.68893, 1.00000, 0.00000
-4.02561, 0.70086, -2.75567, 4.92853, 2.96922, 2.16413, 1.00000, 265762.00000, 265762.00000, 265762.00000, 0.00000, 0.00000, 0.90081, 0.66888, -0.13313, 0.46424, 1.00000, 0.00000
-3.75484, 1.40973, -2.85909, 4.92550, 2.78243, 2.19010, 1.00000, 490796.00000, 490796.00000, 490796.00000, 0.00000, 0.00000, 0.94766, 0.71466, -0.25296, 0.53830, 1.00000, 0.00000
-2.20355, 3.47499, -2.68919, 4.91558, 2.13592, 2.14966, 0.00000, 0.00000, 0.00000, 0.00000, 0.00000, 0.00000, 1.08598, 1.52573, -2.37638, 1.85065, 0.00000, 0.00000
-2.68919, 2.20355, -3.47499, 4.91558, 2.45513, 2.35595, 1.00000, 413589.00000, 413589.00000, 413589.00000, 0.00000, 0.00000, 1.08598, 0.68510, -0.56481, 0.87972, 1.00000, 0.00000
-3.47499, 2.68919, -2.20355, 4.91558, 2.48299, 2.03563, 4.00000, 482383.00000, 302860.00000, 408988.50000, 4506720908.25000, 67132.11533, 1.08598, 1.15838, -0.90211, 0.74373, 1.00000, 0.00000
-2.83550, 2.83550, -2.83550, 4.91123, 2.35619, 2.18628, 1.00000, 420461.00000, 420461.00000, 420461.00000, 0.00000, 0.00000, 1.14286, 1.00000, -1.00000, 1.00000, 1.00000, 0.00000
-3.18882, 3.75791, 0.00000, 4.92853, 2.27446, 1.57080, 3.00000, 182831.00000, 108280.00000, 139070.00000, 1010432020.66667, 31787.29338, 0.90081, -7.64229, 8.64229, 0.00000, 1.00000, 0.00000
-3.92241, 2.87963, -0.78273, 4.92852, 2.50831, 1.73029, 1.00000, 167568.00000, 167568.00000, 167568.00000, 0.00000, 0.00000, 0.91102, 2.07817, -1.48153, 0.40335, 1.00000, 0.00000
-3.92241, 2.87963, 0.78273, 4.92852, 2.50831, 1.41130, 8.00000, 449753.00000, 215712.00000, 294789.12500, 4941975358.35938, 70299.18462, 0.91102, 10.75154, -7.66476, -2.08678, 0.75000, 0.25000
-3.73035, 3.21637, 0.00000, 4.92550, 2.43005, 1.57080, 4.00000, 461550.00000, 263049.00000, 372415.00000, 5107418980.50000, 71466.20866, 0.94766, 9.06739, -8.06739, -0.00000, 1.00000, 0.00000
-4.37124, 1.70460, -1.50894, 4.92852, 2.76977, 1.88196, 4.00000, 342267.00000, 113545.00000, 217751.50000, 8153018575.25000, 90294.06722, 0.91102, 1.06961, -0.42255, 0.35294, 1.00000, 0.00000
-4.45876, 0.43315, -2.05481, 4.92853, 3.04475, 2.00085, 2.00000, 397760.00000, 129304.00000, 263532.00000, 18017155984.00000, 134228.00000, 0.90081, 0.75116, -0.08228, 0.33112, 1.00000, 0.00000
-4.85499, 0.43811, -0.72621, 4.92852, 3.05160, 1.71868, 4.00000, 405277.00000, 117257.00000, 248758.50000, 12455971072.25000, 111606.32183, 0.91102, 0.96230, -0.09634, 0.13403, 1.00000, 0.00000
-4.62611, 0.87126, -1.44936, 4.92550, 2.95544, 1.86947, 2.00000, 461931.00000, 272114.00000, 367022.50000, 9007623372.25000, 94908.50000, 0.94766, 0.87099, -0.15634, 0.28534, 1.00000, 0.00000
-4.37124, 1.70460, 1.50894, 4.92852, 2.76977, 1.25963, 12.00000, 450721.00000, 60951.00000, 215476.33333, 14330753336.22222, 119711.12453, 0.91102, 3.63662, -1.43665, -1.19997, 0.91667, 0.08333
-4.85499, 0.43811, 0.72621, 4.92852, 3.05160, 1.42291, 4.00000, 475006.00000, 143868.00000, 244176.00000, 18068018929.50000, 134417.33121, 0.91102, 1.31474, -0.13162, -0.18312, 1.00000, 0.00000
-4.45876, 0.43315, 2.05481, 4.92853, 3.04475, 1.14074, 12.00000, 360285.00000, 72254.00000, 170521.75000, 8379309587.35417, 91538.56885, 0.90081, 2.22389, -0.24359, -0.98030, 1.00000, 0.00000
-4.62611, 0.87126, 1.44936, 4.92550, 2.95544, 1.27212, 8.00000, 413582.00000, 57335.00000, 241275.75000, 13246594710.18750, 115093.85175, 0.94766, 2.02881, -0.36416, -0.66465, 1.00000, 0.00000
-4.35121, 2.14766, -0.78579, 4.91558, 2.68310, 1.73134, 2.00000, 496112.00000, 254531.00000, 375321.50000, 14590344890.25000, 120790.50000, 1.08598, 1.45965, -0.71592, 0.25627, 1.00000, 0.00000
-4.83686, 0.87622, 0.00000, 4.91558, 2.96238, 1.57080, 6.00000, 383040.00000, 109648.00000, 273436.50000, 9070871806.91667, 95241.12456, 1.08598, 1.22879, -0.22879, -0.00000, 0.83333, 0.16667
-4.35121, 2.14766, 0.78579, 4.91558, 2.68310, 1.41025, 8.00000, 438229.00000, 163252.00000, 281465.50000, 12580352174.25000, 112162.16909, 1.08598, 2.99442, -1.46868, -0.52573, 0.87500, 0.12500
-4.58794, 1.75244, 0.00000, 4.91123, 2.77673, 1.57080, 6.00000, 473303.00000, 175336.00000, 332160.16667, 12904756222.47222, 113599.10309, 1.14286, 1.61803, -0.61803, -0.00000, 1.00000, 0.00000
2.75567, 4.02561, 0.70086, 4.92853, 0.97053, 1.42811, 2.00000, 182762.00000, 148240.00000, 165501.00000, 297942121.00000, 17261.00000, 0.90081, 0.36663, 0.52824, 0.10514, 0.50000, 0.50000
2.21782, 3.93313, 1.97536, 4.92852, 1.05736, 1.15840, 11.00000, 489788.00000, 63114.00000, 255493.72727, 16351804712.19835, 127874.17531, 0.91102, 0.27362, 0.47741, 0.24897, 0.36364, 0.63636
3.48430, 3.15040, 1.49161, 4.92852, 0.73511, 1.26333, 20.00000, 483027.00000, 79096.00000, 237449.10000, 14313784281.79000, 119640.22853, 0.91102, 0.42617, 0.38313, 0.19070, 0.15000, 0.85000
2.85909, 3.75484, 1.40973, 4.92550, 0.92001, 1.28053, 7.00000, 463824.00000, 128929.00000, 315514.85714, 13539467770.40816, 116359.21867, 0.94766, 0.35746, 0.47456, 0.16798, 0.42857, 0.57143
1.49161, 3.48430, 3.15040, 4.92852, 1.16631, 0.87732, 23.00000, 468519.00000, 40938.00000, 244454.26087, 19681455689.58412, 140290.61155, 0.91102, 0.19070, 0.42617, 0.38313, 0.52174, 0.47826
0.70086, 2.75567, 4.02561, 4.92853, 1.32174, 0.61496, 28.00000, 415868.00000, 90290.00000, 202197.82143, 10901690997.86097, 104411.16319, 0.90081, 0.10514, 0.36663, 0.52824, 0.75000, 0.25000
1.97536, 2.21782, 3.93313, 4.92852, 0.84316, 0.64677, 41.00000, 472546.00000, 21727.00000, 196789.34146, 11064903896.76145, 105189.84693, 0.91102, 0.24897, 0.27362, 0.47741, 0.31707, 0.68293
1.40973, 2.85909, 3.75484, 4.92550, 1.11271, 0.70390, 24.00000, 445369.00000, 67807.00000, 212340.70833, 11988439064.12327, 109491.73057, 0.94766, 0.16798, 0.35746, 0.47456, 0.41667, 0.58333
3.93313, 1.97536, 2.21782, 4.92852, 0.46544, 1.10403, 25.00000, 483326.00000, 42914.00000, 193105.32000, 11174625820.45760, 105710.10274, 0.91102, 0.47741, 0.24897, 0.27362, 0.24000, 0.76000
3.15040, 1.49161, 3.48430, 4.92852, 0.44220, 0.78559, 39.00000, 497184.00000, 31936.00000, 201356.74359, 15218142024.49836, 123361.83374, 0.91102, 0.38313, 0.19070, 0.42617, 0.25641, 0.74359
4.02561, 0.70086, 2.75567, 4.92853, 0.17237, 0.97747, 33.00000, 428286.00000, 38833.00000, 169343.87879, 10513692109.56107, 102536.29655, 0.90081, 0.52824, 0.10514, 0.36663, 0.15152, 0.84848
3.75484, 1.40973, 2.85909, 4.92550, 0.35916, 0.95149, 24.00000, 357496.00000, 32716.00000, 127557.16667, 7566374882.88889, 86984.91181, 0.94766, 0.47456, 0.16798, 0.35746, 0.04167, 0.95833
2.20355, 3.47499, 2.68919, 4.91558, 1.00567, 0.99193, 9.00000, 496855.00000, 87695.00000, 283911.00000, 24163076930.22222, 155444.77132, 1.08598, 0.26522, 0.41309, 0.32170, 0.11111, 0.88889
2.68919, 2.20355, 3.47499, 4.91558, 0.68646, 0.78564, 31.00000, 458944.00000, 37528.00000, 219062.77419, 17237106467.72321, 131290.16135, 1.08598, 0.32170, 0.26522, 0.41309, 0.29032, 0.70968
3.47499, 2.68919, 2.20355, 4.91558, 0.65860, 1.10596, 16.00000, 424748.00000, 92445.00000, 268716.06250, 13884539653.30859, 117832.67651, 1.08598, 0.41309, 0.32170, 0.26522, 0.31250, 0.68750
2.83550, 2.83550, 2.83550, 4.91123, 0.78540, 0.95532, 18.00000, 443474.00000, 92341.00000, 263086.77778, 13793937861.61728, 117447.59624, 1.14286, 0.33333, 0.33333, 0.33333, 0.44444, 0.55556
-0.43315, 2.05481, 4.45876, 4.92853, 1.77855, 0.44016, 45.00000, 459284.00000, 34844.00000, 185840.48889, 12090233210.02766, 109955.59654, 0.90081, -0.08228, 0.33112, 0.75116, 0.80000, 0.20000
-1.70460, 1.50894, 4.37124, 4.92852, 2.41700, 0.48015, 47.00000, 485164.00000, 26872.00000, 191175.65957, 18240696626.69262, 135058.12314, 0.91102, -0.42255, 0.35294, 1.06961, 0.82979, 0.17021
-0.43811, 0.72621, 4.85499, 4.92852, 2.11363, 0.17295, 58.00000, 482261.00000, 29111.00000, 173200.15517, 11882669660.40696, 109007.65872, 0.91102, -0.09634, 0.13403, 0.96230, 0.60345, 0.39655
-0.87126, 1.44936, 4.62611, 4.92550, 2.11205, 0.35046, 42.00000, 493386.00000, 31241.00000, 241805.16667, 21226420648.75794, 145692.89842, 0.94766, -0.15634, 0.28534, 0.87099, 0.69048, 0.30952
-2.87963, 0.78273, 3.92241, 4.92852, 2.87619, 0.65037, 49.00000, 485624.00000, 30179.00000, 153177.65306, 10630902740.96127, 103106.26916, 0.91102, -1.48153, 0.40335, 2.07817, 0.91837, 0.08163
-3.75791, 0.00000, 3.18882, 4.92853, 3.14159, 0.86714, 28.00000, 456734.00000, 44375.00000, 236434.82143, 14272378440.36097, 119467.06006, 0.90081, 8.64229, -0.00000, -7.64229, 0.82143, 0.17857
-2.87963, -0.78273, 3.92241, 4.92852, -2.87619, 0.65037, 35.00000, 488965.00000, 46523.00000, 192101.28571, 13045826374.77551, 114218.32767, 0.91102, -7.66476, -2.08678, 10.75154, 0.77143, 0.22857
-3.21637, 0.00000, 3.73035, 4.92550, 3.14159, 0.71154, 29.00000, 459561.00000, 52559.00000, 185651.62069, 13081773130.78716, 114375.57926, 0.94766, -8.06739, 0.00000, 9.06739, 0.89655, 0.10345
-0.43811, -0.72621, 4.85499, 4.92852, -2.11363, 0.17295, 66.00000, 496608.00000, 22000.00000, 181866.69697, 12409745987.18090, 111399.03944, 0.91102, -0.13162, -0.18312, 1.31474, 0.65152, 0.34848
-1.70460, -1.50894, 4.37124, 4.92852, -2.41700, 0.48015, 50.00000, 481298.00000, 34812.00000, 187235.02000, 10837848521.09960, 104104.98797, 0.91102, -1.43665, -1.19997, 3.63662, 0.68000, 0.32000
-0.43315, -2.05481, 4.45876, 4.92853, -1.77855, 0.44016, 45.00000, 451603.00000, 87626.00000, 193361.00000, 7965580768.93333, 89250.10235, 0.90081, -0.24359, -0.98030, 2.22389, 0.51111, 0.48889
-0.87126, -1.44936, 4.62611, 4.92550, -2.11205, 0.35046, 42.00000, 478812.00000, 28112.00000, 191054.47619, 19885044898.24943, 141014.34288, 0.94766, -0.36416, -0.66465, 2.02881, 0.57143, 0.42857
-2.14766, 0.78579, 4.35121, 4.91558, 2.79084, 0.48390, 48.00000, 494404.00000, 36032.00000, 195440.62500, 18069875402.31771, 134424.23666, 1.08598, -0.71592, 0.25627, 1.45965, 0.72917, 0.27083
-2.14766, -0.78579, 4.35121, 4.91558, -2.79084, 0.48390, 35.00000, 489614.00000, 43910.00000, 199776.31429, 13500438757.24408, 116191.38848, 1.08598, -1.46868, -0.52573, 2.99442, 0.85714, 0.14286
-0.87622, 0.00000, 4.83686, 4.91558, 3.14159, 0.17921, 48.00000, 480582.00000, 19577.00000, 199601.47917, 13866520062.74957, 117756.18906, 1.08598, -0.22879, 0.00000, 1.22879, 0.72917, 0.27083
-1.75244, 0.00000, 4.58794, 4.91123, 3.14159, 0.36486, 67.00000, 476811.00000, 28590.00000, 190521.92537, 19743467707.02428, 140511.45045, 1.14286, -0.61803, 0.00000, 1.61803, 0.77612, 0.22388
-4.45876, -0.43315, 2.05481, 4.92853, -3.04475, 1.14074, 16.00000, 439737.00000, 36240.00000, 171341.81250, 10790253928.40234, 103876.14706, 0.90081, 1.49537, 0.16379, -0.65917, 0.81250, 0.18750
-4.85499, -0.43811, 0.72621, 4.92852, -3.05160, 1.42291, 4.00000, 176641.00000, 79695.00000, 113924.00000, 1377811825.00000, 37118.88771, 0.91102, 1.04077, 0.10419, -0.14496, 1.00000, 0.00000
-4.37124, -1.70460, 1.50894, 4.92852, -2.76977, 1.25963, 16.00000, 487200.00000, 91868.00000, 293366.81250, 15751560861.90234, 125505.22245, 0.91102, 0.93889, 0.37091, -0.30980, 0.81250, 0.18750
-4.62611, -0.87126, 1.44936, 4.92550, -2.95544, 1.27212, 12.00000, 446949.00000, 133134.00000, 240870.08333, 8836382249.40972, 94002.03322, 0.94766, 1.17386, 0.21070, -0.38457, 0.91667, 0.08333
-4.85499, -0.43811, -0.72621, 4.92852, -3.05160, 1.71868, 3.00000, 422910.00000, 204787.00000, 292821.66667, 8813862628.22222, 93882.17418, 0.91102, 0.80685, 0.08077, 0.11238, 1.00000, 0.00000
-4.45876, -0.43315, -2.05481, 4.92853, -3.04475, 2.00085, 3.00000, 377099.00000, 137531.00000, 232867.00000, 10760880512.00000, 103734.66398, 0.90081, 0.64502, 0.07065, 0.28433, 1.00000, 0.00000
-4.37124, -1.70460, -1.50894, 4.92852, -2.76977, 1.88196, 1.00000, 403535.00000, 403535.00000, 403535.00000, 0.00000, 0.00000, 0.91102, 0.57970, 0.22901, 0.19128, 1.00000, 0.00000
-4.62611, -0.87126, -1.44936, 4.92550, -2.95544, 1.86947, 1.00000, 415649.00000, 415649.00000, 415649.00000, 0.00000, 0.00000, 0.94766, 0.66353, 0.11910, 0.21738, 1.00000, 0.00000
-3.92241, -2.87963, 0.78273, 4.92852, -2.50831, 1.41130, 10.00000, 471799.00000, 111879.00000, 269571.10000, 10672546039.29000, 103308.01537, 0.91102, 0.65841, 0.46938, -0.12779, 0.70000, 0.30000
-3.92241, -2.87963, -0.78273, 4.92852, -2.50831, 1.73029, 5.00000, 425392.00000, 205117.00000, 348154.60000, 8509556214.64000, 92247.25587, 0.91102, 0.52439, 0.37383, 0.10178, 0.80000, 0.20000
-3.18882, -3.75791, 0.00000, 4.92853, -2.27446, 1.57080, 2.00000, 480909.00000, 233533.00000, 357221.00000, 15298721344.00000, 123688.00000, 0.90081, 0.46930, 0.53070, 0.00000, 1.00000, 0.00000
-3.73035, -3.21637, 0.00000, 4.92550, -2.43005, 1.57080, 5.00000, 491586.00000, 206797.00000, 331125.20000, 11162089801.36000, 105650.79177, 0.94766, 0.52918, 0.47082, -0.00000, 0.60000, 0.40000
-4.83686, -0.87622, 0.00000, 4.91558, -2.96238, 1.57080, 3.00000, 318610.00000, 93809.00000, 197503.33333, 8574176276.22222, 92596.84809, 1.08598, 0.84303, 0.15697, -0.00000, 0.66667, 0.33333
-4.35121, -2.14766, -0.78579, 4.91558, -2.68310, 1.73134, 6.00000, 396803.00000, 195085.00000, 287659.16667, 6466114269.80556, 80412.15250, 1.08598, 0.60022, 0.29439, 0.10538, 1.00000, 0.00000
-4.35121, -2.14766, 0.78579, 4.91558, -2.68310, 1.41025, 6.00000, 468356.00000, 156032.00000, 276157.00000, 12869551175.33333, 113444.04425, 1.08598, 0.76051, 0.37301, -0.13352, 1.00000, 0.00000
-4.58794, -1.75244, 0.00000, 4.91123, -2.77673, 1.57080, 7.00000, 485905.00000, 121508.00000, 316772.00000, 13917434584.00000, 117972.17716, 1.14286, 0.72361, 0.27639, -0.00000, 1.00000, 0.00000
-3.75791, 0.00000, -3.18882, 4.92853, 3.14159, 2.27446, 0.00000, 0.00000, 0.00000, 0.00000, 0.00000, 0.00000, 0.90081, 0.53070, -0.00000, 0.46930, 0.00000, 0.00000
-2.87963, 0.78273, -3.92241, 4.92852, 2.87619, 2.49122, 2.00000, 388974.00000, 330803.00000, 359888.50000, 845966310.25000, 29085.50000, 0.91102, 0.46938, -0.12779, 0.65841, 0.50000, 0.50000
-2.87963, -0.78273, -3.92241, 4.92852, -2.87619, 2.49122, 1.00000, 414463.00000, 414463.00000, 414463.00000, 0.00000, 0.00000, 0.91102, 0.37383, 0.10178, 0.52439, 1.00000, 0.00000
-3.21637, 0.00000, -3.73035, 4.92550, 3.14159, 2.43005, 2.00000, 317371.00000, 238792.00000, 278081.50000, 1543664810.25000, 39289.50000, 0.94766, 0.47082, 0.00000, 0.52918, 1.00000, 0.00000
-1.70460, 1.50894, -4.37124, 4.92852, 2.41700, 2.66145, 0.00000, 0.00000, 0.00000, 0.00000, 0.00000, 0.00000, 0.91102, 0.37091, -0.30980, 0.93889, 0.00000, 0.00000
-0.43315, 2.05481, -4.45876, 4.92853, 1.77855, 2.70143, 0.00000, 0.00000, 0.00000, 0.00000, 0.00000, 0.00000, 0.90081, 0.16379, -0.65917, 1.49537, 0.00000, 0.00000
-0.43811, 0.72621, -4.85499, 4.92852, 2.11363, 2.96865, 0.00000, 0.00000, 0.00000, 0.00000, 0.00000, 0.00000, 0.91102, 0.10419, -0.14496, 1.04077, 0.00000, 0.00000
-0.87126, 1.44936, -4.62611, 4.92550, 2.11205, 2.79113, 0.00000, 0.00000, 0.00000, 0.00000, 0.00000, 0.00000, 0.94766, 0.21070, -0.38457, 1.17386, 0.00000, 0.00000
-1.70460, -1.50894, -4.37124, 4.92852, -2.41700, 2.66145, 2.00000, 378684.00000, 223820.00000, 301252.00000, 5995714624.00000, 77432.00000, 0.91102, 0.22901, 0.19128, 0.57970, 1.00000, 0.00000
-0.43811, -0.72621, -4.85499, 4.92852, -2.11363, 2.96865, 0.00000, 0.00000, 0.00000, 0.00000, 0.00000, 0.00000, 0.91102, 0.08077, 0.11238, 0.80685, 0.00000, 0.00000
-0.43315, -2.05481, -4.45876, 4.92853, -1.77855, 2.70143, 0.00000, 0.00000, 0.00000, 0.00000, 0.00000, 0.00000, 0.90081, 0.07065, 0.28433, 0.64502, 0.00000, 0.00000
-0.87126, -1.44936, -4.62611, 4.92550, -2.11205, 2.79113, 1.00000, 341371.00000, 341371.00000, 341371.00000, 0.00000, 0.00000, 0.94766, 0.11910, 0.21738, 0.66353, 1.00000, 0.00000
-2.14766, 0.78579, -4.35121, 4.91558, 2.79084, 2.65769, 0.00000, 0.00000, 0.00000, 0.00000, 0.00000, 0.00000, 1.08598, 0.37301, -0.13352, 0.76051, 0.00000, 0.00000
-0.87622, 0.00000, -4.83686, 4.91558, 3.14159, 2.96238, 0.00000, 0.00000, 0.00000, 0.00000, 0.00000, 0.00000, 1.08598, 0.15697, 0.00000, 0.84303, 0.00000, 0.00000
-2.14766, -0.78579, -4.35121, 4.91558, -2.79084, 2.65769, 0.00000, 0.00000, 0.00000, 0.00000, 0.00000, 0.00000, 1.08598, 0.29439, 0.10538, 0.60022, 0.00000, 0.00000
-1.75244, 0.00000, -4.58794, 4.91123, 3.14159, 2.77673, 1.00000, 420817.00000, 420817.00000, 420817.00000, 0.00000, 0.00000, 1.14286, 0.27639, 0.00000, 0.72361, 1.00000, 0.00000
0.70086, 2.75567, -4.02561, 4.92853, 1.32174, 2.52663, 1.00000, 461084.00000, 461084.00000, 461084.00000, 0.00000, 0.00000, 0.90081, -1.86160, -6.49176, 9.35336, 0.00000, 1.00000
1.49161, 3.48430, -3.15040, 4.92852, 1.16631, 2.26428, 0.00000, 0.00000, 0.00000, 0.00000, 0.00000, 0.00000, 0.91102, 0.81587, 1.82322, -1.63909, 0.00000, 0.00000
1.97536, 2.21782, -3.93313, 4.92852, 0.84316, 2.49482, 1.00000, 364111.00000, 364111.00000, 364111.00000, 0.00000, 0.00000, 0.91102, 5.51065, 6.05607, -10.56672, 1.00000, 0.00000
1.40973, 2.85909, -3.75484, 4.92550, 1.11271, 2.43770, 0.00000, 0.00000, 0.00000, 0.00000, 0.00000, 0.00000, 0.94766, 3.30198, 7.02665, -9.32863, 0.00000, 0.00000
2.21782, 3.93313, -1.97536, 4.92852, 1.05736, 1.98319, 1.00000, 331148.00000, 331148.00000, 331148.00000, 0.00000, 0.00000, 0.91102, 0.54500, 0.95092, -0.49591, 1.00000, 0.00000
2.75567, 4.02561, -0.70086, 4.92853, 0.97053, 1.71348, 4.00000, 322832.00000, 165515.00000, 237955.50000, 4001042105.25000, 63253.79123, 0.90081, 0.46424, 0.66888, -0.13313, 0.50000, 0.50000
3.48430, 3.15040, -1.49161, 4.92852, 0.73511, 1.87827, 1.00000, 471041.00000, 471041.00000, 471041.00000, 0.00000, 0.00000, 0.91102, 0.68893, 0.61936, -0.30829, 0.00000, 1.00000
2.85909, 3.75484, -1.40973, 4.92550, 0.92001, 1.86107, 0.00000, 0.00000, 0.00000, 0.00000, 0.00000, 0.00000, 0.94766, 0.53830, 0.71466, -0.25296, 0.00000, 0.00000
3.15040, 1.49161, -3.48430, 4.92852, 0.44220, 2.35600, 1.00000, 160371.00000, 160371.00000, 160371.00000, 0.00000, 0.00000, 0.91102, 2.59457, 1.29147, -2.88604, 0.00000, 1.00000
3.93313, 1.97536, -2.21782, 4.92852, 0.46544, 2.03756, 1.00000, 368167.00000, 368167.00000, 368167.00000, 0.00000, 0.00000, 0.91102, 1.05443, 0.54989, -0.60432, 0.00000, 1.00000
4.02561, 0.70086, -2.75567, 4.92853, 0.17237, 2.16413, 4.00000, 468989.00000, 113037.00000, 302284.00000, 24688515689.50000, 157125.79575, 0.90081, 1.98030, 0.39414, -1.37444, 0.00000, 1.00000
3.75484, 1.40973, -2.85909, 4.92550, 0.35916, 2.19010, 1.00000, 164920.00000, 164920.00000, 164920.00000, 0.00000, 0.00000, 0.94766, 1.66465, 0.58922, -1.25387, 0.00000, 1.00000
2.20355, 3.47499, -2.68919, 4.91558, 1.00567, 2.14966, 1.00000, 131259.00000, 131259.00000, 131259.00000, 0.00000, 0.00000, 1.08598, 0.74373, 1.15838, -0.90211, 0.00000, 1.00000
3.47499, 2.68919, -2.20355, 4.91558, 0.65860, 2.03563, 3.00000, 469044.00000, 221504.00000, 328097.33333, 10802751022.22222, 103936.28347, 1.08598, 0.87972, 0.68510, -0.56481, 0.00000, 1.00000
2.68919, 2.20355, -3.47499, 4.91558, 0.68646, 2.35595, 1.00000, 364636.00000, 364636.00000, 364636.00000, 0.00000, 0.00000, 1.08598, 1.85065, 1.52573, -2.37638, 0.00000, 1.00000
2.83550, 2.83550, -2.83550, 4.91123, 0.78540, 2.18628, 2.00000, 259734.00000, 133345.00000, 196539.50000, 3993544830.25000, 63194.50000, 1.14286, 1.00000, 1.00000, -1.00000, 0.00000, 1.00000
2.75567, -4.02561, 0.70086, 4.92853, -0.97053, 1.42811, 13.00000, 251602.00000, 50432.00000, 133439.61538, 3997404977.92899, 63225.03442, 0.90081, -6.49176, 9.35336, -1.86160, 0.00000, 1.00000
3.48430, -3.15040, 1.49161, 4.92852, -0.73511, 1.26333, 36.00000, 484313.00000, 20902.00000, 205327.69444, 18071037196.54552, 134428.55796, 0.91102, 1.82322, -1.63909, 0.81587, 0.05556, 0.94444
2.21782, -3.93313, 1.97536, 4.92852, -1.05736, 1.15840, 43.00000, 492688.00000, 28242.00000, 163160.72093, 18472933046.71282, 135915.16857, 0.91102, 6.05607, -10.56672, 5.51065, 0.06977, 0.93023
2.85909, -3.75484, 1.40973, 4.92550, -0.92001, 1.28053, 23.00000, 432364.00000, 25661.00000, 196279.69565, 14246179862.64650, 119357.36200, 0.94766, 7.02665, -9.32863, 3.30198, 0.08696, 0.91304
3.93313, -1.97536, 2.21782, 4.92852, -0.46544, 1.10403, 59.00000, 497804.00000, 17497.00000, 165798.37288, 14057845463.04740, 118565.78538, 0.91102, 0.95092, -0.49591, 0.54500, 0.03390, 0.96610
4.02561, -0.70086, 2.75567, 4.92853, -0.17237, 0.97747, 28.00000, 409527.00000, 25365.00000, 149674.89286, 10117285669.59566, 100584.71887, 0.90081, 0.66888, -0.13313, 0.46424, 0.03571, 0.96429
3.15040, -1.49161, 3.48430, 4.92852, -0.44220, 0.78559, 84.00000, 499790.00000, 10809.00000, 142704.47619, 14687950753.53514, 121193.85609, 0.91102, 0.61936, -0.30829, 0.68893, 0.11905, 0.88095
3.75484, -1.40973, 2.85909, 4.92550, -0.35916, 0.95149, 74.00000, 394196.00000, 17446.00000, 123190.39189, 10453500099.94101, 102242.35962, 0.94766, 0.71466, -0.25296, 0.53830, 0.04054, 0.95946
1.49161, -3.48430, 3.15040, 4.92852, -1.16631, 0.87732, 66.00000, 436648.00000, 29312.00000, 143272.54545, 10192347781.76309, 100957.15815, 0.91102, 1.29147, -2.88604, 2.59457, 0.06061, 0.93939
1.97536, -2.21782, 3.93313, 4.92852, -0.84316, 0.64677, 86.00000, 457927.00000, 17579.00000, 132778.29070, 13236438750.50852, 115049.72295, 0.91102, 0.54989, -0.60432, 1.05443, 0.08140, 0.91860
0.70086, -2.75567, 4.02561, 4.92853, -1.32174, 0.61496, 44.00000, 497339.00000, 17711.00000, 159671.43182, 16250871560.42717, 127478.90634, 0.90081, 0.39414, -1.37444, 1.98030, 0.13636, 0.86364
1.40973, -2.85909, 3.75484, 4.92550, -1.11271, 0.70390, 59.00000, 495777.00000, 21756.00000, 162515.25424, 14701169729.64723, 121248.38032, 0.94766, 0.58922, -1.25387, 1.66465, 0.16949, 0.83051
3.47499, -2.68919, 2.20355, 4.91558, -0.65860, 1.10596, 43.00000, 311274.00000, 11362.00000, 118406.93023, 6380464003.69281, 79877.80670, 1.08598, 1.15838, -0.90211, 0.74373, 0.00000, 1.00000
2.68919, -2.20355, 3.47499, 4.91558, -0.68646, 0.78564, 59.00000, 446915.00000, 16364.00000, 126578.18644, 9891010539.81270, 99453.55971, 1.08598, 0.68510, -0.56481, 0.87972, 0.08475, 0.91525
2.20355, -3.47499, 2.68919, 4.91558, -1.00567, 0.99193, 42.00000, 471663.00000, 16206.00000, 158978.16667, 13416880231.04365, 115831.25757, 1.08598, 1.52573, -2.37638, 1.85065, 0.04762, 0.95238
2.83550, -2.83550, 2.83550, 4.91123, -0.78540, 0.95532, 57.00000, 466473.00000, 27747.00000, 152636.98246, 14112549122.36811, 118796.25046, 1.14286, 1.00000, -1.00000, 1.00000, 0.07018, 0.92982
2.05481, -4.45876, 0.43315, 4.92853, -1.13896, 1.48280, 14.00000, 359812.00000, 120124.00000, 221320.78571, 5025085667.45408, 70887.83864, 0.90081, -0.98030, 2.22389, -0.24359, 0.00000, 1.00000
1.50894, -4.37124, 1.70460, 4.92852, -1.23841, 1.21764, 31.00000, 493663.00000, 52914.00000, 187029.87097, 15753731532.56400, 125513.86988, 0.91102, -1.19997, 3.63662, -1.43665, 0.09677, 0.90323
0.72621, -4.85499, 0.43811, 4.92852, -1.42232, 1.48179, 14.00000, 447602.00000, 116525.00000, 260578.92857, 11816482533.06633, 108703.64545, 0.91102, -0.18312, 1.31474, -0.13162, 0.14286, 0.85714
1.44936, -4.62611, 0.87126, 4.92550, -1.26718, 1.39297, 5.00000, 248806.00000, 91947.00000, 155470.00000, 2618794782.00000, 51174.16127, 0.94766, -0.66465, 2.02881, -0.36416, 0.00000, 1.00000
0.78273, -3.92241, 2.87963, 4.92852, -1.37383, 0.94680, 42.00000, 495683.00000, 44227.00000, 207938.07143, 16236663219.54252, 127423.16595, 0.91102, -2.08678, 10.75154, -7.66476, 0.14286, 0.85714
0.00000, -3.18882, 3.75791, 4.92853, -1.57080, 0.70366, 30.00000, 481913.00000, 26243.00000, 189818.56667, 15901064102.04556, 126099.42150, 0.90081, 0.00000, -7.64229, 8.64229, 0.36667, 0.63333
-0.78273, -3.92241, 2.87963, 4.92852, -1.76776, 0.94680, 24.00000, 482347.00000, 82957.00000, 228996.66667, 13786828737.05556, 117417.32724, 0.91102, 0.40335, 2.07817, -1.48153, 0.25000, 0.75000
0.00000, -3.73035, 3.21637, 4.92550, -1.57080, 0.85925, 39.00000, 453772.00000, 38522.00000, 214398.87179, 10522522078.26562, 102579.34528, 0.94766, -0.00000, 9.06739, -8.06739, 0.28205, 0.71795
-0.72621, -4.85499, 0.43811, 4.92852, -1.71928, 1.48179, 5.00000, 460594.00000, 57079.00000, 250097.60000, 27166469672.24000, 164822.53994, 0.91102, 0.13403, 0.96230, -0.09634, 0.60000, 0.40000
-1.50894, -4.37124, 1.70460, 4.92852, -1.90319, 1.21764, 14.00000, 341621.00000, 88087.00000, 189482.28571, 6283863461.63265, 79270.82352, 0.91102, 0.35294, 1.06961, -0.42255, 0.35714, 0.64286
-2.05481, -4.45876, 0.43315, 4.92853, -2.00263, 1.48280, 7.00000, 426682.00000, 190465.00000, 328193.71429, 8513218271.91837, 92267.10287, 0.90081, 0.33112, 0.75116, -0.08228, 0.14286, 0.85714
-1.44936, -4.62611, 0.87126, 4.92550, -1.87441, 1.39297, 8.00000, 451250.00000, 77000.00000, 226019.75000, 19684718056.93750, 140302.23825, 0.94766, 0.28534, 0.87099, -0.15634, 0.25000, 0.75000
0.78579, -4.35121, 2.14766, 4.91558, -1.39213, 1.11864, 20.00000, 490171.00000, 73434.00000, 239308.95000, 20270294815.64750, 142373.78556, 1.08598, -0.52573, 2.99442, -1.46868, 0.20000, 0.80000
-0.78579, -4.35121, 2.14766, 4.91558, -1.74946, 1.11864, 8.00000, 495437.00000, 100274.00000, 311348.37500, 19344310090.23438, 139083.82397, 1.08598, 0.25627, 1.45965, -0.71592, 0.62500, 0.37500
0.00000, -4.83686, 0.87622, 4.91558, -1.57080, 1.39159, 5.00000, 443760.00000, 56720.00000, 278213.00000, 23933827933.60000, 154705.61701, 1.08598, -0.00000, 1.22879, -0.22879, 0.00000, 1.00000
0.00000, -4.58794, 1.75244, 4.91123, -1.57080, 1.20593, 22.00000, 455386.00000, 56096.00000, 253852.72727, 17734658295.38017, 133171.53711, 1.14286, -0.00000, 1.61803, -0.61803, 0.31818, 0.68182
2.05481, -4.45876, -0.43315, 4.92853, -1.13896, 1.65880, 16.00000, 495354.00000, 73814.00000, 244888.81250, 22312790633.52734, 149374.66530, 0.90081, -0.65917, 1.49537, 0.16379, 0.12500, 0.87500
0.72621, -4.85499, -0.43811, 4.92852, -1.42232, 1.65981, 8.00000, 466487.00000, 157513.00000, 294827.62500, 10529249088.23438, 102612.12934, 0.91102, -0.14496, 1.04077, 0.10419, 0.12500, 0.87500
1.50894, -4.37124, -1.70460, 4.92852, -1.23841, 1.92396, 2.00000, 436421.00000, 309171.00000, 372796.00000, 4048140625.00000, 63625.00000, 0.91102, -0.30980, 0.93889, 0.37091, 0.00000, 1.00000
1.44936, -4.62611, -0.87126, 4.92550, -1.26718, 1.74862, 4.00000, 417777.00000, 125809.00000, 300718.25000, 12021906455.68750, 109644.45474, 0.94766, -0.38457, 1.17386, 0.21070, 0.00000, 1.00000
-0.72621, -4.85499, -0.43811, 4.92852, -1.71928, 1.65981, 5.00000, 456827.00000, 287936.00000, 369159.80000, 3346958640.16000, 57852.90520, 0.91102, 0.11238, 0.80685, 0.08077, 0.20000, 0.80000
-2.05481, -4.45876, -0.43315, 4.92853, -2.00263, 1.65880, 0.00000, 0.00000, 0.00000, 0.00000, 0.00000, 0.00000, 0.90081, 0.28433, 0.64502, 0.07065, 0.00000, 0.00000
-1.50894, -4.37124, -1.70460, 4.92852, -1.90319, 1.92396, 2.00000, 345397.00000, 182868.00000, 264132.50000, 6603918960.25000, 81264.50000, 0.91102, 0.19128, 0.57970, 0.22901, 0.00000, 1.00000
-1.44936, -4.62611, -0.87126, 4.92550, -1.87441, 1.74862, 2.00000, 332092.00000, 186413.00000, 259252.50000, 5305592760.25000, 72839.50000, 0.94766, 0.21738, 0.66353, 0.11910, 0.50000, 0.50000
0.78273, -3.92241, -2.87963, 4.92852, -1.37383, 2.19479, 1.00000, 444206.00000, 444206.00000, 444206.00000, 0.00000, 0.00000, 0.91102, -0.12779, 0.65841, 0.46938, 0.00000, 1.00000
-0.78273, -3.92241, -2.87963, 4.92852, -1.76776, 2.19479, 1.00000, 384977.00000, 384977.00000, 384977.00000, 0.00000, 0.00000, 0.91102, 0.10178, 0.52439, 0.37383, 1.00000, 0.00000
0.00000, -3.18882, -3.75791, 4.92853, -1.57080, 2.43793, 1.00000, 480043.00000, 480043.00000, 480043.00000, 0.00000, 0.00000, 0.90081, 0.00000, 0.46930, 0.53070, 0.00000, 1.00000
0.00000, -3.73035, -3.21637, 4.92550, -1.57080, 2.28234, 1.00000, 404076.00000, 404076.00000, 404076.00000, 0.00000, 0.00000, 0.94766, -0.00000, 0.52918, 0.47082, 1.00000, 0.00000
0.00000, -4.83686, -0.87622, 4.91558, -1.57080, 1.75001, 4.00000, 467826.00000, 126830.00000, 291085.25000, 15506033719.68750, 124523.22562, 1.08598, -0.00000, 0.84303, 0.15697, 0.25000, 0.75000
-0.78579, -4.35121, -2.14766, 4.91558, -1.74946, 2.02296, 3.00000, 439738.00000, 282423.00000, 349913.66667, 4374064537.55556, 66136.71097, 1.08598, 0.10538, 0.60022, 0.29439, 0.66667, 0.33333
0.78579, -4.35121, -2.14766, 4.91558, -1.39213, 2.02296, 0.00000, 0.00000, 0.00000, 0.00000, 0.00000, 0.00000, 1.08598, -0.13352, 0.76051, 0.37301, 0.00000, 0.00000
0.00000, -4.58794, -1.75244, 4.91123, -1.57080, 1.93566, 5.00000, 429827.00000, 217398.00000, 336580.40000, 7482733336.24000, 86502.79381, 1.14286, -0.00000, 0.72361, 0.27639, 0.40000, 0.60000
2.75567, -4.02561, -0.70086, 4.92853, -0.97053, 1.71348, 12.00000, 374599.00000, 79571.00000, 232862.83333, 10140004080.97222, 100697.58726, 0.90081, -1.37444, 1.98030, 0.39414, 0.00000, 1.00000
2.21782, -3.93313, -1.97536, 4.92852, -1.05736, 1.98319, 6.00000, 485570.00000, 96295.00000, 250525.16667, 17259225866.47223, 131374.37294, 0.91102, -0.60432, 1.05443, 0.54989, 0.16667, 0.83333
3.48430, -3.15040, -1.49161, 4.92852, -0.73511, 1.87827, 7.00000, 430328.00000, 125848.00000, 207412.28571, 9699122823.06122, 98484.12473, 0.91102, -2.88604, 2.59457, 1.29147, 0.14286, 0.85714
2.85909, -3.75484, -1.40973, 4.92550, -0.92001, 1.86107, 10.00000, 468795.00000, 135140.00000, 284922.50000, 16905555642.05000, 130021.36610, 0.94766, -1.25387, 1.66465, 0.58922, 0.00000, 1.00000
1.49161, -3.48430, -3.15040, 4.92852, -1.16631, 2.26428, 3.00000, 322027.00000, 151730.00000, 208630.00000, 6429466872.66667, 80183.95645, 0.91102, -0.30829, 0.68893, 0.61936, 0.00000, 1.00000
0.70086, -2.75567, -4.02561, 4.92853, -1.32174, 2.52663, 2.00000, 459176.00000, 314551.00000, 386863.50000, 5229097656.25000, 72312.50000, 0.90081, -0.13313, 0.46424, 0.66888, 0.00000, 1.00000
1.97536, -2.21782, -3.93313, 4.92852, -0.84316, 2.49482, 0.00000, 0.00000, 0.00000, 0.00000, 0.00000, 0.00000, 0.91102, -0.49591, 0.54500, 0.95092, 0.00000, 0.00000
1.40973, -2.85909, -3.75484, 4.92550, -1.11271, 2.43770, 1.00000, 302914.00000, 302914.00000, 302914.00000, 0.00000, 0.00000, 0.94766, -0.25296, 0.53830, 0.71466, 0.00000, 1.00000
3.93313, -1.97536, -2.21782, 4.92852, -0.46544, 2.03756, 5.00000, 396732.00000, 328294.00000, 364356.00000, 835125703.60000, 28898.54155, 0.91102, -10.56672, 5.51065, 6.05607, 0.00000, 1.00000
3.15040, -1.49161, -3.48430, 4.92852, -0.44220, 2.35600, 1.00000, 385266.00000, 385266.00000, 385266.00000, 0.00000, 0.00000, 0.91102, -1.63909, 0.81587, 1.82322, 0.00000, 1.00000
4.02561, -0.70086, -2.75567, 4.92853, -0.17237, 2.16413, 0.00000, 0.00000, 0.00000, 0.00000, 0.00000, 0.00000, 0.90081, 9.35336, -1.86160, -6.49176, 0.00000, 0.00000
3.75484, -1.40973, -2.85909, 4.92550, -0.35916, 2.19010, 3.00000, 223997.00000, 215008.00000, 218740.00000, 14629832.66667, 3824.89643, 0.94766, -9.32863, 3.30198, 7.02665, 0.00000, 1.00000
2.20355, -3.47499, -2.68919, 4.91558, -1.00567, 2.14966, 4.00000, 464360.00000, 219390.00000, 348743.75000, 8600656340.18750, 92739.72364, 1.08598, -0.56481, 0.87972, 0.68510, 0.00000, 1.00000
2.68919, -2.20355, -3.47499, 4.91558, -0.68646, 2.35595, 2.00000, 282369.00000, 125847.00000, 204108.00000, 6124784121.00000, 78261.00000, 1.08598, -0.90211, 0.74373, 1.15838, 0.50000, 0.50000
3.47499, -2.68919, -2.20355, 4.91558, -0.65860, 2.03563, 2.00000, 287693.00000, 274136.00000, 280914.50000, 45948062.25000, 6778.50000, 1.08598, -2.37638, 1.85065, 1.52573, 0.00000, 1.00000
2.83550, -2.83550, -2.83550, 4.91123, -0.78540, 2.18628, 0.00000, 0.00000, 0.00000, 0.00000, 0.00000, 0.00000, 1.14286, -1.00000, 1.00000, 1.00000, 0.00000, 0.00000
3.18882, -3.75791, 0.00000, 4.92853, -0.86714, 1.57080, 10.00000, 450767.00000, 56062.00000, 201895.50000, 12328533436.65000, 111033.92921, 0.90081, -7.64229, 8.64229, -0.00000, 0.00000, 1.00000
3.92241, -2.87963, -0.78273, 4.92852, -0.63328, 1.73029, 7.00000, 464007.00000, 153616.00000, 273818.57143, 14489270711.38775, 120371.38660, 0.91102, 10.75154, -7.66476, -2.08678, 0.00000, 1.00000
3.92241, -2.87963, 0.78273, 4.92852, -0.63328, 1.41130, 25.00000, 468155.00000, 39809.00000, 199606.68000, 16988212461.33760, 130338.83712, 0.91102, 2.07817, -1.48153, 0.40335, 0.04000, 0.96000
3.73035, -3.21637, 0.00000, 4.92550, -0.71154, 1.57080, 15.00000, 488750.00000, 32912.00000, 208953.80000, 17309692885.09333, 131566.30604, 0.94766, 9.06739, -8.06739, 0.00000, 0.00000, 1.00000
4.37124, -1.70460, -1.50894, 4.92852, -0.37182, 1.88196, 9.00000, 376757.00000, 168679.00000, 235879.88889, 3768984135.43210, 61392.05271, 0.91102, 3.63662, -1.43665, -1.19997, 0.00000, 1.00000
4.45876, -0.43315, -2.05481, 4.92853, -0.09684, 2.00085, 3.00000, 467301.00000, 196770.00000, 318126.66667, 12584748282.88889, 112181.76448, 0.90081, 2.22389, -0.24359, -0.98030, 0.00000, 1.00000
4.85499, -0.43811, -0.72621, 4.92852, -0.09000, 1.71868, 8.00000, 474477.00000, 122868.00000, 290653.00000, 22117684353.00000, 148720.15449, 0.91102, 1.31474, -0.13162, -0.18312, 0.00000, 1.00000
4.62611, -0.87126, -1.44936, 4.92550, -0.18616, 1.86947, 5.00000, 466847.00000, 92410.00000, 225647.20000, 18104391112.96000, 134552.55892, 0.94766, 2.02881, -0.36416, -0.66465, 0.00000, 1.00000
4.37124, -1.70460, 1.50894, 4.92852, -0.37182, 1.25963, 40.00000, 478474.00000, 30669.00000, 197290.40000, 16454627604.99000, 128275.59240, 0.91102, 1.06961, -0.42255, 0.35294, 0.05000, 0.95000
4.85499, -0.43811, 0.72621, 4.92852, -0.09000, 1.42291, 21.00000, 497793.00000, 44785.00000, 202365.66667, 15284532610.12699, 123630.62974, 0.91102, 0.96230, -0.09634, 0.13403, 0.09524, 0.90476
4.45876, -0.43315, 2.05481, 4.92853, -0.09684, 1.14074, 30.00000, 498157.00000, 22171.00000, 142656.33333, 14213870461.28889, 119221.93784, 0.90081, 0.75116, -0.08228, 0.33112, 0.03333, 0.96667
4.62611, -0.87126, 1.44936, 4.92550, -0.18616, 1.27212, 37.00000, 397021.00000, 32749.00000, 173039.59459, 11742296607.32213, 108361.87802, 0.94766, 0.87099, -0.15634, 0.28534, 0.10811, 0.89189
4.35121, -2.14766, -0.78579, 4.91558, -0.45850, 1.73134, 9.00000, 497000.00000, 104535.00000, 306688.11111, 23257775979.43210, 152505.00313, 1.08598, 2.99442, -1.46868, -0.52573, 0.00000, 1.00000
4.83686, -0.87622, 0.00000, 4.91558, -0.17921, 1.57080, 16.00000, 486231.00000, 50571.00000, 207491.06250, 19428691190.80859, 139386.84009, 1.08598, 1.22879, -0.22879, 0.00000, 0.12500, 0.87500
4.35121, -2.14766, 0.78579, 4.91558, -0.45850, 1.41025, 21.00000, 496718.00000, 32065.00000, 211728.76190, 18644249637.99093, 136543.94764, 1.08598, 1.45965, -0.71592, 0.25627, 0.14286, 0.85714
4.58794, -1.75244, 0.00000, 4.91123, -0.36486, 1.57080, 12.00000, 493663.00000, 87610.00000, 221816.50000, 16333078045.58333, 127800.93132, 1.14286, 1.61803, -0.61803, 0.00000, 0.00000, 1.00000
0.43315, -2.05481, 4.45876, 4.92853, -1.36304, 0.44016, 44.00000, 466829.00000, 34860.00000, 183990.68182, 16995957402.94421, 130368.54453, 0.90081, 0.16379, -0.65917, 1.49537, 0.20455, 0.79545
1.70460, -1.50894, 4.37124, 4.92852, -0.72459, 0.48015, 70.00000, 485105.00000, 13166.00000, 126503.42857, 14422709369.24489, 120094.58510, 0.91102, 0.37091, -0.30980, 0.93889, 0.11429, 0.88571
0.43811, -0.72621, 4.85499, 4.92852, -1.02797, 0.17295, 56.00000, 491797.00000, 30104.00000, 161902.60714, 13380779473.38138, 115675.31921, 0.91102, 0.10419, -0.14496, 1.04077, 0.41071, 0.58929
0.87126, -1.44936, 4.62611, 4.92550, -1.02954, 0.35046, 55.00000, 311149.00000, 18605.00000, 130677.01818, 5848440780.38149, 76475.09909, 0.94766, 0.21070, -0.38457, 1.17386, 0.29091, 0.70909
2.87963, -0.78273, 3.92241, 4.92852, -0.26540, 0.65037, 93.00000, 464570.00000, 15348.00000, 140724.91398, 14372225222.33669, 119884.21590, 0.91102, 0.46938, -0.12779, 0.65841, 0.11828, 0.88172
3.75791, 0.00000, 3.18882, 4.92853, 0.00000, 0.86714, 55.00000, 496759.00000, 26202.00000, 153008.47273, 11477314462.79471, 107132.22887, 0.90081, 0.53070, -0.00000, 0.46930, 0.16364, 0.83636
2.87963, 0.78273, 3.92241, 4.92852, 0.26540, 0.65037, 72.00000, 496095.00000, 19195.00000, 154857.95833, 13879307926.51215, 117810.47460, 0.91102, 0.37383, 0.10178, 0.52439, 0.16667, 0.83333
3.21637, 0.00000, 3.73035, 4.92550, 0.00000, 0.71154, 44.00000, 351812.00000, 25566.00000, 123852.88636, 7101206291.69163, 84268.65545, 0.94766, 0.47082, -0.00000, 0.52918, 0.02273, 0.97727
0.43811, 0.72621, 4.85499, 4.92852, 1.02797, 0.17295, 57.00000, 481721.00000, 38151.00000, 174869.78947, 14393209445.99076, 119971.70269, 0.91102, 0.08077, 0.11238, 0.80685, 0.59649, 0.40351
1.70460, 1.50894, 4.37124, 4.92852, 0.72459, 0.48015, 66.00000, 483249.00000, 26141.00000, 179430.43939, 12397981270.54936, 111346.22252, 0.91102, 0.22901, 0.19128, 0.57970, 0.34848, 0.65152
0.43315, 2.05481, 4.45876, 4.92853, 1.36304, 0.44016, 34.00000, 470781.00000, 49608.00000, 200913.94118, 10397406425.17301, 101967.67343, 0.90081, 0.07065, 0.28433, 0.64502, 0.70588, 0.29412
0.87126, 1.44936, 4.62611, 4.92550, 1.02954, 0.35046, 42.00000, 425672.00000, 34967.00000, 166847.52381, 12105639767.01134, 110025.63232, 0.94766, 0.11910, 0.21738, 0.66353, 0.38095, 0.61905
2.14766, -0.78579, 4.35121, 4.91558, -0.35075, 0.48390, 69.00000, 370839.00000, 14725.00000, 115355.78261, 10221908525.61941, 101103.45457, 1.08598, 0.37301, -0.13352, 0.76051, 0.08696, 0.91304
2.14766, 0.78579, 4.35121, 4.91558, 0.35075, 0.48390, 49.00000, 411531.00000, 20106.00000, 166367.02041, 10432759096.63224, 102140.87868, 1.08598, 0.29439, 0.10538, 0.60022, 0.22449, 0.77551
0.87622, 0.00000, 4.83686, 4.91558, 0.00000, 0.17921, 44.00000, 455170.00000, 21201.00000, 154343.22727, 14747822436.13017, 121440.61280, 1.08598, 0.15697, -0.00000, 0.84303, 0.29545, 0.70455
1.75244, 0.00000, 4.58794, 4.91123, 0.00000, 0.36486, 75.00000, 499583.00000, 20610.00000, 179062.77333, 17533730042.20196, 132414.99176, 1.14286, 0.27639, 0.00000, 0.72361, 0.18667, 0.81333
-2.75567, -4.02561, 0.70086, 4.92853, -2.17107, 1.42811, 4.00000, 482590.00000, 311621.00000, 415873.25000, 4599119550.68750, 67816.80876, 0.90081, 0.46424, 0.66888, -0.13313, 0.25000, 0.75000
-2.21782, -3.93313, 1.97536, 4.92852, -2.08423, 1.15840, 13.00000, 412590.00000, 76939.00000, 237603.76923, 12485180333.10059, 111737.10365, 0.91102, 0.54500, 0.95092, -0.49591, 0.76923, 0.23077
-3.48430, -3.15040, 1.49161, 4.92852, -2.40648, 1.26333, 17.00000, 380539.00000, 81634.00000, 262450.52941, 7572830404.48443, 87022.01103, 0.91102, 0.68893, 0.61936, -0.30829, 0.70588, 0.29412
-2.85909, -3.75484, 1.40973, 4.92550, -2.22158, 1.28053, 6.00000, 453294.00000, 166908.00000, 306755.83333, 16442201587.47222, 128227.14840, 0.94766, 0.53830, 0.71466, -0.25296, 0.83333, 0.16667
-1.49161, -3.48430, 3.15040, 4.92852, -1.97528, 0.87732, 31.00000, 370752.00000, 55816.00000, 180553.41935, 9726248372.50156, 98621.74391, 0.91102, 0.81587, 1.82322, -1.63909, 0.41935, 0.58065
-0.70086, -2.75567, 4.02561, 4.92853, -1.81985, 0.61496, 45.00000, 484035.00000, 28489.00000, 206209.66667, 13680475528.71111, 116963.56496, 0.90081, -1.86160, -6.49176, 9.35336, 0.37778, 0.62222
-1.97536, -2.21782, 3.93313, 4.92852, -2.29844, 0.64677, 32.00000, 390896.00000, 29967.00000, 185261.53125, 11960539006.43652, 109364.24922, 0.91102, 5.51065, 6.05607, -10.56672, 0.78125, 0.21875
-1.40973, -2.85909, 3.75484, 4.92550, -2.02888, 0.70390, 27.00000, 476809.00000, 51742.00000, 239500.96296, 13262136217.81344, 115161.34863, 0.94766, 3.30198, 7.02665, -9.32863, 0.55556, 0.44444
-3.93313, -1.97536, 2.21782, 4.92852, -2.67616, 1.10403, 20.00000, 492045.00000, 62477.00000, 243678.95000, 21829495945.74750, 147748.08271, 0.91102, 1.05443, 0.54989, -0.60432, 0.90000, 0.10000
-3.15040, -1.49161, 3.48430, 4.92852, -2.69940, 0.78559, 32.00000, 478312.00000, 53011.00000, 211324.43750, 14637907531.24609, 120987.22053, 0.91102, 2.59457, 1.29147, -2.88604, 0.93750, 0.06250
-4.02561, -0.70086, 2.75567, 4.92853, -2.96922, 0.97747, 18.00000, 339820.00000, 51288.00000, 151011.33333, 5142157410.66667, 71708.83774, 0.90081, 1.98030, 0.39414, -1.37444, 0.94444, 0.05556
-3.75484, -1.40973, 2.85909, 4.92550, -2.78243, 0.95149, 18.00000, 480904.00000, 46543.00000, 210442.16667, 17999812780.36111, 134163.38092, 0.94766, 1.66465, 0.58922, -1.25387, 0.94444, 0.05556
-2.20355, -3.47499, 2.68919, 4.91558, -2.13592, 0.99193, 18.00000, 480196.00000, 58332.00000, 256558.50000, 14482520449.91667, 120343.34402, 1.08598, 0.74373, 1.15838, -0.90211, 0.38889, 0.61111
-2.68919, -2.20355, 3.47499, 4.91558, -2.45513, 0.78564, 26.00000, 427757.00000, 47463.00000, 198971.03846, 11423944534.65237, 106882.85426, 1.08598, 1.85065, 1.52573, -2.37638, 0.65385, 0.34615
-3.47499, -2.68919, 2.20355, 4.91558, -2.48299, 1.10596, 8.00000, 464404.00000, 72249.00000, 227101.12500, 14606220494.60938, 120856.19758, 1.08598, 0.87972, 0.68510, -0.56481, 0.62500, 0.37500
-2.83550, -2.83550, 2.83550, 4.91123, -2.35619, 0.95532, 15.00000, 449233.00000, 92946.00000, 239828.53333, 14966596829.71556, 122338.04326, 1.14286, 1.00000, 1.00000, -1.00000, 0.66667, 0.33333
-0.70086, -2.75567, -4.02561, 4.92853, -1.81985, 2.52663, 0.00000, 0.00000, 0.00000, 0.00000, 0.00000, 0.00000, 0.90081, 0.10514, 0.36663, 0.52824, 0.00000, 0.00000
-1.49161, -3.48430, -3.15040, 4.92852, -1.97528, 2.26428, 0.00000, 0.00000, 0.00000, 0.00000, 0.00000, 0.00000, 0.91102, 0.19070, 0.42617, 0.38313, 0.00000, 0.00000
-1.97536, -2.21782, -3.93313, 4.92852, -2.29844, 2.49482, 0.00000, 0.00000, 0.00000, 0.00000, 0.00000, 0.00000, 0.91102, 0.24897, 0.27362, 0.47741, 0.00000, 0.00000
-1.40973, -2.85909, -3.75484, 4.92550, -2.02888, 2.43770, 0.00000, 0.00000, 0.00000, 0.00000, 0.00000, 0.00000, 0.94766, 0.16798, 0.35746, 0.47456, 0.00000, 0.00000
-2.21782, -3.93313, -1.97536, 4.92852, -2.08423, 1.98319, 3.00000, 372108.00000, 230819.00000, 305969.33333, 3367701988.22222, 58031.90492, 0.91102, 0.27362, 0.47741, 0.24897, 0.33333, 0.66667
-2.75567, -4.02561, -0.70086, 4.92853, -2.17107, 1.71348, 0.00000, 0.00000, 0.00000, 0.00000, 0.00000, 0.00000, 0.90081, 0.36663, 0.52824, 0.10514, 0.00000, 0.00000
-3.48430, -3.15040, -1.49161, 4.92852, -2.40648, 1.87827, 1.00000, 346947.00000, 346947.00000, 346947.00000, 0.00000, 0.00000, 0.91102, 0.42617, 0.38313, 0.19070, 1.00000, 0.00000
-2.85909, -3.75484, -1.40973, 4.92550, -2.22158, 1.86107, 4.00000, 445817.00000, 163162.00000, 290506.25000, 14070824080.68750, 118620.50447, 0.94766, 0.35746, 0.47456, 0.16798, 0.75000, 0.25000
-3.15040, -1.49161, -3.48430, 4.92852, -2.69940, 2.35600, 2.00000, 461028.00000, 222105.00000, 341566.50000, 14271049982.25000, 119461.50000, 0.91102, 0.38313, 0.19070, 0.42617, 0.50000, 0.50000
-3.93313, -1.97536, -2.21782, 4.92852, -2.67616, 2.03756, 0.00000, 0.00000, 0.00000, 0.00000, 0.00000, 0.00000, 0.91102, 0.47741, 0.24897, 0.27362, 0.00000, 0.00000
-4.02561, -0.70086, -2.75567, 4.92853, -2.96922, 2.16413, 2.00000, 390561.00000, 248268.00000, 319414.50000, 5061824462.25000, 71146.50000, 0.90081, 0.52824, 0.10514, 0.36663, 1.00000, 0.00000
-3.75484, -1.40973, -2.85909, 4.92550, -2.78243, 2.19010, 1.00000, 152546.00000, 152546.00000, 152546.00000, 0.00000, 0.00000, 0.94766, 0.47456, 0.16798, 0.35746, 1.00000, 0.00000
-2.20355, -3.47499, -2.68919, 4.91558, -2.13592, 2.14966, 0.00000, 0.00000, 0.00000, 0.00000, 0.00000, 0.00000, 1.08598, 0.26522, 0.41309, 0.32170, 0.00000, 0.00000
-3.47499, -2.68919, -2.20355, 4.91558, -2.48299, 2.03563, 0.00000, 0.00000, 0.00000, 0.00000, 0.00000, 0.00000, 1.08598, 0.41309, 0.32170, 0.26522, 0.00000, 0.00000
-2.68919, -2.20355, -3.47499, 4.91558, -2.45513, 2.35595, 0.00000, 0.00000, 0.00000, 0.00000, 0.00000, 0.00000, 1.08598, 0.32170, 0.26522, 0.41309, 0.00000, 0.00000
-2.83550, -2.83550, -2.83550, 4.91123, -2.35619, 2.18628, 1.00000, 223290.00000, 223290.00000, 223290.00000, 0.00000, 0.00000, 1.14286, 0.33333, 0.33333, 0.33333, 0.00000, 1.00000
3.75791, 0.00000, -3.18882, 4.92853, 0.00000, 2.27446, 1.00000, 242986.00000, 242986.00000, 242986.00000, 0.00000, 0.00000, 0.90081, 8.64229, 0.00000, -7.64229, 0.00000, 1.00000
2.87963, -0.78273, -3.92241, 4.92852, -0.26540, 2.49122, 4.00000, 470728.00000, 181249.00000, 328030.75000, 10856699799.68750, 104195.48838, 0.91102, -1.48153, 0.40335, 2.07817, 0.00000, 1.00000
2.87963, 0.78273, -3.92241, 4.92852, 0.26540, 2.49122, 1.00000, 376974.00000, 376974.00000, 376974.00000, 0.00000, 0.00000, 0.91102, -7.66476, -2.08678, 10.75154, 0.00000, 1.00000
3.21637, 0.00000, -3.73035, 4.92550, 0.00000, 2.43005, 0.00000, 0.00000, 0.00000, 0.00000, 0.00000, 0.00000, 0.94766, -8.06739, -0.00000, 9.06739, 0.00000, 0.00000
1.70460, -1.50894, -4.37124, 4.92852, -0.72459, 2.66145, 2.00000, 457436.00000, 338637.00000, 398036.50000, 3528300600.25000, 59399.50000, 0.91102, -0.42255, 0.35294, 1.06961, 0.00000, 1.00000
0.43315, -2.05481, -4.45876, 4.92853, -1.36304, 2.70143, 1.00000, 493898.00000, 493898.00000, 493898.00000, 0.00000, 0.00000, 0.90081, -0.08228, 0.33112, 0.75116, 0.00000, 1.00000
0.43811, -0.72621, -4.85499, 4.92852, -1.02797, 2.96865, 0.00000, 0.00000, 0.00000, 0.00000, 0.00000, 0.00000, 0.91102, -0.09634, 0.13403, 0.96230, 0.00000, 0.00000
0.87126, -1.44936, -4.62611, 4.92550, -1.02954, 2.79113, 1.00000, 245046.00000, 245046.00000, 245046.00000, 0.00000, 0.00000, 0.94766, -0.15634, 0.28534, 0.87099, 0.00000, 1.00000
1.70460, 1.50894, -4.37124, 4.92852, 0.72459, 2.66145, 0.00000, 0.00000, 0.00000, 0.00000, 0.00000, 0.00000, 0.91102, -1.43665, -1.19997, 3.63662, 0.00000, 0.00000
0.43811, 0.72621, -4.85499, 4.92852, 1.02797, 2.96865, 0.00000, 0.00000, 0.00000, 0.00000, 0.00000, 0.00000, 0.91102, -0.13162, -0.18312, 1.31474, 0.00000, 0.00000
0.43315, 2.05481, -4.45876, 4.92853, 1.36304, 2.70143, 0.00000, 0.00000, 0.00000, 0.00000, 0.00000, 0.00000, 0.90081, -0.24359, -0.98030, 2.22389, 0.00000, 0.00000
0.87126, 1.44936, -4.62611, 4.92550, 1.02954, 2.79113, 0.00000, 0.00000, 0.00000, 0.00000, 0.00000, 0.00000, 0.94766, -0.36416, -0.66465, 2.02881, 0.00000, 0.00000
2.14766, -0.78579, -4.35121, 4.91558, -0.35075, 2.65769, 1.00000, 334939.00000, 334939.00000, 334939.00000, 0.00000, 0.00000, 1.08598, -0.71592, 0.25627, 1.45965, 0.00000, 1.00000
0.87622, 0.00000, -4.83686, 4.91558, 0.00000, 2.96238, 1.00000, 406951.00000, 406951.00000, 406951.00000, 0.00000, 0.00000, 1.08598, -0.22879, -0.00000, 1.22879, 1.00000, 0.00000
2.14766, 0.78579, -4.35121, 4.91558, 0.35075, 2.65769, 1.00000, 451956.00000, 451956.00000, 451956.00000, 0.00000, 0.00000, 1.08598, -1.46868, -0.52573, 2.99442, 0.00000, 1.00000
1.75244, 0.00000, -4.58794, 4.91123, 0.00000, 2.77673, 0.00000, 0.00000, 0.00000, 0.00000, 0.00000, 0.00000, 1.14286, -0.61803, -0.00000, 1.61803, 0.00000, 0.00000
4.45876, 0.43315, 2.05481, 4.92853, 0.09684, 1.14074, 33.00000, 447336.00000, 28226.00000, 172397.42424, 11153967252.48669, 105612.34422, 0.90081, 0.64502, 0.07065, 0.28433, 0.12121, 0.87879
4.85499, 0.43811, 0.72621, 4.92852, 0.09000, 1.42291, 17.00000, 481887.00000, 45970.00000, 223515.00000, 18977883251.52941, 137760.23828, 0.91102, 0.80685, 0.08077, 0.11238, 0.11765, 0.88235
4.37124, 1.70460, 1.50894, 4.92852, 0.37182, 1.25963, 16.00000, 463905.00000, 43940.00000, 231057.31250, 23097847200.96484, 151979.75918, 0.91102, 0.57970, 0.22901, 0.19128, 0.12500, 0.87500
4.62611, 0.87126, 1.44936, 4.92550, 0.18616, 1.27212, 13.00000, 300367.00000, 59800.00000, 169556.69231, 7257043238.52071, 85188.28111, 0.94766, 0.66353, 0.11910, 0.21738, 0.00000, 1.00000
4.85499, 0.43811, -0.72621, 4.92852, 0.09000, 1.71868, 8.00000, 473501.00000, 44469.00000, 294062.50000, 18048487488.50000, 134344.65932, 0.91102, 1.04077, 0.10419, -0.14496, 0.12500, 0.87500
4.45876, 0.43315, -2.05481, 4.92853, 0.09684, 2.00085, 9.00000, 488950.00000, 110722.00000, 278194.33333, 11849357450.22222, 108854.75392, 0.90081, 1.49537, 0.16379, -0.65917, 0.00000, 1.00000
4.37124, 1.70460, -1.50894, 4.92852, 0.37182, 1.88196, 4.00000, 440668.00000, 138574.00000, 327467.75000, 13884425250.18750, 117832.19106, 0.91102, 0.93889, 0.37091, -0.30980, 0.25000, 0.75000
4.62611, 0.87126, -1.44936, 4.92550, 0.18616, 1.86947, 0.00000, 0.00000, 0.00000, 0.00000, 0.00000, 0.00000, 0.94766, 1.17386, 0.21070, -0.38457, 0.00000, 0.00000
3.92241, 2.87963, 0.78273, 4.92852, 0.63328, 1.41130, 7.00000, 396664.00000, 80108.00000, 256861.00000, 8127941797.14286, 90155.09856, 0.91102, 0.52439, 0.37383, 0.10178, 0.28571, 0.71429
3.92241, 2.87963, -0.78273, 4.92852, 0.63328, 1.73029, 1.00000, 406461.00000, 406461.00000, 406461.00000, 0.00000, 0.00000, 0.91102, 0.65841, 0.46938, -0.12779, 1.00000, 0.00000
3.18882, 3.75791, 0.00000, 4.92853, 0.86714, 1.57080, 5.00000, 393907.00000, 70494.00000, 200947.40000, 11383721153.84000, 106694.52260, 0.90081, 0.46930, 0.53070, 0.00000, 0.20000, 0.80000
3.73035, 3.21637, 0.00000, 4.92550, 0.71154, 1.57080, 5.00000, 449014.00000, 115789.00000, 255488.80000, 13960835468.56000, 118155.97940, 0.94766, 0.52918, 0.47082, 0.00000, 0.20000, 0.80000
4.83686, 0.87622, 0.00000, 4.91558, 0.17921, 1.57080, 7.00000, 480623.00000, 266499.00000, 360888.14286, 6457054696.12245, 80355.80064, 1.08598, 0.84303, 0.15697, 0.00000, 0.14286, 0.85714
4.35121, 2.14766, -0.78579, 4.91558, 0.45850, 1.73134, 4.00000, 429723.00000, 97386.00000, 257781.75000, 25768255638.68750, 160524.93775, 1.08598, 0.76051, 0.37301, -0.13352, 0.25000, 0.75000
4.35121, 2.14766, 0.78579, 4.91558, 0.45850, 1.41025, 10.00000, 491432.00000, 133893.00000, 298793.00000, 14753657100.80000, 121464.63313, 1.08598, 0.60022, 0.29439, 0.10538, 0.10000, 0.90000
4.58794, 1.75244, 0.00000, 4.91123, 0.36486, 1.57080, 10.00000, 408407.00000, 116213.00000, 257321.20000, 11321322839.76000, 106401.70506, 1.14286, 0.72361, 0.27639, -0.00000, 0.10000, 0.90000
