-2.75567, 4.02561, 0.70086, 4.92853, 2.17107, 1.42811, 11.00000, 493586.00000, 102329.00000, 259917.54545, 13074934493.33884, 114345.67982, 0.90081, -1.37444, 1.98030, 0.39414, 0.81818, 0.18182
-3.48430, 3.15040, 1.49161, 4.92852, 2.40648, 1.26333, 19.00000, 454382.00000, 38793.00000, 194030.78947, 15955577166.48199, 126315.38769, 0.91102, -2.88604, 2.59457, 1.29147, 0.89474, 0.10526
-2.21782, 3.93313, 1.97536, 4.92852, 2.08423, 1.15840, 19.00000, 340719.00000, 29500.00000, 194361.05263, 12003013957.10249, 109558.26741, 0.91102, -0.60432, 1.05443, 0.54989, 1.00000, 0.00000
-2.85909, 3.75484, 1.40973, 4.92550, 2.22158, 1.28053, 15.00000, 413813.00000, 40399.00000, 149543.40000, 8391930049.30667, 91607.47813, 0.94766, -1.25387, 1.66465, 0.58922, 1.00000, 0.00000
-3.93313, 1.97536, 2.21782, 4.92852, 2.67616, 1.10403, 32.00000, 451357.00000, 42659.00000, 196441.15625, 13463250357.56934, 116031.24733, 0.91102, -10.56672, 5.51065, 6.05607, 0.90625, 0.09375
-4.02561, 0.70086, 2.75567, 4.92853, 2.96922, 0.97747, 31.00000, 428919.00000, 28196.00000, 158508.58065, 11013988439.79188, 104947.55090, 0.90081, 9.35336, -1.86160, -6.49176, 0.93548, 0.06452
-3.15040, 1.49161, 3.48430, 4.92852, 2.69940, 0.78559, 67.00000, 496786.00000, 16049.00000, 162357.38806, 15591740204.53598, 124866.88994, 0.91102, -1.63909, 0.81587, 1.82322, 0.95522, 0.04478
-3.75484, 1.40973, 2.85909, 4.92550, 2.78243, 0.95149, 31.00000, 481439.00000, 30057.00000, 179614.74194, 14164096675.99792, 119013.01053, 0.94766, -9.32863, 3.30198, 7.02665, 0.96774, 0.03226
-1.49161, 3.48430, 3.15040, 4.92852, 1.97528, 0.87732, 45.00000, 463328.00000, 21597.00000, 162763.40000, 12101125707.70667, 110005.11673, 0.91102, -0.30829, 0.68893, 0.61936, 0.97778, 0.02222
-1.97536, 2.21782, 3.93313, 4.92852, 2.29844, 0.64677, 66.00000, 482622.00000, 23934.00000, 126533.01515, 11521907855.71189, 107340.15025, 0.91102, -0.49591, 0.54500, 0.95092, 0.98485, 0.01515
-0.70086, 2.75567, 4.02561, 4.92853, 1.81985, 0.61496, 48.00000, 487815.00000, 26914.00000, 137522.56250, 13421907202.87109, 115852.95509, 0.90081, -0.13313, 0.46424, 0.66888, 1.00000, 0.00000
-1.40973, 2.85909, 3.75484, 4.92550, 2.02888, 0.70390, 54.00000, 422164.00000, 29640.00000, 133058.29630, 10435003803.09739, 102151.86637, 0.94766, -0.25296, 0.53830, 0.71466, 1.00000, 0.00000
-3.47499, 2.68919, 2.20355, 4.91558, 2.48299, 1.10596, 18.00000, 411426.00000, 48868.00000, 210144.55556, 12568049324.80247, 112107.31165, 1.08598, -2.37638, 1.85065, 1.52573, 0.94444, 0.05556
-2.68919, 2.20355, 3.47499, 4.91558, 2.45513, 0.78564, 50.00000, 490119.00000, 24073.00000, 152011.38000, 15816855998.39560, 125765.08259, 1.08598, -0.90211, 0.74373, 1.15838, 0.96000, 0.04000
-2.20355, 3.47499, 2.68919, 4.91558, 2.13592, 0.99193, 29.00000, 399395.00000, 22109.00000, 137702.00000, 9865189145.72414, 99323.65854, 1.08598, -0.56481, 0.87972, 0.68510, 1.00000, 0.00000
-2.83550, 2.83550, 2.83550, 4.91123, 2.35619, 0.95532, 46.00000, 475099.00000, 28205.00000, 165310.26087, 12125685376.23630, 110116.68982, 1.14286, -1.00000, 1.00000, 1.00000, 0.97826, 0.02174
-2.05481, 4.45876, 0.43315, 4.92853, 2.00263, 1.48280, 5.00000, 484175.00000, 88373.00000, 206947.00000, 21500714610.80000, 146631.21977, 0.90081, -0.65917, 1.49537, 0.16379, 1.00000, 0.00000
-1.50894, 4.37124, 1.70460, 4.92852, 1.90319, 1.21764, 11.00000, 477036.00000, 123121.00000, 207419.36364, 10290404330.77686, 101441.63017, 0.91102, -0.30980, 0.93889, 0.37091, 1.00000, 0.00000
-0.72621, 4.85499, 0.43811, 4.92852, 1.71928, 1.48179, 10.00000, 407120.00000, 47519.00000, 213766.70000, 7731442995.21000, 87928.62444, 0.91102, -0.14496, 1.04077, 0.10419, 1.00000, 0.00000
-1.44936, 4.62611, 0.87126, 4.92550, 1.87441, 1.39297, 7.00000, 378480.00000, 65496.00000, 232307.42857, 8828822717.38775, 93961.81521, 0.94766, -0.38457, 1.17386, 0.21070, 1.00000, 0.00000
-0.78273, 3.92241, 2.87963, 4.92852, 1.76776, 0.94680, 39.00000, 455903.00000, 25777.00000, 151112.05128, 9818407589.58712, 99087.87812, 0.91102, -0.12779, 0.65841, 0.46938, 1.00000, 0.00000
0.00000, 3.18882, 3.75791, 4.92853, 1.57080, 0.70366, 37.00000, 371284.00000, 24640.00000, 135068.08108, 9772610956.18262, 98856.51701, 0.90081, -0.00000, 0.46930, 0.53070, 1.00000, 0.00000
0.78273, 3.92241, 2.87963, 4.92852, 1.37383, 0.94680, 20.00000, 485202.00000, 49380.00000, 193063.15000, 12946816815.12750, 113784.07980, 0.91102, 0.10178, 0.52439, 0.37383, 1.00000, 0.00000
0.00000, 3.73035, 3.21637, 4.92550, 1.57080, 0.85925, 20.00000, 471513.00000, 22979.00000, 184406.55000, 16358308343.04750, 127899.60259, 0.94766, -0.00000, 0.52918, 0.47082, 1.00000, 0.00000
0.72621, 4.85499, 0.43811, 4.92852, 1.42232, 1.48179, 8.00000, 380901.00000, 95348.00000, 238554.62500, 8582183726.48438, 92640.07624, 0.91102, 0.11238, 0.80685, 0.08077, 1.00000, 0.00000
1.50894, 4.37124, 1.70460, 4.92852, 1.23841, 1.21764, 9.00000, 410681.00000, 72749.00000, 201639.22222, 13232720985.28395, 115033.56460, 0.91102, 0.19128, 0.57970, 0.22901, 1.00000, 0.00000
2.05481, 4.45876, 0.43315, 4.92853, 1.13896, 1.48280, 3.00000, 490988.00000, 25474.00000, 218586.66667, 39260560363.55556, 198142.77772, 0.90081, 0.28433, 0.64502, 0.07065, 0.66667, 0.33333
1.44936, 4.62611, 0.87126, 4.92550, 1.26718, 1.39297, 1.00000, 102116.00000, 102116.00000, 102116.00000, 0.00000, 0.00000, 0.94766, 0.21738, 0.66353, 0.11910, 1.00000, 0.00000
-0.78579, 4.35121, 2.14766, 4.91558, 1.74946, 1.11864, 17.00000, 473109.00000, 50698.00000, 213485.11765, 24653109544.10381, 157013.08717, 1.08598, -0.13352, 0.76051, 0.37301, 0.94118, 0.05882
0.78579, 4.35121, 2.14766, 4.91558, 1.39213, 1.11864, 10.00000, 366688.00000, 61905.00000, 184797.00000, 8585392762.80000, 92657.39454, 1.08598, 0.10538, 0.60022, 0.29439, 1.00000, 0.00000
0.00000, 4.83686, 0.87622, 4.91558, 1.57080, 1.39159, 10.00000, 413973.00000, 117726.00000, 232725.10000, 8998756051.69000, 94861.77340, 1.08598, -0.00000, 0.84303, 0.15697, 1.00000, 0.00000
0.00000, 4.58794, 1.75244, 4.91123, 1.57080, 1.20593, 7.00000, 283425.00000, 67367.00000, 191028.85714, 4143376490.12245, 64369.06470, 1.14286, 0.00000, 0.72361, 0.27639, 1.00000, 0.00000
-2.05481, 4.45876, -0.43315, 4.92853, 2.00263, 1.65880, 5.00000, 491872.00000, 174506.00000, 326980.00000, 16956238720.00000, 130216.12312, 0.90081, -0.98030, 2.22389, -0.24359, 1.00000, 0.00000
-0.72621, 4.85499, -0.43811, 4.92852, 1.71928, 1.65981, 2.00000, 456011.00000, 150479.00000, 303245.00000, 23337450756.00000, 152766.00000, 0.91102, -0.18312, 1.31474, -0.13162, 1.00000, 0.00000
-1.50894, 4.37124, -1.70460, 4.92852, 1.90319, 1.92396, 3.00000, 488783.00000, 206634.00000, 376855.00000, 14967046624.66667, 122339.88158, 0.91102, -1.19997, 3.63662, -1.43665, 1.00000, 0.00000
-1.44936, 4.62611, -0.87126, 4.92550, 1.87441, 1.74862, 2.00000, 281811.00000, 233183.00000, 257497.00000, 591170596.00000, 24314.00000, 0.94766, -0.66465, 2.02881, -0.36416, 0.50000, 0.50000
0.72621, 4.85499, -0.43811, 4.92852, 1.42232, 1.65981, 4.00000, 389006.00000, 220932.00000, 301229.50000, 3565374625.25000, 59710.75804, 0.91102, 0.13403, 0.96230, -0.09634, 1.00000, 0.00000
2.05481, 4.45876, -0.43315, 4.92853, 1.13896, 1.65880, 2.00000, 265702.00000, 260031.00000, 262866.50000, 8040060.25000, 2835.50000, 0.90081, 0.33112, 0.75116, -0.08228, 1.00000, 0.00000
1.50894, 4.37124, -1.70460, 4.92852, 1.23841, 1.92396, 5.00000, 360444.00000, 168382.00000, 242256.00000, 4638711139.60000, 68108.08425, 0.91102, 0.35294, 1.06961, -0.42255, 1.00000, 0.00000
1.44936, 4.62611, -0.87126, 4.92550, 1.26718, 1.74862, 2.00000, 336989.00000, 185117.00000, 261053.00000, 5766276096.00000, 75936.00000, 0.94766, 0.28534, 0.87099, -0.15634, 0.50000, 0.50000
-0.78273, 3.92241, -2.87963, 4.92852, 1.76776, 2.19479, 1.00000, 220071.00000, 220071.00000, 220071.00000, 0.00000, 0.00000, 0.91102, -2.08678, 10.75154, -7.66476, 1.00000, 0.00000
0.78273, 3.92241, -2.87963, 4.92852, 1.37383, 2.19479, 3.00000, 493192.00000, 433670.00000, 455542.66667, 714929686.22222, 26738.16909, 0.91102, 0.40335, 2.07817, -1.48153, 1.00000, 0.00000
0.00000, 3.18882, -3.75791, 4.92853, 1.57080, 2.43793, 1.00000, 431110.00000, 431110.00000, 431110.00000, 0.00000, 0.00000, 0.90081, -0.00000, -7.64229, 8.64229, 1.00000, 0.00000
0.00000, 3.73035, -3.21637, 4.92550, 1.57080, 2.28234, 1.00000, 431070.00000, 431070.00000, 431070.00000, 0.00000, 0.00000, 0.94766, 0.00000, 9.06739, -8.06739, 1.00000, 0.00000
0.00000, 4.83686, -0.87622, 4.91558, 1.57080, 1.75001, 2.00000, 386977.00000, 188463.00000, 287720.00000, 9851952049.00000, 99257.00000, 1.08598, 0.00000, 1.22879, -0.22879, 1.00000, 0.00000
0.78579, 4.35121, -2.14766, 4.91558, 1.39213, 2.02296, 1.00000, 216650.00000, 216650.00000, 216650.00000, 0.00000, 0.00000, 1.08598, 0.25627, 1.45965, -0.71592, 1.00000, 0.00000
-0.78579, 4.35121, -2.14766, 4.91558, 1.74946, 2.02296, 3.00000, 413332.00000, 223181.00000, 309432.33333, 6181965634.88889, 78625.47701, 1.08598, -0.52573, 2.99442, -1.46868, 1.00000, 0.00000
0.00000, 4.58794, -1.75244, 4.91123, 1.57080, 1.93566, 2.00000, 232330.00000, 199477.00000, 215903.50000, 269829902.25000, 16426.50000, 1.14286, 0.00000, 1.61803, -0.61803, 0.50000, 0.50000
-2.75567, 4.02561, -0.70086, 4.92853, 2.17107, 1.71348, 9.00000, 479083.00000, 65242.00000, 292485.88889, 17152576044.54321, 130967.84355, 0.90081, -6.49176, 9.35336, -1.86160, 0.66667, 0.33333
-2.21782, 3.93313, -1.97536, 4.92852, 2.08423, 1.98319, 2.00000, 302159.00000, 201047.00000, 251603.00000, 2555909136.00000, 50556.00000, 0.91102, 6.05607, -10.56672, 5.51065, 0.50000, 0.50000
-3.48430, 3.15040, -1.49161, 4.92852, 2.40648, 1.87827, 10.00000, 485976.00000, 128142.00000, 300667.00000, 9959378346.20000, 99796.68505, 0.91102, 1.82322, -1.63909, 0.81587, 0.80000, 0.20000
-2.85909, 3.75484, -1.40973, 4.92550, 2.22158, 1.86107, 4.00000, 326758.00000, 145645.00000, 231770.50000, 4129817177.25000, 64263.65363, 0.94766, 7.02665, -9.32863, 3.30198, 0.75000, 0.25000
-1.49161, 3.48430, -3.15040, 4.92852, 1.97528, 2.26428, 0.00000, 0.00000, 0.00000, 0.00000, 0.00000, 0.00000, 0.91102, 1.29147, -2.88604, 2.59457, 0.00000, 0.00000
-0.70086, 2.75567, -4.02561, 4.92853, 1.81985, 2.52663, 2.00000, 323265.00000, 311846.00000, 317555.50000, 32598390.25000, 5709.50000, 0.90081, 0.39414, -1.37444, 1.98030, 0.50000, 0.50000
-1.97536, 2.21782, -3.93313, 4.92852, 2.29844, 2.49482, 3.00000, 397403.00000, 128412.00000, 267616.66667, 12103712181.55556, 110016.87226, 0.91102, 0.54989, -0.60432, 1.05443, 0.00000, 1.00000
-1.40973, 2.85909, -3.75484, 4.92550, 2.02888, 2.43770, 1.00000, 125586.00000, 125586.00000, 125586.00000, 0.00000, 0.00000, 0.94766, 0.58922, -1.25387, 1.66465, 0.00000, 1.00000
-3.93313, 1.97536, -2.21782, 4.92852, 2.67616, 2.03756, 10.00000, 490223.00000, 180563.00000, 276927.60000, 6501189856.84000, 80629.95632, 0.91102, 0.95092, -0.49591, 0.54500, 0.40000, 0.60000
-3.15040, 1.49161, -3.48430, 4.92852, 2.69940, 2.35600, 6.00000, 356034.00000, 51050.00000, 252583.66667, 11219034164.88889, 105919.94224, 0.91102, 0.61936, -0.30829, 0.68893, 0.16667, 0.83333
-4.02561, 0.70086, -2.75567, 4.92853, 2.96922, 2.16413, 9.00000, 474275.00000, 71222.00000, 230870.66667, 19498357299.55556, 139636.51850, 0.90081, 0.66888, -0.13313, 0.46424, 0.00000, 1.00000
-3.75484, 1.40973, -2.85909, 4.92550, 2.78243, 2.19010, 2.00000, 302828.00000, 207151.00000, 254989.50000, 2288522082.25000, 47838.50000, 0.94766, 0.71466, -0.25296, 0.53830, 0.00000, 1.00000
-2.20355, 3.47499, -2.68919, 4.91558, 2.13592, 2.14966, 3.00000, 490134.00000, 230212.00000, 388806.33333, 12899643236.22222, 113576.59634, 1.08598, 1.52573, -2.37638, 1.85065, 0.33333, 0.66667
-2.68919, 2.20355, -3.47499, 4.91558, 2.45513, 2.35595, 3.00000, 180958.00000, 62394.00000, 122984.66667, 2346328899.55556, 48438.91926, 1.08598, 0.68510, -0.56481, 0.87972, 0.33333, 0.66667
-3.47499, 2.68919, -2.20355, 4.91558, 2.48299, 2.03563, 6.00000, 479426.00000, 80523.00000, 316357.00000, 19671050167.66667, 140253.52105, 1.08598, 1.15838, -0.90211, 0.74373, 0.50000, 0.50000
-2.83550, 2.83550, -2.83550, 4.91123, 2.35619, 2.18628, 8.00000, 471713.00000, 95746.00000, 261990.75000, 11511302942.68750, 107290.74025, 1.14286, 1.00000, -1.00000, 1.00000, 0.37500, 0.62500
-3.18882, 3.75791, 0.00000, 4.92853, 2.27446, 1.57080, 5.00000, 467953.00000, 116520.00000, 331206.60000, 16772564729.44000, 129508.93687, 0.90081, -7.64229, 8.64229, 0.00000, 0.60000, 0.40000
-3.92241, 2.87963, -0.78273, 4.92852, 2.50831, 1.73029, 7.00000, 486935.00000, 130783.00000, 274208.28571, 15505513765.63266, 124521.13783, 0.91102, 2.07817, -1.48153, 0.40335, 0.85714, 0.14286
-3.92241, 2.87963, 0.78273, 4.92852, 2.50831, 1.41130, 11.00000, 473710.00000, 40393.00000, 222596.27273, 17477482604.74380, 132202.43040, 0.91102, 10.75154, -7.66476, -2.08678, 1.00000, 0.00000
-3.73035, 3.21637, 0.00000, 4.92550, 2.43005, 1.57080, 6.00000, 413971.00000, 174819.00000, 264997.66667, 7089701751.22222, 84200.36669, 0.94766, 9.06739, -8.06739, -0.00000, 0.50000, 0.50000
-4.37124, 1.70460, -1.50894, 4.92852, 2.76977, 1.88196, 7.00000, 497970.00000, 48444.00000, 224343.00000, 19735588655.42857, 140483.41061, 0.91102, 1.06961, -0.42255, 0.35294, 0.42857, 0.57143
-4.45876, 0.43315, -2.05481, 4.92853, 3.04475, 2.00085, 20.00000, 492220.00000, 48042.00000, 226128.70000, 15010585613.01000, 122517.69510, 0.90081, 0.75116, -0.08228, 0.33112, 0.10000, 0.90000
-4.85499, 0.43811, -0.72621, 4.92852, 3.05160, 1.71868, 15.00000, 410519.00000, 60016.00000, 206481.06667, 13928399684.59555, 118018.64126, 0.91102, 0.96230, -0.09634, 0.13403, 0.33333, 0.66667
-4.62611, 0.87126, -1.44936, 4.92550, 2.95544, 1.86947, 10.00000, 391712.00000, 64449.00000, 204617.30000, 9513574546.01000, 97537.55454, 0.94766, 0.87099, -0.15634, 0.28534, 0.10000, 0.90000
-4.37124, 1.70460, 1.50894, 4.92852, 2.76977, 1.25963, 8.00000, 496029.00000, 89544.00000, 265509.50000, 13539587614.25000, 116359.73365, 0.91102, 3.63662, -1.43665, -1.19997, 0.62500, 0.37500
-4.85499, 0.43811, 0.72621, 4.92852, 3.05160, 1.42291, 16.00000, 497898.00000, 74749.00000, 242489.06250, 17619246563.30859, 132737.51001, 0.91102, 1.31474, -0.13162, -0.18312, 0.62500, 0.37500
-4.45876, 0.43315, 2.05481, 4.92853, 3.04475, 1.14074, 19.00000, 475439.00000, 70552.00000, 252022.73684, 13343037627.03601, 115512.06702, 0.90081, 2.22389, -0.24359, -0.98030, 0.57895, 0.42105
-4.62611, 0.87126, 1.44936, 4.92550, 2.95544, 1.27212, 14.00000, 479034.00000, 75124.00000, 254954.71429, 20783633098.77551, 144165.29783, 0.94766, 2.02881, -0.36416, -0.66465, 0.64286, 0.35714
-4.35121, 2.14766, -0.78579, 4.91558, 2.68310, 1.73134, 15.00000, 440727.00000, 91436.00000, 243586.93333, 9523225820.46222, 97587.01666, 1.08598, 1.45965, -0.71592, 0.25627, 0.80000, 0.20000
-4.83686, 0.87622, 0.00000, 4.91558, 2.96238, 1.57080, 9.00000, 484108.00000, 66443.00000, 256059.88889, 18085106331.43210, 134480.87720, 1.08598, 1.22879, -0.22879, -0.00000, 0.22222, 0.77778
-4.35121, 2.14766, 0.78579, 4.91558, 2.68310, 1.41025, 14.00000, 466670.00000, 50675.00000, 258091.78571, 23869875986.02551, 154498.78959, 1.08598, 2.99442, -1.46868, -0.52573, 0.92857, 0.07143
-4.58794, 1.75244, 0.00000, 4.91123, 2.77673, 1.57080, 9.00000, 446802.00000, 134297.00000, 260656.00000, 13958234447.33333, 118144.97216, 1.14286, 1.61803, -0.61803, -0.00000, 0.44444, 0.55556
2.75567, 4.02561, 0.70086, 4.92853, 0.97053, 1.42811, 2.00000, 440675.00000, 146305.00000, 293490.00000, 21663424225.00000, 147185.00000, 0.90081, 0.36663, 0.52824, 0.10514, 1.00000, 0.00000
2.21782, 3.93313, 1.97536, 4.92852, 1.05736, 1.15840, 9.00000, 308269.00000, 88801.00000, 202517.11111, 5474554456.09877, 73990.23217, 0.91102, 0.27362, 0.47741, 0.24897, 1.00000, 0.00000
3.48430, 3.15040, 1.49161, 4.92852, 0.73511, 1.26333, 5.00000, 393663.00000, 126889.00000, 300346.20000, 8327727717.36000, 91256.38453, 0.91102, 0.42617, 0.38313, 0.19070, 1.00000, 0.00000
2.85909, 3.75484, 1.40973, 4.92550, 0.92001, 1.28053, 3.00000, 324427.00000, 159751.00000, 248684.00000, 4606685546.00000, 67872.56844, 0.94766, 0.35746, 0.47456, 0.16798, 1.00000, 0.00000
1.49161, 3.48430, 3.15040, 4.92852, 1.16631, 0.87732, 14.00000, 463488.00000, 68690.00000, 198149.57143, 10517000577.67347, 102552.42843, 0.91102, 0.19070, 0.42617, 0.38313, 1.00000, 0.00000
0.70086, 2.75567, 4.02561, 4.92853, 1.32174, 0.61496, 38.00000, 422563.00000, 20628.00000, 156265.65789, 10729071012.69876, 103581.22906, 0.90081, 0.10514, 0.36663, 0.52824, 1.00000, 0.00000
1.97536, 2.21782, 3.93313, 4.92852, 0.84316, 0.64677, 31.00000, 491178.00000, 40528.00000, 167893.90323, 10894350207.57128, 104376.00398, 0.91102, 0.24897, 0.27362, 0.47741, 1.00000, 0.00000
1.40973, 2.85909, 3.75484, 4.92550, 1.11271, 0.70390, 20.00000, 436699.00000, 32578.00000, 188803.10000, 13864029654.89000, 117745.61416, 0.94766, 0.16798, 0.35746, 0.47456, 1.00000, 0.00000
3.93313, 1.97536, 2.21782, 4.92852, 0.46544, 1.10403, 4.00000, 416863.00000, 87268.00000, 225903.50000, 17348256032.25000, 131712.77855, 0.91102, 0.47741, 0.24897, 0.27362, 1.00000, 0.00000
3.15040, 1.49161, 3.48430, 4.92852, 0.44220, 0.78559, 7.00000, 474133.00000, 264840.00000, 352603.28571, 4607331726.20408, 67877.32851, 0.91102, 0.38313, 0.19070, 0.42617, 0.85714, 0.14286
4.02561, 0.70086, 2.75567, 4.92853, 0.17237, 0.97747, 5.00000, 260770.00000, 87176.00000, 168866.40000, 3927232889.84000, 62667.63830, 0.90081, 0.52824, 0.10514, 0.36663, 1.00000, 0.00000
3.75484, 1.40973, 2.85909, 4.92550, 0.35916, 0.95149, 4.00000, 430042.00000, 271178.00000, 352421.25000, 4047978893.68750, 63623.72901, 0.94766, 0.47456, 0.16798, 0.35746, 1.00000, 0.00000
2.20355, 3.47499, 2.68919, 4.91558, 1.00567, 0.99193, 11.00000, 422478.00000, 33011.00000, 216058.63636, 18801693334.41322, 137119.26682, 1.08598, 0.26522, 0.41309, 0.32170, 1.00000, 0.00000
2.68919, 2.20355, 3.47499, 4.91558, 0.68646, 0.78564, 16.00000, 376440.00000, 105143.00000, 203020.06250, 7084798729.30859, 84171.24645, 1.08598, 0.32170, 0.26522, 0.41309, 1.00000, 0.00000
3.47499, 2.68919, 2.20355, 4.91558, 0.65860, 1.10596, 7.00000, 333765.00000, 69814.00000, 174104.71429, 7530437233.06122, 86778.09190, 1.08598, 0.41309, 0.32170, 0.26522, 1.00000, 0.00000
2.83550, 2.83550, 2.83550, 4.91123, 0.78540, 0.95532, 8.00000, 346638.00000, 81952.00000, 230942.62500, 8303484172.48438, 91123.45567, 1.14286, 0.33333, 0.33333, 0.33333, 1.00000, 0.00000
-0.43315, 2.05481, 4.45876, 4.92853, 1.77855, 0.44016, 71.00000, 463264.00000, 19235.00000, 133511.07042, 9486315441.05138, 97397.71784, 0.90081, -0.08228, 0.33112, 0.75116, 0.98592, 0.01408
-1.70460, 1.50894, 4.37124, 4.92852, 2.41700, 0.48015, 82.00000, 471521.00000, 16061.00000, 110225.28049, 9266571163.86035, 96263.03114, 0.91102, -0.42255, 0.35294, 1.06961, 0.97561, 0.02439
-0.43811, 0.72621, 4.85499, 4.92852, 2.11363, 0.17295, 68.00000, 469970.00000, 27190.00000, 120315.54412, 9590799889.51276, 97932.62934, 0.91102, -0.09634, 0.13403, 0.96230, 0.98529, 0.01471
-0.87126, 1.44936, 4.62611, 4.92550, 2.11205, 0.35046, 78.00000, 477381.00000, 16825.00000, 132866.65385, 14368591342.14941, 119869.05915, 0.94766, -0.15634, 0.28534, 0.87099, 0.98718, 0.01282
-2.87963, 0.78273, 3.92241, 4.92852, 2.87619, 0.65037, 56.00000, 445403.00000, 18161.00000, 152788.66071, 12383758522.61703, 111282.33697, 0.91102, -1.48153, 0.40335, 2.07817, 0.91071, 0.08929
-3.75791, 0.00000, 3.18882, 4.92853, 3.14159, 0.86714, 31.00000, 479967.00000, 27546.00000, 198049.64516, 20955326022.74506, 144759.54553, 0.90081, 8.64229, -0.00000, -7.64229, 0.83871, 0.16129
-2.87963, -0.78273, 3.92241, 4.92852, -2.87619, 0.65037, 46.00000, 479206.00000, 22293.00000, 202934.32609, 19286985784.78497, 138877.59281, 0.91102, -7.66476, -2.08678, 10.75154, 0.86957, 0.13043
-3.21637, 0.00000, 3.73035, 4.92550, 3.14159, 0.71154, 46.00000, 491150.00000, 25289.00000, 182294.76087, 20847890152.79065, 144387.98479, 0.94766, -8.06739, 0.00000, 9.06739, 0.95652, 0.04348
-0.43811, -0.72621, 4.85499, 4.92852, -2.11363, 0.17295, 47.00000, 465109.00000, 34299.00000, 159262.10638, 14622858430.26528, 120925.01160, 0.91102, -0.13162, -0.18312, 1.31474, 0.91489, 0.08511
-1.70460, -1.50894, 4.37124, 4.92852, -2.41700, 0.48015, 40.00000, 476418.00000, 40214.00000, 196513.92500, 16722394107.86938, 129315.09621, 0.91102, -1.43665, -1.19997, 3.63662, 0.90000, 0.10000
-0.43315, -2.05481, 4.45876, 4.92853, -1.77855, 0.44016, 23.00000, 463170.00000, 54495.00000, 177774.00000, 12356559622.69565, 111160.06307, 0.90081, -0.24359, -0.98030, 2.22389, 0.95652, 0.04348
-0.87126, -1.44936, 4.62611, 4.92550, -2.11205, 0.35046, 35.00000, 387414.00000, 36088.00000, 147942.51429, 7414625746.64980, 86108.22113, 0.94766, -0.36416, -0.66465, 2.02881, 0.97143, 0.02857
-2.14766, 0.78579, 4.35121, 4.91558, 2.79084, 0.48390, 53.00000, 457051.00000, 18533.00000, 124213.20755, 10392820305.90032, 101945.18285, 1.08598, -0.71592, 0.25627, 1.45965, 0.98113, 0.01887
-2.14766, -0.78579, 4.35121, 4.91558, -2.79084, 0.48390, 24.00000, 472059.00000, 20359.00000, 225143.04167, 17362102774.45660, 131765.33222, 1.08598, -1.46868, -0.52573, 2.99442, 0.95833, 0.04167
-0.87622, 0.00000, 4.83686, 4.91558, 3.14159, 0.17921, 58.00000, 448353.00000, 21881.00000, 145723.77586, 12508458251.86355, 111841.21893, 1.08598, -0.22879, 0.00000, 1.22879, 0.98276, 0.01724
-1.75244, 0.00000, 4.58794, 4.91123, 3.14159, 0.36486, 76.00000, 485547.00000, 11879.00000, 130891.26316, 11018493171.22022, 104969.01053, 1.14286, -0.61803, 0.00000, 1.61803, 0.96053, 0.03947
-4.45876, -0.43315, 2.05481, 4.92853, -3.04475, 1.14074, 24.00000, 377147.00000, 73222.00000, 190334.75000, 10938265667.60417, 104586.16384, 0.90081, 1.49537, 0.16379, -0.65917, 0.50000, 0.50000
-4.85499, -0.43811, 0.72621, 4.92852, -3.05160, 1.42291, 16.00000, 404848.00000, 82316.00000, 192042.81250, 9965438442.27734, 99827.04264, 0.91102, 1.04077, 0.10419, -0.14496, 0.50000, 0.50000
-4.37124, -1.70460, 1.50894, 4.92852, -2.76977, 1.25963, 29.00000, 498465.00000, 31261.00000, 232236.68966, 15300307814.90369, 123694.41303, 0.91102, 0.93889, 0.37091, -0.30980, 0.31034, 0.68966
-4.62611, -0.87126, 1.44936, 4.92550, -2.95544, 1.27212, 17.00000, 438052.00000, 60514.00000, 253346.76471, 9699232689.59169, 98484.68251, 0.94766, 1.17386, 0.21070, -0.38457, 0.29412, 0.70588
-4.85499, -0.43811, -0.72621, 4.92852, -3.05160, 1.71868, 18.00000, 438327.00000, 80305.00000, 241835.50000, 14744848416.58333, 121428.36743, 0.91102, 0.80685, 0.08077, 0.11238, 0.05556, 0.94444
-4.45876, -0.43315, -2.05481, 4.92853, -3.04475, 2.00085, 22.00000, 430350.00000, 55620.00000, 198153.77273, 10475621955.53926, 102350.48586, 0.90081, 0.64502, 0.07065, 0.28433, 0.04545, 0.95455
-4.37124, -1.70460, -1.50894, 4.92852, -2.76977, 1.88196, 42.00000, 475064.00000, 23058.00000, 145390.80952, 11985126741.53515, 109476.60363, 0.91102, 0.57970, 0.22901, 0.19128, 0.07143, 0.92857
-4.62611, -0.87126, -1.44936, 4.92550, -2.95544, 1.86947, 26.00000, 468138.00000, 25589.00000, 220420.07692, 15859341317.76332, 125933.87677, 0.94766, 0.66353, 0.11910, 0.21738, 0.11538, 0.88462
-3.92241, -2.87963, 0.78273, 4.92852, -2.50831, 1.41130, 57.00000, 480870.00000, 19940.00000, 141889.52632, 12732095940.28440, 112836.58955, 0.91102, 0.65841, 0.46938, -0.12779, 0.08772, 0.91228
-3.92241, -2.87963, -0.78273, 4.92852, -2.50831, 1.73029, 86.00000, 485879.00000, 13937.00000, 124215.65116, 11536081347.62250, 107406.15135, 0.91102, 0.52439, 0.37383, 0.10178, 0.03488, 0.96512
-3.18882, -3.75791, 0.00000, 4.92853, -2.27446, 1.57080, 61.00000, 499026.00000, 9738.00000, 106722.75410, 8244230668.87396, 90797.74595, 0.90081, 0.46930, 0.53070, 0.00000, 0.00000, 1.00000
-3.73035, -3.21637, 0.00000, 4.92550, -2.43005, 1.57080, 69.00000, 391064.00000, 16900.00000, 106111.43478, 6794452328.68053, 82428.46795, 0.94766, 0.52918, 0.47082, -0.00000, 0.00000, 1.00000
-4.83686, -0.87622, 0.00000, 4.91558, -2.96238, 1.57080, 21.00000, 424290.00000, 42834.00000, 177686.57143, 13697930140.91157, 117038.15677, 1.08598, 0.84303, 0.15697, -0.00000, 0.04762, 0.95238
-4.35121, -2.14766, -0.78579, 4.91558, -2.68310, 1.73134, 37.00000, 497875.00000, 19810.00000, 150861.75676, 15009770439.15705, 122514.36830, 1.08598, 0.60022, 0.29439, 0.10538, 0.00000, 1.00000
-4.35121, -2.14766, 0.78579, 4.91558, -2.68310, 1.41025, 30.00000, 396645.00000, 31384.00000, 149783.00000, 12787128553.66667, 113080.18639, 1.08598, 0.76051, 0.37301, -0.13352, 0.13333, 0.86667
-4.58794, -1.75244, 0.00000, 4.91123, -2.77673, 1.57080, 46.00000, 453375.00000, 17375.00000, 143209.89130, 9395380981.18384, 96929.77345, 1.14286, 0.72361, 0.27639, -0.00000, 0.13043, 0.86957
-3.75791, 0.00000, -3.18882, 4.92853, 3.14159, 2.27446, 12.00000, 474485.00000, 49516.00000, 225126.50000, 17700708658.41667, 133044.01023, 0.90081, 0.53070, -0.00000, 0.46930, 0.00000, 1.00000
-2.87963, 0.78273, -3.92241, 4.92852, 2.87619, 2.49122, 6.00000, 217291.00000, 48813.00000, 123829.83333, 4299705157.80556, 65572.13705, 0.91102, 0.46938, -0.12779, 0.65841, 0.00000, 1.00000
-2.87963, -0.78273, -3.92241, 4.92852, -2.87619, 2.49122, 16.00000, 498971.00000, 51571.00000, 200283.50000, 14775556040.37500, 121554.74503, 0.91102, 0.37383, 0.10178, 0.52439, 0.06250, 0.93750
-3.21637, 0.00000, -3.73035, 4.92550, 3.14159, 2.43005, 13.00000, 367918.00000, 56802.00000, 202027.46154, 9140391477.78698, 95605.39461, 0.94766, 0.47082, 0.00000, 0.52918, 0.00000, 1.00000
-1.70460, 1.50894, -4.37124, 4.92852, 2.41700, 2.66145, 2.00000, 229820.00000, 158097.00000, 193958.50000, 1286047182.25000, 35861.50000, 0.91102, 0.37091, -0.30980, 0.93889, 0.00000, 1.00000
-0.43315, 2.05481, -4.45876, 4.92853, 1.77855, 2.70143, 1.00000, 271112.00000, 271112.00000, 271112.00000, 0.00000, 0.00000, 0.90081, 0.16379, -0.65917, 1.49537, 0.00000, 1.00000
-0.43811, 0.72621, -4.85499, 4.92852, 2.11363, 2.96865, 4.00000, 379130.00000, 161455.00000, 235606.25000, 7779167154.68750, 88199.58704, 0.91102, 0.10419, -0.14496, 1.04077, 0.25000, 0.75000
-0.87126, 1.44936, -4.62611, 4.92550, 2.11205, 2.79113, 1.00000, 410022.00000, 410022.00000, 410022.00000, 0.00000, 0.00000, 0.94766, 0.21070, -0.38457, 1.17386, 0.00000, 1.00000
-1.70460, -1.50894, -4.37124, 4.92852, -2.41700, 2.66145, 24.00000, 452223.00000, 68864.00000, 192282.70833, 17955214802.53993, 133997.07013, 0.91102, 0.22901, 0.19128, 0.57970, 0.00000, 1.00000
-0.43811, -0.72621, -4.85499, 4.92852, -2.11363, 2.96865, 13.00000, 494460.00000, 54183.00000, 289859.38462, 21631409549.15976, 147076.20320, 0.91102, 0.08077, 0.11238, 0.80685, 0.00000, 1.00000
-0.43315, -2.05481, -4.45876, 4.92853, -1.77855, 2.70143, 12.00000, 424768.00000, 36173.00000, 186716.41667, 16589824168.57639, 128801.49133, 0.90081, 0.07065, 0.28433, 0.64502, 0.00000, 1.00000
-0.87126, -1.44936, -4.62611, 4.92550, -2.11205, 2.79113, 18.00000, 475480.00000, 53202.00000, 204660.05556, 23014880203.49691, 151706.55953, 0.94766, 0.11910, 0.21738, 0.66353, 0.00000, 1.00000
-2.14766, 0.78579, -4.35121, 4.91558, 2.79084, 2.65769, 9.00000, 486578.00000, 79177.00000, 264231.33333, 19293996423.55556, 138902.83087, 1.08598, 0.37301, -0.13352, 0.76051, 0.00000, 1.00000
-0.87622, 0.00000, -4.83686, 4.91558, 3.14159, 2.96238, 7.00000, 427573.00000, 76298.00000, 210881.71429, 13475071967.63265, 116082.17765, 1.08598, 0.15697, 0.00000, 0.84303, 0.00000, 1.00000
-2.14766, -0.78579, -4.35121, 4.91558, -2.79084, 2.65769, 6.00000, 476538.00000, 216932.00000, 384516.16667, 8932510716.47222, 94511.96071, 1.08598, 0.29439, 0.10538, 0.60022, 0.16667, 0.83333
-1.75244, 0.00000, -4.58794, 4.91123, 3.14159, 2.77673, 10.00000, 448521.00000, 34729.00000, 251241.80000, 16085828933.56000, 126829.92129, 1.14286, 0.27639, 0.00000, 0.72361, 0.00000, 1.00000
0.70086, 2.75567, -4.02561, 4.92853, 1.32174, 2.52663, 1.00000, 366645.00000, 366645.00000, 366645.00000, 0.00000, 0.00000, 0.90081, -1.86160, -6.49176, 9.35336, 0.00000, 1.00000
1.49161, 3.48430, -3.15040, 4.92852, 1.16631, 2.26428, 0.00000, 0.00000, 0.00000, 0.00000, 0.00000, 0.00000, 0.91102, 0.81587, 1.82322, -1.63909, 0.00000, 0.00000
1.97536, 2.21782, -3.93313, 4.92852, 0.84316, 2.49482, 2.00000, 441130.00000, 346385.00000, 393757.50000, 2244153756.25000, 47372.50000, 0.91102, 5.51065, 6.05607, -10.56672, 0.00000, 1.00000
1.40973, 2.85909, -3.75484, 4.92550, 1.11271, 2.43770, 1.00000, 183517.00000, 183517.00000, 183517.00000, 0.00000, 0.00000, 0.94766, 3.30198, 7.02665, -9.32863, 1.00000, 0.00000
2.21782, 3.93313, -1.97536, 4.92852, 1.05736, 1.98319, 3.00000, 458758.00000, 306378.00000, 395066.00000, 4182344074.66667, 64671.04510, 0.91102, 0.54500, 0.95092, -0.49591, 1.00000, 0.00000
2.75567, 4.02561, -0.70086, 4.92853, 0.97053, 1.71348, 1.00000, 247144.00000, 247144.00000, 247144.00000, 0.00000, 0.00000, 0.90081, 0.46424, 0.66888, -0.13313, 0.00000, 1.00000
3.48430, 3.15040, -1.49161, 4.92852, 0.73511, 1.87827, 3.00000, 403614.00000, 127893.00000, 260121.33333, 12733787576.22222, 112844.08525, 0.91102, 0.68893, 0.61936, -0.30829, 1.00000, 0.00000
2.85909, 3.75484, -1.40973, 4.92550, 0.92001, 1.86107, 4.00000, 456804.00000, 167322.00000, 257343.25000, 13730988220.68750, 117179.29945, 0.94766, 0.53830, 0.71466, -0.25296, 0.75000, 0.25000
3.15040, 1.49161, -3.48430, 4.92852, 0.44220, 2.35600, 1.00000, 353141.00000, 353141.00000, 353141.00000, 0.00000, 0.00000, 0.91102, 2.59457, 1.29147, -2.88604, 0.00000, 1.00000
3.93313, 1.97536, -2.21782, 4.92852, 0.46544, 2.03756, 1.00000, 441256.00000, 441256.00000, 441256.00000, 0.00000, 0.00000, 0.91102, 1.05443, 0.54989, -0.60432, 0.00000, 1.00000
4.02561, 0.70086, -2.75567, 4.92853, 0.17237, 2.16413, 1.00000, 162750.00000, 162750.00000, 162750.00000, 0.00000, 0.00000, 0.90081, 1.98030, 0.39414, -1.37444, 1.00000, 0.00000
3.75484, 1.40973, -2.85909, 4.92550, 0.35916, 2.19010, 0.00000, 0.00000, 0.00000, 0.00000, 0.00000, 0.00000, 0.94766, 1.66465, 0.58922, -1.25387, 0.00000, 0.00000
2.20355, 3.47499, -2.68919, 4.91558, 1.00567, 2.14966, 0.00000, 0.00000, 0.00000, 0.00000, 0.00000, 0.00000, 1.08598, 0.74373, 1.15838, -0.90211, 0.00000, 0.00000
3.47499, 2.68919, -2.20355, 4.91558, 0.65860, 2.03563, 0.00000, 0.00000, 0.00000, 0.00000, 0.00000, 0.00000, 1.08598, 0.87972, 0.68510, -0.56481, 0.00000, 0.00000
2.68919, 2.20355, -3.47499, 4.91558, 0.68646, 2.35595, 0.00000, 0.00000, 0.00000, 0.00000, 0.00000, 0.00000, 1.08598, 1.85065, 1.52573, -2.37638, 0.00000, 0.00000
2.83550, 2.83550, -2.83550, 4.91123, 0.78540, 2.18628, 0.00000, 0.00000, 0.00000, 0.00000, 0.00000, 0.00000, 1.14286, 1.00000, 1.00000, -1.00000, 0.00000, 0.00000
2.75567, -4.02561, 0.70086, 4.92853, -0.97053, 1.42811, 6.00000, 480880.00000, 78008.00000, 216636.16667, 15987700605.47222, 126442.47943, 0.90081, -6.49176, 9.35336, -1.86160, 0.16667, 0.83333
3.48430, -3.15040, 1.49161, 4.92852, -0.73511, 1.26333, 4.00000, 356249.00000, 186055.00000, 301954.25000, 4737312030.68750, 68828.13401, 0.91102, 1.82322, -1.63909, 0.81587, 0.25000, 0.75000
2.21782, -3.93313, 1.97536, 4.92852, -1.05736, 1.15840, 11.00000, 405995.00000, 149263.00000, 273711.00000, 6101718411.27273, 78113.49699, 0.91102, 6.05607, -10.56672, 5.51065, 0.45455, 0.54545
2.85909, -3.75484, 1.40973, 4.92550, -0.92001, 1.28053, 2.00000, 444438.00000, 78247.00000, 261342.50000, 33523962120.25000, 183095.50000, 0.94766, 7.02665, -9.32863, 3.30198, 0.50000, 0.50000
3.93313, -1.97536, 2.21782, 4.92852, -0.46544, 1.10403, 5.00000, 498952.00000, 116644.00000, 327411.00000, 15971783816.00000, 126379.52293, 0.91102, 0.95092, -0.49591, 0.54500, 0.80000, 0.20000
4.02561, -0.70086, 2.75567, 4.92853, -0.17237, 0.97747, 6.00000, 245090.00000, 126447.00000, 177573.16667, 2083801003.13889, 45648.66924, 0.90081, 0.66888, -0.13313, 0.46424, 0.83333, 0.16667
3.15040, -1.49161, 3.48430, 4.92852, -0.44220, 0.78559, 8.00000, 498399.00000, 96904.00000, 268009.00000, 16350831291.50000, 127870.36909, 0.91102, 0.61936, -0.30829, 0.68893, 0.75000, 0.25000
3.75484, -1.40973, 2.85909, 4.92550, -0.35916, 0.95149, 1.00000, 404521.00000, 404521.00000, 404521.00000, 0.00000, 0.00000, 0.94766, 0.71466, -0.25296, 0.53830, 1.00000, 0.00000
1.49161, -3.48430, 3.15040, 4.92852, -1.16631, 0.87732, 17.00000, 491491.00000, 142180.00000, 351217.29412, 12524445661.73702, 111912.66980, 0.91102, 1.29147, -2.88604, 2.59457, 0.64706, 0.35294
1.97536, -2.21782, 3.93313, 4.92852, -0.84316, 0.64677, 15.00000, 493592.00000, 46044.00000, 254379.53333, 17760261984.51556, 133267.63292, 0.91102, 0.54989, -0.60432, 1.05443, 0.73333, 0.26667
0.70086, -2.75567, 4.02561, 4.92853, -1.32174, 0.61496, 10.00000, 497707.00000, 33095.00000, 296298.00000, 23815500926.60000, 154322.71682, 0.90081, 0.39414, -1.37444, 1.98030, 0.80000, 0.20000
1.40973, -2.85909, 3.75484, 4.92550, -1.11271, 0.70390, 12.00000, 441056.00000, 67122.00000, 243142.58333, 13720927317.74306, 117136.36206, 0.94766, 0.58922, -1.25387, 1.66465, 0.75000, 0.25000
3.47499, -2.68919, 2.20355, 4.91558, -0.65860, 1.10596, 2.00000, 492953.00000, 357247.00000, 425100.00000, 4604029609.00000, 67853.00000, 1.08598, 1.15838, -0.90211, 0.74373, 0.00000, 1.00000
2.68919, -2.20355, 3.47499, 4.91558, -0.68646, 0.78564, 5.00000, 487137.00000, 128814.00000, 232372.80000, 17397457447.36000, 131899.42171, 1.08598, 0.68510, -0.56481, 0.87972, 1.00000, 0.00000
2.20355, -3.47499, 2.68919, 4.91558, -1.00567, 0.99193, 7.00000, 386989.00000, 120177.00000, 231204.28571, 8947051750.77551, 94588.85638, 1.08598, 1.52573, -2.37638, 1.85065, 0.42857, 0.57143
2.83550, -2.83550, 2.83550, 4.91123, -0.78540, 0.95532, 8.00000, 462027.00000, 119955.00000, 270038.12500, 14612300254.10938, 120881.34783, 1.14286, 1.00000, -1.00000, 1.00000, 0.62500, 0.37500
2.05481, -4.45876, 0.43315, 4.92853, -1.13896, 1.48280, 15.00000, 466196.00000, 38588.00000, 234405.66667, 14033749178.22222, 118464.12612, 0.90081, -0.98030, 2.22389, -0.24359, 0.00000, 1.00000
1.50894, -4.37124, 1.70460, 4.92852, -1.23841, 1.21764, 19.00000, 498040.00000, 104775.00000, 270725.89474, 16149024907.67313, 127078.81376, 0.91102, -1.19997, 3.63662, -1.43665, 0.15789, 0.84211
0.72621, -4.85499, 0.43811, 4.92852, -1.42232, 1.48179, 18.00000, 470183.00000, 30104.00000, 195231.94444, 20119455938.49691, 141843.06800, 0.91102, -0.18312, 1.31474, -0.13162, 0.11111, 0.88889
1.44936, -4.62611, 0.87126, 4.92550, -1.26718, 1.39297, 9.00000, 395551.00000, 118550.00000, 232920.33333, 10185392514.66667, 100922.70564, 0.94766, -0.66465, 2.02881, -0.36416, 0.11111, 0.88889
0.78273, -3.92241, 2.87963, 4.92852, -1.37383, 0.94680, 9.00000, 414362.00000, 82484.00000, 243874.44444, 11613060268.91358, 107763.90986, 0.91102, -2.08678, 10.75154, -7.66476, 0.44444, 0.55556
0.00000, -3.18882, 3.75791, 4.92853, -1.57080, 0.70366, 15.00000, 451365.00000, 81554.00000, 235105.80000, 16764828590.42667, 129479.06622, 0.90081, 0.00000, -7.64229, 8.64229, 0.26667, 0.73333
-0.78273, -3.92241, 2.87963, 4.92852, -1.76776, 0.94680, 20.00000, 453889.00000, 62316.00000, 242590.80000, 16620521600.26000, 128920.60192, 0.91102, 0.40335, 2.07817, -1.48153, 0.30000, 0.70000
0.00000, -3.73035, 3.21637, 4.92550, -1.57080, 0.85925, 15.00000, 446928.00000, 88451.00000, 210626.13333, 12734451232.11556, 112847.02580, 0.94766, -0.00000, 9.06739, -8.06739, 0.66667, 0.33333
-0.72621, -4.85499, 0.43811, 4.92852, -1.71928, 1.48179, 39.00000, 472502.00000, 30200.00000, 166712.84615, 15953126087.71992, 126305.68510, 0.91102, 0.13403, 0.96230, -0.09634, 0.02564, 0.97436
-1.50894, -4.37124, 1.70460, 4.92852, -1.90319, 1.21764, 31.00000, 413985.00000, 24260.00000, 177933.96774, 14188167230.80541, 119114.09333, 0.91102, 0.35294, 1.06961, -0.42255, 0.06452, 0.93548
-2.05481, -4.45876, 0.43315, 4.92853, -2.00263, 1.48280, 73.00000, 458494.00000, 21403.00000, 118512.00000, 9172774520.38356, 95774.60269, 0.90081, 0.33112, 0.75116, -0.08228, 0.00000, 1.00000
-1.44936, -4.62611, 0.87126, 4.92550, -1.87441, 1.39297, 43.00000, 481818.00000, 22575.00000, 118781.44186, 8545998442.52569, 92444.56957, 0.94766, 0.28534, 0.87099, -0.15634, 0.00000, 1.00000
0.78579, -4.35121, 2.14766, 4.91558, -1.39213, 1.11864, 19.00000, 405135.00000, 53319.00000, 217608.68421, 11364509913.26870, 106604.45541, 1.08598, -0.52573, 2.99442, -1.46868, 0.15789, 0.84211
-0.78579, -4.35121, 2.14766, 4.91558, -1.74946, 1.11864, 22.00000, 488811.00000, 49681.00000, 261729.81818, 21339676138.51239, 146081.06016, 1.08598, 0.25627, 1.45965, -0.71592, 0.18182, 0.81818
0.00000, -4.83686, 0.87622, 4.91558, -1.57080, 1.39159, 23.00000, 427977.00000, 21776.00000, 159568.73913, 7582379995.84499, 87076.86257, 1.08598, -0.00000, 1.22879, -0.22879, 0.08696, 0.91304
0.00000, -4.58794, 1.75244, 4.91123, -1.57080, 1.20593, 18.00000, 484411.00000, 69088.00000, 209153.77778, 20206423710.39507, 142149.30077, 1.14286, -0.00000, 1.61803, -0.61803, 0.22222, 0.77778
2.05481, -4.45876, -0.43315, 4.92853, -1.13896, 1.65880, 14.00000, 399801.00000, 40792.00000, 246327.42857, 12193097696.53061, 110422.36049, 0.90081, -0.65917, 1.49537, 0.16379, 0.14286, 0.85714
0.72621, -4.85499, -0.43811, 4.92852, -1.42232, 1.65981, 17.00000, 438960.00000, 33222.00000, 144492.05882, 10430014056.87889, 102127.44027, 0.91102, -0.14496, 1.04077, 0.10419, 0.00000, 1.00000
1.50894, -4.37124, -1.70460, 4.92852, -1.23841, 1.92396, 17.00000, 455300.00000, 46744.00000, 199731.47059, 17452662244.95502, 132108.52450, 0.91102, -0.30980, 0.93889, 0.37091, 0.00000, 1.00000
1.44936, -4.62611, -0.87126, 4.92550, -1.26718, 1.74862, 18.00000, 346146.00000, 45224.00000, 157069.88889, 6008921585.76543, 77517.23412, 0.94766, -0.38457, 1.17386, 0.21070, 0.00000, 1.00000
-0.72621, -4.85499, -0.43811, 4.92852, -1.71928, 1.65981, 49.00000, 485971.00000, 13525.00000, 117291.79592, 14015592436.48896, 118387.46740, 0.91102, 0.11238, 0.80685, 0.08077, 0.00000, 1.00000
-2.05481, -4.45876, -0.43315, 4.92853, -2.00263, 1.65880, 64.00000, 463931.00000, 19530.00000, 113223.21875, 8812218831.85840, 93873.41920, 0.90081, 0.28433, 0.64502, 0.07065, 0.00000, 1.00000
-1.50894, -4.37124, -1.70460, 4.92852, -1.90319, 1.92396, 85.00000, 474499.00000, 9990.00000, 129201.92941, 12050295942.86560, 109773.83998, 0.91102, 0.19128, 0.57970, 0.22901, 0.02353, 0.97647
-1.44936, -4.62611, -0.87126, 4.92550, -1.87441, 1.74862, 63.00000, 480601.00000, 16822.00000, 108122.33333, 11031106182.85715, 105029.07304, 0.94766, 0.21738, 0.66353, 0.11910, 0.00000, 1.00000
0.78273, -3.92241, -2.87963, 4.92852, -1.37383, 2.19479, 17.00000, 496601.00000, 32151.00000, 224382.00000, 17448000256.94118, 132090.87878, 0.91102, -0.12779, 0.65841, 0.46938, 0.11765, 0.88235
-0.78273, -3.92241, -2.87963, 4.92852, -1.76776, 2.19479, 45.00000, 421712.00000, 25692.00000, 131885.00000, 9810257438.26667, 99046.74370, 0.91102, 0.10178, 0.52439, 0.37383, 0.00000, 1.00000
0.00000, -3.18882, -3.75791, 4.92853, -1.57080, 2.43793, 14.00000, 444044.00000, 82672.00000, 187910.14286, 12201858911.97959, 110462.02475, 0.90081, 0.00000, 0.46930, 0.53070, 0.00000, 1.00000
0.00000, -3.73035, -3.21637, 4.92550, -1.57080, 2.28234, 18.00000, 453279.00000, 69006.00000, 167925.11111, 10896991651.54321, 104388.65672, 0.94766, -0.00000, 0.52918, 0.47082, 0.00000, 1.00000
0.00000, -4.83686, -0.87622, 4.91558, -1.57080, 1.75001, 26.00000, 487817.00000, 22730.00000, 186857.57692, 18220787011.24408, 134984.39544, 1.08598, -0.00000, 0.84303, 0.15697, 0.03846, 0.96154
-0.78579, -4.35121, -2.14766, 4.91558, -1.74946, 2.02296, 29.00000, 386937.00000, 23229.00000, 131785.17241, 8300167290.83234, 91105.25391, 1.08598, 0.10538, 0.60022, 0.29439, 0.00000, 1.00000
0.78579, -4.35121, -2.14766, 4.91558, -1.39213, 2.02296, 16.00000, 400976.00000, 34880.00000, 126323.75000, 10384316067.81250, 101903.46445, 1.08598, -0.13352, 0.76051, 0.37301, 0.00000, 1.00000
0.00000, -4.58794, -1.75244, 4.91123, -1.57080, 1.93566, 34.00000, 404381.00000, 25205.00000, 180616.50000, 10688058932.66176, 103383.06889, 1.14286, -0.00000, 0.72361, 0.27639, 0.00000, 1.00000
2.75567, -4.02561, -0.70086, 4.92853, -0.97053, 1.71348, 5.00000, 462247.00000, 208453.00000, 332542.20000, 9907275902.96000, 99535.29978, 0.90081, -1.37444, 1.98030, 0.39414, 0.00000, 1.00000
2.21782, -3.93313, -1.97536, 4.92852, -1.05736, 1.98319, 7.00000, 332065.00000, 44240.00000, 140813.57143, 7894862089.67347, 88853.03647, 0.91102, -0.60432, 1.05443, 0.54989, 0.00000, 1.00000
3.48430, -3.15040, -1.49161, 4.92852, -0.73511, 1.87827, 2.00000, 491069.00000, 153867.00000, 322468.00000, 28426297201.00000, 168601.00000, 0.91102, -2.88604, 2.59457, 1.29147, 0.00000, 1.00000
2.85909, -3.75484, -1.40973, 4.92550, -0.92001, 1.86107, 9.00000, 398406.00000, 111162.00000, 237819.77778, 9599150592.39506, 97975.25500, 0.94766, -1.25387, 1.66465, 0.58922, 0.11111, 0.88889
1.49161, -3.48430, -3.15040, 4.92852, -1.16631, 2.26428, 12.00000, 385795.00000, 77559.00000, 176776.41667, 6855231738.74306, 82796.32684, 0.91102, -0.30829, 0.68893, 0.61936, 0.00000, 1.00000
0.70086, -2.75567, -4.02561, 4.92853, -1.32174, 2.52663, 7.00000, 467735.00000, 89225.00000, 293012.71429, 16781094961.06122, 129541.86567, 0.90081, -0.13313, 0.46424, 0.66888, 0.00000, 1.00000
1.97536, -2.21782, -3.93313, 4.92852, -0.84316, 2.49482, 8.00000, 390997.00000, 69862.00000, 186350.37500, 14429797803.73438, 120124.09335, 0.91102, -0.49591, 0.54500, 0.95092, 0.00000, 1.00000
1.40973, -2.85909, -3.75484, 4.92550, -1.11271, 2.43770, 8.00000, 477344.00000, 92773.00000, 288310.87500, 20883502795.10938, 144511.25491, 0.94766, -0.25296, 0.53830, 0.71466, 0.00000, 1.00000
3.93313, -1.97536, -2.21782, 4.92852, -0.46544, 2.03756, 0.00000, 0.00000, 0.00000, 0.00000, 0.00000, 0.00000, 0.91102, -10.56672, 5.51065, 6.05607, 0.00000, 0.00000
3.15040, -1.49161, -3.48430, 4.92852, -0.44220, 2.35600, 4.00000, 450214.00000, 148690.00000, 291374.50000, 17323341640.25000, 131618.16607, 0.91102, -1.63909, 0.81587, 1.82322, 0.00000, 1.00000
4.02561, -0.70086, -2.75567, 4.92853, -0.17237, 2.16413, 2.00000, 278031.00000, 198905.00000, 238468.00000, 1565230969.00000, 39563.00000, 0.90081, 9.35336, -1.86160, -6.49176, 0.00000, 1.00000
3.75484, -1.40973, -2.85909, 4.92550, -0.35916, 2.19010, 2.00000, 424632.00000, 152388.00000, 288510.00000, 18529198884.00000, 136122.00000, 0.94766, -9.32863, 3.30198, 7.02665, 0.00000, 1.00000
2.20355, -3.47499, -2.68919, 4.91558, -1.00567, 2.14966, 7.00000, 459051.00000, 123089.00000, 286182.85714, 8946262588.40816, 94584.68475, 1.08598, -0.56481, 0.87972, 0.68510, 0.00000, 1.00000
2.68919, -2.20355, -3.47499, 4.91558, -0.68646, 2.35595, 2.00000, 499425.00000, 154929.00000, 327177.00000, 29669373504.00000, 172248.00000, 1.08598, -0.90211, 0.74373, 1.15838, 0.50000, 0.50000
3.47499, -2.68919, -2.20355, 4.91558, -0.65860, 2.03563, 0.00000, 0.00000, 0.00000, 0.00000, 0.00000, 0.00000, 1.08598, -2.37638, 1.85065, 1.52573, 0.00000, 0.00000
2.83550, -2.83550, -2.83550, 4.91123, -0.78540, 2.18628, 5.00000, 436292.00000, 123212.00000, 271224.80000, 10927928936.56000, 104536.73487, 1.14286, -1.00000, 1.00000, 1.00000, 0.00000, 1.00000
3.18882, -3.75791, 0.00000, 4.92853, -0.86714, 1.57080, 7.00000, 483609.00000, 76896.00000, 264158.71429, 18506530958.20408, 136038.71125, 0.90081, -7.64229, 8.64229, -0.00000, 0.14286, 0.85714
3.92241, -2.87963, -0.78273, 4.92852, -0.63328, 1.73029, 2.00000, 213403.00000, 175764.00000, 194583.50000, 354173580.25000, 18819.50000, 0.91102, 10.75154, -7.66476, -2.08678, 0.50000, 0.50000
3.92241, -2.87963, 0.78273, 4.92852, -0.63328, 1.41130, 2.00000, 491606.00000, 442789.00000, 467197.50000, 595774872.25000, 24408.50000, 0.91102, 2.07817, -1.48153, 0.40335, 0.00000, 1.00000
3.73035, -3.21637, 0.00000, 4.92550, -0.71154, 1.57080, 2.00000, 236461.00000, 170542.00000, 203501.50000, 1086328640.25000, 32959.50000, 0.94766, 9.06739, -8.06739, 0.00000, 0.00000, 1.00000
4.37124, -1.70460, -1.50894, 4.92852, -0.37182, 1.88196, 1.00000, 197625.00000, 197625.00000, 197625.00000, 0.00000, 0.00000, 0.91102, 3.63662, -1.43665, -1.19997, 0.00000, 1.00000
4.45876, -0.43315, -2.05481, 4.92853, -0.09684, 2.00085, 1.00000, 181123.00000, 181123.00000, 181123.00000, 0.00000, 0.00000, 0.90081, 2.22389, -0.24359, -0.98030, 1.00000, 0.00000
4.85499, -0.43811, -0.72621, 4.92852, -0.09000, 1.71868, 1.00000, 329762.00000, 329762.00000, 329762.00000, 0.00000, 0.00000, 0.91102, 1.31474, -0.13162, -0.18312, 1.00000, 0.00000
4.62611, -0.87126, -1.44936, 4.92550, -0.18616, 1.86947, 1.00000, 305353.00000, 305353.00000, 305353.00000, 0.00000, 0.00000, 0.94766, 2.02881, -0.36416, -0.66465, 0.00000, 1.00000
4.37124, -1.70460, 1.50894, 4.92852, -0.37182, 1.25963, 3.00000, 398735.00000, 78180.00000, 210419.00000, 18698232968.66667, 136741.48225, 0.91102, 1.06961, -0.42255, 0.35294, 0.66667, 0.33333
4.85499, -0.43811, 0.72621, 4.92852, -0.09000, 1.42291, 7.00000, 431824.00000, 137292.00000, 307171.14286, 9194846040.97959, 95889.75983, 0.91102, 0.96230, -0.09634, 0.13403, 0.42857, 0.57143
4.45876, -0.43315, 2.05481, 4.92853, -0.09684, 1.14074, 3.00000, 420016.00000, 109181.00000, 288635.33333, 17258604917.55556, 131372.00964, 0.90081, 0.75116, -0.08228, 0.33112, 1.00000, 0.00000
4.62611, -0.87126, 1.44936, 4.92550, -0.18616, 1.27212, 4.00000, 438164.00000, 244192.00000, 304106.75000, 6153489619.68750, 78444.18155, 0.94766, 0.87099, -0.15634, 0.28534, 1.00000, 0.00000
4.35121, -2.14766, -0.78579, 4.91558, -0.45850, 1.73134, 6.00000, 474417.00000, 163497.00000, 322130.50000, 19984792130.58333, 141367.57807, 1.08598, 2.99442, -1.46868, -0.52573, 0.00000, 1.00000
4.83686, -0.87622, 0.00000, 4.91558, -0.17921, 1.57080, 1.00000, 468122.00000, 468122.00000, 468122.00000, 0.00000, 0.00000, 1.08598, 1.22879, -0.22879, 0.00000, 0.00000, 1.00000
4.35121, -2.14766, 0.78579, 4.91558, -0.45850, 1.41025, 0.00000, 0.00000, 0.00000, 0.00000, 0.00000, 0.00000, 1.08598, 1.45965, -0.71592, 0.25627, 0.00000, 0.00000
4.58794, -1.75244, 0.00000, 4.91123, -0.36486, 1.57080, 1.00000, 237463.00000, 237463.00000, 237463.00000, 0.00000, 0.00000, 1.14286, 1.61803, -0.61803, 0.00000, 0.00000, 1.00000
0.43315, -2.05481, 4.45876, 4.92853, -1.36304, 0.44016, 21.00000, 363231.00000, 54739.00000, 193304.04762, 9106538976.99773, 95428.18754, 0.90081, 0.16379, -0.65917, 1.49537, 0.80952, 0.19048
1.70460, -1.50894, 4.37124, 4.92852, -0.72459, 0.48015, 13.00000, 448104.00000, 44126.00000, 159674.69231, 15918645705.90532, 126169.11550, 0.91102, 0.37091, -0.30980, 0.93889, 1.00000, 0.00000
0.43811, -0.72621, 4.85499, 4.92852, -1.02797, 0.17295, 42.00000, 492856.00000, 22052.00000, 177459.76190, 14175310634.27664, 119060.11353, 0.91102, 0.10419, -0.14496, 1.04077, 0.95238, 0.04762
0.87126, -1.44936, 4.62611, 4.92550, -1.02954, 0.35046, 21.00000, 491287.00000, 26462.00000, 225855.80952, 17584313108.43991, 132605.85624, 0.94766, 0.21070, -0.38457, 1.17386, 0.85714, 0.14286
2.87963, -0.78273, 3.92241, 4.92852, -0.26540, 0.65037, 18.00000, 498971.00000, 50412.00000, 218215.38889, 15029769587.12654, 122595.96073, 0.91102, 0.46938, -0.12779, 0.65841, 0.94444, 0.05556
3.75791, 0.00000, 3.18882, 4.92853, 0.00000, 0.86714, 13.00000, 463454.00000, 108998.00000, 264957.30769, 11370559164.67456, 106632.82405, 0.90081, 0.53070, -0.00000, 0.46930, 0.92308, 0.07692
2.87963, 0.78273, 3.92241, 4.92852, 0.26540, 0.65037, 20.00000, 412359.00000, 32904.00000, 201083.55000, 11777365463.04750, 108523.57100, 0.91102, 0.37383, 0.10178, 0.52439, 1.00000, 0.00000
3.21637, 0.00000, 3.73035, 4.92550, 0.00000, 0.71154, 9.00000, 451707.00000, 102497.00000, 295547.33333, 15570043305.55556, 124779.97959, 0.94766, 0.47082, -0.00000, 0.52918, 0.88889, 0.11111
0.43811, 0.72621, 4.85499, 4.92852, 1.02797, 0.17295, 56.00000, 464509.00000, 19963.00000, 163954.01786, 15320149159.80325, 123774.59012, 0.91102, 0.08077, 0.11238, 0.80685, 1.00000, 0.00000
1.70460, 1.50894, 4.37124, 4.92852, 0.72459, 0.48015, 31.00000, 471747.00000, 25065.00000, 142250.96774, 9957547297.19251, 99787.51073, 0.91102, 0.22901, 0.19128, 0.57970, 1.00000, 0.00000
0.43315, 2.05481, 4.45876, 4.92853, 1.36304, 0.44016, 39.00000, 488309.00000, 23942.00000, 155329.61538, 15678395836.95463, 125213.40119, 0.90081, 0.07065, 0.28433, 0.64502, 1.00000, 0.00000
0.87126, 1.44936, 4.62611, 4.92550, 1.02954, 0.35046, 36.00000, 468454.00000, 33764.00000, 181384.97222, 18588149488.80478, 136338.36397, 0.94766, 0.11910, 0.21738, 0.66353, 1.00000, 0.00000
2.14766, -0.78579, 4.35121, 4.91558, -0.35075, 0.48390, 14.00000, 493644.00000, 86565.00000, 239960.50000, 14632789317.10714, 120966.06680, 1.08598, 0.37301, -0.13352, 0.76051, 0.92857, 0.07143
2.14766, 0.78579, 4.35121, 4.91558, 0.35075, 0.48390, 13.00000, 473387.00000, 28022.00000, 174471.07692, 17184523310.37870, 131089.75288, 1.08598, 0.29439, 0.10538, 0.60022, 0.92308, 0.07692
0.87622, 0.00000, 4.83686, 4.91558, 0.00000, 0.17921, 28.00000, 490894.00000, 28488.00000, 178174.25000, 13772804538.04464, 117357.59259, 1.08598, 0.15697, -0.00000, 0.84303, 0.96429, 0.03571
1.75244, 0.00000, 4.58794, 4.91123, 0.00000, 0.36486, 20.00000, 444428.00000, 51051.00000, 206073.55000, 15161753060.44750, 123133.07054, 1.14286, 0.27639, 0.00000, 0.72361, 1.00000, 0.00000
-2.75567, -4.02561, 0.70086, 4.92853, -2.17107, 1.42811, 55.00000, 358650.00000, 14930.00000, 104335.20000, 6560449306.77818, 80996.60059, 0.90081, 0.46424, 0.66888, -0.13313, 0.03636, 0.96364
-2.21782, -3.93313, 1.97536, 4.92852, -2.08423, 1.15840, 30.00000, 474465.00000, 33058.00000, 164137.23333, 11436253732.37889, 106940.42141, 0.91102, 0.54500, 0.95092, -0.49591, 0.16667, 0.83333
-3.48430, -3.15040, 1.49161, 4.92852, -2.40648, 1.26333, 43.00000, 489045.00000, 23937.00000, 193017.51163, 18317192402.15685, 135341.02261, 0.91102, 0.68893, 0.61936, -0.30829, 0.18605, 0.81395
-2.85909, -3.75484, 1.40973, 4.92550, -2.22158, 1.28053, 37.00000, 463240.00000, 14780.00000, 170960.83784, 18519504300.18991, 136086.38543, 0.94766, 0.53830, 0.71466, -0.25296, 0.10811, 0.89189
-1.49161, -3.48430, 3.15040, 4.92852, -1.97528, 0.87732, 23.00000, 492883.00000, 76184.00000, 280968.21739, 21494865741.21361, 146611.27426, 0.91102, 0.81587, 1.82322, -1.63909, 0.39130, 0.60870
-0.70086, -2.75567, 4.02561, 4.92853, -1.81985, 0.61496, 21.00000, 445115.00000, 60417.00000, 230591.09524, 12282357121.22903, 110825.79628, 0.90081, -1.86160, -6.49176, 9.35336, 0.76190, 0.23810
-1.97536, -2.21782, 3.93313, 4.92852, -2.29844, 0.64677, 34.00000, 468598.00000, 38855.00000, 196829.20588, 16297301261.51644, 127660.88383, 0.91102, 5.51065, 6.05607, -10.56672, 0.82353, 0.17647
-1.40973, -2.85909, 3.75484, 4.92550, -2.02888, 0.70390, 18.00000, 468246.00000, 62263.00000, 211612.50000, 12602508058.02778, 112260.89283, 0.94766, 3.30198, 7.02665, -9.32863, 0.66667, 0.33333
-3.93313, -1.97536, 2.21782, 4.92852, -2.67616, 1.10403, 30.00000, 440661.00000, 38818.00000, 216052.90000, 12106854738.09000, 110031.15349, 0.91102, 1.05443, 0.54989, -0.60432, 0.26667, 0.73333
-3.15040, -1.49161, 3.48430, 4.92852, -2.69940, 0.78559, 31.00000, 470147.00000, 36930.00000, 198493.58065, 14982394851.85640, 122402.59332, 0.91102, 2.59457, 1.29147, -2.88604, 0.80645, 0.19355
-4.02561, -0.70086, 2.75567, 4.92853, -2.96922, 0.97747, 14.00000, 399169.00000, 40159.00000, 188771.14286, 12418139345.83673, 111436.70556, 0.90081, 1.98030, 0.39414, -1.37444, 0.78571, 0.21429
-3.75484, -1.40973, 2.85909, 4.92550, -2.78243, 0.95149, 21.00000, 378159.00000, 48271.00000, 202555.66667, 11276927851.36508, 106192.88042, 0.94766, 1.66465, 0.58922, -1.25387, 0.57143, 0.42857
-2.20355, -3.47499, 2.68919, 4.91558, -2.13592, 0.99193, 18.00000, 442022.00000, 57230.00000, 279825.50000, 13006785424.58333, 114047.29468, 1.08598, 0.74373, 1.15838, -0.90211, 0.44444, 0.55556
-2.68919, -2.20355, 3.47499, 4.91558, -2.45513, 0.78564, 17.00000, 422049.00000, 63091.00000, 193716.23529, 14222036773.23875, 119256.18128, 1.08598, 1.85065, 1.52573, -2.37638, 0.64706, 0.35294
-3.47499, -2.68919, 2.20355, 4.91558, -2.48299, 1.10596, 29.00000, 431350.00000, 46437.00000, 192331.65517, 11632667286.50179, 107854.84359, 1.08598, 0.87972, 0.68510, -0.56481, 0.10345, 0.89655
-2.83550, -2.83550, 2.83550, 4.91123, -2.35619, 0.95532, 22.00000, 445875.00000, 43081.00000, 181233.36364, 12002767769.86777, 109557.14386, 1.14286, 1.00000, 1.00000, -1.00000, 0.27273, 0.72727
-0.70086, -2.75567, -4.02561, 4.92853, -1.81985, 2.52663, 21.00000, 468183.00000, 32715.00000, 164539.66667, 14208131721.26985, 119197.86794, 0.90081, 0.10514, 0.36663, 0.52824, 0.04762, 0.95238
-1.49161, -3.48430, -3.15040, 4.92852, -1.97528, 2.26428, 63.00000, 471167.00000, 13833.00000, 130374.49206, 11158907071.90073, 105635.72820, 0.91102, 0.19070, 0.42617, 0.38313, 0.03175, 0.96825
-1.97536, -2.21782, -3.93313, 4.92852, -2.29844, 2.49482, 37.00000, 491022.00000, 37554.00000, 179884.48649, 16162916399.65522, 127133.45901, 0.91102, 0.24897, 0.27362, 0.47741, 0.02703, 0.97297
-1.40973, -2.85909, -3.75484, 4.92550, -2.02888, 2.43770, 33.00000, 451367.00000, 17840.00000, 133167.48485, 11897182095.34068, 109074.20454, 0.94766, 0.16798, 0.35746, 0.47456, 0.00000, 1.00000
-2.21782, -3.93313, -1.97536, 4.92852, -2.08423, 1.98319, 87.00000, 446667.00000, 13548.00000, 98832.68966, 7960510219.80024, 89221.69142, 0.91102, 0.27362, 0.47741, 0.24897, 0.00000, 1.00000
-2.75567, -4.02561, -0.70086, 4.92853, -2.17107, 1.71348, 99.00000, 464763.00000, 12816.00000, 111538.67677, 9193813815.45108, 95884.37733, 0.90081, 0.36663, 0.52824, 0.10514, 0.01010, 0.98990
-3.48430, -3.15040, -1.49161, 4.92852, -2.40648, 1.87827, 82.00000, 362422.00000, 9330.00000, 100881.14634, 6998163464.61273, 83655.02654, 0.91102, 0.42617, 0.38313, 0.19070, 0.00000, 1.00000
-2.85909, -3.75484, -1.40973, 4.92550, -2.22158, 1.86107, 105.00000, 451926.00000, 12846.00000, 89623.37143, 7561079662.44299, 86954.46890, 0.94766, 0.35746, 0.47456, 0.16798, 0.00000, 1.00000
-3.15040, -1.49161, -3.48430, 4.92852, -2.69940, 2.35600, 29.00000, 490202.00000, 41317.00000, 199364.82759, 17352277572.07372, 131728.04398, 0.91102, 0.38313, 0.19070, 0.42617, 0.00000, 1.00000
-3.93313, -1.97536, -2.21782, 4.92852, -2.67616, 2.03756, 39.00000, 415150.00000, 15651.00000, 117812.30769, 9469872263.95661, 97313.26869, 0.91102, 0.47741, 0.24897, 0.27362, 0.00000, 1.00000
-4.02561, -0.70086, -2.75567, 4.92853, -2.96922, 2.16413, 20.00000, 490041.00000, 24420.00000, 187441.10000, 20588884535.99000, 143488.27317, 0.90081, 0.52824, 0.10514, 0.36663, 0.10000, 0.90000
-3.75484, -1.40973, -2.85909, 4.92550, -2.78243, 2.19010, 30.00000, 406785.00000, 28874.00000, 166212.10000, 14565135662.02333, 120686.10385, 0.94766, 0.47456, 0.16798, 0.35746, 0.06667, 0.93333
-2.20355, -3.47499, -2.68919, 4.91558, -2.13592, 2.14966, 62.00000, 488074.00000, 15034.00000, 103797.83871, 10198036478.52237, 100985.32804, 1.08598, 0.26522, 0.41309, 0.32170, 0.01613, 0.98387
-3.47499, -2.68919, -2.20355, 4.91558, -2.48299, 2.03563, 63.00000, 422800.00000, 21823.00000, 115900.38095, 9717464101.44218, 98577.19869, 1.08598, 0.41309, 0.32170, 0.26522, 0.00000, 1.00000
-2.68919, -2.20355, -3.47499, 4.91558, -2.45513, 2.35595, 32.00000, 472783.00000, 28492.00000, 175148.43750, 12911977325.43359, 113630.88192, 1.08598, 0.32170, 0.26522, 0.41309, 0.00000, 1.00000
-2.83550, -2.83550, -2.83550, 4.91123, -2.35619, 2.18628, 57.00000, 469631.00000, 18135.00000, 107960.63158, 9629244537.63620, 98128.71413, 1.14286, 0.33333, 0.33333, 0.33333, 0.01754, 0.98246
3.75791, 0.00000, -3.18882, 4.92853, 0.00000, 2.27446, 0.00000, 0.00000, 0.00000, 0.00000, 0.00000, 0.00000, 0.90081, 8.64229, 0.00000, -7.64229, 0.00000, 0.00000
2.87963, -0.78273, -3.92241, 4.92852, -0.26540, 2.49122, 2.00000, 301312.00000, 276400.00000, 288856.00000, 155151936.00000, 12456.00000, 0.91102, -1.48153, 0.40335, 2.07817, 0.00000, 1.00000
2.87963, 0.78273, -3.92241, 4.92852, 0.26540, 2.49122, 1.00000, 366285.00000, 366285.00000, 366285.00000, 0.00000, 0.00000, 0.91102, -7.66476, -2.08678, 10.75154, 0.00000, 1.00000
3.21637, 0.00000, -3.73035, 4.92550, 0.00000, 2.43005, 0.00000, 0.00000, 0.00000, 0.00000, 0.00000, 0.00000, 0.94766, -8.06739, -0.00000, 9.06739, 0.00000, 0.00000
1.70460, -1.50894, -4.37124, 4.92852, -0.72459, 2.66145, 7.00000, 408704.00000, 78527.00000, 215010.14286, 14313801121.26531, 119640.29890, 0.91102, -0.42255, 0.35294, 1.06961, 0.00000, 1.00000
0.43315, -2.05481, -4.45876, 4.92853, -1.36304, 2.70143, 8.00000, 409607.00000, 47890.00000, 189550.37500, 14738960702.48438, 121404.12144, 0.90081, -0.08228, 0.33112, 0.75116, 0.00000, 1.00000
0.43811, -0.72621, -4.85499, 4.92852, -1.02797, 2.96865, 4.00000, 328531.00000, 74904.00000, 221976.25000, 10221433343.18750, 101101.10456, 0.91102, -0.09634, 0.13403, 0.96230, 0.00000, 1.00000
0.87126, -1.44936, -4.62611, 4.92550, -1.02954, 2.79113, 5.00000, 399731.00000, 141257.00000, 227982.40000, 8393313063.84000, 91615.02641, 0.94766, -0.15634, 0.28534, 0.87099, 0.00000, 1.00000
1.70460, 1.50894, -4.37124, 4.92852, 0.72459, 2.66145, 0.00000, 0.00000, 0.00000, 0.00000, 0.00000, 0.00000, 0.91102, -1.43665, -1.19997, 3.63662, 0.00000, 0.00000
0.43811, 0.72621, -4.85499, 4.92852, 1.02797, 2.96865, 2.00000, 242617.00000, 229506.00000, 236061.50000, 42974580.25000, 6555.50000, 0.91102, -0.13162, -0.18312, 1.31474, 0.00000, 1.00000
0.43315, 2.05481, -4.45876, 4.92853, 1.36304, 2.70143, 3.00000, 461795.00000, 320034.00000, 373553.33333, 3952183736.22222, 62866.39592, 0.90081, -0.24359, -0.98030, 2.22389, 0.33333, 0.66667
0.87126, 1.44936, -4.62611, 4.92550, 1.02954, 2.79113, 1.00000, 209414.00000, 209414.00000, 209414.00000, 0.00000, 0.00000, 0.94766, -0.36416, -0.66465, 2.02881, 0.00000, 1.00000
2.14766, -0.78579, -4.35121, 4.91558, -0.35075, 2.65769, 3.00000, 251865.00000, 175747.00000, 223660.00000, 1159860952.66667, 34056.73139, 1.08598, -0.71592, 0.25627, 1.45965, 0.00000, 1.00000
0.87622, 0.00000, -4.83686, 4.91558, 0.00000, 2.96238, 0.00000, 0.00000, 0.00000, 0.00000, 0.00000, 0.00000, 1.08598, -0.22879, -0.00000, 1.22879, 0.00000, 0.00000
2.14766, 0.78579, -4.35121, 4.91558, 0.35075, 2.65769, 0.00000, 0.00000, 0.00000, 0.00000, 0.00000, 0.00000, 1.08598, -1.46868, -0.52573, 2.99442, 0.00000, 0.00000
1.75244, 0.00000, -4.58794, 4.91123, 0.00000, 2.77673, 3.00000, 333313.00000, 253874.00000, 293163.33333, 1052129206.88889, 32436.54123, 1.14286, -0.61803, -0.00000, 1.61803, 0.00000, 1.00000
4.45876, 0.43315, 2.05481, 4.92853, 0.09684, 1.14074, 1.00000, 278372.00000, 278372.00000, 278372.00000, 0.00000, 0.00000, 0.90081, 0.64502, 0.07065, 0.28433, 1.00000, 0.00000
4.85499, 0.43811, 0.72621, 4.92852, 0.09000, 1.42291, 2.00000, 412487.00000, 350001.00000, 381244.00000, 976125049.00000, 31243.00000, 0.91102, 0.80685, 0.08077, 0.11238, 1.00000, 0.00000
4.37124, 1.70460, 1.50894, 4.92852, 0.37182, 1.25963, 10.00000, 480311.00000, 118745.00000, 315207.00000, 12658900891.80000, 112511.78112, 0.91102, 0.57970, 0.22901, 0.19128, 1.00000, 0.00000
4.62611, 0.87126, 1.44936, 4.92550, 0.18616, 1.27212, 2.00000, 300116.00000, 175372.00000, 237744.00000, 3890266384.00000, 62372.00000, 0.94766, 0.66353, 0.11910, 0.21738, 1.00000, 0.00000
4.85499, 0.43811, -0.72621, 4.92852, 0.09000, 1.71868, 1.00000, 424202.00000, 424202.00000, 424202.00000, 0.00000, 0.00000, 0.91102, 1.04077, 0.10419, -0.14496, 1.00000, 0.00000
4.45876, 0.43315, -2.05481, 4.92853, 0.09684, 2.00085, 0.00000, 0.00000, 0.00000, 0.00000, 0.00000, 0.00000, 0.90081, 1.49537, 0.16379, -0.65917, 0.00000, 0.00000
4.37124, 1.70460, -1.50894, 4.92852, 0.37182, 1.88196, 2.00000, 362832.00000, 272526.00000, 317679.00000, 2038793409.00000, 45153.00000, 0.91102, 0.93889, 0.37091, -0.30980, 1.00000, 0.00000
4.62611, 0.87126, -1.44936, 4.92550, 0.18616, 1.86947, 2.00000, 382361.00000, 278873.00000, 330617.00000, 2677441536.00000, 51744.00000, 0.94766, 1.17386, 0.21070, -0.38457, 0.50000, 0.50000
3.92241, 2.87963, 0.78273, 4.92852, 0.63328, 1.41130, 2.00000, 372530.00000, 152852.00000, 262691.00000, 12064605921.00000, 109839.00000, 0.91102, 0.52439, 0.37383, 0.10178, 1.00000, 0.00000
3.92241, 2.87963, -0.78273, 4.92852, 0.63328, 1.73029, 1.00000, 326869.00000, 326869.00000, 326869.00000, 0.00000, 0.00000, 0.91102, 0.65841, 0.46938, -0.12779, 1.00000, 0.00000
3.18882, 3.75791, 0.00000, 4.92853, 0.86714, 1.57080, 1.00000, 112103.00000, 112103.00000, 112103.00000, 0.00000, 0.00000, 0.90081, 0.46930, 0.53070, 0.00000, 1.00000, 0.00000
3.73035, 3.21637, 0.00000, 4.92550, 0.71154, 1.57080, 4.00000, 412530.00000, 129325.00000, 234856.50000, 11357143750.25000, 106569.90077, 0.94766, 0.52918, 0.47082, 0.00000, 1.00000, 0.00000
4.83686, 0.87622, 0.00000, 4.91558, 0.17921, 1.57080, 1.00000, 385379.00000, 385379.00000, 385379.00000, 0.00000, 0.00000, 1.08598, 0.84303, 0.15697, 0.00000, 1.00000, 0.00000
4.35121, 2.14766, -0.78579, 4.91558, 0.45850, 1.73134, 0.00000, 0.00000, 0.00000, 0.00000, 0.00000, 0.00000, 1.08598, 0.76051, 0.37301, -0.13352, 0.00000, 0.00000
4.35121, 2.14766, 0.78579, 4.91558, 0.45850, 1.41025, 4.00000, 425205.00000, 137263.00000, 251039.50000, 11433081251.25000, 106925.58745, 1.08598, 0.60022, 0.29439, 0.10538, 1.00000, 0.00000
4.58794, 1.75244, 0.00000, 4.91123, 0.36486, 1.57080, 1.00000, 366665.00000, 366665.00000, 366665.00000, 0.00000, 0.00000, 1.14286, 0.72361, 0.27639, -0.00000, 1.00000, 0.00000
