-2.75567, 4.02561, 0.70086, 4.92853, 2.17107, 1.42811, 13.00000, 344072.00000, 40769.00000, 207580.30769, 7028171933.28994, 83834.19310, 0.90081, -1.37444, 1.98030, 0.39414, 0.00000, 1.00000
-3.48430, 3.15040, 1.49161, 4.92852, 2.40648, 1.26333, 10.00000, 350406.00000, 61468.00000, 135793.30000, 7401957714.01000, 86034.63090, 0.91102, -2.88604, 2.59457, 1.29147, 0.00000, 1.00000
-2.21782, 3.93313, 1.97536, 4.92852, 2.08423, 1.15840, 16.00000, 444425.00000, 67744.00000, 267276.31250, 13202571930.71484, 114902.44528, 0.91102, -0.60432, 1.05443, 0.54989, 0.06250, 0.93750
-2.85909, 3.75484, 1.40973, 4.92550, 2.22158, 1.28053, 9.00000, 403312.00000, 51397.00000, 220010.55556, 11962767958.91358, 109374.43924, 0.94766, -1.25387, 1.66465, 0.58922, 0.00000, 1.00000
-3.93313, 1.97536, 2.21782, 4.92852, 2.67616, 1.10403, 8.00000, 400077.00000, 115841.00000, 226593.50000, 10213957867.00000, 101064.12750, 0.91102, -10.56672, 5.51065, 6.05607, 0.00000, 1.00000
-4.02561, 0.70086, 2.75567, 4.92853, 2.96922, 0.97747, 8.00000, 431816.00000, 114614.00000, 256694.12500, 9230682451.35938, 96076.44067, 0.90081, 9.35336, -1.86160, -6.49176, 0.00000, 1.00000
-3.15040, 1.49161, 3.48430, 4.92852, 2.69940, 0.78559, 6.00000, 427294.00000, 191017.00000, 299428.50000, 7550211652.25000, 86891.95390, 0.91102, -1.63909, 0.81587, 1.82322, 0.00000, 1.00000
-3.75484, 1.40973, 2.85909, 4.92550, 2.78243, 0.95149, 6.00000, 423447.00000, 176919.00000, 326196.33333, 7046767451.88889, 83945.02637, 0.94766, -9.32863, 3.30198, 7.02665, 0.16667, 0.83333
-1.49161, 3.48430, 3.15040, 4.92852, 1.97528, 0.87732, 7.00000, 455194.00000, 91127.00000, 270342.28571, 19534831817.63265, 139767.06271, 0.91102, -0.30829, 0.68893, 0.61936, 0.14286, 0.85714
-1.97536, 2.21782, 3.93313, 4.92852, 2.29844, 0.64677, 6.00000, 409146.00000, 158830.00000, 296732.50000, 6340299262.91667, 79625.99615, 0.91102, -0.49591, 0.54500, 0.95092, 0.00000, 1.00000
-0.70086, 2.75567, 4.02561, 4.92853, 1.81985, 0.61496, 2.00000, 414028.00000, 178038.00000, 296033.00000, 13922820025.00000, 117995.00000, 0.90081, -0.13313, 0.46424, 0.66888, 0.50000, 0.50000
-1.40973, 2.85909, 3.75484, 4.92550, 2.02888, 0.70390, 3.00000, 295622.00000, 74240.00000, 190671.00000, 8234226854.00000, 90742.64077, 0.94766, -0.25296, 0.53830, 0.71466, 0.00000, 1.00000
-3.47499, 2.68919, 2.20355, 4.91558, 2.48299, 1.10596, 6.00000, 481164.00000, 111026.00000, 242031.50000, 18842221045.58333, 137266.96997, 1.08598, -2.37638, 1.85065, 1.52573, 0.00000, 1.00000
-2.68919, 2.20355, 3.47499, 4.91558, 2.45513, 0.78564, 5.00000, 392403.00000, 183871.00000, 252415.40000, 5256375817.04000, 72500.86770, 1.08598, -0.90211, 0.74373, 1.15838, 0.00000, 1.00000
-2.20355, 3.47499, 2.68919, 4.91558, 2.13592, 0.99193, 7.00000, 457976.00000, 83803.00000, 252590.28571, 17751793396.77551, 133235.85627, 1.08598, -0.56481, 0.87972, 0.68510, 0.00000, 1.00000
-2.83550, 2.83550, 2.83550, 4.91123, 2.35619, 0.95532, 4.00000, 324507.00000, 143294.00000, 239075.00000, 4609181149.50000, 67890.95042, 1.14286, -1.00000, 1.00000, 1.00000, 0.00000, 1.00000
-2.05481, 4.45876, 0.43315, 4.92853, 2.00263, 1.48280, 21.00000, 435235.00000, 31769.00000, 215918.66667, 13921029831.17460, 117987.41387, 0.90081, -0.65917, 1.49537, 0.16379, 0.00000, 1.00000
-1.50894, 4.37124, 1.70460, 4.92852, 1.90319, 1.21764, 12.00000, 464200.00000, 122539.00000, 249333.75000, 8484981867.52083, 92113.96131, 0.91102, -0.30980, 0.93889, 0.37091, 0.08333, 0.91667
-0.72621, 4.85499, 0.43811, 4.92852, 1.71928, 1.48179, 13.00000, 491288.00000, 87613.00000, 212823.15385, 14300236982.74556, 119583.59830, 0.91102, -0.14496, 1.04077, 0.10419, 0.00000, 1.00000
-1.44936, 4.62611, 0.87126, 4.92550, 1.87441, 1.39297, 10.00000, 489294.00000, 99686.00000, 267095.90000, 16097181815.49000, 126874.66972, 0.94766, -0.38457, 1.17386, 0.21070, 0.10000, 0.90000
-0.78273, 3.92241, 2.87963, 4.92852, 1.76776, 0.94680, 7.00000, 367089.00000, 64959.00000, 213186.42857, 8291239571.38775, 91056.24400, 0.91102, -0.12779, 0.65841, 0.46938, 0.14286, 0.85714
0.00000, 3.18882, 3.75791, 4.92853, 1.57080, 0.70366, 2.00000, 444245.00000, 159440.00000, 301842.50000, 20278472006.25000, 142402.50000, 0.90081, -0.00000, 0.46930, 0.53070, 0.00000, 1.00000
0.78273, 3.92241, 2.87963, 4.92852, 1.37383, 0.94680, 1.00000, 344419.00000, 344419.00000, 344419.00000, 0.00000, 0.00000, 0.91102, 0.10178, 0.52439, 0.37383, 0.00000, 1.00000
0.00000, 3.73035, 3.21637, 4.92550, 1.57080, 0.85925, 1.00000, 235231.00000, 235231.00000, 235231.00000, 0.00000, 0.00000, 0.94766, -0.00000, 0.52918, 0.47082, 0.00000, 1.00000
0.72621, 4.85499, 0.43811, 4.92852, 1.42232, 1.48179, 9.00000, 469926.00000, 114289.00000, 240961.66667, 14013742782.44444, 118379.65527, 0.91102, 0.11238, 0.80685, 0.08077, 0.22222, 0.77778
1.50894, 4.37124, 1.70460, 4.92852, 1.23841, 1.21764, 5.00000, 406519.00000, 92205.00000, 284429.20000, 13894193304.96000, 117873.63278, 0.91102, 0.19128, 0.57970, 0.22901, 0.80000, 0.20000
2.05481, 4.45876, 0.43315, 4.92853, 1.13896, 1.48280, 3.00000, 361909.00000, 213501.00000, 270834.33333, 4240061198.22222, 65115.75230, 0.90081, 0.28433, 0.64502, 0.07065, 0.66667, 0.33333
1.44936, 4.62611, 0.87126, 4.92550, 1.26718, 1.39297, 6.00000, 498795.00000, 201607.00000, 366769.50000, 14946095134.25000, 122254.22338, 0.94766, 0.21738, 0.66353, 0.11910, 0.66667, 0.33333
-0.78579, 4.35121, 2.14766, 4.91558, 1.74946, 1.11864, 10.00000, 427578.00000, 151350.00000, 285624.20000, 7919779443.16000, 88993.14267, 1.08598, -0.13352, 0.76051, 0.37301, 0.00000, 1.00000
0.78579, 4.35121, 2.14766, 4.91558, 1.39213, 1.11864, 4.00000, 442421.00000, 254889.00000, 368526.00000, 5058710387.00000, 71124.61168, 1.08598, 0.10538, 0.60022, 0.29439, 0.25000, 0.75000
0.00000, 4.83686, 0.87622, 4.91558, 1.57080, 1.39159, 2.00000, 220998.00000, 173294.00000, 197146.00000, 568917904.00000, 23852.00000, 1.08598, -0.00000, 0.84303, 0.15697, 0.50000, 0.50000
0.00000, 4.58794, 1.75244, 4.91123, 1.57080, 1.20593, 3.00000, 374548.00000, 238921.00000, 284682.33333, 4038376630.88889, 63548.22288, 1.14286, 0.00000, 0.72361, 0.27639, 0.00000, 1.00000
-2.05481, 4.45876, -0.43315, 4.92853, 2.00263, 1.65880, 23.00000, 454095.00000, 36668.00000, 190575.65217, 13145443865.79206, 114653.58200, 0.90081, -0.98030, 2.22389, -0.24359, 0.00000, 1.00000
-0.72621, 4.85499, -0.43811, 4.92852, 1.71928, 1.65981, 15.00000, 382373.00000, 161564.00000, 245143.80000, 4307220466.42667, 65629.41769, 0.91102, -0.18312, 1.31474, -0.13162, 0.13333, 0.86667
-1.50894, 4.37124, -1.70460, 4.92852, 1.90319, 1.92396, 25.00000, 466864.00000, 45023.00000, 213087.76000, 16550250498.02240, 128647.77689, 0.91102, -1.19997, 3.63662, -1.43665, 0.08000, 0.92000
-1.44936, 4.62611, -0.87126, 4.92550, 1.87441, 1.74862, 18.00000, 475323.00000, 90286.00000, 263718.38889, 11719853249.68210, 108258.27105, 0.94766, -0.66465, 2.02881, -0.36416, 0.05556, 0.94444
0.72621, 4.85499, -0.43811, 4.92852, 1.42232, 1.65981, 15.00000, 475661.00000, 138924.00000, 280241.93333, 12131637683.92889, 110143.71377, 0.91102, 0.13403, 0.96230, -0.09634, 0.40000, 0.60000
2.05481, 4.45876, -0.43315, 4.92853, 1.13896, 1.65880, 12.00000, 472744.00000, 100643.00000, 294602.08333, 9168456225.57639, 95752.05599, 0.90081, 0.33112, 0.75116, -0.08228, 0.66667, 0.33333
1.50894, 4.37124, -1.70460, 4.92852, 1.23841, 1.92396, 18.00000, 498268.00000, 91772.00000, 300634.72222, 17587140750.64507, 132616.51764, 0.91102, 0.35294, 1.06961, -0.42255, 0.61111, 0.38889
1.44936, 4.62611, -0.87126, 4.92550, 1.26718, 1.74862, 11.00000, 456460.00000, 121181.00000, 266340.45455, 15629893718.61157, 125019.57334, 0.94766, 0.28534, 0.87099, -0.15634, 0.36364, 0.63636
-0.78273, 3.92241, -2.87963, 4.92852, 1.76776, 2.19479, 28.00000, 464968.00000, 53198.00000, 237717.00000, 19326718906.35714, 139020.57008, 0.91102, -2.08678, 10.75154, -7.66476, 0.14286, 0.85714
0.78273, 3.92241, -2.87963, 4.92852, 1.37383, 2.19479, 18.00000, 489507.00000, 105092.00000, 292582.22222, 15808557899.83950, 125732.08779, 0.91102, 0.40335, 2.07817, -1.48153, 0.44444, 0.55556
0.00000, 3.18882, -3.75791, 4.92853, 1.57080, 2.43793, 26.00000, 491580.00000, 49132.00000, 282158.15385, 16881146093.97633, 129927.46474, 0.90081, -0.00000, -7.64229, 8.64229, 0.23077, 0.76923
0.00000, 3.73035, -3.21637, 4.92550, 1.57080, 2.28234, 18.00000, 497271.00000, 60863.00000, 253108.88889, 23078308070.20987, 151915.46357, 0.94766, 0.00000, 9.06739, -8.06739, 0.50000, 0.50000
0.00000, 4.83686, -0.87622, 4.91558, 1.57080, 1.75001, 15.00000, 468634.00000, 46225.00000, 195621.53333, 15102327470.91556, 122891.52725, 1.08598, 0.00000, 1.22879, -0.22879, 0.06667, 0.93333
0.78579, 4.35121, -2.14766, 4.91558, 1.39213, 2.02296, 18.00000, 468093.00000, 82139.00000, 255756.72222, 11686905194.42284, 108105.99056, 1.08598, 0.25627, 1.45965, -0.71592, 0.27778, 0.72222
-0.78579, 4.35121, -2.14766, 4.91558, 1.74946, 2.02296, 13.00000, 440286.00000, 97653.00000, 274862.23077, 11833856620.79290, 108783.53102, 1.08598, -0.52573, 2.99442, -1.46868, 0.23077, 0.76923
0.00000, 4.58794, -1.75244, 4.91123, 1.57080, 1.93566, 15.00000, 474120.00000, 94502.00000, 228952.60000, 18071269451.57333, 134429.42182, 1.14286, 0.00000, 1.61803, -0.61803, 0.13333, 0.86667
-2.75567, 4.02561, -0.70086, 4.92853, 2.17107, 1.71348, 35.00000, 436865.00000, 52775.00000, 188157.88571, 10681613619.87265, 103351.89219, 0.90081, -6.49176, 9.35336, -1.86160, 0.02857, 0.97143
-2.21782, 3.93313, -1.97536, 4.92852, 2.08423, 1.98319, 34.00000, 468127.00000, 31838.00000, 213851.64706, 14437845171.64014, 120157.58474, 0.91102, 6.05607, -10.56672, 5.51065, 0.05882, 0.94118
-3.48430, 3.15040, -1.49161, 4.92852, 2.40648, 1.87827, 40.00000, 465306.00000, 43037.00000, 176621.07500, 15070419237.81938, 122761.63586, 0.91102, 1.82322, -1.63909, 0.81587, 0.00000, 1.00000
-2.85909, 3.75484, -1.40973, 4.92550, 2.22158, 1.86107, 33.00000, 497728.00000, 37290.00000, 172956.57576, 19397347683.21395, 139274.36118, 0.94766, 7.02665, -9.32863, 3.30198, 0.00000, 1.00000
-1.49161, 3.48430, -3.15040, 4.92852, 1.97528, 2.26428, 30.00000, 488912.00000, 49886.00000, 197691.00000, 15430328682.73333, 124218.87410, 0.91102, 1.29147, -2.88604, 2.59457, 0.06667, 0.93333
-0.70086, 2.75567, -4.02561, 4.92853, 1.81985, 2.52663, 11.00000, 399701.00000, 44529.00000, 193462.09091, 16621279998.26446, 128923.54323, 0.90081, 0.39414, -1.37444, 1.98030, 0.09091, 0.90909
-1.97536, 2.21782, -3.93313, 4.92852, 2.29844, 2.49482, 25.00000, 471708.00000, 48623.00000, 179732.88000, 10565512156.18560, 102788.67718, 0.91102, 0.54989, -0.60432, 1.05443, 0.00000, 1.00000
-1.40973, 2.85909, -3.75484, 4.92550, 2.02888, 2.43770, 18.00000, 471945.00000, 39346.00000, 196917.77778, 14007064529.72839, 118351.44498, 0.94766, 0.58922, -1.25387, 1.66465, 0.11111, 0.88889
-3.93313, 1.97536, -2.21782, 4.92852, 2.67616, 2.03756, 44.00000, 494690.00000, 38969.00000, 183674.29545, 14538029497.29907, 120573.75128, 0.91102, 0.95092, -0.49591, 0.54500, 0.02273, 0.97727
-3.15040, 1.49161, -3.48430, 4.92852, 2.69940, 2.35600, 37.00000, 499149.00000, 35426.00000, 168781.54054, 14120053672.35646, 118827.83206, 0.91102, 0.61936, -0.30829, 0.68893, 0.05405, 0.94595
-4.02561, 0.70086, -2.75567, 4.92853, 2.96922, 2.16413, 32.00000, 495223.00000, 38126.00000, 221574.65625, 21027238663.72559, 145007.71932, 0.90081, 0.66888, -0.13313, 0.46424, 0.00000, 1.00000
-3.75484, 1.40973, -2.85909, 4.92550, 2.78243, 2.19010, 35.00000, 484458.00000, 48821.00000, 178789.14286, 13266190869.89388, 115178.95151, 0.94766, 0.71466, -0.25296, 0.53830, 0.02857, 0.97143
-2.20355, 3.47499, -2.68919, 4.91558, 2.13592, 2.14966, 33.00000, 482656.00000, 54766.00000, 194289.42424, 13921012890.42608, 117987.34208, 1.08598, 1.52573, -2.37638, 1.85065, 0.03030, 0.96970
-2.68919, 2.20355, -3.47499, 4.91558, 2.45513, 2.35595, 25.00000, 491557.00000, 33757.00000, 185142.48000, 19227038951.20960, 138661.59869, 1.08598, 0.68510, -0.56481, 0.87972, 0.04000, 0.96000
-3.47499, 2.68919, -2.20355, 4.91558, 2.48299, 2.03563, 31.00000, 449605.00000, 39205.00000, 161319.22581, 12145371467.72320, 110206.04098, 1.08598, 1.15838, -0.90211, 0.74373, 0.00000, 1.00000
-2.83550, 2.83550, -2.83550, 4.91123, 2.35619, 2.18628, 31.00000, 441596.00000, 31232.00000, 193038.90323, 19150595023.95838, 138385.67492, 1.14286, 1.00000, -1.00000, 1.00000, 0.06452, 0.93548
-3.18882, 3.75791, 0.00000, 4.92853, 2.27446, 1.57080, 24.00000, 471204.00000, 44017.00000, 228013.16667, 16746194558.63889, 129407.08852, 0.90081, -7.64229, 8.64229, 0.00000, 0.00000, 1.00000
-3.92241, 2.87963, -0.78273, 4.92852, 2.50831, 1.73029, 43.00000, 414615.00000, 32183.00000, 193943.09302, 11414513440.92158, 106838.72632, 0.91102, 2.07817, -1.48153, 0.40335, 0.02326, 0.97674
-3.92241, 2.87963, 0.78273, 4.92852, 2.50831, 1.41130, 25.00000, 449962.00000, 49230.00000, 190496.84000, 12607638960.29440, 112283.74308, 0.91102, 10.75154, -7.66476, -2.08678, 0.00000, 1.00000
-3.73035, 3.21637, 0.00000, 4.92550, 2.43005, 1.57080, 21.00000, 463495.00000, 64543.00000, 179499.14286, 11382821815.74150, 106690.30797, 0.94766, 9.06739, -8.06739, -0.00000, 0.00000, 1.00000
-4.37124, 1.70460, -1.50894, 4.92852, 2.76977, 1.88196, 34.00000, 442348.00000, 42736.00000, 176906.11765, 13538161286.98616, 116353.60453, 0.91102, 1.06961, -0.42255, 0.35294, 0.00000, 1.00000
-4.45876, 0.43315, -2.05481, 4.92853, 3.04475, 2.00085, 18.00000, 416079.00000, 40595.00000, 156513.72222, 9162443902.97840, 95720.65557, 0.90081, 0.75116, -0.08228, 0.33112, 0.00000, 1.00000
-4.85499, 0.43811, -0.72621, 4.92852, 3.05160, 1.71868, 12.00000, 425427.00000, 65224.00000, 185519.00000, 17348114792.50000, 131712.24238, 0.91102, 0.96230, -0.09634, 0.13403, 0.00000, 1.00000
-4.62611, 0.87126, -1.44936, 4.92550, 2.95544, 1.86947, 14.00000, 477476.00000, 52169.00000, 164898.14286, 15495405735.26531, 124480.54360, 0.94766, 0.87099, -0.15634, 0.28534, 0.00000, 1.00000
-4.37124, 1.70460, 1.50894, 4.92852, 2.76977, 1.25963, 10.00000, 473917.00000, 70231.00000, 319977.60000, 18018006409.84000, 134231.16780, 0.91102, 3.63662, -1.43665, -1.19997, 0.10000, 0.90000
-4.85499, 0.43811, 0.72621, 4.92852, 3.05160, 1.42291, 14.00000, 454602.00000, 90322.00000, 217194.92857, 12426525850.78061, 111474.32821, 0.91102, 1.31474, -0.13162, -0.18312, 0.00000, 1.00000
-4.45876, 0.43315, 2.05481, 4.92853, 3.04475, 1.14074, 10.00000, 447460.00000, 89626.00000, 243354.80000, 15334952961.16000, 123834.37714, 0.90081, 2.22389, -0.24359, -0.98030, 0.00000, 1.00000
-4.62611, 0.87126, 1.44936, 4.92550, 2.95544, 1.27212, 13.00000, 499325.00000, 65413.00000, 288585.38462, 23815103208.23669, 154321.42822, 0.94766, 2.02881, -0.36416, -0.66465, 0.00000, 1.00000
-4.35121, 2.14766, -0.78579, 4.91558, 2.68310, 1.73134, 27.00000, 487395.00000, 40250.00000, 160398.92593, 9733759103.69822, 98659.81504, 1.08598, 1.45965, -0.71592, 0.25627, 0.00000, 1.00000
-4.83686, 0.87622, 0.00000, 4.91558, 2.96238, 1.57080, 21.00000, 424908.00000, 56148.00000, 227893.57143, 7803629737.67347, 88338.15562, 1.08598, 1.22879, -0.22879, -0.00000, 0.00000, 1.00000
-4.35121, 2.14766, 0.78579, 4.91558, 2.68310, 1.41025, 16.00000, 494614.00000, 40570.00000, 231750.00000, 20562919138.25000, 143397.76546, 1.08598, 2.99442, -1.46868, -0.52573, 0.00000, 1.00000
-4.58794, 1.75244, 0.00000, 4.91123, 2.77673, 1.57080, 17.00000, 438513.00000, 93687.00000, 221324.35294, 11109728339.16955, 105402.69607, 1.14286, 1.61803, -0.61803, -0.00000, 0.00000, 1.00000
2.75567, 4.02561, 0.70086, 4.92853, 0.97053, 1.42811, 7.00000, 398265.00000, 238841.00000, 325402.00000, 3374819978.28571, 58093.20079, 0.90081, 0.36663, 0.52824, 0.10514, 0.85714, 0.14286
2.21782, 3.93313, 1.97536, 4.92852, 1.05736, 1.15840, 4.00000, 493711.00000, 275843.00000, 388978.75000, 6257603111.18750, 79105.01319, 0.91102, 0.27362, 0.47741, 0.24897, 0.25000, 0.75000
3.48430, 3.15040, 1.49161, 4.92852, 0.73511, 1.26333, 11.00000, 474922.00000, 89963.00000, 240101.00000, 21462960780.18182, 146502.42585, 0.91102, 0.42617, 0.38313, 0.19070, 1.00000, 0.00000
2.85909, 3.75484, 1.40973, 4.92550, 0.92001, 1.28053, 5.00000, 443524.00000, 224153.00000, 322649.00000, 5090787828.40000, 71349.75703, 0.94766, 0.35746, 0.47456, 0.16798, 0.80000, 0.20000
1.49161, 3.48430, 3.15040, 4.92852, 1.16631, 0.87732, 2.00000, 471840.00000, 353596.00000, 412718.00000, 3495410884.00000, 59122.00000, 0.91102, 0.19070, 0.42617, 0.38313, 0.00000, 1.00000
0.70086, 2.75567, 4.02561, 4.92853, 1.32174, 0.61496, 2.00000, 348392.00000, 194668.00000, 271530.00000, 5907767044.00000, 76862.00000, 0.90081, 0.10514, 0.36663, 0.52824, 0.00000, 1.00000
1.97536, 2.21782, 3.93313, 4.92852, 0.84316, 0.64677, 1.00000, 151106.00000, 151106.00000, 151106.00000, 0.00000, 0.00000, 0.91102, 0.24897, 0.27362, 0.47741, 1.00000, 0.00000
1.40973, 2.85909, 3.75484, 4.92550, 1.11271, 0.70390, 2.00000, 337729.00000, 198018.00000, 267873.50000, 4879790880.25000, 69855.50000, 0.94766, 0.16798, 0.35746, 0.47456, 1.00000, 0.00000
3.93313, 1.97536, 2.21782, 4.92852, 0.46544, 1.10403, 10.00000, 454327.00000, 78320.00000, 246773.60000, 13202529297.24000, 114902.25976, 0.91102, 0.47741, 0.24897, 0.27362, 1.00000, 0.00000
3.15040, 1.49161, 3.48430, 4.92852, 0.44220, 0.78559, 2.00000, 386724.00000, 324698.00000, 355711.00000, 961806169.00000, 31013.00000, 0.91102, 0.38313, 0.19070, 0.42617, 1.00000, 0.00000
4.02561, 0.70086, 2.75567, 4.92853, 0.17237, 0.97747, 3.00000, 363522.00000, 112153.00000, 238138.33333, 10531243361.55556, 102621.84641, 0.90081, 0.52824, 0.10514, 0.36663, 1.00000, 0.00000
3.75484, 1.40973, 2.85909, 4.92550, 0.35916, 0.95149, 8.00000, 359522.00000, 176591.00000, 265067.75000, 6243287800.93750, 79014.47843, 0.94766, 0.47456, 0.16798, 0.35746, 0.87500, 0.12500
2.20355, 3.47499, 2.68919, 4.91558, 1.00567, 0.99193, 4.00000, 408342.00000, 150255.00000, 315345.75000, 9626646183.18750, 98115.47372, 1.08598, 0.26522, 0.41309, 0.32170, 0.75000, 0.25000
2.68919, 2.20355, 3.47499, 4.91558, 0.68646, 0.78564, 2.00000, 302203.00000, 174111.00000, 238157.00000, 4101890116.00000, 64046.00000, 1.08598, 0.32170, 0.26522, 0.41309, 0.50000, 0.50000
3.47499, 2.68919, 2.20355, 4.91558, 0.65860, 1.10596, 2.00000, 163303.00000, 89410.00000, 126356.50000, 1365043862.25000, 36946.50000, 1.08598, 0.41309, 0.32170, 0.26522, 1.00000, 0.00000
2.83550, 2.83550, 2.83550, 4.91123, 0.78540, 0.95532, 8.00000, 489249.00000, 246712.00000, 373000.12500, 6310465952.35938, 79438.44128, 1.14286, 0.33333, 0.33333, 0.33333, 0.87500, 0.12500
-0.43315, 2.05481, 4.45876, 4.92853, 1.77855, 0.44016, 1.00000, 353027.00000, 353027.00000, 353027.00000, 0.00000, 0.00000, 0.90081, -0.08228, 0.33112, 0.75116, 0.00000, 1.00000
-1.70460, 1.50894, 4.37124, 4.92852, 2.41700, 0.48015, 4.00000, 466406.00000, 331575.00000, 423568.25000, 3003261579.68750, 54802.02168, 0.91102, -0.42255, 0.35294, 1.06961, 0.25000, 0.75000
-0.43811, 0.72621, 4.85499, 4.92852, 2.11363, 0.17295, 0.00000, 0.00000, 0.00000, 0.00000, 0.00000, 0.00000, 0.91102, -0.09634, 0.13403, 0.96230, 0.00000, 0.00000
-0.87126, 1.44936, 4.62611, 4.92550, 2.11205, 0.35046, 0.00000, 0.00000, 0.00000, 0.00000, 0.00000, 0.00000, 0.94766, -0.15634, 0.28534, 0.87099, 0.00000, 0.00000
-2.87963, 0.78273, 3.92241, 4.92852, 2.87619, 0.65037, 1.00000, 250572.00000, 250572.00000, 250572.00000, 0.00000, 0.00000, 0.91102, -1.48153, 0.40335, 2.07817, 0.00000, 1.00000
-3.75791, 0.00000, 3.18882, 4.92853, 3.14159, 0.86714, 4.00000, 434848.00000, 259980.00000, 329139.00000, 4525676823.50000, 67273.15084, 0.90081, 8.64229, -0.00000, -7.64229, 0.00000, 1.00000
-2.87963, -0.78273, 3.92241, 4.92852, -2.87619, 0.65037, 1.00000, 394856.00000, 394856.00000, 394856.00000, 0.00000, 0.00000, 0.91102, -7.66476, -2.08678, 10.75154, 0.00000, 1.00000
-3.21637, 0.00000, 3.73035, 4.92550, 3.14159, 0.71154, 0.00000, 0.00000, 0.00000, 0.00000, 0.00000, 0.00000, 0.94766, -8.06739, 0.00000, 9.06739, 0.00000, 0.00000
-0.43811, -0.72621, 4.85499, 4.92852, -2.11363, 0.17295, 0.00000, 0.00000, 0.00000, 0.00000, 0.00000, 0.00000, 0.91102, -0.13162, -0.18312, 1.31474, 0.00000, 0.00000
-1.70460, -1.50894, 4.37124, 4.92852, -2.41700, 0.48015, 2.00000, 415743.00000, 414931.00000, 415337.00000, 164836.00000, 406.00000, 0.91102, -1.43665, -1.19997, 3.63662, 0.00000, 1.00000
-0.43315, -2.05481, 4.45876, 4.92853, -1.77855, 0.44016, 1.00000, 496376.00000, 496376.00000, 496376.00000, 0.00000, 0.00000, 0.90081, -0.24359, -0.98030, 2.22389, 1.00000, 0.00000
-0.87126, -1.44936, 4.62611, 4.92550, -2.11205, 0.35046, 1.00000, 385805.00000, 385805.00000, 385805.00000, 0.00000, 0.00000, 0.94766, -0.36416, -0.66465, 2.02881, 1.00000, 0.00000
-2.14766, 0.78579, 4.35121, 4.91558, 2.79084, 0.48390, 1.00000, 372057.00000, 372057.00000, 372057.00000, 0.00000, 0.00000, 1.08598, -0.71592, 0.25627, 1.45965, 0.00000, 1.00000
-2.14766, -0.78579, 4.35121, 4.91558, -2.79084, 0.48390, 0.00000, 0.00000, 0.00000, 0.00000, 0.00000, 0.00000, 1.08598, -1.46868, -0.52573, 2.99442, 0.00000, 0.00000
-0.87622, 0.00000, 4.83686, 4.91558, 3.14159, 0.17921, 0.00000, 0.00000, 0.00000, 0.00000, 0.00000, 0.00000, 1.08598, -0.22879, 0.00000, 1.22879, 0.00000, 0.00000
-1.75244, 0.00000, 4.58794, 4.91123, 3.14159, 0.36486, 2.00000, 361828.00000, 321705.00000, 341766.50000, 402463782.25000, 20061.50000, 1.14286, -0.61803, 0.00000, 1.61803, 0.00000, 1.00000
-4.45876, -0.43315, 2.05481, 4.92853, -3.04475, 1.14074, 6.00000, 450562.00000, 104751.00000, 294814.33333, 10679891926.22222, 103343.56258, 0.90081, 1.49537, 0.16379, -0.65917, 0.00000, 1.00000
-4.85499, -0.43811, 0.72621, 4.92852, -3.05160, 1.42291, 8.00000, 422225.00000, 85136.00000, 217454.00000, 13652237860.75000, 116842.79122, 0.91102, 1.04077, 0.10419, -0.14496, 0.00000, 1.00000
-4.37124, -1.70460, 1.50894, 4.92852, -2.76977, 1.25963, 3.00000, 312375.00000, 188650.00000, 237232.66667, 2904020550.88889, 53888.96502, 0.91102, 0.93889, 0.37091, -0.30980, 0.00000, 1.00000
-4.62611, -0.87126, 1.44936, 4.92550, -2.95544, 1.27212, 3.00000, 439314.00000, 208713.00000, 316467.33333, 8976692796.22222, 94745.41042, 0.94766, 1.17386, 0.21070, -0.38457, 0.00000, 1.00000
-4.85499, -0.43811, -0.72621, 4.92852, -3.05160, 1.71868, 10.00000, 328983.00000, 84440.00000, 204224.70000, 5303816266.21000, 72827.30440, 0.91102, 0.80685, 0.08077, 0.11238, 0.00000, 1.00000
-4.45876, -0.43315, -2.05481, 4.92853, -3.04475, 2.00085, 13.00000, 453037.00000, 121001.00000, 241920.92308, 7773373696.68639, 88166.73804, 0.90081, 0.64502, 0.07065, 0.28433, 0.00000, 1.00000
-4.37124, -1.70460, -1.50894, 4.92852, -2.76977, 1.88196, 5.00000, 326939.00000, 111762.00000, 193041.00000, 6075261138.80000, 77943.96153, 0.91102, 0.57970, 0.22901, 0.19128, 0.00000, 1.00000
-4.62611, -0.87126, -1.44936, 4.92550, -2.95544, 1.86947, 7.00000, 360158.00000, 52634.00000, 194282.57143, 12906134427.10204, 113605.16902, 0.94766, 0.66353, 0.11910, 0.21738, 0.00000, 1.00000
-3.92241, -2.87963, 0.78273, 4.92852, -2.50831, 1.41130, 1.00000, 447461.00000, 447461.00000, 447461.00000, 0.00000, 0.00000, 0.91102, 0.65841, 0.46938, -0.12779, 0.00000, 1.00000
-3.92241, -2.87963, -0.78273, 4.92852, -2.50831, 1.73029, 3.00000, 293748.00000, 142281.00000, 238623.66667, 4673184182.88889, 68360.69180, 0.91102, 0.52439, 0.37383, 0.10178, 0.00000, 1.00000
-3.18882, -3.75791, 0.00000, 4.92853, -2.27446, 1.57080, 2.00000, 352156.00000, 316406.00000, 334281.00000, 319515625.00000, 17875.00000, 0.90081, 0.46930, 0.53070, 0.00000, 0.00000, 1.00000
-3.73035, -3.21637, 0.00000, 4.92550, -2.43005, 1.57080, 0.00000, 0.00000, 0.00000, 0.00000, 0.00000, 0.00000, 0.94766, 0.52918, 0.47082, -0.00000, 0.00000, 0.00000
-4.83686, -0.87622, 0.00000, 4.91558, -2.96238, 1.57080, 7.00000, 380826.00000, 100199.00000, 223459.85714, 8497085958.69388, 92179.63961, 1.08598, 0.84303, 0.15697, -0.00000, 0.00000, 1.00000
-4.35121, -2.14766, -0.78579, 4.91558, -2.68310, 1.73134, 4.00000, 449093.00000, 178813.00000, 285500.00000, 10097486441.00000, 100486.25001, 1.08598, 0.60022, 0.29439, 0.10538, 0.00000, 1.00000
-4.35121, -2.14766, 0.78579, 4.91558, -2.68310, 1.41025, 2.00000, 382543.00000, 346508.00000, 364525.50000, 324630306.25000, 18017.50000, 1.08598, 0.76051, 0.37301, -0.13352, 0.00000, 1.00000
-4.58794, -1.75244, 0.00000, 4.91123, -2.77673, 1.57080, 1.00000, 327577.00000, 327577.00000, 327577.00000, 0.00000, 0.00000, 1.14286, 0.72361, 0.27639, -0.00000, 0.00000, 1.00000
-3.75791, 0.00000, -3.18882, 4.92853, 3.14159, 2.27446, 18.00000, 424728.00000, 62998.00000, 187028.88889, 12588931444.87654, 112200.40751, 0.90081, 0.53070, -0.00000, 0.46930, 0.00000, 1.00000
-2.87963, 0.78273, -3.92241, 4.92852, 2.87619, 2.49122, 26.00000, 414157.00000, 49277.00000, 179392.69231, 12480685008.82840, 111716.98621, 0.91102, 0.46938, -0.12779, 0.65841, 0.03846, 0.96154
-2.87963, -0.78273, -3.92241, 4.92852, -2.87619, 2.49122, 13.00000, 403557.00000, 78633.00000, 245048.15385, 11691046864.43787, 108125.14446, 0.91102, 0.37383, 0.10178, 0.52439, 0.15385, 0.84615
-3.21637, 0.00000, -3.73035, 4.92550, 3.14159, 2.43005, 10.00000, 450082.00000, 63256.00000, 237793.50000, 14898048240.05000, 122057.56118, 0.94766, 0.47082, 0.00000, 0.52918, 0.00000, 1.00000
-1.70460, 1.50894, -4.37124, 4.92852, 2.41700, 2.66145, 25.00000, 494785.00000, 48122.00000, 216923.36000, 18009285697.75040, 134198.67994, 0.91102, 0.37091, -0.30980, 0.93889, 0.08000, 0.92000
-0.43315, 2.05481, -4.45876, 4.92853, 1.77855, 2.70143, 27.00000, 497583.00000, 108103.00000, 259803.03704, 13590021247.88752, 116576.24650, 0.90081, 0.16379, -0.65917, 1.49537, 0.25926, 0.74074
-0.43811, 0.72621, -4.85499, 4.92852, 2.11363, 2.96865, 21.00000, 407678.00000, 46809.00000, 236440.19048, 10802811248.43991, 103936.57320, 0.91102, 0.10419, -0.14496, 1.04077, 0.28571, 0.71429
-0.87126, 1.44936, -4.62611, 4.92550, 2.11205, 2.79113, 20.00000, 484475.00000, 70257.00000, 272864.35000, 13572025265.72750, 116499.03547, 0.94766, 0.21070, -0.38457, 1.17386, 0.15000, 0.85000
-1.70460, -1.50894, -4.37124, 4.92852, -2.41700, 2.66145, 11.00000, 457271.00000, 94092.00000, 276576.90909, 15891985476.62810, 126063.41847, 0.91102, 0.22901, 0.19128, 0.57970, 0.27273, 0.72727
-0.43811, -0.72621, -4.85499, 4.92852, -2.11363, 2.96865, 18.00000, 465059.00000, 77157.00000, 290491.27778, 8852970563.75617, 94090.22565, 0.91102, 0.08077, 0.11238, 0.80685, 0.55556, 0.44444
-0.43315, -2.05481, -4.45876, 4.92853, -1.77855, 2.70143, 7.00000, 467168.00000, 112912.00000, 290704.57143, 13911864872.81633, 117948.56876, 0.90081, 0.07065, 0.28433, 0.64502, 0.71429, 0.28571
-0.87126, -1.44936, -4.62611, 4.92550, -2.11205, 2.79113, 7.00000, 497982.00000, 212744.00000, 349008.14286, 9927368966.97959, 99636.18302, 0.94766, 0.11910, 0.21738, 0.66353, 0.28571, 0.71429
-2.14766, 0.78579, -4.35121, 4.91558, 2.79084, 2.65769, 13.00000, 433956.00000, 40790.00000, 211571.07692, 14086899533.30178, 118688.24514, 1.08598, 0.37301, -0.13352, 0.76051, 0.07692, 0.92308
-0.87622, 0.00000, -4.83686, 4.91558, 3.14159, 2.96238, 4.00000, 459645.00000, 207921.00000, 314108.00000, 8392474327.50000, 91610.44879, 1.08598, 0.15697, 0.00000, 0.84303, 0.50000, 0.50000
-2.14766, -0.78579, -4.35121, 4.91558, -2.79084, 2.65769, 17.00000, 478875.00000, 76336.00000, 258037.70588, 13321420700.08997, 115418.45910, 1.08598, 0.29439, 0.10538, 0.60022, 0.23529, 0.76471
-1.75244, 0.00000, -4.58794, 4.91123, 3.14159, 2.77673, 17.00000, 498934.00000, 52804.00000, 259251.58824, 16066151563.18339, 126752.32370, 1.14286, 0.27639, 0.00000, 0.72361, 0.23529, 0.76471
0.70086, 2.75567, -4.02561, 4.92853, 1.32174, 2.52663, 18.00000, 484200.00000, 57349.00000, 253534.38889, 19014150372.79321, 137891.80676, 0.90081, -1.86160, -6.49176, 9.35336, 0.50000, 0.50000
1.49161, 3.48430, -3.15040, 4.92852, 1.16631, 2.26428, 12.00000, 487701.00000, 107018.00000, 313227.83333, 19740627208.13889, 140501.34237, 0.91102, 0.81587, 1.82322, -1.63909, 0.75000, 0.25000
1.97536, 2.21782, -3.93313, 4.92852, 0.84316, 2.49482, 20.00000, 473469.00000, 61990.00000, 234859.85000, 13690748970.72750, 117007.47400, 0.91102, 5.51065, 6.05607, -10.56672, 0.85000, 0.15000
1.40973, 2.85909, -3.75484, 4.92550, 1.11271, 2.43770, 15.00000, 481179.00000, 73927.00000, 264031.66667, 19129391307.68889, 138309.04275, 0.94766, 3.30198, 7.02665, -9.32863, 0.53333, 0.46667
2.21782, 3.93313, -1.97536, 4.92852, 1.05736, 1.98319, 16.00000, 476245.00000, 105560.00000, 249022.93750, 14252575755.05859, 119384.15203, 0.91102, 0.54500, 0.95092, -0.49591, 0.81250, 0.18750
2.75567, 4.02561, -0.70086, 4.92853, 0.97053, 1.71348, 9.00000, 499236.00000, 76198.00000, 274772.88889, 19984522963.20988, 141366.62606, 0.90081, 0.46424, 0.66888, -0.13313, 0.88889, 0.11111
3.48430, 3.15040, -1.49161, 4.92852, 0.73511, 1.87827, 22.00000, 481544.00000, 38015.00000, 173539.40909, 14017230204.78719, 118394.38418, 0.91102, 0.68893, 0.61936, -0.30829, 1.00000, 0.00000
2.85909, 3.75484, -1.40973, 4.92550, 0.92001, 1.86107, 17.00000, 458711.00000, 100905.00000, 222624.76471, 11148243192.41523, 105585.24136, 0.94766, 0.53830, 0.71466, -0.25296, 0.82353, 0.17647
3.15040, 1.49161, -3.48430, 4.92852, 0.44220, 2.35600, 46.00000, 487009.00000, 35219.00000, 185603.41304, 16041620684.67722, 126655.51976, 0.91102, 2.59457, 1.29147, -2.88604, 0.93478, 0.06522
3.93313, 1.97536, -2.21782, 4.92852, 0.46544, 2.03756, 43.00000, 371259.00000, 11901.00000, 132699.02326, 7851728790.81341, 88609.98133, 0.91102, 1.05443, 0.54989, -0.60432, 0.93023, 0.06977
4.02561, 0.70086, -2.75567, 4.92853, 0.17237, 2.16413, 48.00000, 465501.00000, 23593.00000, 157236.27083, 16117501574.48915, 126954.72254, 0.90081, 1.98030, 0.39414, -1.37444, 0.93750, 0.06250
3.75484, 1.40973, -2.85909, 4.92550, 0.35916, 2.19010, 40.00000, 495753.00000, 36113.00000, 186844.95000, 18781686877.04750, 137046.29465, 0.94766, 1.66465, 0.58922, -1.25387, 0.95000, 0.05000
2.20355, 3.47499, -2.68919, 4.91558, 1.00567, 2.14966, 31.00000, 447403.00000, 58912.00000, 254165.83871, 12461354497.74818, 111630.43715, 1.08598, 0.74373, 1.15838, -0.90211, 0.70968, 0.29032
3.47499, 2.68919, -2.20355, 4.91558, 0.65860, 2.03563, 23.00000, 417315.00000, 53564.00000, 180306.26087, 14577261063.93195, 120736.32868, 1.08598, 0.87972, 0.68510, -0.56481, 0.95652, 0.04348
2.68919, 2.20355, -3.47499, 4.91558, 0.68646, 2.35595, 19.00000, 385983.00000, 48969.00000, 189829.05263, 11617641288.68144, 107785.16266, 1.08598, 1.85065, 1.52573, -2.37638, 0.78947, 0.21053
2.83550, 2.83550, -2.83550, 4.91123, 0.78540, 2.18628, 16.00000, 406352.00000, 70999.00000, 222151.68750, 8610435917.46484, 92792.43459, 1.14286, 1.00000, 1.00000, -1.00000, 0.68750, 0.31250
2.75567, -4.02561, 0.70086, 4.92853, -0.97053, 1.42811, 8.00000, 313343.00000, 69696.00000, 218160.87500, 10220672675.60938, 101097.34257, 0.90081, -6.49176, 9.35336, -1.86160, 1.00000, 0.00000
3.48430, -3.15040, 1.49161, 4.92852, -0.73511, 1.26333, 9.00000, 406273.00000, 67984.00000, 224881.33333, 9872160240.88889, 99358.74517, 0.91102, 1.82322, -1.63909, 0.81587, 1.00000, 0.00000
2.21782, -3.93313, 1.97536, 4.92852, -1.05736, 1.15840, 5.00000, 475971.00000, 202225.00000, 356162.20000, 11660526691.76000, 107983.91867, 0.91102, 6.05607, -10.56672, 5.51065, 1.00000, 0.00000
2.85909, -3.75484, 1.40973, 4.92550, -0.92001, 1.28053, 7.00000, 403884.00000, 106316.00000, 235112.28571, 11573854073.63265, 107581.84825, 0.94766, 7.02665, -9.32863, 3.30198, 1.00000, 0.00000
3.93313, -1.97536, 2.21782, 4.92852, -0.46544, 1.10403, 6.00000, 474580.00000, 172047.00000, 315627.16667, 9086980264.47222, 95325.65376, 0.91102, 0.95092, -0.49591, 0.54500, 1.00000, 0.00000
4.02561, -0.70086, 2.75567, 4.92853, -0.17237, 0.97747, 8.00000, 475550.00000, 74058.00000, 276025.37500, 17896189312.23438, 133776.63964, 0.90081, 0.66888, -0.13313, 0.46424, 1.00000, 0.00000
3.15040, -1.49161, 3.48430, 4.92852, -0.44220, 0.78559, 5.00000, 267842.00000, 109408.00000, 220439.60000, 3346280509.44000, 57847.04409, 0.91102, 0.61936, -0.30829, 0.68893, 1.00000, 0.00000
3.75484, -1.40973, 2.85909, 4.92550, -0.35916, 0.95149, 4.00000, 396912.00000, 135451.00000, 293143.00000, 9963274728.50000, 99816.20474, 0.94766, 0.71466, -0.25296, 0.53830, 1.00000, 0.00000
1.49161, -3.48430, 3.15040, 4.92852, -1.16631, 0.87732, 0.00000, 0.00000, 0.00000, 0.00000, 0.00000, 0.00000, 0.91102, 1.29147, -2.88604, 2.59457, 0.00000, 0.00000
1.97536, -2.21782, 3.93313, 4.92852, -0.84316, 0.64677, 2.00000, 331060.00000, 186410.00000, 258735.00000, 5230905625.00000, 72325.00000, 0.91102, 0.54989, -0.60432, 1.05443, 1.00000, 0.00000
0.70086, -2.75567, 4.02561, 4.92853, -1.32174, 0.61496, 0.00000, 0.00000, 0.00000, 0.00000, 0.00000, 0.00000, 0.90081, 0.39414, -1.37444, 1.98030, 0.00000, 0.00000
1.40973, -2.85909, 3.75484, 4.92550, -1.11271, 0.70390, 5.00000, 498130.00000, 218904.00000, 320545.00000, 12927944992.00000, 113701.12133, 0.94766, 0.58922, -1.25387, 1.66465, 1.00000, 0.00000
3.47499, -2.68919, 2.20355, 4.91558, -0.65860, 1.10596, 10.00000, 459910.00000, 94296.00000, 261345.80000, 17134035896.36000, 130897.04312, 1.08598, 1.15838, -0.90211, 0.74373, 1.00000, 0.00000
2.68919, -2.20355, 3.47499, 4.91558, -0.68646, 0.78564, 2.00000, 145358.00000, 137675.00000, 141516.50000, 14757122.25000, 3841.50000, 1.08598, 0.68510, -0.56481, 0.87972, 1.00000, 0.00000
2.20355, -3.47499, 2.68919, 4.91558, -1.00567, 0.99193, 1.00000, 481523.00000, 481523.00000, 481523.00000, 0.00000, 0.00000, 1.08598, 1.52573, -2.37638, 1.85065, 1.00000, 0.00000
2.83550, -2.83550, 2.83550, 4.91123, -0.78540, 0.95532, 1.00000, 203853.00000, 203853.00000, 203853.00000, 0.00000, 0.00000, 1.14286, 1.00000, -1.00000, 1.00000, 1.00000, 0.00000
2.05481, -4.45876, 0.43315, 4.92853, -1.13896, 1.48280, 7.00000, 364359.00000, 159473.00000, 235704.85714, 4292271619.26531, 65515.43039, 0.90081, -0.98030, 2.22389, -0.24359, 1.00000, 0.00000
1.50894, -4.37124, 1.70460, 4.92852, -1.23841, 1.21764, 1.00000, 241758.00000, 241758.00000, 241758.00000, 0.00000, 0.00000, 0.91102, -1.19997, 3.63662, -1.43665, 1.00000, 0.00000
0.72621, -4.85499, 0.43811, 4.92852, -1.42232, 1.48179, 9.00000, 441611.00000, 122198.00000, 256260.55556, 14765455541.58025, 121513.19081, 0.91102, -0.18312, 1.31474, -0.13162, 0.77778, 0.22222
1.44936, -4.62611, 0.87126, 4.92550, -1.26718, 1.39297, 1.00000, 494585.00000, 494585.00000, 494585.00000, 0.00000, 0.00000, 0.94766, -0.66465, 2.02881, -0.36416, 1.00000, 0.00000
0.78273, -3.92241, 2.87963, 4.92852, -1.37383, 0.94680, 2.00000, 456726.00000, 127027.00000, 291876.50000, 27175357650.25000, 164849.50000, 0.91102, -2.08678, 10.75154, -7.66476, 1.00000, 0.00000
0.00000, -3.18882, 3.75791, 4.92853, -1.57080, 0.70366, 1.00000, 339663.00000, 339663.00000, 339663.00000, 0.00000, 0.00000, 0.90081, 0.00000, -7.64229, 8.64229, 0.00000, 1.00000
-0.78273, -3.92241, 2.87963, 4.92852, -1.76776, 0.94680, 0.00000, 0.00000, 0.00000, 0.00000, 0.00000, 0.00000, 0.91102, 0.40335, 2.07817, -1.48153, 0.00000, 0.00000
0.00000, -3.73035, 3.21637, 4.92550, -1.57080, 0.85925, 0.00000, 0.00000, 0.00000, 0.00000, 0.00000, 0.00000, 0.94766, -0.00000, 9.06739, -8.06739, 0.00000, 0.00000
-0.72621, -4.85499, 0.43811, 4.92852, -1.71928, 1.48179, 0.00000, 0.00000, 0.00000, 0.00000, 0.00000, 0.00000, 0.91102, 0.13403, 0.96230, -0.09634, 0.00000, 0.00000
-1.50894, -4.37124, 1.70460, 4.92852, -1.90319, 1.21764, 1.00000, 427244.00000, 427244.00000, 427244.00000, 0.00000, 0.00000, 0.91102, 0.35294, 1.06961, -0.42255, 1.00000, 0.00000
-2.05481, -4.45876, 0.43315, 4.92853, -2.00263, 1.48280, 1.00000, 360335.00000, 360335.00000, 360335.00000, 0.00000, 0.00000, 0.90081, 0.33112, 0.75116, -0.08228, 1.00000, 0.00000
-1.44936, -4.62611, 0.87126, 4.92550, -1.87441, 1.39297, 0.00000, 0.00000, 0.00000, 0.00000, 0.00000, 0.00000, 0.94766, 0.28534, 0.87099, -0.15634, 0.00000, 0.00000
0.78579, -4.35121, 2.14766, 4.91558, -1.39213, 1.11864, 2.00000, 461820.00000, 366794.00000, 414307.00000, 2257485169.00000, 47513.00000, 1.08598, -0.52573, 2.99442, -1.46868, 1.00000, 0.00000
-0.78579, -4.35121, 2.14766, 4.91558, -1.74946, 1.11864, 1.00000, 255787.00000, 255787.00000, 255787.00000, 0.00000, 0.00000, 1.08598, 0.25627, 1.45965, -0.71592, 1.00000, 0.00000
0.00000, -4.83686, 0.87622, 4.91558, -1.57080, 1.39159, 3.00000, 467273.00000, 165953.00000, 324694.33333, 15262906296.88889, 123543.13537, 1.08598, -0.00000, 1.22879, -0.22879, 1.00000, 0.00000
0.00000, -4.58794, 1.75244, 4.91123, -1.57080, 1.20593, 1.00000, 281680.00000, 281680.00000, 281680.00000, 0.00000, 0.00000, 1.14286, -0.00000, 1.61803, -0.61803, 1.00000, 0.00000
2.05481, -4.45876, -0.43315, 4.92853, -1.13896, 1.65880, 6.00000, 399546.00000, 191837.00000, 297463.00000, 6844814971.00000, 82733.39695, 0.90081, -0.65917, 1.49537, 0.16379, 1.00000, 0.00000
0.72621, -4.85499, -0.43811, 4.92852, -1.42232, 1.65981, 0.00000, 0.00000, 0.00000, 0.00000, 0.00000, 0.00000, 0.91102, -0.14496, 1.04077, 0.10419, 0.00000, 0.00000
1.50894, -4.37124, -1.70460, 4.92852, -1.23841, 1.92396, 12.00000, 470333.00000, 89126.00000, 222499.16667, 16531348378.30556, 128574.29128, 0.91102, -0.30980, 0.93889, 0.37091, 1.00000, 0.00000
1.44936, -4.62611, -0.87126, 4.92550, -1.26718, 1.74862, 5.00000, 255540.00000, 69257.00000, 194019.20000, 4245822454.16000, 65159.97586, 0.94766, -0.38457, 1.17386, 0.21070, 1.00000, 0.00000
-0.72621, -4.85499, -0.43811, 4.92852, -1.71928, 1.65981, 0.00000, 0.00000, 0.00000, 0.00000, 0.00000, 0.00000, 0.91102, 0.11238, 0.80685, 0.08077, 0.00000, 0.00000
-2.05481, -4.45876, -0.43315, 4.92853, -2.00263, 1.65880, 0.00000, 0.00000, 0.00000, 0.00000, 0.00000, 0.00000, 0.90081, 0.28433, 0.64502, 0.07065, 0.00000, 0.00000
-1.50894, -4.37124, -1.70460, 4.92852, -1.90319, 1.92396, 1.00000, 372646.00000, 372646.00000, 372646.00000, 0.00000, 0.00000, 0.91102, 0.19128, 0.57970, 0.22901, 0.00000, 1.00000
-1.44936, -4.62611, -0.87126, 4.92550, -1.87441, 1.74862, 3.00000, 421914.00000, 276066.00000, 332351.00000, 4098985826.00000, 64023.32252, 0.94766, 0.21738, 0.66353, 0.11910, 1.00000, 0.00000
0.78273, -3.92241, -2.87963, 4.92852, -1.37383, 2.19479, 5.00000, 483035.00000, 73949.00000, 325361.60000, 25509736735.44000, 159717.67822, 0.91102, -0.12779, 0.65841, 0.46938, 1.00000, 0.00000
-0.78273, -3.92241, -2.87963, 4.92852, -1.76776, 2.19479, 2.00000, 341547.00000, 84147.00000, 212847.00000, 16563690000.00000, 128700.00000, 0.91102, 0.10178, 0.52439, 0.37383, 0.50000, 0.50000
0.00000, -3.18882, -3.75791, 4.92853, -1.57080, 2.43793, 8.00000, 422617.00000, 96261.00000, 258731.75000, 15600242948.93750, 124900.93254, 0.90081, 0.00000, 0.46930, 0.53070, 0.62500, 0.37500
0.00000, -3.73035, -3.21637, 4.92550, -1.57080, 2.28234, 3.00000, 398913.00000, 283699.00000, 347892.00000, 2299128424.66667, 47949.22757, 0.94766, -0.00000, 0.52918, 0.47082, 0.66667, 0.33333
0.00000, -4.83686, -0.87622, 4.91558, -1.57080, 1.75001, 1.00000, 418102.00000, 418102.00000, 418102.00000, 0.00000, 0.00000, 1.08598, -0.00000, 0.84303, 0.15697, 1.00000, 0.00000
-0.78579, -4.35121, -2.14766, 4.91558, -1.74946, 2.02296, 4.00000, 386986.00000, 125575.00000, 273995.75000, 10804733692.18750, 103945.82095, 1.08598, 0.10538, 0.60022, 0.29439, 0.75000, 0.25000
0.78579, -4.35121, -2.14766, 4.91558, -1.39213, 2.02296, 7.00000, 416450.00000, 136577.00000, 257678.28571, 11009589883.34694, 104926.59283, 1.08598, -0.13352, 0.76051, 0.37301, 1.00000, 0.00000
0.00000, -4.58794, -1.75244, 4.91123, -1.57080, 1.93566, 4.00000, 485146.00000, 335085.00000, 392540.25000, 3629838122.18750, 60248.13791, 1.14286, -0.00000, 0.72361, 0.27639, 1.00000, 0.00000
2.75567, -4.02561, -0.70086, 4.92853, -0.97053, 1.71348, 16.00000, 475130.00000, 98927.00000, 242599.81250, 15652480946.52734, 125109.87550, 0.90081, -1.37444, 1.98030, 0.39414, 1.00000, 0.00000
2.21782, -3.93313, -1.97536, 4.92852, -1.05736, 1.98319, 10.00000, 382398.00000, 78621.00000, 252209.20000, 8381889055.36000, 91552.65728, 0.91102, -0.60432, 1.05443, 0.54989, 1.00000, 0.00000
3.48430, -3.15040, -1.49161, 4.92852, -0.73511, 1.87827, 19.00000, 484776.00000, 85434.00000, 278256.73684, 21113683440.08864, 145305.48317, 0.91102, -2.88604, 2.59457, 1.29147, 1.00000, 0.00000
2.85909, -3.75484, -1.40973, 4.92550, -0.92001, 1.86107, 7.00000, 402669.00000, 53257.00000, 200411.00000, 16658577455.71428, 129068.11169, 0.94766, -1.25387, 1.66465, 0.58922, 1.00000, 0.00000
1.49161, -3.48430, -3.15040, 4.92852, -1.16631, 2.26428, 12.00000, 483124.00000, 58125.00000, 243061.33333, 20486886940.22222, 143132.41052, 0.91102, -0.30829, 0.68893, 0.61936, 1.00000, 0.00000
0.70086, -2.75567, -4.02561, 4.92853, -1.32174, 2.52663, 7.00000, 463612.00000, 83243.00000, 234680.71429, 20961036766.77551, 144779.26912, 0.90081, -0.13313, 0.46424, 0.66888, 1.00000, 0.00000
1.97536, -2.21782, -3.93313, 4.92852, -0.84316, 2.49482, 25.00000, 493197.00000, 59515.00000, 239665.36000, 21361754569.35040, 146156.60974, 0.91102, -0.49591, 0.54500, 0.95092, 0.96000, 0.04000
1.40973, -2.85909, -3.75484, 4.92550, -1.11271, 2.43770, 11.00000, 428002.00000, 62285.00000, 221272.00000, 14022488924.90909, 118416.59058, 0.94766, -0.25296, 0.53830, 0.71466, 0.90909, 0.09091
3.93313, -1.97536, -2.21782, 4.92852, -0.46544, 2.03756, 41.00000, 495968.00000, 45545.00000, 177319.07317, 12860494385.77514, 113404.11979, 0.91102, -10.56672, 5.51065, 6.05607, 0.95122, 0.04878
3.15040, -1.49161, -3.48430, 4.92852, -0.44220, 2.35600, 45.00000, 450759.00000, 16374.00000, 163856.02222, 11847282183.66617, 108845.22123, 0.91102, -1.63909, 0.81587, 1.82322, 1.00000, 0.00000
4.02561, -0.70086, -2.75567, 4.92853, -0.17237, 2.16413, 65.00000, 492661.00000, 33421.00000, 140337.23077, 11555916369.28521, 107498.44822, 0.90081, 9.35336, -1.86160, -6.49176, 0.96923, 0.03077
3.75484, -1.40973, -2.85909, 4.92550, -0.35916, 2.19010, 36.00000, 443745.00000, 31005.00000, 136164.77778, 9306274387.11728, 96469.03331, 0.94766, -9.32863, 3.30198, 7.02665, 1.00000, 0.00000
2.20355, -3.47499, -2.68919, 4.91558, -1.00567, 2.14966, 8.00000, 423681.00000, 98458.00000, 243042.87500, 15105434059.60938, 122904.16616, 1.08598, -0.56481, 0.87972, 0.68510, 1.00000, 0.00000
2.68919, -2.20355, -3.47499, 4.91558, -0.68646, 2.35595, 24.00000, 483007.00000, 26335.00000, 172586.41667, 16387205294.40972, 128012.52007, 1.08598, -0.90211, 0.74373, 1.15838, 1.00000, 0.00000
3.47499, -2.68919, -2.20355, 4.91558, -0.65860, 2.03563, 24.00000, 368014.00000, 49503.00000, 160721.04167, 9539347629.12326, 97669.58395, 1.08598, -2.37638, 1.85065, 1.52573, 1.00000, 0.00000
2.83550, -2.83550, -2.83550, 4.91123, -0.78540, 2.18628, 17.00000, 498549.00000, 45342.00000, 169861.05882, 18250813155.23183, 135095.57045, 1.14286, -1.00000, 1.00000, 1.00000, 1.00000, 0.00000
3.18882, -3.75791, 0.00000, 4.92853, -0.86714, 1.57080, 10.00000, 471290.00000, 40667.00000, 249550.50000, 14396254186.25000, 119984.39143, 0.90081, -7.64229, 8.64229, -0.00000, 1.00000, 0.00000
3.92241, -2.87963, -0.78273, 4.92852, -0.63328, 1.73029, 39.00000, 457322.00000, 37937.00000, 208028.92308, 16298341006.94280, 127664.95606, 0.91102, 10.75154, -7.66476, -2.08678, 1.00000, 0.00000
3.92241, -2.87963, 0.78273, 4.92852, -0.63328, 1.41130, 9.00000, 396650.00000, 47773.00000, 168032.11111, 12195897900.54321, 110435.03928, 0.91102, 2.07817, -1.48153, 0.40335, 1.00000, 0.00000
3.73035, -3.21637, 0.00000, 4.92550, -0.71154, 1.57080, 12.00000, 483652.00000, 74738.00000, 218221.16667, 16222499512.63889, 127367.57638, 0.94766, 9.06739, -8.06739, 0.00000, 1.00000, 0.00000
4.37124, -1.70460, -1.50894, 4.92852, -0.37182, 1.88196, 51.00000, 494660.00000, 19940.00000, 190394.94118, 17604390213.03576, 132681.53682, 0.91102, 3.63662, -1.43665, -1.19997, 1.00000, 0.00000
4.45876, -0.43315, -2.05481, 4.92853, -0.09684, 2.00085, 56.00000, 495375.00000, 17137.00000, 140057.21429, 16483908653.41837, 128389.67503, 0.90081, 2.22389, -0.24359, -0.98030, 0.96429, 0.03571
4.85499, -0.43811, -0.72621, 4.92852, -0.09000, 1.71868, 35.00000, 498492.00000, 29202.00000, 155167.74286, 13357720793.44816, 115575.60639, 0.91102, 1.31474, -0.13162, -0.18312, 1.00000, 0.00000
4.62611, -0.87126, -1.44936, 4.92550, -0.18616, 1.86947, 57.00000, 426378.00000, 20563.00000, 144787.31579, 8692710169.12835, 93234.70475, 0.94766, 2.02881, -0.36416, -0.66465, 1.00000, 0.00000
4.37124, -1.70460, 1.50894, 4.92852, -0.37182, 1.25963, 14.00000, 475126.00000, 47667.00000, 255991.50000, 19651338859.82143, 140183.23316, 0.91102, 1.06961, -0.42255, 0.35294, 1.00000, 0.00000
4.85499, -0.43811, 0.72621, 4.92852, -0.09000, 1.42291, 25.00000, 471436.00000, 45036.00000, 205342.28000, 16193987946.84160, 127255.60085, 0.91102, 0.96230, -0.09634, 0.13403, 1.00000, 0.00000
4.45876, -0.43315, 2.05481, 4.92853, -0.09684, 1.14074, 6.00000, 464406.00000, 82789.00000, 249866.66667, 20931094069.88889, 144675.82407, 0.90081, 0.75116, -0.08228, 0.33112, 1.00000, 0.00000
4.62611, -0.87126, 1.44936, 4.92550, -0.18616, 1.27212, 9.00000, 455172.00000, 56405.00000, 196149.77778, 17929287832.39506, 133900.29064, 0.94766, 0.87099, -0.15634, 0.28534, 1.00000, 0.00000
4.35121, -2.14766, -0.78579, 4.91558, -0.45850, 1.73134, 25.00000, 436760.00000, 42730.00000, 173383.28000, 11459336795.40160, 107048.29188, 1.08598, 2.99442, -1.46868, -0.52573, 1.00000, 0.00000
4.83686, -0.87622, 0.00000, 4.91558, -0.17921, 1.57080, 27.00000, 457611.00000, 38924.00000, 171732.51852, 10818097168.47188, 104010.08205, 1.08598, 1.22879, -0.22879, 0.00000, 1.00000, 0.00000
4.35121, -2.14766, 0.78579, 4.91558, -0.45850, 1.41025, 18.00000, 486385.00000, 57028.00000, 159952.50000, 9142638047.25000, 95617.14306, 1.08598, 1.45965, -0.71592, 0.25627, 1.00000, 0.00000
4.58794, -1.75244, 0.00000, 4.91123, -0.36486, 1.57080, 20.00000, 437262.00000, 53508.00000, 211481.40000, 12496965341.84000, 111789.82665, 1.14286, 1.61803, -0.61803, 0.00000, 1.00000, 0.00000
0.43315, -2.05481, 4.45876, 4.92853, -1.36304, 0.44016, 0.00000, 0.00000, 0.00000, 0.00000, 0.00000, 0.00000, 0.90081, 0.16379, -0.65917, 1.49537, 0.00000, 0.00000
1.70460, -1.50894, 4.37124, 4.92852, -0.72459, 0.48015, 0.00000, 0.00000, 0.00000, 0.00000, 0.00000, 0.00000, 0.91102, 0.37091, -0.30980, 0.93889, 0.00000, 0.00000
0.43811, -0.72621, 4.85499, 4.92852, -1.02797, 0.17295, 2.00000, 304519.00000, 235397.00000, 269958.00000, 1194462721.00000, 34561.00000, 0.91102, 0.10419, -0.14496, 1.04077, 0.50000, 0.50000
0.87126, -1.44936, 4.62611, 4.92550, -1.02954, 0.35046, 0.00000, 0.00000, 0.00000, 0.00000, 0.00000, 0.00000, 0.94766, 0.21070, -0.38457, 1.17386, 0.00000, 0.00000
2.87963, -0.78273, 3.92241, 4.92852, -0.26540, 0.65037, 4.00000, 472756.00000, 190092.00000, 358810.25000, 11568449866.18750, 107556.72860, 0.91102, 0.46938, -0.12779, 0.65841, 1.00000, 0.00000
3.75791, 0.00000, 3.18882, 4.92853, 0.00000, 0.86714, 6.00000, 410805.00000, 122172.00000, 271162.33333, 10526841262.22222, 102600.39601, 0.90081, 0.53070, -0.00000, 0.46930, 1.00000, 0.00000
2.87963, 0.78273, 3.92241, 4.92852, 0.26540, 0.65037, 4.00000, 408739.00000, 57589.00000, 232539.25000, 18028229453.18750, 134269.24239, 0.91102, 0.37383, 0.10178, 0.52439, 1.00000, 0.00000
3.21637, 0.00000, 3.73035, 4.92550, 0.00000, 0.71154, 1.00000, 348281.00000, 348281.00000, 348281.00000, 0.00000, 0.00000, 0.94766, 0.47082, -0.00000, 0.52918, 1.00000, 0.00000
0.43811, 0.72621, 4.85499, 4.92852, 1.02797, 0.17295, 2.00000, 432476.00000, 230550.00000, 331513.00000, 10193527369.00000, 100963.00000, 0.91102, 0.08077, 0.11238, 0.80685, 0.50000, 0.50000
1.70460, 1.50894, 4.37124, 4.92852, 0.72459, 0.48015, 1.00000, 369515.00000, 369515.00000, 369515.00000, 0.00000, 0.00000, 0.91102, 0.22901, 0.19128, 0.57970, 0.00000, 1.00000
0.43315, 2.05481, 4.45876, 4.92853, 1.36304, 0.44016, 3.00000, 388473.00000, 207460.00000, 302770.66667, 5507111062.88889, 74209.91216, 0.90081, 0.07065, 0.28433, 0.64502, 1.00000, 0.00000
0.87126, 1.44936, 4.62611, 4.92550, 1.02954, 0.35046, 0.00000, 0.00000, 0.00000, 0.00000, 0.00000, 0.00000, 0.94766, 0.11910, 0.21738, 0.66353, 0.00000, 0.00000
2.14766, -0.78579, 4.35121, 4.91558, -0.35075, 0.48390, 1.00000, 186793.00000, 186793.00000, 186793.00000, 0.00000, 0.00000, 1.08598, 0.37301, -0.13352, 0.76051, 1.00000, 0.00000
2.14766, 0.78579, 4.35121, 4.91558, 0.35075, 0.48390, 0.00000, 0.00000, 0.00000, 0.00000, 0.00000, 0.00000, 1.08598, 0.29439, 0.10538, 0.60022, 0.00000, 0.00000
0.87622, 0.00000, 4.83686, 4.91558, 0.00000, 0.17921, 1.00000, 186059.00000, 186059.00000, 186059.00000, 0.00000, 0.00000, 1.08598, 0.15697, -0.00000, 0.84303, 1.00000, 0.00000
1.75244, 0.00000, 4.58794, 4.91123, 0.00000, 0.36486, 1.00000, 96303.00000, 96303.00000, 96303.00000, 0.00000, 0.00000, 1.14286, 0.27639, 0.00000, 0.72361, 1.00000, 0.00000
-2.75567, -4.02561, 0.70086, 4.92853, -2.17107, 1.42811, 3.00000, 456451.00000, 220467.00000, 303046.00000, 11789569180.66667, 108579.78256, 0.90081, 0.46424, 0.66888, -0.13313, 0.66667, 0.33333
-2.21782, -3.93313, 1.97536, 4.92852, -2.08423, 1.15840, 3.00000, 383269.00000, 275336.00000, 317286.00000, 2230381292.66667, 47226.91280, 0.91102, 0.54500, 0.95092, -0.49591, 0.66667, 0.33333
-3.48430, -3.15040, 1.49161, 4.92852, -2.40648, 1.26333, 1.00000, 138872.00000, 138872.00000, 138872.00000, 0.00000, 0.00000, 0.91102, 0.68893, 0.61936, -0.30829, 0.00000, 1.00000
-2.85909, -3.75484, 1.40973, 4.92550, -2.22158, 1.28053, 2.00000, 296414.00000, 193062.00000, 244738.00000, 2670408976.00000, 51676.00000, 0.94766, 0.53830, 0.71466, -0.25296, 0.50000, 0.50000
-1.49161, -3.48430, 3.15040, 4.92852, -1.97528, 0.87732, 0.00000, 0.00000, 0.00000, 0.00000, 0.00000, 0.00000, 0.91102, 0.81587, 1.82322, -1.63909, 0.00000, 0.00000
-0.70086, -2.75567, 4.02561, 4.92853, -1.81985, 0.61496, 0.00000, 0.00000, 0.00000, 0.00000, 0.00000, 0.00000, 0.90081, -1.86160, -6.49176, 9.35336, 0.00000, 0.00000
-1.97536, -2.21782, 3.93313, 4.92852, -2.29844, 0.64677, 0.00000, 0.00000, 0.00000, 0.00000, 0.00000, 0.00000, 0.91102, 5.51065, 6.05607, -10.56672, 0.00000, 0.00000
-1.40973, -2.85909, 3.75484, 4.92550, -2.02888, 0.70390, 0.00000, 0.00000, 0.00000, 0.00000, 0.00000, 0.00000, 0.94766, 3.30198, 7.02665, -9.32863, 0.00000, 0.00000
-3.93313, -1.97536, 2.21782, 4.92852, -2.67616, 1.10403, 6.00000, 477856.00000, 116586.00000, 330961.16667, 18302213157.47223, 135285.67240, 0.91102, 1.05443, 0.54989, -0.60432, 0.16667, 0.83333
-3.15040, -1.49161, 3.48430, 4.92852, -2.69940, 0.78559, 2.00000, 266176.00000, 153646.00000, 209911.00000, 3165750225.00000, 56265.00000, 0.91102, 2.59457, 1.29147, -2.88604, 0.00000, 1.00000
-4.02561, -0.70086, 2.75567, 4.92853, -2.96922, 0.97747, 3.00000, 444524.00000, 154352.00000, 320655.00000, 14933620442.00000, 122203.19326, 0.90081, 1.98030, 0.39414, -1.37444, 0.00000, 1.00000
-3.75484, -1.40973, 2.85909, 4.92550, -2.78243, 0.95149, 1.00000, 320634.00000, 320634.00000, 320634.00000, 0.00000, 0.00000, 0.94766, 1.66465, 0.58922, -1.25387, 0.00000, 1.00000
-2.20355, -3.47499, 2.68919, 4.91558, -2.13592, 0.99193, 0.00000, 0.00000, 0.00000, 0.00000, 0.00000, 0.00000, 1.08598, 0.74373, 1.15838, -0.90211, 0.00000, 0.00000
-2.68919, -2.20355, 3.47499, 4.91558, -2.45513, 0.78564, 0.00000, 0.00000, 0.00000, 0.00000, 0.00000, 0.00000, 1.08598, 1.85065, 1.52573, -2.37638, 0.00000, 0.00000
-3.47499, -2.68919, 2.20355, 4.91558, -2.48299, 1.10596, 0.00000, 0.00000, 0.00000, 0.00000, 0.00000, 0.00000, 1.08598, 0.87972, 0.68510, -0.56481, 0.00000, 0.00000
-2.83550, -2.83550, 2.83550, 4.91123, -2.35619, 0.95532, 2.00000, 361348.00000, 230627.00000, 295987.50000, 4271994960.25000, 65360.50000, 1.14286, 1.00000, 1.00000, -1.00000, 0.00000, 1.00000
-0.70086, -2.75567, -4.02561, 4.92853, -1.81985, 2.52663, 8.00000, 321297.00000, 131983.00000, 232368.37500, 3247757850.98438, 56989.10291, 0.90081, 0.10514, 0.36663, 0.52824, 0.37500, 0.62500
-1.49161, -3.48430, -3.15040, 4.92852, -1.97528, 2.26428, 7.00000, 463301.00000, 126286.00000, 320849.71429, 13018079626.20408, 114096.79937, 0.91102, 0.19070, 0.42617, 0.38313, 0.42857, 0.57143
-1.97536, -2.21782, -3.93313, 4.92852, -2.29844, 2.49482, 6.00000, 386131.00000, 102549.00000, 250271.66667, 8845590530.55556, 94050.99963, 0.91102, 0.24897, 0.27362, 0.47741, 0.16667, 0.83333
-1.40973, -2.85909, -3.75484, 4.92550, -2.02888, 2.43770, 5.00000, 379630.00000, 145913.00000, 285784.40000, 7476486779.44000, 86466.68017, 0.94766, 0.16798, 0.35746, 0.47456, 0.20000, 0.80000
-2.21782, -3.93313, -1.97536, 4.92852, -2.08423, 1.98319, 2.00000, 330347.00000, 157846.00000, 244096.50000, 7439148750.25000, 86250.50000, 0.91102, 0.27362, 0.47741, 0.24897, 0.00000, 1.00000
-2.75567, -4.02561, -0.70086, 4.92853, -2.17107, 1.71348, 0.00000, 0.00000, 0.00000, 0.00000, 0.00000, 0.00000, 0.90081, 0.36663, 0.52824, 0.10514, 0.00000, 0.00000
-3.48430, -3.15040, -1.49161, 4.92852, -2.40648, 1.87827, 5.00000, 335624.00000, 112675.00000, 210036.20000, 6094387742.16000, 78066.55969, 0.91102, 0.42617, 0.38313, 0.19070, 0.20000, 0.80000
-2.85909, -3.75484, -1.40973, 4.92550, -2.22158, 1.86107, 3.00000, 461777.00000, 296775.00000, 354952.33333, 5720891520.88889, 75636.57529, 0.94766, 0.35746, 0.47456, 0.16798, 0.66667, 0.33333
-3.15040, -1.49161, -3.48430, 4.92852, -2.69940, 2.35600, 8.00000, 374117.00000, 112072.00000, 260786.50000, 8612839236.50000, 92805.38366, 0.91102, 0.38313, 0.19070, 0.42617, 0.12500, 0.87500
-3.93313, -1.97536, -2.21782, 4.92852, -2.67616, 2.03756, 10.00000, 456253.00000, 85448.00000, 248770.00000, 12828671211.40000, 113263.72416, 0.91102, 0.47741, 0.24897, 0.27362, 0.20000, 0.80000
-4.02561, -0.70086, -2.75567, 4.92853, -2.96922, 2.16413, 10.00000, 326477.00000, 55093.00000, 183444.80000, 6858233272.96000, 82814.45087, 0.90081, 0.52824, 0.10514, 0.36663, 0.00000, 1.00000
-3.75484, -1.40973, -2.85909, 4.92550, -2.78243, 2.19010, 8.00000, 421628.00000, 48360.00000, 254062.75000, 15183239489.93750, 123220.28847, 0.94766, 0.47456, 0.16798, 0.35746, 0.12500, 0.87500
-2.20355, -3.47499, -2.68919, 4.91558, -2.13592, 2.14966, 0.00000, 0.00000, 0.00000, 0.00000, 0.00000, 0.00000, 1.08598, 0.26522, 0.41309, 0.32170, 0.00000, 0.00000
-3.47499, -2.68919, -2.20355, 4.91558, -2.48299, 2.03563, 3.00000, 311215.00000, 235184.00000, 269746.33333, 987300880.22222, 31421.34434, 1.08598, 0.41309, 0.32170, 0.26522, 0.00000, 1.00000
-2.68919, -2.20355, -3.47499, 4.91558, -2.45513, 2.35595, 7.00000, 344426.00000, 123946.00000, 246724.85714, 5757729413.83674, 75879.70357, 1.08598, 0.32170, 0.26522, 0.41309, 0.14286, 0.85714
-2.83550, -2.83550, -2.83550, 4.91123, -2.35619, 2.18628, 5.00000, 453813.00000, 175558.00000, 357271.40000, 9356006511.44000, 96726.45197, 1.14286, 0.33333, 0.33333, 0.33333, 0.40000, 0.60000
3.75791, 0.00000, -3.18882, 4.92853, 0.00000, 2.27446, 45.00000, 478647.00000, 28079.00000, 170799.80000, 12671642888.42667, 112568.39205, 0.90081, 8.64229, 0.00000, -7.64229, 1.00000, 0.00000
2.87963, -0.78273, -3.92241, 4.92852, -0.26540, 2.49122, 40.00000, 475079.00000, 22801.00000, 175730.30000, 17207952108.01000, 131179.08411, 0.91102, -1.48153, 0.40335, 2.07817, 0.97500, 0.02500
2.87963, 0.78273, -3.92241, 4.92852, 0.26540, 2.49122, 46.00000, 491856.00000, 41266.00000, 198958.54348, 19053994764.85681, 138036.20817, 0.91102, -7.66476, -2.08678, 10.75154, 0.97826, 0.02174
3.21637, 0.00000, -3.73035, 4.92550, 0.00000, 2.43005, 30.00000, 482741.00000, 27664.00000, 193019.23333, 18685757706.17889, 136695.85841, 0.94766, -8.06739, -0.00000, 9.06739, 1.00000, 0.00000
1.70460, -1.50894, -4.37124, 4.92852, -0.72459, 2.66145, 22.00000, 474092.00000, 50981.00000, 204600.09091, 13081679781.71901, 114375.17118, 0.91102, -0.42255, 0.35294, 1.06961, 0.86364, 0.13636
0.43315, -2.05481, -4.45876, 4.92853, -1.36304, 2.70143, 10.00000, 296308.00000, 100767.00000, 190722.40000, 5044459576.44000, 71024.35904, 0.90081, -0.08228, 0.33112, 0.75116, 0.80000, 0.20000
0.43811, -0.72621, -4.85499, 4.92852, -1.02797, 2.96865, 14.00000, 442311.00000, 82824.00000, 254476.21429, 14195722004.45408, 119145.80146, 0.91102, -0.09634, 0.13403, 0.96230, 0.64286, 0.35714
0.87126, -1.44936, -4.62611, 4.92550, -1.02954, 2.79113, 5.00000, 487751.00000, 213611.00000, 353449.60000, 9705465151.04000, 98516.31921, 0.94766, -0.15634, 0.28534, 0.87099, 0.60000, 0.40000
1.70460, 1.50894, -4.37124, 4.92852, 0.72459, 2.66145, 31.00000, 496389.00000, 44378.00000, 192473.67742, 15566324623.12175, 124765.07774, 0.91102, -1.43665, -1.19997, 3.63662, 0.90323, 0.09677
0.43811, 0.72621, -4.85499, 4.92852, 1.02797, 2.96865, 20.00000, 489872.00000, 46911.00000, 238456.25000, 16125227760.88750, 126985.14780, 0.91102, -0.13162, -0.18312, 1.31474, 0.45000, 0.55000
0.43315, 2.05481, -4.45876, 4.92853, 1.36304, 2.70143, 18.00000, 493421.00000, 50465.00000, 244449.27778, 12121263219.20062, 110096.60857, 0.90081, -0.24359, -0.98030, 2.22389, 0.44444, 0.55556
0.87126, 1.44936, -4.62611, 4.92550, 1.02954, 2.79113, 10.00000, 452538.00000, 114061.00000, 273490.00000, 12486612642.80000, 111743.51275, 0.94766, -0.36416, -0.66465, 2.02881, 0.60000, 0.40000
2.14766, -0.78579, -4.35121, 4.91558, -0.35075, 2.65769, 16.00000, 464137.00000, 85410.00000, 239624.12500, 15661005732.60938, 125143.94006, 1.08598, -0.71592, 0.25627, 1.45965, 0.93750, 0.06250
0.87622, 0.00000, -4.83686, 4.91558, 0.00000, 2.96238, 10.00000, 443196.00000, 36810.00000, 239546.70000, 16853201078.41000, 129819.87937, 1.08598, -0.22879, -0.00000, 1.22879, 0.70000, 0.30000
2.14766, 0.78579, -4.35121, 4.91558, 0.35075, 2.65769, 21.00000, 481253.00000, 26386.00000, 219433.47619, 24184955802.82087, 155515.13046, 1.08598, -1.46868, -0.52573, 2.99442, 0.76190, 0.23810
1.75244, 0.00000, -4.58794, 4.91123, 0.00000, 2.77673, 16.00000, 476771.00000, 43638.00000, 197721.06250, 16806214894.18359, 129638.78623, 1.14286, -0.61803, -0.00000, 1.61803, 0.93750, 0.06250
4.45876, 0.43315, 2.05481, 4.92853, 0.09684, 1.14074, 18.00000, 488961.00000, 94932.00000, 302091.55556, 14991635814.35802, 122440.33573, 0.90081, 0.64502, 0.07065, 0.28433, 1.00000, 0.00000
4.85499, 0.43811, 0.72621, 4.92852, 0.09000, 1.42291, 25.00000, 452510.00000, 38257.00000, 175345.20000, 17593115624.80000, 132639.04261, 0.91102, 0.80685, 0.08077, 0.11238, 1.00000, 0.00000
4.37124, 1.70460, 1.50894, 4.92852, 0.37182, 1.25963, 18.00000, 484389.00000, 102855.00000, 229183.22222, 13870348993.39506, 117772.44582, 0.91102, 0.57970, 0.22901, 0.19128, 0.94444, 0.05556
4.62611, 0.87126, 1.44936, 4.92550, 0.18616, 1.27212, 20.00000, 484561.00000, 57292.00000, 218380.65000, 14925784608.12750, 122171.12837, 0.94766, 0.66353, 0.11910, 0.21738, 1.00000, 0.00000
4.85499, 0.43811, -0.72621, 4.92852, 0.09000, 1.71868, 37.00000, 497741.00000, 33060.00000, 153439.54054, 12921916390.24836, 113674.60750, 0.91102, 1.04077, 0.10419, -0.14496, 1.00000, 0.00000
4.45876, 0.43315, -2.05481, 4.92853, 0.09684, 2.00085, 66.00000, 364930.00000, 18895.00000, 127250.89394, 7941393239.82208, 89114.49512, 0.90081, 1.49537, 0.16379, -0.65917, 1.00000, 0.00000
4.37124, 1.70460, -1.50894, 4.92852, 0.37182, 1.88196, 42.00000, 473649.00000, 24656.00000, 158739.57143, 12973321330.67347, 113900.48872, 0.91102, 0.93889, 0.37091, -0.30980, 0.97619, 0.02381
4.62611, 0.87126, -1.44936, 4.92550, 0.18616, 1.86947, 46.00000, 441700.00000, 31846.00000, 147837.69565, 10595927974.77694, 102936.52401, 0.94766, 1.17386, 0.21070, -0.38457, 0.95652, 0.04348
3.92241, 2.87963, 0.78273, 4.92852, 0.63328, 1.41130, 13.00000, 400658.00000, 55801.00000, 258916.38462, 13784031790.23668, 117405.41636, 0.91102, 0.52439, 0.37383, 0.10178, 0.84615, 0.15385
3.92241, 2.87963, -0.78273, 4.92852, 0.63328, 1.73029, 30.00000, 424544.00000, 62727.00000, 203809.06667, 11986714720.72889, 109483.85598, 0.91102, 0.65841, 0.46938, -0.12779, 0.93333, 0.06667
3.18882, 3.75791, 0.00000, 4.92853, 0.86714, 1.57080, 9.00000, 417604.00000, 128402.00000, 261418.88889, 10259352243.20988, 101288.46056, 0.90081, 0.46930, 0.53070, 0.00000, 0.88889, 0.11111
3.73035, 3.21637, 0.00000, 4.92550, 0.71154, 1.57080, 14.00000, 463510.00000, 46934.00000, 244132.28571, 26170996416.06123, 161774.52338, 0.94766, 0.52918, 0.47082, 0.00000, 0.78571, 0.21429
4.83686, 0.87622, 0.00000, 4.91558, 0.17921, 1.57080, 19.00000, 494809.00000, 40458.00000, 189423.36842, 13750031310.12743, 117260.52750, 1.08598, 0.84303, 0.15697, 0.00000, 1.00000, 0.00000
4.35121, 2.14766, -0.78579, 4.91558, 0.45850, 1.73134, 26.00000, 476392.00000, 36700.00000, 174889.19231, 14573680063.46302, 120721.49793, 1.08598, 0.76051, 0.37301, -0.13352, 1.00000, 0.00000
4.35121, 2.14766, 0.78579, 4.91558, 0.45850, 1.41025, 18.00000, 499489.00000, 67664.00000, 257362.83333, 19748971923.47223, 140531.03545, 1.08598, 0.60022, 0.29439, 0.10538, 1.00000, 0.00000
4.58794, 1.75244, 0.00000, 4.91123, 0.36486, 1.57080, 29.00000, 387197.00000, 54581.00000, 177562.96552, 9119170139.41260, 95494.34611, 1.14286, 0.72361, 0.27639, -0.00000, 1.00000, 0.00000
