-2.75567, 4.02561, 0.70086, 4.92853, 2.17107, 1.42811, 5.00000, 200452.00000, 78582.00000, 157357.60000, 1889051141.84000, 43463.21596, 0.90081, -1.37444, 1.98030, 0.39414, 0.00000, 1.00000
-3.48430, 3.15040, 1.49161, 4.92852, 2.40648, 1.26333, 4.00000, 368352.00000, 208481.00000, 280054.00000, 3885931367.50000, 62337.23901, 0.91102, -2.88604, 2.59457, 1.29147, 0.25000, 0.75000
-2.21782, 3.93313, 1.97536, 4.92852, 2.08423, 1.15840, 3.00000, 275452.00000, 114277.00000, 199348.66667, 4369778938.88889, 66104.30348, 0.91102, -0.60432, 1.05443, 0.54989, 0.00000, 1.00000
-2.85909, 3.75484, 1.40973, 4.92550, 2.22158, 1.28053, 4.00000, 404737.00000, 76943.00000, 263451.75000, 18302643578.68750, 135287.26318, 0.94766, -1.25387, 1.66465, 0.58922, 0.00000, 1.00000
-3.93313, 1.97536, 2.21782, 4.92852, 2.67616, 1.10403, 3.00000, 422791.00000, 290335.00000, 358615.00000, 2932520064.00000, 54152.74752, 0.91102, -10.56672, 5.51065, 6.05607, 0.00000, 1.00000
-4.02561, 0.70086, 2.75567, 4.92853, 2.96922, 0.97747, 3.00000, 420493.00000, 271336.00000, 355481.66667, 3891029797.55556, 62378.11954, 0.90081, 9.35336, -1.86160, -6.49176, 0.00000, 1.00000
-3.15040, 1.49161, 3.48430, 4.92852, 2.69940, 0.78559, 3.00000, 495440.00000, 163025.00000, 323336.66667, 18486143738.88889, 135963.75892, 0.91102, -1.63909, 0.81587, 1.82322, 0.66667, 0.33333
-3.75484, 1.40973, 2.85909, 4.92550, 2.78243, 0.95149, 1.00000, 414946.00000, 414946.00000, 414946.00000, 0.00000, 0.00000, 0.94766, -9.32863, 3.30198, 7.02665, 0.00000, 1.00000
-1.49161, 3.48430, 3.15040, 4.92852, 1.97528, 0.87732, 1.00000, 328860.00000, 328860.00000, 328860.00000, 0.00000, 0.00000, 0.91102, -0.30829, 0.68893, 0.61936, 0.00000, 1.00000
-1.97536, 2.21782, 3.93313, 4.92852, 2.29844, 0.64677, 2.00000, 319205.00000, 219600.00000, 269402.50000, 2480289006.25000, 49802.50000, 0.91102, -0.49591, 0.54500, 0.95092, 0.00000, 1.00000
-0.70086, 2.75567, 4.02561, 4.92853, 1.81985, 0.61496, 3.00000, 442211.00000, 227929.00000, 339000.00000, 7683685720.66667, 87656.63535, 0.90081, -0.13313, 0.46424, 0.66888, 0.00000, 1.00000
-1.40973, 2.85909, 3.75484, 4.92550, 2.02888, 0.70390, 2.00000, 374081.00000, 360225.00000, 367153.00000, 47997184.00000, 6928.00000, 0.94766, -0.25296, 0.53830, 0.71466, 0.50000, 0.50000
-3.47499, 2.68919, 2.20355, 4.91558, 2.48299, 1.10596, 3.00000, 350988.00000, 158091.00000, 254701.00000, 6201594266.00000, 78750.20169, 1.08598, -2.37638, 1.85065, 1.52573, 0.00000, 1.00000
-2.68919, 2.20355, 3.47499, 4.91558, 2.45513, 0.78564, 3.00000, 333314.00000, 206142.00000, 266914.66667, 2711282619.55556, 52069.97810, 1.08598, -0.90211, 0.74373, 1.15838, 0.33333, 0.66667
-2.20355, 3.47499, 2.68919, 4.91558, 2.13592, 0.99193, 3.00000, 297090.00000, 167012.00000, 221835.66667, 3028753750.88889, 55034.11443, 1.08598, -0.56481, 0.87972, 0.68510, 0.33333, 0.66667
-2.83550, 2.83550, 2.83550, 4.91123, 2.35619, 0.95532, 4.00000, 317330.00000, 205547.00000, 246423.00000, 2061936154.50000, 45408.54715, 1.14286, -1.00000, 1.00000, 1.00000, 0.00000, 1.00000
-2.05481, 4.45876, 0.43315, 4.92853, 2.00263, 1.48280, 10.00000, 462475.00000, 98002.00000, 277662.10000, 15388687043.49000, 124051.14689, 0.90081, -0.65917, 1.49537, 0.16379, 0.00000, 1.00000
-1.50894, 4.37124, 1.70460, 4.92852, 1.90319, 1.21764, 8.00000, 497571.00000, 178079.00000, 355065.87500, 12703296859.60938, 112708.90320, 0.91102, -0.30980, 0.93889, 0.37091, 0.12500, 0.87500
-0.72621, 4.85499, 0.43811, 4.92852, 1.71928, 1.48179, 18.00000, 465857.00000, 118935.00000, 271493.27778, 11338337749.42284, 106481.63104, 0.91102, -0.14496, 1.04077, 0.10419, 0.05556, 0.94444
-1.44936, 4.62611, 0.87126, 4.92550, 1.87441, 1.39297, 9.00000, 439062.00000, 112474.00000, 266375.22222, 14003608259.06173, 118336.84236, 0.94766, -0.38457, 1.17386, 0.21070, 0.00000, 1.00000
-0.78273, 3.92241, 2.87963, 4.92852, 1.76776, 0.94680, 3.00000, 484017.00000, 207086.00000, 299480.00000, 17026962684.66667, 130487.40431, 0.91102, -0.12779, 0.65841, 0.46938, 0.33333, 0.66667
0.00000, 3.18882, 3.75791, 4.92853, 1.57080, 0.70366, 1.00000, 249476.00000, 249476.00000, 249476.00000, 0.00000, 0.00000, 0.90081, -0.00000, 0.46930, 0.53070, 0.00000, 1.00000
0.78273, 3.92241, 2.87963, 4.92852, 1.37383, 0.94680, 4.00000, 498501.00000, 115784.00000, 382525.50000, 24198360061.25000, 155558.22081, 0.91102, 0.10178, 0.52439, 0.37383, 0.00000, 1.00000
0.00000, 3.73035, 3.21637, 4.92550, 1.57080, 0.85925, 4.00000, 461080.00000, 194290.00000, 318626.75000, 10810288291.68750, 103972.53624, 0.94766, -0.00000, 0.52918, 0.47082, 0.00000, 1.00000
0.72621, 4.85499, 0.43811, 4.92852, 1.42232, 1.48179, 7.00000, 494910.00000, 70552.00000, 248570.85714, 19681811544.69388, 140291.87982, 0.91102, 0.11238, 0.80685, 0.08077, 0.00000, 1.00000
1.50894, 4.37124, 1.70460, 4.92852, 1.23841, 1.21764, 5.00000, 440372.00000, 105480.00000, 319708.60000, 13745833731.44000, 117242.62762, 0.91102, 0.19128, 0.57970, 0.22901, 0.00000, 1.00000
2.05481, 4.45876, 0.43315, 4.92853, 1.13896, 1.48280, 7.00000, 483124.00000, 132333.00000, 266027.14286, 14983765138.69388, 122408.19065, 0.90081, 0.28433, 0.64502, 0.07065, 0.28571, 0.71429
1.44936, 4.62611, 0.87126, 4.92550, 1.26718, 1.39297, 2.00000, 334117.00000, 289247.00000, 311682.00000, 503329225.00000, 22435.00000, 0.94766, 0.21738, 0.66353, 0.11910, 0.00000, 1.00000
-0.78579, 4.35121, 2.14766, 4.91558, 1.74946, 1.11864, 3.00000, 241877.00000, 91760.00000, 180856.66667, 4149992528.22222, 64420.43564, 1.08598, -0.13352, 0.76051, 0.37301, 0.00000, 1.00000
0.78579, 4.35121, 2.14766, 4.91558, 1.39213, 1.11864, 4.00000, 430598.00000, 248517.00000, 317219.75000, 4651751907.68750, 68203.75289, 1.08598, 0.10538, 0.60022, 0.29439, 0.00000, 1.00000
0.00000, 4.83686, 0.87622, 4.91558, 1.57080, 1.39159, 4.00000, 389282.00000, 87494.00000, 192245.25000, 13868697623.68750, 117765.43476, 1.08598, -0.00000, 0.84303, 0.15697, 0.00000, 1.00000
0.00000, 4.58794, 1.75244, 4.91123, 1.57080, 1.20593, 2.00000, 396329.00000, 337963.00000, 367146.00000, 851647489.00000, 29183.00000, 1.14286, 0.00000, 0.72361, 0.27639, 0.00000, 1.00000
-2.05481, 4.45876, -0.43315, 4.92853, 2.00263, 1.65880, 16.00000, 406789.00000, 86477.00000, 226547.31250, 11883776960.08984, 109012.73760, 0.90081, -0.98030, 2.22389, -0.24359, 0.00000, 1.00000
-0.72621, 4.85499, -0.43811, 4.92852, 1.71928, 1.65981, 15.00000, 443381.00000, 37204.00000, 186797.20000, 12046712870.96000, 109757.51852, 0.91102, -0.18312, 1.31474, -0.13162, 0.00000, 1.00000
-1.50894, 4.37124, -1.70460, 4.92852, 1.90319, 1.92396, 24.00000, 496301.00000, 49339.00000, 187285.04167, 13928772981.37327, 118020.22276, 0.91102, -1.19997, 3.63662, -1.43665, 0.00000, 1.00000
-1.44936, 4.62611, -0.87126, 4.92550, 1.87441, 1.74862, 9.00000, 375025.00000, 88734.00000, 215980.00000, 6976991972.00000, 83528.39022, 0.94766, -0.66465, 2.02881, -0.36416, 0.00000, 1.00000
0.72621, 4.85499, -0.43811, 4.92852, 1.42232, 1.65981, 15.00000, 495261.00000, 78303.00000, 290733.40000, 15103382263.70667, 122895.81874, 0.91102, 0.13403, 0.96230, -0.09634, 0.06667, 0.93333
2.05481, 4.45876, -0.43315, 4.92853, 1.13896, 1.65880, 7.00000, 271107.00000, 84796.00000, 197243.85714, 3953552596.40816, 62877.28204, 0.90081, 0.33112, 0.75116, -0.08228, 0.14286, 0.85714
1.50894, 4.37124, -1.70460, 4.92852, 1.23841, 1.92396, 19.00000, 485653.00000, 49273.00000, 212928.10526, 19267636152.62050, 138807.91099, 0.91102, 0.35294, 1.06961, -0.42255, 0.05263, 0.94737
1.44936, 4.62611, -0.87126, 4.92550, 1.26718, 1.74862, 9.00000, 479760.00000, 90245.00000, 324341.55556, 17181348836.24691, 131077.64430, 0.94766, 0.28534, 0.87099, -0.15634, 0.00000, 1.00000
-0.78273, 3.92241, -2.87963, 4.92852, 1.76776, 2.19479, 33.00000, 406511.00000, 33997.00000, 161353.78788, 13386303537.74289, 115699.19420, 0.91102, -2.08678, 10.75154, -7.66476, 0.03030, 0.96970
0.78273, 3.92241, -2.87963, 4.92852, 1.37383, 2.19479, 41.00000, 466964.00000, 50742.00000, 162355.68293, 9565390916.94825, 97802.81651, 0.91102, 0.40335, 2.07817, -1.48153, 0.00000, 1.00000
0.00000, 3.18882, -3.75791, 4.92853, 1.57080, 2.43793, 32.00000, 482858.00000, 34297.00000, 190884.00000, 13556466675.62500, 116432.24071, 0.90081, -0.00000, -7.64229, 8.64229, 0.00000, 1.00000
0.00000, 3.73035, -3.21637, 4.92550, 1.57080, 2.28234, 30.00000, 347832.00000, 28051.00000, 133728.73333, 5512111692.19556, 74243.59698, 0.94766, 0.00000, 9.06739, -8.06739, 0.03333, 0.96667
0.00000, 4.83686, -0.87622, 4.91558, 1.57080, 1.75001, 16.00000, 497619.00000, 36873.00000, 235029.68750, 20788898272.46484, 144183.55757, 1.08598, 0.00000, 1.22879, -0.22879, 0.00000, 1.00000
0.78579, 4.35121, -2.14766, 4.91558, 1.39213, 2.02296, 20.00000, 492009.00000, 45355.00000, 224986.10000, 17126817921.29000, 130869.46902, 1.08598, 0.25627, 1.45965, -0.71592, 0.00000, 1.00000
-0.78579, 4.35121, -2.14766, 4.91558, 1.74946, 2.02296, 30.00000, 489117.00000, 45023.00000, 148527.96667, 11888599819.76556, 109034.85599, 1.08598, -0.52573, 2.99442, -1.46868, 0.00000, 1.00000
0.00000, 4.58794, -1.75244, 4.91123, 1.57080, 1.93566, 23.00000, 394750.00000, 45624.00000, 171472.21739, 8171508354.08317, 90396.39569, 1.14286, 0.00000, 1.61803, -0.61803, 0.04348, 0.95652
-2.75567, 4.02561, -0.70086, 4.92853, 2.17107, 1.71348, 15.00000, 415553.00000, 64025.00000, 175531.20000, 7849969605.89333, 88600.05421, 0.90081, -6.49176, 9.35336, -1.86160, 0.00000, 1.00000
-2.21782, 3.93313, -1.97536, 4.92852, 2.08423, 1.98319, 34.00000, 482464.00000, 44601.00000, 176074.32353, 11257376677.92474, 106100.78547, 0.91102, 6.05607, -10.56672, 5.51065, 0.00000, 1.00000
-3.48430, 3.15040, -1.49161, 4.92852, 2.40648, 1.87827, 15.00000, 380571.00000, 100754.00000, 208635.00000, 8584288406.80000, 92651.43500, 0.91102, 1.82322, -1.63909, 0.81587, 0.06667, 0.93333
-2.85909, 3.75484, -1.40973, 4.92550, 2.22158, 1.86107, 13.00000, 437945.00000, 31659.00000, 199242.30769, 13798119588.21302, 117465.39741, 0.94766, 7.02665, -9.32863, 3.30198, 0.00000, 1.00000
-1.49161, 3.48430, -3.15040, 4.92852, 1.97528, 2.26428, 52.00000, 484983.00000, 32736.00000, 169568.50000, 12464755977.21154, 111645.67156, 0.91102, 1.29147, -2.88604, 2.59457, 0.00000, 1.00000
-0.70086, 2.75567, -4.02561, 4.92853, 1.81985, 2.52663, 44.00000, 398581.00000, 37971.00000, 187867.04545, 10974960878.31612, 104761.44748, 0.90081, 0.39414, -1.37444, 1.98030, 0.00000, 1.00000
-1.97536, 2.21782, -3.93313, 4.92852, 2.29844, 2.49482, 28.00000, 464348.00000, 23359.00000, 200600.46429, 12462517767.53444, 111635.64739, 0.91102, 0.54989, -0.60432, 1.05443, 0.00000, 1.00000
-1.40973, 2.85909, -3.75484, 4.92550, 2.02888, 2.43770, 39.00000, 493720.00000, 29485.00000, 159767.43590, 16015619981.88692, 126552.83474, 0.94766, 0.58922, -1.25387, 1.66465, 0.02564, 0.97436
-3.93313, 1.97536, -2.21782, 4.92852, 2.67616, 2.03756, 20.00000, 499716.00000, 59930.00000, 210494.25000, 18036296437.08750, 134299.27936, 0.91102, 0.95092, -0.49591, 0.54500, 0.00000, 1.00000
-3.15040, 1.49161, -3.48430, 4.92852, 2.69940, 2.35600, 23.00000, 486180.00000, 77061.00000, 190975.04348, 14053460842.99811, 118547.29370, 0.91102, 0.61936, -0.30829, 0.68893, 0.00000, 1.00000
-4.02561, 0.70086, -2.75567, 4.92853, 2.96922, 2.16413, 14.00000, 308393.00000, 54892.00000, 208934.07143, 9335679046.20918, 96621.31776, 0.90081, 0.66888, -0.13313, 0.46424, 0.07143, 0.92857
-3.75484, 1.40973, -2.85909, 4.92550, 2.78243, 2.19010, 19.00000, 442438.00000, 47824.00000, 191265.63158, 12397035059.60111, 111341.97349, 0.94766, 0.71466, -0.25296, 0.53830, 0.00000, 1.00000
-2.20355, 3.47499, -2.68919, 4.91558, 2.13592, 2.14966, 40.00000, 448082.00000, 40830.00000, 157815.30000, 9934212150.16000, 99670.51796, 1.08598, 1.52573, -2.37638, 1.85065, 0.00000, 1.00000
-2.68919, 2.20355, -3.47499, 4.91558, 2.45513, 2.35595, 24.00000, 459142.00000, 48874.00000, 192270.79167, 15260892308.33160, 123534.98415, 1.08598, 0.68510, -0.56481, 0.87972, 0.04167, 0.95833
-3.47499, 2.68919, -2.20355, 4.91558, 2.48299, 2.03563, 21.00000, 484926.00000, 35022.00000, 244711.95238, 16335296579.85488, 127809.61067, 1.08598, 1.15838, -0.90211, 0.74373, 0.00000, 1.00000
-2.83550, 2.83550, -2.83550, 4.91123, 2.35619, 2.18628, 36.00000, 444158.00000, 35527.00000, 210246.41667, 15967211033.68750, 126361.43017, 1.14286, 1.00000, -1.00000, 1.00000, 0.00000, 1.00000
-3.18882, 3.75791, 0.00000, 4.92853, 2.27446, 1.57080, 9.00000, 396571.00000, 113061.00000, 252822.55556, 8225906198.91358, 90696.78163, 0.90081, -7.64229, 8.64229, 0.00000, 0.00000, 1.00000
-3.92241, 2.87963, -0.78273, 4.92852, 2.50831, 1.73029, 12.00000, 492682.00000, 51297.00000, 266150.41667, 21218778000.90972, 145666.66743, 0.91102, 2.07817, -1.48153, 0.40335, 0.00000, 1.00000
-3.92241, 2.87963, 0.78273, 4.92852, 2.50831, 1.41130, 4.00000, 447309.00000, 110506.00000, 277966.50000, 16682385773.25000, 129160.31036, 0.91102, 10.75154, -7.66476, -2.08678, 0.00000, 1.00000
-3.73035, 3.21637, 0.00000, 4.92550, 2.43005, 1.57080, 13.00000, 412437.00000, 50130.00000, 229131.46154, 9189463691.17160, 95861.69043, 0.94766, 9.06739, -8.06739, -0.00000, 0.00000, 1.00000
-4.37124, 1.70460, -1.50894, 4.92852, 2.76977, 1.88196, 5.00000, 440332.00000, 118153.00000, 253523.40000, 16702212965.84000, 129237.04177, 0.91102, 1.06961, -0.42255, 0.35294, 0.00000, 1.00000
-4.45876, 0.43315, -2.05481, 4.92853, 3.04475, 2.00085, 6.00000, 473795.00000, 195813.00000, 305991.66667, 10471882300.88889, 102332.21536, 0.90081, 0.75116, -0.08228, 0.33112, 0.16667, 0.83333
-4.85499, 0.43811, -0.72621, 4.92852, 3.05160, 1.71868, 8.00000, 476192.00000, 178010.00000, 289751.00000, 8757455428.00000, 93581.27712, 0.91102, 0.96230, -0.09634, 0.13403, 0.12500, 0.87500
-4.62611, 0.87126, -1.44936, 4.92550, 2.95544, 1.86947, 8.00000, 431673.00000, 192679.00000, 292054.62500, 5712712442.73438, 75582.48767, 0.94766, 0.87099, -0.15634, 0.28534, 0.25000, 0.75000
-4.37124, 1.70460, 1.50894, 4.92852, 2.76977, 1.25963, 3.00000, 354030.00000, 318512.00000, 335071.00000, 213134720.66667, 14599.13424, 0.91102, 3.63662, -1.43665, -1.19997, 0.33333, 0.66667
-4.85499, 0.43811, 0.72621, 4.92852, 3.05160, 1.42291, 5.00000, 471904.00000, 183646.00000, 342222.40000, 10319621203.44000, 101585.53639, 0.91102, 1.31474, -0.13162, -0.18312, 0.20000, 0.80000
-4.45876, 0.43315, 2.05481, 4.92853, 3.04475, 1.14074, 3.00000, 372826.00000, 259317.00000, 332713.33333, 2701283413.55556, 51973.87241, 0.90081, 2.22389, -0.24359, -0.98030, 0.66667, 0.33333
-4.62611, 0.87126, 1.44936, 4.92550, 2.95544, 1.27212, 1.00000, 248258.00000, 248258.00000, 248258.00000, 0.00000, 0.00000, 0.94766, 2.02881, -0.36416, -0.66465, 0.00000, 1.00000
-4.35121, 2.14766, -0.78579, 4.91558, 2.68310, 1.73134, 6.00000, 488127.00000, 171798.00000, 300199.50000, 11732313357.58333, 108315.80382, 1.08598, 1.45965, -0.71592, 0.25627, 0.00000, 1.00000
-4.83686, 0.87622, 0.00000, 4.91558, 2.96238, 1.57080, 3.00000, 399632.00000, 325151.00000, 352354.33333, 1126059322.88889, 33556.80740, 1.08598, 1.22879, -0.22879, -0.00000, 0.33333, 0.66667
-4.35121, 2.14766, 0.78579, 4.91558, 2.68310, 1.41025, 5.00000, 374321.00000, 82454.00000, 218826.60000, 12448598057.04000, 111573.28559, 1.08598, 2.99442, -1.46868, -0.52573, 0.00000, 1.00000
-4.58794, 1.75244, 0.00000, 4.91123, 2.77673, 1.57080, 5.00000, 478073.00000, 183446.00000, 267658.20000, 11547319548.56000, 107458.45499, 1.14286, 1.61803, -0.61803, -0.00000, 0.00000, 1.00000
2.75567, 4.02561, 0.70086, 4.92853, 0.97053, 1.42811, 7.00000, 477893.00000, 200639.00000, 378322.00000, 8608505811.71428, 92782.03388, 0.90081, 0.36663, 0.52824, 0.10514, 0.28571, 0.71429
2.21782, 3.93313, 1.97536, 4.92852, 1.05736, 1.15840, 1.00000, 263503.00000, 263503.00000, 263503.00000, 0.00000, 0.00000, 0.91102, 0.27362, 0.47741, 0.24897, 0.00000, 1.00000
3.48430, 3.15040, 1.49161, 4.92852, 0.73511, 1.26333, 5.00000, 459512.00000, 213910.00000, 309939.00000, 7306210868.00000, 85476.37608, 0.91102, 0.42617, 0.38313, 0.19070, 0.40000, 0.60000
2.85909, 3.75484, 1.40973, 4.92550, 0.92001, 1.28053, 4.00000, 487923.00000, 232187.00000, 354018.00000, 10983108233.00000, 104800.32554, 0.94766, 0.35746, 0.47456, 0.16798, 0.25000, 0.75000
1.49161, 3.48430, 3.15040, 4.92852, 1.16631, 0.87732, 4.00000, 480407.00000, 123829.00000, 340644.50000, 17386225123.25000, 131856.83571, 0.91102, 0.19070, 0.42617, 0.38313, 0.25000, 0.75000
0.70086, 2.75567, 4.02561, 4.92853, 1.32174, 0.61496, 2.00000, 290457.00000, 258351.00000, 274404.00000, 257698809.00000, 16053.00000, 0.90081, 0.10514, 0.36663, 0.52824, 1.00000, 0.00000
1.97536, 2.21782, 3.93313, 4.92852, 0.84316, 0.64677, 5.00000, 407342.00000, 141155.00000, 247397.20000, 7752688438.96000, 88049.35229, 0.91102, 0.24897, 0.27362, 0.47741, 1.00000, 0.00000
1.40973, 2.85909, 3.75484, 4.92550, 1.11271, 0.70390, 1.00000, 265864.00000, 265864.00000, 265864.00000, 0.00000, 0.00000, 0.94766, 0.16798, 0.35746, 0.47456, 1.00000, 0.00000
3.93313, 1.97536, 2.21782, 4.92852, 0.46544, 1.10403, 3.00000, 457206.00000, 156165.00000, 347093.33333, 18369866602.88889, 135535.48097, 0.91102, 0.47741, 0.24897, 0.27362, 1.00000, 0.00000
3.15040, 1.49161, 3.48430, 4.92852, 0.44220, 0.78559, 5.00000, 474601.00000, 97581.00000, 306122.40000, 20641481033.44000, 143671.43430, 0.91102, 0.38313, 0.19070, 0.42617, 0.60000, 0.40000
4.02561, 0.70086, 2.75567, 4.92853, 0.17237, 0.97747, 14.00000, 447481.00000, 75386.00000, 202506.00000, 14963241474.28572, 122324.32904, 0.90081, 0.52824, 0.10514, 0.36663, 0.92857, 0.07143
3.75484, 1.40973, 2.85909, 4.92550, 0.35916, 0.95149, 4.00000, 373442.00000, 102260.00000, 247110.50000, 9445752798.75000, 97189.26278, 0.94766, 0.47456, 0.16798, 0.35746, 1.00000, 0.00000
2.20355, 3.47499, 2.68919, 4.91558, 1.00567, 0.99193, 4.00000, 448384.00000, 160829.00000, 313826.00000, 16071732519.50000, 126774.33699, 1.08598, 0.26522, 0.41309, 0.32170, 0.75000, 0.25000
2.68919, 2.20355, 3.47499, 4.91558, 0.68646, 0.78564, 3.00000, 372807.00000, 173652.00000, 244360.00000, 8277348398.00000, 90979.93404, 1.08598, 0.32170, 0.26522, 0.41309, 1.00000, 0.00000
3.47499, 2.68919, 2.20355, 4.91558, 0.65860, 1.10596, 3.00000, 285902.00000, 93301.00000, 202723.00000, 6526871724.66667, 80789.05696, 1.08598, 0.41309, 0.32170, 0.26522, 1.00000, 0.00000
2.83550, 2.83550, 2.83550, 4.91123, 0.78540, 0.95532, 1.00000, 107712.00000, 107712.00000, 107712.00000, 0.00000, 0.00000, 1.14286, 0.33333, 0.33333, 0.33333, 1.00000, 0.00000
-0.43315, 2.05481, 4.45876, 4.92853, 1.77855, 0.44016, 3.00000, 487408.00000, 164078.00000, 344205.66667, 18105454937.55556, 134556.51206, 0.90081, -0.08228, 0.33112, 0.75116, 0.66667, 0.33333
-1.70460, 1.50894, 4.37124, 4.92852, 2.41700, 0.48015, 1.00000, 194413.00000, 194413.00000, 194413.00000, 0.00000, 0.00000, 0.91102, -0.42255, 0.35294, 1.06961, 1.00000, 0.00000
-0.43811, 0.72621, 4.85499, 4.92852, 2.11363, 0.17295, 3.00000, 434728.00000, 274837.00000, 358587.33333, 4289808826.88889, 65496.63218, 0.91102, -0.09634, 0.13403, 0.96230, 0.66667, 0.33333
-0.87126, 1.44936, 4.62611, 4.92550, 2.11205, 0.35046, 4.00000, 435630.00000, 255349.00000, 359557.75000, 4294067640.68750, 65529.13582, 0.94766, -0.15634, 0.28534, 0.87099, 0.50000, 0.50000
-2.87963, 0.78273, 3.92241, 4.92852, 2.87619, 0.65037, 0.00000, 0.00000, 0.00000, 0.00000, 0.00000, 0.00000, 0.91102, -1.48153, 0.40335, 2.07817, 0.00000, 0.00000
-3.75791, 0.00000, 3.18882, 4.92853, 3.14159, 0.86714, 4.00000, 486321.00000, 87975.00000, 322255.75000, 22173100850.68750, 148906.34926, 0.90081, 8.64229, -0.00000, -7.64229, 0.50000, 0.50000
-2.87963, -0.78273, 3.92241, 4.92852, -2.87619, 0.65037, 4.00000, 486025.00000, 128745.00000, 321163.75000, 26340827779.68750, 162298.57602, 0.91102, -7.66476, -2.08678, 10.75154, 1.00000, 0.00000
-3.21637, 0.00000, 3.73035, 4.92550, 3.14159, 0.71154, 3.00000, 418815.00000, 312828.00000, 361373.66667, 1911773804.22222, 43723.83565, 0.94766, -8.06739, 0.00000, 9.06739, 0.33333, 0.66667
-0.43811, -0.72621, 4.85499, 4.92852, -2.11363, 0.17295, 4.00000, 416002.00000, 210833.00000, 317705.50000, 7089278240.25000, 84197.85176, 0.91102, -0.13162, -0.18312, 1.31474, 0.75000, 0.25000
-1.70460, -1.50894, 4.37124, 4.92852, -2.41700, 0.48015, 6.00000, 479039.00000, 236839.00000, 360010.83333, 11702622857.13889, 108178.66175, 0.91102, -1.43665, -1.19997, 3.63662, 1.00000, 0.00000
-0.43315, -2.05481, 4.45876, 4.92853, -1.77855, 0.44016, 8.00000, 380993.00000, 85703.00000, 176791.00000, 13571193434.75000, 116495.46530, 0.90081, -0.24359, -0.98030, 2.22389, 1.00000, 0.00000
-0.87126, -1.44936, 4.62611, 4.92550, -2.11205, 0.35046, 4.00000, 367148.00000, 109965.00000, 239684.25000, 9518058998.18750, 97560.54017, 0.94766, -0.36416, -0.66465, 2.02881, 1.00000, 0.00000
-2.14766, 0.78579, 4.35121, 4.91558, 2.79084, 0.48390, 0.00000, 0.00000, 0.00000, 0.00000, 0.00000, 0.00000, 1.08598, -0.71592, 0.25627, 1.45965, 0.00000, 0.00000
-2.14766, -0.78579, 4.35121, 4.91558, -2.79084, 0.48390, 1.00000, 298489.00000, 298489.00000, 298489.00000, 0.00000, 0.00000, 1.08598, -1.46868, -0.52573, 2.99442, 1.00000, 0.00000
-0.87622, 0.00000, 4.83686, 4.91558, 3.14159, 0.17921, 2.00000, 258219.00000, 206763.00000, 232491.00000, 661929984.00000, 25728.00000, 1.08598, -0.22879, 0.00000, 1.22879, 1.00000, 0.00000
-1.75244, 0.00000, 4.58794, 4.91123, 3.14159, 0.36486, 1.00000, 338419.00000, 338419.00000, 338419.00000, 0.00000, 0.00000, 1.14286, -0.61803, 0.00000, 1.61803, 0.00000, 1.00000
-4.45876, -0.43315, 2.05481, 4.92853, -3.04475, 1.14074, 1.00000, 412360.00000, 412360.00000, 412360.00000, 0.00000, 0.00000, 0.90081, 1.49537, 0.16379, -0.65917, 1.00000, 0.00000
-4.85499, -0.43811, 0.72621, 4.92852, -3.05160, 1.42291, 3.00000, 418610.00000, 230530.00000, 344461.66667, 6687037872.22222, 81774.31059, 0.91102, 1.04077, 0.10419, -0.14496, 0.00000, 1.00000
-4.37124, -1.70460, 1.50894, 4.92852, -2.76977, 1.25963, 3.00000, 365505.00000, 152758.00000, 237928.66667, 8442667950.88889, 91883.99181, 0.91102, 0.93889, 0.37091, -0.30980, 0.66667, 0.33333
-4.62611, -0.87126, 1.44936, 4.92550, -2.95544, 1.27212, 3.00000, 447503.00000, 169397.00000, 283604.66667, 14125072382.88889, 118848.94776, 0.94766, 1.17386, 0.21070, -0.38457, 0.33333, 0.66667
-4.85499, -0.43811, -0.72621, 4.92852, -3.05160, 1.71868, 5.00000, 483330.00000, 182443.00000, 384342.60000, 10919254938.64000, 104495.23883, 0.91102, 0.80685, 0.08077, 0.11238, 0.20000, 0.80000
-4.45876, -0.43315, -2.05481, 4.92853, -3.04475, 2.00085, 7.00000, 461831.00000, 152557.00000, 315890.00000, 10205131205.14286, 101020.44944, 0.90081, 0.64502, 0.07065, 0.28433, 0.14286, 0.85714
-4.37124, -1.70460, -1.50894, 4.92852, -2.76977, 1.88196, 1.00000, 224974.00000, 224974.00000, 224974.00000, 0.00000, 0.00000, 0.91102, 0.57970, 0.22901, 0.19128, 0.00000, 1.00000
-4.62611, -0.87126, -1.44936, 4.92550, -2.95544, 1.86947, 5.00000, 423759.00000, 155409.00000, 247575.80000, 9380010324.56000, 96850.45340, 0.94766, 0.66353, 0.11910, 0.21738, 0.20000, 0.80000
-3.92241, -2.87963, 0.78273, 4.92852, -2.50831, 1.41130, 3.00000, 237794.00000, 221769.00000, 232248.33333, 54970637.55556, 7414.21861, 0.91102, 0.65841, 0.46938, -0.12779, 1.00000, 0.00000
-3.92241, -2.87963, -0.78273, 4.92852, -2.50831, 1.73029, 2.00000, 197299.00000, 167458.00000, 182378.50000, 222621320.25000, 14920.50000, 0.91102, 0.52439, 0.37383, 0.10178, 1.00000, 0.00000
-3.18882, -3.75791, 0.00000, 4.92853, -2.27446, 1.57080, 9.00000, 497141.00000, 35395.00000, 295010.00000, 20177360854.66667, 142047.03747, 0.90081, 0.46930, 0.53070, 0.00000, 1.00000, 0.00000
-3.73035, -3.21637, 0.00000, 4.92550, -2.43005, 1.57080, 3.00000, 411194.00000, 178700.00000, 292229.33333, 9023681430.22222, 94993.05991, 0.94766, 0.52918, 0.47082, -0.00000, 0.66667, 0.33333
-4.83686, -0.87622, 0.00000, 4.91558, -2.96238, 1.57080, 1.00000, 347231.00000, 347231.00000, 347231.00000, 0.00000, 0.00000, 1.08598, 0.84303, 0.15697, -0.00000, 1.00000, 0.00000
-4.35121, -2.14766, -0.78579, 4.91558, -2.68310, 1.73134, 1.00000, 338805.00000, 338805.00000, 338805.00000, 0.00000, 0.00000, 1.08598, 0.60022, 0.29439, 0.10538, 0.00000, 1.00000
-4.35121, -2.14766, 0.78579, 4.91558, -2.68310, 1.41025, 4.00000, 395530.00000, 210758.00000, 304504.00000, 6906340918.50000, 83104.39771, 1.08598, 0.76051, 0.37301, -0.13352, 0.75000, 0.25000
-4.58794, -1.75244, 0.00000, 4.91123, -2.77673, 1.57080, 2.00000, 333604.00000, 111974.00000, 222789.00000, 12279964225.00000, 110815.00000, 1.14286, 0.72361, 0.27639, -0.00000, 0.00000, 1.00000
-3.75791, 0.00000, -3.18882, 4.92853, 3.14159, 2.27446, 9.00000, 482068.00000, 138849.00000, 264615.55556, 10499546344.24691, 102467.29402, 0.90081, 0.53070, -0.00000, 0.46930, 0.00000, 1.00000
-2.87963, 0.78273, -3.92241, 4.92852, 2.87619, 2.49122, 14.00000, 493108.00000, 86668.00000, 232430.71429, 12438327474.20408, 111527.24992, 0.91102, 0.46938, -0.12779, 0.65841, 0.07143, 0.92857
-2.87963, -0.78273, -3.92241, 4.92852, -2.87619, 2.49122, 11.00000, 360367.00000, 73137.00000, 196231.90909, 6524621925.53719, 80775.13185, 0.91102, 0.37383, 0.10178, 0.52439, 0.00000, 1.00000
-3.21637, 0.00000, -3.73035, 4.92550, 3.14159, 2.43005, 19.00000, 434024.00000, 48820.00000, 230800.15789, 15192571198.13296, 123258.14861, 0.94766, 0.47082, 0.00000, 0.52918, 0.00000, 1.00000
-1.70460, 1.50894, -4.37124, 4.92852, 2.41700, 2.66145, 34.00000, 493943.00000, 27056.00000, 186655.00000, 16412179846.64706, 128110.03023, 0.91102, 0.37091, -0.30980, 0.93889, 0.00000, 1.00000
-0.43315, 2.05481, -4.45876, 4.92853, 1.77855, 2.70143, 34.00000, 486924.00000, 35922.00000, 171205.14706, 17390495277.94896, 131873.02711, 0.90081, 0.16379, -0.65917, 1.49537, 0.05882, 0.94118
-0.43811, 0.72621, -4.85499, 4.92852, 2.11363, 2.96865, 29.00000, 458892.00000, 41079.00000, 196272.93103, 13593694571.71938, 116592.00046, 0.91102, 0.10419, -0.14496, 1.04077, 0.10345, 0.89655
-0.87126, 1.44936, -4.62611, 4.92550, 2.11205, 2.79113, 21.00000, 418856.00000, 70879.00000, 206896.61905, 11638365123.75964, 107881.25474, 0.94766, 0.21070, -0.38457, 1.17386, 0.00000, 1.00000
-1.70460, -1.50894, -4.37124, 4.92852, -2.41700, 2.66145, 15.00000, 472214.00000, 71154.00000, 270123.73333, 17320330915.12889, 131606.72823, 0.91102, 0.22901, 0.19128, 0.57970, 0.33333, 0.66667
-0.43811, -0.72621, -4.85499, 4.92852, -2.11363, 2.96865, 11.00000, 448239.00000, 52387.00000, 240610.09091, 18850945703.17356, 137298.74618, 0.91102, 0.08077, 0.11238, 0.80685, 0.27273, 0.72727
-0.43315, -2.05481, -4.45876, 4.92853, -1.77855, 2.70143, 8.00000, 476574.00000, 137447.00000, 313954.50000, 11126874198.25000, 105483.99973, 0.90081, 0.07065, 0.28433, 0.64502, 0.25000, 0.75000
-0.87126, -1.44936, -4.62611, 4.92550, -2.11205, 2.79113, 10.00000, 460113.00000, 101110.00000, 221009.60000, 16862711591.04000, 129856.50385, 0.94766, 0.11910, 0.21738, 0.66353, 0.20000, 0.80000
-2.14766, 0.78579, -4.35121, 4.91558, 2.79084, 2.65769, 26.00000, 497385.00000, 88470.00000, 243128.80769, 17702937520.84763, 133052.38638, 1.08598, 0.37301, -0.13352, 0.76051, 0.00000, 1.00000
-0.87622, 0.00000, -4.83686, 4.91558, 3.14159, 2.96238, 7.00000, 393769.00000, 23538.00000, 109292.28571, 13769314992.48980, 117342.72450, 1.08598, 0.15697, 0.00000, 0.84303, 0.14286, 0.85714
-2.14766, -0.78579, -4.35121, 4.91558, -2.79084, 2.65769, 14.00000, 462991.00000, 102542.00000, 262092.07143, 12456452235.06632, 111608.47743, 1.08598, 0.29439, 0.10538, 0.60022, 0.00000, 1.00000
-1.75244, 0.00000, -4.58794, 4.91123, 3.14159, 2.77673, 12.00000, 371756.00000, 43219.00000, 215804.00000, 10464019861.66667, 102293.79190, 1.14286, 0.27639, 0.00000, 0.72361, 0.00000, 1.00000
0.70086, 2.75567, -4.02561, 4.92853, 1.32174, 2.52663, 25.00000, 482200.00000, 21279.00000, 194467.28000, 15988967862.12160, 126447.49053, 0.90081, -1.86160, -6.49176, 9.35336, 0.04000, 0.96000
1.49161, 3.48430, -3.15040, 4.92852, 1.16631, 2.26428, 22.00000, 314562.00000, 61482.00000, 158981.36364, 6931896262.23141, 83258.01020, 0.91102, 0.81587, 1.82322, -1.63909, 0.09091, 0.90909
1.97536, 2.21782, -3.93313, 4.92852, 0.84316, 2.49482, 20.00000, 492114.00000, 55802.00000, 233328.85000, 16710094291.82750, 129267.52992, 0.91102, 5.51065, 6.05607, -10.56672, 0.20000, 0.80000
1.40973, 2.85909, -3.75484, 4.92550, 1.11271, 2.43770, 19.00000, 488783.00000, 62930.00000, 190993.52632, 14663810492.24931, 121094.22155, 0.94766, 3.30198, 7.02665, -9.32863, 0.00000, 1.00000
2.21782, 3.93313, -1.97536, 4.92852, 1.05736, 1.98319, 13.00000, 485990.00000, 43382.00000, 224676.46154, 15229478840.40237, 123407.77464, 0.91102, 0.54500, 0.95092, -0.49591, 0.07692, 0.92308
2.75567, 4.02561, -0.70086, 4.92853, 0.97053, 1.71348, 5.00000, 492372.00000, 145361.00000, 338006.40000, 16880438853.84000, 129924.74304, 0.90081, 0.46424, 0.66888, -0.13313, 0.20000, 0.80000
3.48430, 3.15040, -1.49161, 4.92852, 0.73511, 1.87827, 9.00000, 368436.00000, 115287.00000, 232406.11111, 6182116058.09877, 78626.43358, 0.91102, 0.68893, 0.61936, -0.30829, 0.11111, 0.88889
2.85909, 3.75484, -1.40973, 4.92550, 0.92001, 1.86107, 9.00000, 436680.00000, 121688.00000, 248050.11111, 12365771666.98765, 111201.49130, 0.94766, 0.53830, 0.71466, -0.25296, 0.00000, 1.00000
3.15040, 1.49161, -3.48430, 4.92852, 0.44220, 2.35600, 15.00000, 454703.00000, 131817.00000, 316449.26667, 9992757542.59555, 99963.78115, 0.91102, 2.59457, 1.29147, -2.88604, 0.13333, 0.86667
3.93313, 1.97536, -2.21782, 4.92852, 0.46544, 2.03756, 10.00000, 436343.00000, 111324.00000, 277619.80000, 8127134199.76000, 90150.61952, 0.91102, 1.05443, 0.54989, -0.60432, 0.50000, 0.50000
4.02561, 0.70086, -2.75567, 4.92853, 0.17237, 2.16413, 12.00000, 486099.00000, 75730.00000, 262996.41667, 14229807557.07639, 119288.75704, 0.90081, 1.98030, 0.39414, -1.37444, 0.58333, 0.41667
3.75484, 1.40973, -2.85909, 4.92550, 0.35916, 2.19010, 8.00000, 406216.00000, 121767.00000, 282583.87500, 11980963593.10938, 109457.58810, 0.94766, 1.66465, 0.58922, -1.25387, 0.37500, 0.62500
2.20355, 3.47499, -2.68919, 4.91558, 1.00567, 2.14966, 20.00000, 486080.00000, 71360.00000, 269693.95000, 13714616102.34750, 117109.41936, 1.08598, 0.74373, 1.15838, -0.90211, 0.05000, 0.95000
3.47499, 2.68919, -2.20355, 4.91558, 0.65860, 2.03563, 9.00000, 406287.00000, 58959.00000, 267080.77778, 13081619098.61728, 114374.90590, 1.08598, 0.87972, 0.68510, -0.56481, 0.44444, 0.55556
2.68919, 2.20355, -3.47499, 4.91558, 0.68646, 2.35595, 10.00000, 472394.00000, 122558.00000, 256290.20000, 17995727607.56000, 134148.15544, 1.08598, 1.85065, 1.52573, -2.37638, 0.00000, 1.00000
2.83550, 2.83550, -2.83550, 4.91123, 0.78540, 2.18628, 11.00000, 370779.00000, 86519.00000, 254384.90909, 8950135142.26446, 94605.15389, 1.14286, 1.00000, 1.00000, -1.00000, 0.09091, 0.90909
2.75567, -4.02561, 0.70086, 4.92853, -0.97053, 1.42811, 174.00000, 369182.00000, 6467.00000, 62607.02299, 5697905206.55120, 75484.46997, 0.90081, -6.49176, 9.35336, -1.86160, 1.00000, 0.00000
3.48430, -3.15040, 1.49161, 4.92852, -0.73511, 1.26333, 151.00000, 486909.00000, 5797.00000, 75387.49007, 8236865660.36911, 90757.17966, 0.91102, 1.82322, -1.63909, 0.81587, 1.00000, 0.00000
2.21782, -3.93313, 1.97536, 4.92852, -1.05736, 1.15840, 136.00000, 411347.00000, 9830.00000, 68506.61029, 5969492107.16430, 77262.48836, 0.91102, 6.05607, -10.56672, 5.51065, 1.00000, 0.00000
2.85909, -3.75484, 1.40973, 4.92550, -0.92001, 1.28053, 139.00000, 496284.00000, 5701.00000, 77445.07194, 9253981013.70705, 96197.61439, 0.94766, 7.02665, -9.32863, 3.30198, 1.00000, 0.00000
3.93313, -1.97536, 2.21782, 4.92852, -0.46544, 1.10403, 64.00000, 494287.00000, 9520.00000, 113808.82812, 10958712806.98608, 104683.87081, 0.91102, 0.95092, -0.49591, 0.54500, 1.00000, 0.00000
4.02561, -0.70086, 2.75567, 4.92853, -0.17237, 0.97747, 28.00000, 499961.00000, 34566.00000, 187057.10714, 22263305256.16708, 149208.93156, 0.90081, 0.66888, -0.13313, 0.46424, 0.96429, 0.03571
3.15040, -1.49161, 3.48430, 4.92852, -0.44220, 0.78559, 22.00000, 436790.00000, 24227.00000, 116284.36364, 8946232201.41322, 94584.52411, 0.91102, 0.61936, -0.30829, 0.68893, 1.00000, 0.00000
3.75484, -1.40973, 2.85909, 4.92550, -0.35916, 0.95149, 32.00000, 463520.00000, 22113.00000, 159529.12500, 14817002740.73438, 121725.11138, 0.94766, 0.71466, -0.25296, 0.53830, 1.00000, 0.00000
1.49161, -3.48430, 3.15040, 4.92852, -1.16631, 0.87732, 51.00000, 499060.00000, 14701.00000, 128072.13725, 15239975488.78508, 123450.29562, 0.91102, 1.29147, -2.88604, 2.59457, 1.00000, 0.00000
1.97536, -2.21782, 3.93313, 4.92852, -0.84316, 0.64677, 35.00000, 354594.00000, 21458.00000, 122200.97143, 7188894709.11347, 84787.34994, 0.91102, 0.54989, -0.60432, 1.05443, 1.00000, 0.00000
0.70086, -2.75567, 4.02561, 4.92853, -1.32174, 0.61496, 15.00000, 414902.00000, 37594.00000, 142154.26667, 9909397158.19556, 99545.95501, 0.90081, 0.39414, -1.37444, 1.98030, 1.00000, 0.00000
1.40973, -2.85909, 3.75484, 4.92550, -1.11271, 0.70390, 33.00000, 436967.00000, 28741.00000, 109565.39394, 8697538011.87511, 93260.59196, 0.94766, 0.58922, -1.25387, 1.66465, 1.00000, 0.00000
3.47499, -2.68919, 2.20355, 4.91558, -0.65860, 1.10596, 74.00000, 496522.00000, 11661.00000, 95803.91892, 9682466873.15558, 98399.52679, 1.08598, 1.15838, -0.90211, 0.74373, 1.00000, 0.00000
2.68919, -2.20355, 3.47499, 4.91558, -0.68646, 0.78564, 27.00000, 481516.00000, 13590.00000, 166215.03704, 17748216275.29493, 133222.43158, 1.08598, 0.68510, -0.56481, 0.87972, 1.00000, 0.00000
2.20355, -3.47499, 2.68919, 4.91558, -1.00567, 0.99193, 68.00000, 452001.00000, 10544.00000, 114672.92647, 11412207010.83283, 106827.93179, 1.08598, 1.52573, -2.37638, 1.85065, 1.00000, 0.00000
2.83550, -2.83550, 2.83550, 4.91123, -0.78540, 0.95532, 58.00000, 485197.00000, 11772.00000, 96315.06897, 9618655376.96076, 98074.74383, 1.14286, 1.00000, -1.00000, 1.00000, 1.00000, 0.00000
2.05481, -4.45876, 0.43315, 4.92853, -1.13896, 1.48280, 140.00000, 494769.00000, 5374.00000, 66517.00714, 5683418630.84995, 75388.45157, 0.90081, -0.98030, 2.22389, -0.24359, 1.00000, 0.00000
1.50894, -4.37124, 1.70460, 4.92852, -1.23841, 1.21764, 109.00000, 481117.00000, 7740.00000, 80845.75229, 7811115976.14965, 88380.51808, 0.91102, -1.19997, 3.63662, -1.43665, 1.00000, 0.00000
0.72621, -4.85499, 0.43811, 4.92852, -1.42232, 1.48179, 73.00000, 393227.00000, 13355.00000, 81571.87671, 5176200060.95740, 71945.81337, 0.91102, -0.18312, 1.31474, -0.13162, 1.00000, 0.00000
1.44936, -4.62611, 0.87126, 4.92550, -1.26718, 1.39297, 80.00000, 353079.00000, 3797.00000, 68982.90000, 4067171896.54000, 63774.38276, 0.94766, -0.66465, 2.02881, -0.36416, 1.00000, 0.00000
0.78273, -3.92241, 2.87963, 4.92852, -1.37383, 0.94680, 42.00000, 499325.00000, 16250.00000, 126920.04762, 12503447331.14059, 111818.81475, 0.91102, -2.08678, 10.75154, -7.66476, 1.00000, 0.00000
0.00000, -3.18882, 3.75791, 4.92853, -1.57080, 0.70366, 23.00000, 453378.00000, 39247.00000, 145579.60870, 9492965863.97732, 97431.85241, 0.90081, 0.00000, -7.64229, 8.64229, 1.00000, 0.00000
-0.78273, -3.92241, 2.87963, 4.92852, -1.76776, 0.94680, 31.00000, 429421.00000, 27833.00000, 151633.48387, 9724664507.41103, 98613.71359, 0.91102, 0.40335, 2.07817, -1.48153, 1.00000, 0.00000
0.00000, -3.73035, 3.21637, 4.92550, -1.57080, 0.85925, 21.00000, 427331.00000, 22323.00000, 128539.61905, 10375685661.95011, 101861.10966, 0.94766, -0.00000, 9.06739, -8.06739, 1.00000, 0.00000
-0.72621, -4.85499, 0.43811, 4.92852, -1.71928, 1.48179, 33.00000, 431655.00000, 23143.00000, 136701.75758, 10631030612.12305, 103106.88926, 0.91102, 0.13403, 0.96230, -0.09634, 0.96970, 0.03030
-1.50894, -4.37124, 1.70460, 4.92852, -1.90319, 1.21764, 18.00000, 458147.00000, 36701.00000, 217694.61111, 13025694387.79321, 114130.16423, 0.91102, 0.35294, 1.06961, -0.42255, 1.00000, 0.00000
-2.05481, -4.45876, 0.43315, 4.92853, -2.00263, 1.48280, 11.00000, 327427.00000, 46657.00000, 172747.09091, 7349668506.99174, 85730.20767, 0.90081, 0.33112, 0.75116, -0.08228, 1.00000, 0.00000
-1.44936, -4.62611, 0.87126, 4.92550, -1.87441, 1.39297, 28.00000, 489934.00000, 41711.00000, 166322.10714, 15352885094.16709, 123906.75968, 0.94766, 0.28534, 0.87099, -0.15634, 1.00000, 0.00000
0.78579, -4.35121, 2.14766, 4.91558, -1.39213, 1.11864, 41.00000, 322193.00000, 11075.00000, 97853.80488, 6475878469.08388, 80472.84305, 1.08598, -0.52573, 2.99442, -1.46868, 1.00000, 0.00000
-0.78579, -4.35121, 2.14766, 4.91558, -1.74946, 1.11864, 19.00000, 490014.00000, 24487.00000, 158138.78947, 18051844840.48199, 134357.15404, 1.08598, 0.25627, 1.45965, -0.71592, 1.00000, 0.00000
0.00000, -4.83686, 0.87622, 4.91558, -1.57080, 1.39159, 31.00000, 360735.00000, 15569.00000, 110841.38710, 7151416938.94693, 84566.05075, 1.08598, -0.00000, 1.22879, -0.22879, 1.00000, 0.00000
0.00000, -4.58794, 1.75244, 4.91123, -1.57080, 1.20593, 43.00000, 361115.00000, 12341.00000, 91658.16279, 6124094224.46187, 78256.59221, 1.14286, -0.00000, 1.61803, -0.61803, 1.00000, 0.00000
2.05481, -4.45876, -0.43315, 4.92853, -1.13896, 1.65880, 94.00000, 359091.00000, 8034.00000, 64842.10638, 4395873725.35038, 66301.38555, 0.90081, -0.65917, 1.49537, 0.16379, 1.00000, 0.00000
0.72621, -4.85499, -0.43811, 4.92852, -1.42232, 1.65981, 83.00000, 472523.00000, 18747.00000, 128721.36145, 12906588878.97779, 113607.16914, 0.91102, -0.14496, 1.04077, 0.10419, 1.00000, 0.00000
1.50894, -4.37124, -1.70460, 4.92852, -1.23841, 1.92396, 60.00000, 461671.00000, 12753.00000, 130177.30000, 14002901525.34333, 118333.85621, 0.91102, -0.30980, 0.93889, 0.37091, 0.91667, 0.08333
1.44936, -4.62611, -0.87126, 4.92550, -1.26718, 1.74862, 57.00000, 497468.00000, 10788.00000, 87809.03509, 9136896080.84087, 95587.11252, 0.94766, -0.38457, 1.17386, 0.21070, 1.00000, 0.00000
-0.72621, -4.85499, -0.43811, 4.92852, -1.71928, 1.65981, 18.00000, 451547.00000, 28437.00000, 178402.77778, 15287754614.28395, 123643.65982, 0.91102, 0.11238, 0.80685, 0.08077, 1.00000, 0.00000
-2.05481, -4.45876, -0.43315, 4.92853, -2.00263, 1.65880, 9.00000, 454718.00000, 70437.00000, 238872.33333, 19291936444.66667, 138895.41549, 0.90081, 0.28433, 0.64502, 0.07065, 0.88889, 0.11111
-1.50894, -4.37124, -1.70460, 4.92852, -1.90319, 1.92396, 13.00000, 382159.00000, 81804.00000, 193132.07692, 9361111757.14793, 96752.83850, 0.91102, 0.19128, 0.57970, 0.22901, 1.00000, 0.00000
-1.44936, -4.62611, -0.87126, 4.92550, -1.87441, 1.74862, 16.00000, 459321.00000, 64516.00000, 181820.62500, 15225012419.10938, 123389.67712, 0.94766, 0.21738, 0.66353, 0.11910, 1.00000, 0.00000
0.78273, -3.92241, -2.87963, 4.92852, -1.37383, 2.19479, 21.00000, 302996.00000, 32513.00000, 138711.19048, 4938670738.53515, 70275.67672, 0.91102, -0.12779, 0.65841, 0.46938, 0.90476, 0.09524
-0.78273, -3.92241, -2.87963, 4.92852, -1.76776, 2.19479, 8.00000, 359474.00000, 61358.00000, 202610.50000, 8314627402.00000, 91184.57875, 0.91102, 0.10178, 0.52439, 0.37383, 0.87500, 0.12500
0.00000, -3.18882, -3.75791, 4.92853, -1.57080, 2.43793, 10.00000, 486721.00000, 122254.00000, 278941.70000, 13067123255.61000, 114311.51847, 0.90081, 0.00000, 0.46930, 0.53070, 0.80000, 0.20000
0.00000, -3.73035, -3.21637, 4.92550, -1.57080, 2.28234, 21.00000, 440891.00000, 58452.00000, 226389.09524, 12178190666.65760, 110354.83980, 0.94766, -0.00000, 0.52918, 0.47082, 0.90476, 0.09524
0.00000, -4.83686, -0.87622, 4.91558, -1.57080, 1.75001, 27.00000, 313008.00000, 23959.00000, 97502.44444, 5141442705.87654, 71703.85419, 1.08598, -0.00000, 0.84303, 0.15697, 1.00000, 0.00000
-0.78579, -4.35121, -2.14766, 4.91558, -1.74946, 2.02296, 17.00000, 406951.00000, 52994.00000, 202804.00000, 8729233448.47059, 93430.36684, 1.08598, 0.10538, 0.60022, 0.29439, 0.88235, 0.11765
0.78579, -4.35121, -2.14766, 4.91558, -1.39213, 2.02296, 33.00000, 435087.00000, 19672.00000, 213145.39394, 12552752712.11754, 112039.06779, 1.08598, -0.13352, 0.76051, 0.37301, 0.87879, 0.12121
0.00000, -4.58794, -1.75244, 4.91123, -1.57080, 1.93566, 29.00000, 450235.00000, 30076.00000, 164392.68966, 12846055349.93817, 113340.44005, 1.14286, -0.00000, 0.72361, 0.27639, 1.00000, 0.00000
2.75567, -4.02561, -0.70086, 4.92853, -0.97053, 1.71348, 102.00000, 434960.00000, 8031.00000, 82795.19608, 6621170266.78508, 81370.57372, 0.90081, -1.37444, 1.98030, 0.39414, 1.00000, 0.00000
2.21782, -3.93313, -1.97536, 4.92852, -1.05736, 1.98319, 65.00000, 457409.00000, 15844.00000, 127946.76923, 9519618988.82367, 97568.53483, 0.91102, -0.60432, 1.05443, 0.54989, 0.96923, 0.03077
3.48430, -3.15040, -1.49161, 4.92852, -0.73511, 1.87827, 70.00000, 497213.00000, 7760.00000, 109975.74286, 15616215496.10530, 124964.85704, 0.91102, -2.88604, 2.59457, 1.29147, 0.98571, 0.01429
2.85909, -3.75484, -1.40973, 4.92550, -0.92001, 1.86107, 77.00000, 498878.00000, 11760.00000, 93083.80519, 10353904197.01400, 101754.13602, 0.94766, -1.25387, 1.66465, 0.58922, 0.98701, 0.01299
1.49161, -3.48430, -3.15040, 4.92852, -1.16631, 2.26428, 22.00000, 409558.00000, 58237.00000, 176679.27273, 6252109313.01653, 79070.28085, 0.91102, -0.30829, 0.68893, 0.61936, 0.95455, 0.04545
0.70086, -2.75567, -4.02561, 4.92853, -1.32174, 2.52663, 14.00000, 389885.00000, 53009.00000, 188850.42857, 7596351621.67347, 87157.05147, 0.90081, -0.13313, 0.46424, 0.66888, 0.57143, 0.42857
1.97536, -2.21782, -3.93313, 4.92852, -0.84316, 2.49482, 17.00000, 421431.00000, 52796.00000, 182928.52941, 13530180183.19031, 116319.30271, 0.91102, -0.49591, 0.54500, 0.95092, 0.64706, 0.35294
1.40973, -2.85909, -3.75484, 4.92550, -1.11271, 2.43770, 11.00000, 487939.00000, 120107.00000, 271322.45455, 12649685244.24793, 112470.81952, 0.94766, -0.25296, 0.53830, 0.71466, 0.81818, 0.18182
3.93313, -1.97536, -2.21782, 4.92852, -0.46544, 2.03756, 33.00000, 495703.00000, 31397.00000, 155555.93939, 15428829298.72360, 124212.83870, 0.91102, -10.56672, 5.51065, 6.05607, 0.93939, 0.06061
3.15040, -1.49161, -3.48430, 4.92852, -0.44220, 2.35600, 18.00000, 460677.00000, 32954.00000, 195939.27778, 14767149416.20062, 121520.16053, 0.91102, -1.63909, 0.81587, 1.82322, 0.83333, 0.16667
4.02561, -0.70086, -2.75567, 4.92853, -0.17237, 2.16413, 11.00000, 478483.00000, 75425.00000, 263631.36364, 19016489547.68595, 137900.28842, 0.90081, 9.35336, -1.86160, -6.49176, 0.90909, 0.09091
3.75484, -1.40973, -2.85909, 4.92550, -0.35916, 2.19010, 20.00000, 472621.00000, 65882.00000, 263616.50000, 18234021074.75000, 135033.40725, 0.94766, -9.32863, 3.30198, 7.02665, 0.85000, 0.15000
2.20355, -3.47499, -2.68919, 4.91558, -1.00567, 2.14966, 19.00000, 296561.00000, 32455.00000, 129674.00000, 5688041699.15790, 75419.10699, 1.08598, -0.56481, 0.87972, 0.68510, 1.00000, 0.00000
2.68919, -2.20355, -3.47499, 4.91558, -0.68646, 2.35595, 17.00000, 476799.00000, 36423.00000, 144322.70588, 11157564518.67820, 105629.37337, 1.08598, -0.90211, 0.74373, 1.15838, 0.94118, 0.05882
3.47499, -2.68919, -2.20355, 4.91558, -0.65860, 2.03563, 20.00000, 495040.00000, 21665.00000, 178433.85000, 18286758880.42750, 135228.54314, 1.08598, -2.37638, 1.85065, 1.52573, 1.00000, 0.00000
2.83550, -2.83550, -2.83550, 4.91123, -0.78540, 2.18628, 22.00000, 479527.00000, 27995.00000, 186553.40909, 20086873785.33265, 141728.16864, 1.14286, -1.00000, 1.00000, 1.00000, 0.95455, 0.04545
3.18882, -3.75791, 0.00000, 4.92853, -0.86714, 1.57080, 124.00000, 414718.00000, 5634.00000, 73186.98387, 6616693766.82232, 81343.06219, 0.90081, -7.64229, 8.64229, -0.00000, 1.00000, 0.00000
3.92241, -2.87963, -0.78273, 4.92852, -0.63328, 1.73029, 75.00000, 463889.00000, 11705.00000, 92583.20000, 9262640290.77333, 96242.61162, 0.91102, 10.75154, -7.66476, -2.08678, 0.98667, 0.01333
3.92241, -2.87963, 0.78273, 4.92852, -0.63328, 1.41130, 115.00000, 436638.00000, 7802.00000, 79482.11304, 7763324660.53505, 88109.73079, 0.91102, 2.07817, -1.48153, 0.40335, 0.99130, 0.00870
3.73035, -3.21637, 0.00000, 4.92550, -0.71154, 1.57080, 99.00000, 493887.00000, 7849.00000, 79739.08081, 8525780897.83185, 92335.15527, 0.94766, 9.06739, -8.06739, 0.00000, 0.97980, 0.02020
4.37124, -1.70460, -1.50894, 4.92852, -0.37182, 1.88196, 29.00000, 419048.00000, 16039.00000, 163660.75862, 10034175807.83829, 100170.73329, 0.91102, 3.63662, -1.43665, -1.19997, 0.96552, 0.03448
4.45876, -0.43315, -2.05481, 4.92853, -0.09684, 2.00085, 10.00000, 492975.00000, 55800.00000, 217355.70000, 15742381845.81000, 125468.64886, 0.90081, 2.22389, -0.24359, -0.98030, 1.00000, 0.00000
4.85499, -0.43811, -0.72621, 4.92852, -0.09000, 1.71868, 23.00000, 459152.00000, 14462.00000, 191988.30435, 15787479615.68998, 125648.23761, 0.91102, 1.31474, -0.13162, -0.18312, 0.86957, 0.13043
4.62611, -0.87126, -1.44936, 4.92550, -0.18616, 1.86947, 21.00000, 462098.00000, 51848.00000, 184236.14286, 13353713068.69388, 115558.26699, 0.94766, 2.02881, -0.36416, -0.66465, 0.90476, 0.09524
4.37124, -1.70460, 1.50894, 4.92852, -0.37182, 1.25963, 52.00000, 466812.00000, 13239.00000, 94993.00000, 6561154681.00000, 81000.95482, 0.91102, 1.06961, -0.42255, 0.35294, 1.00000, 0.00000
4.85499, -0.43811, 0.72621, 4.92852, -0.09000, 1.42291, 27.00000, 416112.00000, 28246.00000, 161505.55556, 11333547115.65432, 106459.13355, 0.91102, 0.96230, -0.09634, 0.13403, 1.00000, 0.00000
4.45876, -0.43315, 2.05481, 4.92853, -0.09684, 1.14074, 17.00000, 292057.00000, 41996.00000, 130595.88235, 5517741418.45675, 74281.50119, 0.90081, 0.75116, -0.08228, 0.33112, 1.00000, 0.00000
4.62611, -0.87126, 1.44936, 4.92550, -0.18616, 1.27212, 24.00000, 481974.00000, 36023.00000, 190500.87500, 15979912126.10938, 126411.67717, 0.94766, 0.87099, -0.15634, 0.28534, 1.00000, 0.00000
4.35121, -2.14766, -0.78579, 4.91558, -0.45850, 1.73134, 38.00000, 380617.00000, 20497.00000, 121221.78947, 8740519382.85041, 93490.74490, 1.08598, 2.99442, -1.46868, -0.52573, 1.00000, 0.00000
4.83686, -0.87622, 0.00000, 4.91558, -0.17921, 1.57080, 21.00000, 436199.00000, 25883.00000, 162000.00000, 16573625857.23809, 128738.59506, 1.08598, 1.22879, -0.22879, 0.00000, 1.00000, 0.00000
4.35121, -2.14766, 0.78579, 4.91558, -0.45850, 1.41025, 49.00000, 435647.00000, 14800.00000, 85009.28571, 7778022257.10204, 88193.09643, 1.08598, 1.45965, -0.71592, 0.25627, 1.00000, 0.00000
4.58794, -1.75244, 0.00000, 4.91123, -0.36486, 1.57080, 43.00000, 239515.00000, 16875.00000, 81049.53488, 3067744376.62088, 55387.22214, 1.14286, 1.61803, -0.61803, 0.00000, 1.00000, 0.00000
0.43315, -2.05481, 4.45876, 4.92853, -1.36304, 0.44016, 12.00000, 451238.00000, 39515.00000, 219926.50000, 18701333979.91667, 136752.82074, 0.90081, 0.16379, -0.65917, 1.49537, 1.00000, 0.00000
1.70460, -1.50894, 4.37124, 4.92852, -0.72459, 0.48015, 16.00000, 430648.00000, 128961.00000, 226274.93750, 7097855362.18359, 84248.77069, 0.91102, 0.37091, -0.30980, 0.93889, 1.00000, 0.00000
0.43811, -0.72621, 4.85499, 4.92852, -1.02797, 0.17295, 12.00000, 490891.00000, 77439.00000, 230089.25000, 15977959867.18750, 126403.95511, 0.91102, 0.10419, -0.14496, 1.04077, 1.00000, 0.00000
0.87126, -1.44936, 4.62611, 4.92550, -1.02954, 0.35046, 9.00000, 359858.00000, 23601.00000, 188649.44444, 11688621736.02469, 108113.92943, 0.94766, 0.21070, -0.38457, 1.17386, 1.00000, 0.00000
2.87963, -0.78273, 3.92241, 4.92852, -0.26540, 0.65037, 11.00000, 311329.00000, 52504.00000, 197811.54545, 7615635778.42975, 87267.61013, 0.91102, 0.46938, -0.12779, 0.65841, 1.00000, 0.00000
3.75791, 0.00000, 3.18882, 4.92853, 0.00000, 0.86714, 11.00000, 309195.00000, 51779.00000, 170490.63636, 5640307003.50413, 75101.97736, 0.90081, 0.53070, -0.00000, 0.46930, 1.00000, 0.00000
2.87963, 0.78273, 3.92241, 4.92852, 0.26540, 0.65037, 8.00000, 436267.00000, 77675.00000, 199248.37500, 12970125317.23438, 113886.45801, 0.91102, 0.37383, 0.10178, 0.52439, 1.00000, 0.00000
3.21637, 0.00000, 3.73035, 4.92550, 0.00000, 0.71154, 4.00000, 167247.00000, 50799.00000, 108941.25000, 1750038576.18750, 41833.46240, 0.94766, 0.47082, -0.00000, 0.52918, 1.00000, 0.00000
0.43811, 0.72621, 4.85499, 4.92852, 1.02797, 0.17295, 3.00000, 189406.00000, 94658.00000, 155102.66667, 1837881904.88889, 42870.52490, 0.91102, 0.08077, 0.11238, 0.80685, 1.00000, 0.00000
1.70460, 1.50894, 4.37124, 4.92852, 0.72459, 0.48015, 1.00000, 425817.00000, 425817.00000, 425817.00000, 0.00000, 0.00000, 0.91102, 0.22901, 0.19128, 0.57970, 0.00000, 1.00000
0.43315, 2.05481, 4.45876, 4.92853, 1.36304, 0.44016, 2.00000, 353687.00000, 115367.00000, 234527.00000, 14199105600.00000, 119160.00000, 0.90081, 0.07065, 0.28433, 0.64502, 0.50000, 0.50000
0.87126, 1.44936, 4.62611, 4.92550, 1.02954, 0.35046, 1.00000, 222665.00000, 222665.00000, 222665.00000, 0.00000, 0.00000, 0.94766, 0.11910, 0.21738, 0.66353, 1.00000, 0.00000
2.14766, -0.78579, 4.35121, 4.91558, -0.35075, 0.48390, 11.00000, 441349.00000, 94176.00000, 239431.00000, 14074756238.36364, 118637.07784, 1.08598, 0.37301, -0.13352, 0.76051, 0.90909, 0.09091
2.14766, 0.78579, 4.35121, 4.91558, 0.35075, 0.48390, 3.00000, 290215.00000, 163020.00000, 238986.33333, 3002404080.22222, 54794.19751, 1.08598, 0.29439, 0.10538, 0.60022, 1.00000, 0.00000
0.87622, 0.00000, 4.83686, 4.91558, 0.00000, 0.17921, 4.00000, 321499.00000, 105372.00000, 169198.25000, 7810979864.18750, 88379.74804, 1.08598, 0.15697, -0.00000, 0.84303, 1.00000, 0.00000
1.75244, 0.00000, 4.58794, 4.91123, 0.00000, 0.36486, 8.00000, 457355.00000, 75419.00000, 216506.75000, 15610751699.43750, 124942.99380, 1.14286, 0.27639, 0.00000, 0.72361, 1.00000, 0.00000
-2.75567, -4.02561, 0.70086, 4.92853, -2.17107, 1.42811, 5.00000, 255802.00000, 116156.00000, 161110.20000, 2545854785.36000, 50456.46426, 0.90081, 0.46424, 0.66888, -0.13313, 1.00000, 0.00000
-2.21782, -3.93313, 1.97536, 4.92852, -2.08423, 1.15840, 3.00000, 282648.00000, 87559.00000, 153533.66667, 8336595073.55556, 91304.95646, 0.91102, 0.54500, 0.95092, -0.49591, 1.00000, 0.00000
-3.48430, -3.15040, 1.49161, 4.92852, -2.40648, 1.26333, 9.00000, 483019.00000, 47924.00000, 230812.55556, 22627342282.46914, 150423.87537, 0.91102, 0.68893, 0.61936, -0.30829, 0.88889, 0.11111
-2.85909, -3.75484, 1.40973, 4.92550, -2.22158, 1.28053, 9.00000, 475080.00000, 86205.00000, 280564.44444, 16501739009.35802, 128459.09469, 0.94766, 0.53830, 0.71466, -0.25296, 1.00000, 0.00000
-1.49161, -3.48430, 3.15040, 4.92852, -1.97528, 0.87732, 17.00000, 494715.00000, 71562.00000, 250885.17647, 19877287569.20415, 140986.83474, 0.91102, 0.81587, 1.82322, -1.63909, 0.94118, 0.05882
-0.70086, -2.75567, 4.02561, 4.92853, -1.81985, 0.61496, 10.00000, 348359.00000, 36791.00000, 172755.80000, 7891736500.96000, 88835.44620, 0.90081, -1.86160, -6.49176, 9.35336, 1.00000, 0.00000
-1.97536, -2.21782, 3.93313, 4.92852, -2.29844, 0.64677, 3.00000, 464106.00000, 293021.00000, 353348.33333, 6149955464.22222, 78421.65176, 0.91102, 5.51065, 6.05607, -10.56672, 1.00000, 0.00000
-1.40973, -2.85909, 3.75484, 4.92550, -2.02888, 0.70390, 5.00000, 253483.00000, 55465.00000, 143143.40000, 6086964935.04000, 78019.00368, 0.94766, 3.30198, 7.02665, -9.32863, 1.00000, 0.00000
-3.93313, -1.97536, 2.21782, 4.92852, -2.67616, 1.10403, 0.00000, 0.00000, 0.00000, 0.00000, 0.00000, 0.00000, 0.91102, 1.05443, 0.54989, -0.60432, 0.00000, 0.00000
-3.15040, -1.49161, 3.48430, 4.92852, -2.69940, 0.78559, 2.00000, 330074.00000, 138280.00000, 234177.00000, 9196234609.00000, 95897.00000, 0.91102, 2.59457, 1.29147, -2.88604, 1.00000, 0.00000
-4.02561, -0.70086, 2.75567, 4.92853, -2.96922, 0.97747, 0.00000, 0.00000, 0.00000, 0.00000, 0.00000, 0.00000, 0.90081, 1.98030, 0.39414, -1.37444, 0.00000, 0.00000
-3.75484, -1.40973, 2.85909, 4.92550, -2.78243, 0.95149, 4.00000, 489370.00000, 277861.00000, 430261.75000, 7773622434.68750, 88168.14864, 0.94766, 1.66465, 0.58922, -1.25387, 1.00000, 0.00000
-2.20355, -3.47499, 2.68919, 4.91558, -2.13592, 0.99193, 7.00000, 346150.00000, 46358.00000, 223010.14286, 7451254007.83673, 86320.64647, 1.08598, 0.74373, 1.15838, -0.90211, 1.00000, 0.00000
-2.68919, -2.20355, 3.47499, 4.91558, -2.45513, 0.78564, 0.00000, 0.00000, 0.00000, 0.00000, 0.00000, 0.00000, 1.08598, 1.85065, 1.52573, -2.37638, 0.00000, 0.00000
-3.47499, -2.68919, 2.20355, 4.91558, -2.48299, 1.10596, 1.00000, 311498.00000, 311498.00000, 311498.00000, 0.00000, 0.00000, 1.08598, 0.87972, 0.68510, -0.56481, 1.00000, 0.00000
-2.83550, -2.83550, 2.83550, 4.91123, -2.35619, 0.95532, 3.00000, 471889.00000, 132944.00000, 270731.33333, 21155185077.55556, 145448.22129, 1.14286, 1.00000, 1.00000, -1.00000, 0.66667, 0.33333
-0.70086, -2.75567, -4.02561, 4.92853, -1.81985, 2.52663, 11.00000, 470252.00000, 131919.00000, 269257.81818, 11804978947.96694, 108650.71996, 0.90081, 0.10514, 0.36663, 0.52824, 0.45455, 0.54545
-1.49161, -3.48430, -3.15040, 4.92852, -1.97528, 2.26428, 8.00000, 463351.00000, 69271.00000, 258020.87500, 17795070213.10938, 133398.16420, 0.91102, 0.19070, 0.42617, 0.38313, 0.87500, 0.12500
-1.97536, -2.21782, -3.93313, 4.92852, -2.29844, 2.49482, 7.00000, 446676.00000, 123714.00000, 240721.71429, 12231718788.48980, 110597.10118, 0.91102, 0.24897, 0.27362, 0.47741, 0.28571, 0.71429
-1.40973, -2.85909, -3.75484, 4.92550, -2.02888, 2.43770, 5.00000, 393757.00000, 106573.00000, 277402.00000, 9017142376.00000, 94958.63508, 0.94766, 0.16798, 0.35746, 0.47456, 0.40000, 0.60000
-2.21782, -3.93313, -1.97536, 4.92852, -2.08423, 1.98319, 10.00000, 446259.00000, 140570.00000, 322383.70000, 12613795262.61000, 112311.15378, 0.91102, 0.27362, 0.47741, 0.24897, 0.60000, 0.40000
-2.75567, -4.02561, -0.70086, 4.92853, -2.17107, 1.71348, 7.00000, 317126.00000, 68998.00000, 169923.42857, 5375539325.38775, 73318.06957, 0.90081, 0.36663, 0.52824, 0.10514, 0.85714, 0.14286
-3.48430, -3.15040, -1.49161, 4.92852, -2.40648, 1.87827, 9.00000, 400243.00000, 79455.00000, 196523.00000, 7291385350.44444, 85389.60915, 0.91102, 0.42617, 0.38313, 0.19070, 0.44444, 0.55556
-2.85909, -3.75484, -1.40973, 4.92550, -2.22158, 1.86107, 4.00000, 481344.00000, 172334.00000, 363018.50000, 15681362357.25000, 125225.24649, 0.94766, 0.35746, 0.47456, 0.16798, 0.75000, 0.25000
-3.15040, -1.49161, -3.48430, 4.92852, -2.69940, 2.35600, 4.00000, 443871.00000, 215929.00000, 307750.50000, 7301204018.75000, 85447.08315, 0.91102, 0.38313, 0.19070, 0.42617, 0.50000, 0.50000
-3.93313, -1.97536, -2.21782, 4.92852, -2.67616, 2.03756, 4.00000, 468541.00000, 335095.00000, 388798.00000, 2962098549.00000, 54425.16467, 0.91102, 0.47741, 0.24897, 0.27362, 0.75000, 0.25000
-4.02561, -0.70086, -2.75567, 4.92853, -2.96922, 2.16413, 14.00000, 393084.00000, 91320.00000, 256239.21429, 6707151573.16837, 81897.20125, 0.90081, 0.52824, 0.10514, 0.36663, 0.21429, 0.78571
-3.75484, -1.40973, -2.85909, 4.92550, -2.78243, 2.19010, 2.00000, 377619.00000, 162418.00000, 270018.50000, 11577867600.25000, 107600.50000, 0.94766, 0.47456, 0.16798, 0.35746, 0.50000, 0.50000
-2.20355, -3.47499, -2.68919, 4.91558, -2.13592, 2.14966, 6.00000, 423606.00000, 99317.00000, 304626.50000, 12448157690.25000, 111571.31213, 1.08598, 0.26522, 0.41309, 0.32170, 0.50000, 0.50000
-3.47499, -2.68919, -2.20355, 4.91558, -2.48299, 2.03563, 3.00000, 369095.00000, 138486.00000, 285021.66667, 10814190022.88889, 103991.29782, 1.08598, 0.41309, 0.32170, 0.26522, 0.66667, 0.33333
-2.68919, -2.20355, -3.47499, 4.91558, -2.45513, 2.35595, 3.00000, 264023.00000, 152144.00000, 211872.00000, 2114857238.00000, 45987.57700, 1.08598, 0.32170, 0.26522, 0.41309, 0.33333, 0.66667
-2.83550, -2.83550, -2.83550, 4.91123, -2.35619, 2.18628, 9.00000, 464609.00000, 72477.00000, 206224.22222, 13624991707.95062, 116726.13978, 1.14286, 0.33333, 0.33333, 0.33333, 0.55556, 0.44444
3.75791, 0.00000, -3.18882, 4.92853, 0.00000, 2.27446, 9.00000, 433538.00000, 109232.00000, 267602.22222, 11891965251.95062, 109050.28772, 0.90081, 8.64229, 0.00000, -7.64229, 0.44444, 0.55556
2.87963, -0.78273, -3.92241, 4.92852, -0.26540, 2.49122, 7.00000, 480388.00000, 104008.00000, 329977.57143, 17307423080.24490, 131557.67967, 0.91102, -1.48153, 0.40335, 2.07817, 0.71429, 0.28571
2.87963, 0.78273, -3.92241, 4.92852, 0.26540, 2.49122, 10.00000, 481295.00000, 93829.00000, 265394.20000, 17874590338.16000, 133695.88751, 0.91102, -7.66476, -2.08678, 10.75154, 0.40000, 0.60000
3.21637, 0.00000, -3.73035, 4.92550, 0.00000, 2.43005, 11.00000, 472371.00000, 70786.00000, 223976.27273, 20789543708.19835, 144185.79579, 0.94766, -8.06739, -0.00000, 9.06739, 0.54545, 0.45455
1.70460, -1.50894, -4.37124, 4.92852, -0.72459, 2.66145, 15.00000, 358535.00000, 101176.00000, 211826.13333, 5612100177.71556, 74913.95182, 0.91102, -0.42255, 0.35294, 1.06961, 0.40000, 0.60000
0.43315, -2.05481, -4.45876, 4.92853, -1.36304, 2.70143, 14.00000, 496353.00000, 82525.00000, 282337.71429, 18397956138.77551, 135639.06568, 0.90081, -0.08228, 0.33112, 0.75116, 0.64286, 0.35714
0.43811, -0.72621, -4.85499, 4.92852, -1.02797, 2.96865, 15.00000, 491457.00000, 79009.00000, 310093.60000, 16354372079.57333, 127884.21357, 0.91102, -0.09634, 0.13403, 0.96230, 0.13333, 0.86667
0.87126, -1.44936, -4.62611, 4.92550, -1.02954, 2.79113, 9.00000, 325610.00000, 122439.00000, 197295.44444, 3609516547.58025, 60079.25222, 0.94766, -0.15634, 0.28534, 0.87099, 0.66667, 0.33333
1.70460, 1.50894, -4.37124, 4.92852, 0.72459, 2.66145, 28.00000, 476195.00000, 59115.00000, 248943.60714, 19153956914.52423, 138397.82121, 0.91102, -1.43665, -1.19997, 3.63662, 0.17857, 0.82143
0.43811, 0.72621, -4.85499, 4.92852, 1.02797, 2.96865, 23.00000, 496850.00000, 55140.00000, 233050.30435, 19264071106.03781, 138795.06874, 0.91102, -0.13162, -0.18312, 1.31474, 0.13043, 0.86957
0.43315, 2.05481, -4.45876, 4.92853, 1.36304, 2.70143, 24.00000, 316555.00000, 32462.00000, 125622.29167, 6516768870.20660, 80726.50661, 0.90081, -0.24359, -0.98030, 2.22389, 0.04167, 0.95833
0.87126, 1.44936, -4.62611, 4.92550, 1.02954, 2.79113, 22.00000, 451294.00000, 62968.00000, 228165.40909, 11804927767.24174, 108650.48443, 0.94766, -0.36416, -0.66465, 2.02881, 0.00000, 1.00000
2.14766, -0.78579, -4.35121, 4.91558, -0.35075, 2.65769, 7.00000, 474409.00000, 202513.00000, 310878.28571, 7566636206.48980, 86986.41392, 1.08598, -0.71592, 0.25627, 1.45965, 0.42857, 0.57143
0.87622, 0.00000, -4.83686, 4.91558, 0.00000, 2.96238, 14.00000, 491480.00000, 75218.00000, 238356.35714, 12525082671.08673, 111915.51577, 1.08598, -0.22879, -0.00000, 1.22879, 0.21429, 0.78571
2.14766, 0.78579, -4.35121, 4.91558, 0.35075, 2.65769, 11.00000, 421606.00000, 101349.00000, 264306.36364, 14040600140.77686, 118493.03836, 1.08598, -1.46868, -0.52573, 2.99442, 0.18182, 0.81818
1.75244, 0.00000, -4.58794, 4.91123, 0.00000, 2.77673, 7.00000, 383103.00000, 80314.00000, 176392.42857, 9666176237.95918, 98316.71393, 1.14286, -0.61803, -0.00000, 1.61803, 0.00000, 1.00000
4.45876, 0.43315, 2.05481, 4.92853, 0.09684, 1.14074, 11.00000, 467066.00000, 37590.00000, 214472.54545, 23758618381.52066, 154138.30926, 0.90081, 0.64502, 0.07065, 0.28433, 1.00000, 0.00000
4.85499, 0.43811, 0.72621, 4.92852, 0.09000, 1.42291, 15.00000, 446927.00000, 53272.00000, 205436.06667, 16385127436.46222, 128004.40397, 0.91102, 0.80685, 0.08077, 0.11238, 0.93333, 0.06667
4.37124, 1.70460, 1.50894, 4.92852, 0.37182, 1.25963, 11.00000, 355264.00000, 120290.00000, 218040.36364, 6498414537.32231, 80612.74426, 0.91102, 0.57970, 0.22901, 0.19128, 0.63636, 0.36364
4.62611, 0.87126, 1.44936, 4.92550, 0.18616, 1.27212, 8.00000, 485083.00000, 240663.00000, 375666.37500, 6810939578.98438, 82528.41680, 0.94766, 0.66353, 0.11910, 0.21738, 0.87500, 0.12500
4.85499, 0.43811, -0.72621, 4.92852, 0.09000, 1.71868, 8.00000, 447799.00000, 51876.00000, 202838.00000, 18044051288.00000, 134328.14779, 0.91102, 1.04077, 0.10419, -0.14496, 1.00000, 0.00000
4.45876, 0.43315, -2.05481, 4.92853, 0.09684, 2.00085, 8.00000, 457930.00000, 48386.00000, 224715.37500, 19533186641.98438, 139761.17716, 0.90081, 1.49537, 0.16379, -0.65917, 0.75000, 0.25000
4.37124, 1.70460, -1.50894, 4.92852, 0.37182, 1.88196, 4.00000, 427511.00000, 272761.00000, 365320.25000, 3224959650.68750, 56788.72820, 0.91102, 0.93889, 0.37091, -0.30980, 0.75000, 0.25000
4.62611, 0.87126, -1.44936, 4.92550, 0.18616, 1.86947, 11.00000, 314224.00000, 46832.00000, 205453.63636, 9202197567.32231, 95928.08539, 0.94766, 1.17386, 0.21070, -0.38457, 0.72727, 0.27273
3.92241, 2.87963, 0.78273, 4.92852, 0.63328, 1.41130, 4.00000, 330434.00000, 233178.00000, 285072.75000, 1260716913.68750, 35506.57564, 0.91102, 0.52439, 0.37383, 0.10178, 0.75000, 0.25000
3.92241, 2.87963, -0.78273, 4.92852, 0.63328, 1.73029, 6.00000, 341612.00000, 100142.00000, 230951.66667, 9711366089.88889, 98546.26370, 0.91102, 0.65841, 0.46938, -0.12779, 0.16667, 0.83333
3.18882, 3.75791, 0.00000, 4.92853, 0.86714, 1.57080, 6.00000, 272821.00000, 182762.00000, 227177.33333, 849488784.88889, 29145.99089, 0.90081, 0.46930, 0.53070, 0.00000, 0.16667, 0.83333
3.73035, 3.21637, 0.00000, 4.92550, 0.71154, 1.57080, 6.00000, 408900.00000, 188530.00000, 292805.33333, 7180256354.55556, 84736.39333, 0.94766, 0.52918, 0.47082, 0.00000, 0.00000, 1.00000
4.83686, 0.87622, 0.00000, 4.91558, 0.17921, 1.57080, 10.00000, 493243.00000, 57181.00000, 243666.20000, 19252755488.96000, 138754.29899, 1.08598, 0.84303, 0.15697, 0.00000, 0.80000, 0.20000
4.35121, 2.14766, -0.78579, 4.91558, 0.45850, 1.73134, 5.00000, 349667.00000, 143847.00000, 259245.40000, 7687282991.44000, 87677.15205, 1.08598, 0.76051, 0.37301, -0.13352, 0.20000, 0.80000
4.35121, 2.14766, 0.78579, 4.91558, 0.45850, 1.41025, 6.00000, 422024.00000, 79447.00000, 283114.66667, 16097255898.22222, 126874.96167, 1.08598, 0.60022, 0.29439, 0.10538, 0.66667, 0.33333
4.58794, 1.75244, 0.00000, 4.91123, 0.36486, 1.57080, 11.00000, 423557.00000, 113316.00000, 274626.54545, 10723243767.88430, 103553.09637, 1.14286, 0.72361, 0.27639, -0.00000, 0.45455, 0.54545
