-2.75567, 4.02561, 0.70086, 4.92853, 2.17107, 1.42811, 6.00000, 489119.00000, 85837.00000, 266009.33333, 18281227934.88889, 135208.09123, 0.90081, -1.37444, 1.98030, 0.39414, 0.66667, 0.33333
-3.48430, 3.15040, 1.49161, 4.92852, 2.40648, 1.26333, 10.00000, 474080.00000, 61407.00000, 284194.40000, 24605679835.64000, 156861.97702, 0.91102, -2.88604, 2.59457, 1.29147, 0.80000, 0.20000
-2.21782, 3.93313, 1.97536, 4.92852, 2.08423, 1.15840, 3.00000, 370796.00000, 208460.00000, 309744.66667, 5201523371.55556, 72121.58742, 0.91102, -0.60432, 1.05443, 0.54989, 0.33333, 0.66667
-2.85909, 3.75484, 1.40973, 4.92550, 2.22158, 1.28053, 2.00000, 376729.00000, 140453.00000, 258591.00000, 13956587044.00000, 118138.00000, 0.94766, -1.25387, 1.66465, 0.58922, 1.00000, 0.00000
-3.93313, 1.97536, 2.21782, 4.92852, 2.67616, 1.10403, 10.00000, 339699.00000, 35132.00000, 179321.90000, 7249870992.29000, 85146.17427, 0.91102, -10.56672, 5.51065, 6.05607, 0.70000, 0.30000
-4.02561, 0.70086, 2.75567, 4.92853, 2.96922, 0.97747, 24.00000, 425372.00000, 44654.00000, 184713.12500, 13442876385.69271, 115943.41890, 0.90081, 9.35336, -1.86160, -6.49176, 0.75000, 0.25000
-3.15040, 1.49161, 3.48430, 4.92852, 2.69940, 0.78559, 6.00000, 359044.00000, 47416.00000, 187369.66667, 11434187850.22222, 106930.76195, 0.91102, -1.63909, 0.81587, 1.82322, 0.83333, 0.16667
-3.75484, 1.40973, 2.85909, 4.92550, 2.78243, 0.95149, 20.00000, 473149.00000, 63855.00000, 215521.40000, 17340701997.64000, 131684.09926, 0.94766, -9.32863, 3.30198, 7.02665, 0.75000, 0.25000
-1.49161, 3.48430, 3.15040, 4.92852, 1.97528, 0.87732, 8.00000, 428900.00000, 111128.00000, 240621.25000, 8577480354.68750, 92614.68758, 0.91102, -0.30829, 0.68893, 0.61936, 0.37500, 0.62500
-1.97536, 2.21782, 3.93313, 4.92852, 2.29844, 0.64677, 15.00000, 485344.00000, 51839.00000, 202207.66667, 11436794084.22222, 106942.94780, 0.91102, -0.49591, 0.54500, 0.95092, 0.33333, 0.66667
-0.70086, 2.75567, 4.02561, 4.92853, 1.81985, 0.61496, 8.00000, 404629.00000, 229365.00000, 333145.75000, 3429055732.93750, 58558.13977, 0.90081, -0.13313, 0.46424, 0.66888, 0.25000, 0.75000
-1.40973, 2.85909, 3.75484, 4.92550, 2.02888, 0.70390, 9.00000, 484163.00000, 57785.00000, 258567.88889, 20064882940.98766, 141650.56633, 0.94766, -0.25296, 0.53830, 0.71466, 0.33333, 0.66667
-3.47499, 2.68919, 2.20355, 4.91558, 2.48299, 1.10596, 3.00000, 429091.00000, 174586.00000, 289124.33333, 11118765905.55556, 105445.55897, 1.08598, -2.37638, 1.85065, 1.52573, 0.66667, 0.33333
-2.68919, 2.20355, 3.47499, 4.91558, 2.45513, 0.78564, 9.00000, 378174.00000, 108594.00000, 227339.55556, 9408001768.69136, 96994.85434, 1.08598, -0.90211, 0.74373, 1.15838, 0.55556, 0.44444
-2.20355, 3.47499, 2.68919, 4.91558, 2.13592, 0.99193, 3.00000, 475099.00000, 151588.00000, 312827.00000, 17443761398.00000, 132074.83257, 1.08598, -0.56481, 0.87972, 0.68510, 0.33333, 0.66667
-2.83550, 2.83550, 2.83550, 4.91123, 2.35619, 0.95532, 12.00000, 448043.00000, 60527.00000, 228255.41667, 13075384449.07639, 114347.64733, 1.14286, -1.00000, 1.00000, 1.00000, 0.58333, 0.41667
-2.05481, 4.45876, 0.43315, 4.92853, 2.00263, 1.48280, 2.00000, 408570.00000, 232904.00000, 320737.00000, 7714635889.00000, 87833.00000, 0.90081, -0.65917, 1.49537, 0.16379, 0.50000, 0.50000
-1.50894, 4.37124, 1.70460, 4.92852, 1.90319, 1.21764, 1.00000, 178105.00000, 178105.00000, 178105.00000, 0.00000, 0.00000, 0.91102, -0.30980, 0.93889, 0.37091, 0.00000, 1.00000
-0.72621, 4.85499, 0.43811, 4.92852, 1.71928, 1.48179, 1.00000, 373127.00000, 373127.00000, 373127.00000, 0.00000, 0.00000, 0.91102, -0.14496, 1.04077, 0.10419, 1.00000, 0.00000
-1.44936, 4.62611, 0.87126, 4.92550, 1.87441, 1.39297, 0.00000, 0.00000, 0.00000, 0.00000, 0.00000, 0.00000, 0.94766, -0.38457, 1.17386, 0.21070, 0.00000, 0.00000
-0.78273, 3.92241, 2.87963, 4.92852, 1.76776, 0.94680, 6.00000, 482769.00000, 79239.00000, 271650.66667, 26782427196.55555, 163653.37515, 0.91102, -0.12779, 0.65841, 0.46938, 0.33333, 0.66667
0.00000, 3.18882, 3.75791, 4.92853, 1.57080, 0.70366, 6.00000, 494843.00000, 62012.00000, 245090.66667, 24336123379.55556, 156000.39545, 0.90081, -0.00000, 0.46930, 0.53070, 0.16667, 0.83333
0.78273, 3.92241, 2.87963, 4.92852, 1.37383, 0.94680, 3.00000, 335404.00000, 139629.00000, 238302.33333, 6389210172.22222, 79932.53513, 0.91102, 0.10178, 0.52439, 0.37383, 0.00000, 1.00000
0.00000, 3.73035, 3.21637, 4.92550, 1.57080, 0.85925, 3.00000, 497319.00000, 192500.00000, 384479.33333, 18617313880.22223, 136445.27797, 0.94766, -0.00000, 0.52918, 0.47082, 0.66667, 0.33333
0.72621, 4.85499, 0.43811, 4.92852, 1.42232, 1.48179, 2.00000, 381869.00000, 279739.00000, 330804.00000, 2607634225.00000, 51065.00000, 0.91102, 0.11238, 0.80685, 0.08077, 0.00000, 1.00000
1.50894, 4.37124, 1.70460, 4.92852, 1.23841, 1.21764, 1.00000, 387607.00000, 387607.00000, 387607.00000, 0.00000, 0.00000, 0.91102, 0.19128, 0.57970, 0.22901, 1.00000, 0.00000
2.05481, 4.45876, 0.43315, 4.92853, 1.13896, 1.48280, 2.00000, 498218.00000, 379446.00000, 438832.00000, 3526696996.00000, 59386.00000, 0.90081, 0.28433, 0.64502, 0.07065, 0.50000, 0.50000
1.44936, 4.62611, 0.87126, 4.92550, 1.26718, 1.39297, 1.00000, 494170.00000, 494170.00000, 494170.00000, 0.00000, 0.00000, 0.94766, 0.21738, 0.66353, 0.11910, 1.00000, 0.00000
-0.78579, 4.35121, 2.14766, 4.91558, 1.74946, 1.11864, 2.00000, 223932.00000, 51558.00000, 137745.00000, 7428198969.00000, 86187.00000, 1.08598, -0.13352, 0.76051, 0.37301, 0.50000, 0.50000
0.78579, 4.35121, 2.14766, 4.91558, 1.39213, 1.11864, 6.00000, 488236.00000, 228523.00000, 365564.83333, 7330458184.13889, 85618.09496, 1.08598, 0.10538, 0.60022, 0.29439, 0.16667, 0.83333
0.00000, 4.83686, 0.87622, 4.91558, 1.57080, 1.39159, 1.00000, 309223.00000, 309223.00000, 309223.00000, 0.00000, 0.00000, 1.08598, -0.00000, 0.84303, 0.15697, 1.00000, 0.00000
0.00000, 4.58794, 1.75244, 4.91123, 1.57080, 1.20593, 1.00000, 362560.00000, 362560.00000, 362560.00000, 0.00000, 0.00000, 1.14286, 0.00000, 0.72361, 0.27639, 1.00000, 0.00000
-2.05481, 4.45876, -0.43315, 4.92853, 2.00263, 1.65880, 3.00000, 281594.00000, 91718.00000, 206403.00000, 6788703914.00000, 82393.59146, 0.90081, -0.98030, 2.22389, -0.24359, 1.00000, 0.00000
-0.72621, 4.85499, -0.43811, 4.92852, 1.71928, 1.65981, 1.00000, 258754.00000, 258754.00000, 258754.00000, 0.00000, 0.00000, 0.91102, -0.18312, 1.31474, -0.13162, 0.00000, 1.00000
-1.50894, 4.37124, -1.70460, 4.92852, 1.90319, 1.92396, 1.00000, 382726.00000, 382726.00000, 382726.00000, 0.00000, 0.00000, 0.91102, -1.19997, 3.63662, -1.43665, 1.00000, 0.00000
-1.44936, 4.62611, -0.87126, 4.92550, 1.87441, 1.74862, 0.00000, 0.00000, 0.00000, 0.00000, 0.00000, 0.00000, 0.94766, -0.66465, 2.02881, -0.36416, 0.00000, 0.00000
0.72621, 4.85499, -0.43811, 4.92852, 1.42232, 1.65981, 1.00000, 269421.00000, 269421.00000, 269421.00000, 0.00000, 0.00000, 0.91102, 0.13403, 0.96230, -0.09634, 0.00000, 1.00000
2.05481, 4.45876, -0.43315, 4.92853, 1.13896, 1.65880, 0.00000, 0.00000, 0.00000, 0.00000, 0.00000, 0.00000, 0.90081, 0.33112, 0.75116, -0.08228, 0.00000, 0.00000
1.50894, 4.37124, -1.70460, 4.92852, 1.23841, 1.92396, 0.00000, 0.00000, 0.00000, 0.00000, 0.00000, 0.00000, 0.91102, 0.35294, 1.06961, -0.42255, 0.00000, 0.00000
1.44936, 4.62611, -0.87126, 4.92550, 1.26718, 1.74862, 0.00000, 0.00000, 0.00000, 0.00000, 0.00000, 0.00000, 0.94766, 0.28534, 0.87099, -0.15634, 0.00000, 0.00000
-0.78273, 3.92241, -2.87963, 4.92852, 1.76776, 2.19479, 0.00000, 0.00000, 0.00000, 0.00000, 0.00000, 0.00000, 0.91102, -2.08678, 10.75154, -7.66476, 0.00000, 0.00000
0.78273, 3.92241, -2.87963, 4.92852, 1.37383, 2.19479, 0.00000, 0.00000, 0.00000, 0.00000, 0.00000, 0.00000, 0.91102, 0.40335, 2.07817, -1.48153, 0.00000, 0.00000
0.00000, 3.18882, -3.75791, 4.92853, 1.57080, 2.43793, 0.00000, 0.00000, 0.00000, 0.00000, 0.00000, 0.00000, 0.90081, -0.00000, -7.64229, 8.64229, 0.00000, 0.00000
0.00000, 3.73035, -3.21637, 4.92550, 1.57080, 2.28234, 0.00000, 0.00000, 0.00000, 0.00000, 0.00000, 0.00000, 0.94766, 0.00000, 9.06739, -8.06739, 0.00000, 0.00000
0.00000, 4.83686, -0.87622, 4.91558, 1.57080, 1.75001, 0.00000, 0.00000, 0.00000, 0.00000, 0.00000, 0.00000, 1.08598, 0.00000, 1.22879, -0.22879, 0.00000, 0.00000
0.78579, 4.35121, -2.14766, 4.91558, 1.39213, 2.02296, 1.00000, 453311.00000, 453311.00000, 453311.00000, 0.00000, 0.00000, 1.08598, 0.25627, 1.45965, -0.71592, 1.00000, 0.00000
-0.78579, 4.35121, -2.14766, 4.91558, 1.74946, 2.02296, 1.00000, 301706.00000, 301706.00000, 301706.00000, 0.00000, 0.00000, 1.08598, -0.52573, 2.99442, -1.46868, 0.00000, 1.00000
0.00000, 4.58794, -1.75244, 4.91123, 1.57080, 1.93566, 1.00000, 254355.00000, 254355.00000, 254355.00000, 0.00000, 0.00000, 1.14286, 0.00000, 1.61803, -0.61803, 0.00000, 1.00000
-2.75567, 4.02561, -0.70086, 4.92853, 2.17107, 1.71348, 3.00000, 360203.00000, 181984.00000, 277583.66667, 5377913186.88889, 73334.25657, 0.90081, -6.49176, 9.35336, -1.86160, 1.00000, 0.00000
-2.21782, 3.93313, -1.97536, 4.92852, 2.08423, 1.98319, 1.00000, 272690.00000, 272690.00000, 272690.00000, 0.00000, 0.00000, 0.91102, 6.05607, -10.56672, 5.51065, 1.00000, 0.00000
-3.48430, 3.15040, -1.49161, 4.92852, 2.40648, 1.87827, 3.00000, 217754.00000, 118616.00000, 170821.33333, 1651957680.88889, 40644.28227, 0.91102, 1.82322, -1.63909, 0.81587, 1.00000, 0.00000
-2.85909, 3.75484, -1.40973, 4.92550, 2.22158, 1.86107, 5.00000, 432448.00000, 112863.00000, 279187.80000, 11927876347.76000, 109214.81744, 0.94766, 7.02665, -9.32863, 3.30198, 1.00000, 0.00000
-1.49161, 3.48430, -3.15040, 4.92852, 1.97528, 2.26428, 1.00000, 305761.00000, 305761.00000, 305761.00000, 0.00000, 0.00000, 0.91102, 1.29147, -2.88604, 2.59457, 1.00000, 0.00000
-0.70086, 2.75567, -4.02561, 4.92853, 1.81985, 2.52663, 0.00000, 0.00000, 0.00000, 0.00000, 0.00000, 0.00000, 0.90081, 0.39414, -1.37444, 1.98030, 0.00000, 0.00000
-1.97536, 2.21782, -3.93313, 4.92852, 2.29844, 2.49482, 2.00000, 341232.00000, 143697.00000, 242464.50000, 9755019056.25000, 98767.50000, 0.91102, 0.54989, -0.60432, 1.05443, 1.00000, 0.00000
-1.40973, 2.85909, -3.75484, 4.92550, 2.02888, 2.43770, 2.00000, 459959.00000, 117416.00000, 288687.50000, 29333926712.25000, 171271.50000, 0.94766, 0.58922, -1.25387, 1.66465, 1.00000, 0.00000
-3.93313, 1.97536, -2.21782, 4.92852, 2.67616, 2.03756, 10.00000, 432254.00000, 81317.00000, 243612.60000, 20344222678.84000, 142633.17524, 0.91102, 0.95092, -0.49591, 0.54500, 0.90000, 0.10000
-3.15040, 1.49161, -3.48430, 4.92852, 2.69940, 2.35600, 4.00000, 257721.00000, 107365.00000, 189022.00000, 3540811267.50000, 59504.71635, 0.91102, 0.61936, -0.30829, 0.68893, 1.00000, 0.00000
-4.02561, 0.70086, -2.75567, 4.92853, 2.96922, 2.16413, 9.00000, 405402.00000, 70655.00000, 197869.00000, 16657162350.88889, 129062.62957, 0.90081, 0.66888, -0.13313, 0.46424, 1.00000, 0.00000
-3.75484, 1.40973, -2.85909, 4.92550, 2.78243, 2.19010, 11.00000, 447122.00000, 37737.00000, 193708.27273, 14696178002.74380, 121227.79385, 0.94766, 0.71466, -0.25296, 0.53830, 1.00000, 0.00000
-2.20355, 3.47499, -2.68919, 4.91558, 2.13592, 2.14966, 2.00000, 328412.00000, 243961.00000, 286186.50000, 1782992850.25000, 42225.50000, 1.08598, 1.52573, -2.37638, 1.85065, 0.50000, 0.50000
-2.68919, 2.20355, -3.47499, 4.91558, 2.45513, 2.35595, 0.00000, 0.00000, 0.00000, 0.00000, 0.00000, 0.00000, 1.08598, 0.68510, -0.56481, 0.87972, 0.00000, 0.00000
-3.47499, 2.68919, -2.20355, 4.91558, 2.48299, 2.03563, 3.00000, 380043.00000, 208009.00000, 276039.00000, 5579680530.66667, 74697.25919, 1.08598, 1.15838, -0.90211, 0.74373, 1.00000, 0.00000
-2.83550, 2.83550, -2.83550, 4.91123, 2.35619, 2.18628, 3.00000, 325714.00000, 78856.00000, 173352.66667, 11830638518.22222, 108768.73870, 1.14286, 1.00000, -1.00000, 1.00000, 1.00000, 0.00000
-3.18882, 3.75791, 0.00000, 4.92853, 2.27446, 1.57080, 3.00000, 410229.00000, 238392.00000, 313317.66667, 5163010530.88889, 71854.09196, 0.90081, -7.64229, 8.64229, 0.00000, 1.00000, 0.00000
-3.92241, 2.87963, -0.78273, 4.92852, 2.50831, 1.73029, 5.00000, 479666.00000, 106571.00000, 322717.20000, 19200519619.36000, 138565.93961, 0.91102, 2.07817, -1.48153, 0.40335, 1.00000, 0.00000
-3.92241, 2.87963, 0.78273, 4.92852, 2.50831, 1.41130, 7.00000, 409637.00000, 190833.00000, 343625.85714, 5395256300.12245, 73452.40840, 0.91102, 10.75154, -7.66476, -2.08678, 0.57143, 0.42857
-3.73035, 3.21637, 0.00000, 4.92550, 2.43005, 1.57080, 2.00000, 324624.00000, 276902.00000, 300763.00000, 569347321.00000, 23861.00000, 0.94766, 9.06739, -8.06739, -0.00000, 1.00000, 0.00000
-4.37124, 1.70460, -1.50894, 4.92852, 2.76977, 1.88196, 13.00000, 467226.00000, 50877.00000, 249565.76923, 18926506113.10059, 137573.63887, 0.91102, 1.06961, -0.42255, 0.35294, 0.84615, 0.15385
-4.45876, 0.43315, -2.05481, 4.92853, 3.04475, 2.00085, 15.00000, 459717.00000, 38208.00000, 172695.60000, 14300442702.90667, 119584.45845, 0.90081, 0.75116, -0.08228, 0.33112, 0.93333, 0.06667
-4.85499, 0.43811, -0.72621, 4.92852, 3.05160, 1.71868, 29.00000, 428463.00000, 24259.00000, 128801.27586, 13297000871.92390, 115312.62234, 0.91102, 0.96230, -0.09634, 0.13403, 1.00000, 0.00000
-4.62611, 0.87126, -1.44936, 4.92550, 2.95544, 1.86947, 21.00000, 372931.00000, 38779.00000, 164391.90476, 11098432464.94331, 105349.09807, 0.94766, 0.87099, -0.15634, 0.28534, 0.95238, 0.04762
-4.37124, 1.70460, 1.50894, 4.92852, 2.76977, 1.25963, 18.00000, 495572.00000, 40470.00000, 159942.33333, 14094580549.77778, 118720.59868, 0.91102, 3.63662, -1.43665, -1.19997, 0.83333, 0.16667
-4.85499, 0.43811, 0.72621, 4.92852, 3.05160, 1.42291, 42.00000, 413880.00000, 20934.00000, 141209.97619, 12197495525.78515, 110442.27237, 0.91102, 1.31474, -0.13162, -0.18312, 0.97619, 0.02381
-4.45876, 0.43315, 2.05481, 4.92853, 3.04475, 1.14074, 38.00000, 499460.00000, 17828.00000, 161007.10526, 17614427153.46260, 132719.35486, 0.90081, 2.22389, -0.24359, -0.98030, 0.92105, 0.07895
-4.62611, 0.87126, 1.44936, 4.92550, 2.95544, 1.27212, 27.00000, 487620.00000, 35621.00000, 155521.14815, 15791336229.90398, 125663.58355, 0.94766, 2.02881, -0.36416, -0.66465, 0.85185, 0.14815
-4.35121, 2.14766, -0.78579, 4.91558, 2.68310, 1.73134, 11.00000, 497903.00000, 86936.00000, 249306.90909, 14463150235.71901, 120262.83813, 1.08598, 1.45965, -0.71592, 0.25627, 0.90909, 0.09091
-4.83686, 0.87622, 0.00000, 4.91558, 2.96238, 1.57080, 21.00000, 467829.00000, 25071.00000, 181939.76190, 11051040476.65760, 105123.92913, 1.08598, 1.22879, -0.22879, -0.00000, 1.00000, 0.00000
-4.35121, 2.14766, 0.78579, 4.91558, 2.68310, 1.41025, 6.00000, 279483.00000, 46559.00000, 153642.66667, 4853504351.22222, 69667.09662, 1.08598, 2.99442, -1.46868, -0.52573, 1.00000, 0.00000
-4.58794, 1.75244, 0.00000, 4.91123, 2.77673, 1.57080, 7.00000, 325629.00000, 67351.00000, 182844.42857, 9369821513.10204, 96797.83837, 1.14286, 1.61803, -0.61803, -0.00000, 1.00000, 0.00000
2.75567, 4.02561, 0.70086, 4.92853, 0.97053, 1.42811, 1.00000, 435769.00000, 435769.00000, 435769.00000, 0.00000, 0.00000, 0.90081, 0.36663, 0.52824, 0.10514, 0.00000, 1.00000
2.21782, 3.93313, 1.97536, 4.92852, 1.05736, 1.15840, 2.00000, 419251.00000, 324136.00000, 371693.50000, 2261715806.25000, 47557.50000, 0.91102, 0.27362, 0.47741, 0.24897, 0.00000, 1.00000
3.48430, 3.15040, 1.49161, 4.92852, 0.73511, 1.26333, 3.00000, 346881.00000, 200261.00000, 262156.00000, 3843508516.66667, 61996.03630, 0.91102, 0.42617, 0.38313, 0.19070, 0.00000, 1.00000
2.85909, 3.75484, 1.40973, 4.92550, 0.92001, 1.28053, 0.00000, 0.00000, 0.00000, 0.00000, 0.00000, 0.00000, 0.94766, 0.35746, 0.47456, 0.16798, 0.00000, 0.00000
1.49161, 3.48430, 3.15040, 4.92852, 1.16631, 0.87732, 4.00000, 491907.00000, 148933.00000, 358825.75000, 19506096742.68750, 139664.22857, 0.91102, 0.19070, 0.42617, 0.38313, 0.00000, 1.00000
0.70086, 2.75567, 4.02561, 4.92853, 1.32174, 0.61496, 7.00000, 435402.00000, 89229.00000, 292225.28571, 11580777253.34694, 107614.01978, 0.90081, 0.10514, 0.36663, 0.52824, 0.14286, 0.85714
1.97536, 2.21782, 3.93313, 4.92852, 0.84316, 0.64677, 16.00000, 453944.00000, 55385.00000, 275238.31250, 11631511792.46484, 107849.48675, 0.91102, 0.24897, 0.27362, 0.47741, 0.00000, 1.00000
1.40973, 2.85909, 3.75484, 4.92550, 1.11271, 0.70390, 5.00000, 445197.00000, 115070.00000, 277940.40000, 11579857280.24000, 107609.74528, 0.94766, 0.16798, 0.35746, 0.47456, 0.20000, 0.80000
3.93313, 1.97536, 2.21782, 4.92852, 0.46544, 1.10403, 7.00000, 434005.00000, 111662.00000, 298694.42857, 16373812520.24490, 127960.19897, 0.91102, 0.47741, 0.24897, 0.27362, 0.00000, 1.00000
3.15040, 1.49161, 3.48430, 4.92852, 0.44220, 0.78559, 10.00000, 365755.00000, 74574.00000, 172201.10000, 6333733492.69000, 79584.75666, 0.91102, 0.38313, 0.19070, 0.42617, 0.00000, 1.00000
4.02561, 0.70086, 2.75567, 4.92853, 0.17237, 0.97747, 5.00000, 432474.00000, 209989.00000, 339273.40000, 8374910325.84000, 91514.53615, 0.90081, 0.52824, 0.10514, 0.36663, 0.00000, 1.00000
3.75484, 1.40973, 2.85909, 4.92550, 0.35916, 0.95149, 1.00000, 256944.00000, 256944.00000, 256944.00000, 0.00000, 0.00000, 0.94766, 0.47456, 0.16798, 0.35746, 0.00000, 1.00000
2.20355, 3.47499, 2.68919, 4.91558, 1.00567, 0.99193, 6.00000, 498273.00000, 80610.00000, 260812.33333, 22703217223.22223, 150675.86809, 1.08598, 0.26522, 0.41309, 0.32170, 0.00000, 1.00000
2.68919, 2.20355, 3.47499, 4.91558, 0.68646, 0.78564, 11.00000, 329554.00000, 72798.00000, 190894.54545, 7894925063.88430, 88853.39084, 1.08598, 0.32170, 0.26522, 0.41309, 0.09091, 0.90909
3.47499, 2.68919, 2.20355, 4.91558, 0.65860, 1.10596, 2.00000, 394609.00000, 201294.00000, 297951.50000, 9342672306.25000, 96657.50000, 1.08598, 0.41309, 0.32170, 0.26522, 0.00000, 1.00000
2.83550, 2.83550, 2.83550, 4.91123, 0.78540, 0.95532, 4.00000, 427258.00000, 87141.00000, 215727.50000, 16885719873.25000, 129945.06483, 1.14286, 0.33333, 0.33333, 0.33333, 0.00000, 1.00000
-0.43315, 2.05481, 4.45876, 4.92853, 1.77855, 0.44016, 19.00000, 479857.00000, 64978.00000, 272331.31579, 20075721076.95291, 141688.81776, 0.90081, -0.08228, 0.33112, 0.75116, 0.15789, 0.84211
-1.70460, 1.50894, 4.37124, 4.92852, 2.41700, 0.48015, 16.00000, 479252.00000, 45737.00000, 246498.75000, 18060435177.43750, 134389.11852, 0.91102, -0.42255, 0.35294, 1.06961, 0.31250, 0.68750
-0.43811, 0.72621, 4.85499, 4.92852, 2.11363, 0.17295, 41.00000, 455376.00000, 30745.00000, 169220.02439, 15503385507.73111, 124512.59176, 0.91102, -0.09634, 0.13403, 0.96230, 0.07317, 0.92683
-0.87126, 1.44936, 4.62611, 4.92550, 2.11205, 0.35046, 20.00000, 458699.00000, 47613.00000, 195170.25000, 13537790314.88750, 116352.01036, 0.94766, -0.15634, 0.28534, 0.87099, 0.15000, 0.85000
-2.87963, 0.78273, 3.92241, 4.92852, 2.87619, 0.65037, 20.00000, 416335.00000, 53860.00000, 183668.70000, 9554301168.41000, 97746.10564, 0.91102, -1.48153, 0.40335, 2.07817, 0.50000, 0.50000
-3.75791, 0.00000, 3.18882, 4.92853, 3.14159, 0.86714, 31.00000, 429209.00000, 23288.00000, 159046.61290, 10995384988.81790, 104858.88131, 0.90081, 8.64229, -0.00000, -7.64229, 0.61290, 0.38710
-2.87963, -0.78273, 3.92241, 4.92852, -2.87619, 0.65037, 54.00000, 471414.00000, 22867.00000, 182093.29630, 15208100072.28258, 123321.12582, 0.91102, -7.66476, -2.08678, 10.75154, 0.42593, 0.57407
-3.21637, 0.00000, 3.73035, 4.92550, 3.14159, 0.71154, 24.00000, 463136.00000, 41736.00000, 228737.00000, 16835305285.50000, 129750.93559, 0.94766, -8.06739, 0.00000, 9.06739, 0.45833, 0.54167
-0.43811, -0.72621, 4.85499, 4.92852, -2.11363, 0.17295, 78.00000, 477934.00000, 13955.00000, 125037.23077, 12116070011.58777, 110073.02127, 0.91102, -0.13162, -0.18312, 1.31474, 0.08974, 0.91026
-1.70460, -1.50894, 4.37124, 4.92852, -2.41700, 0.48015, 89.00000, 487251.00000, 17298.00000, 141612.00000, 13765385205.43820, 117325.97839, 0.91102, -1.43665, -1.19997, 3.63662, 0.16854, 0.83146
-0.43315, -2.05481, 4.45876, 4.92853, -1.77855, 0.44016, 93.00000, 457586.00000, 12420.00000, 116914.09677, 11973082585.80784, 109421.58190, 0.90081, -0.24359, -0.98030, 2.22389, 0.13978, 0.86022
-0.87126, -1.44936, 4.62611, 4.92550, -2.11205, 0.35046, 60.00000, 355876.00000, 17211.00000, 110296.11667, 7325973752.66972, 85591.90238, 0.94766, -0.36416, -0.66465, 2.02881, 0.13333, 0.86667
-2.14766, 0.78579, 4.35121, 4.91558, 2.79084, 0.48390, 23.00000, 412079.00000, 25836.00000, 208648.82609, 10357232087.27410, 101770.48731, 1.08598, -0.71592, 0.25627, 1.45965, 0.21739, 0.78261
-2.14766, -0.78579, 4.35121, 4.91558, -2.79084, 0.48390, 40.00000, 434366.00000, 32294.00000, 152120.30000, 13180255195.56000, 114805.29254, 1.08598, -1.46868, -0.52573, 2.99442, 0.17500, 0.82500
-0.87622, 0.00000, 4.83686, 4.91558, 3.14159, 0.17921, 33.00000, 480748.00000, 27086.00000, 156897.51515, 14979151008.00735, 122389.34189, 1.08598, -0.22879, 0.00000, 1.22879, 0.15152, 0.84848
-1.75244, 0.00000, 4.58794, 4.91123, 3.14159, 0.36486, 34.00000, 460398.00000, 23962.00000, 161366.47059, 12977575867.77855, 113919.16374, 1.14286, -0.61803, 0.00000, 1.61803, 0.17647, 0.82353
-4.45876, -0.43315, 2.05481, 4.92853, -3.04475, 1.14074, 64.00000, 441658.00000, 12414.00000, 101819.95312, 7006317578.76343, 83703.74889, 0.90081, 1.49537, 0.16379, -0.65917, 0.95312, 0.04688
-4.85499, -0.43811, 0.72621, 4.92852, -3.05160, 1.42291, 61.00000, 414293.00000, 11552.00000, 99305.72131, 9204015684.13545, 95937.56138, 0.91102, 1.04077, 0.10419, -0.14496, 0.96721, 0.03279
-4.37124, -1.70460, 1.50894, 4.92852, -2.76977, 1.25963, 135.00000, 491288.00000, 8844.00000, 97551.79259, 10894093370.60884, 104374.77363, 0.91102, 0.93889, 0.37091, -0.30980, 0.92593, 0.07407
-4.62611, -0.87126, 1.44936, 4.92550, -2.95544, 1.27212, 77.00000, 493471.00000, 7665.00000, 110804.51948, 12329130331.08079, 111036.61707, 0.94766, 1.17386, 0.21070, -0.38457, 0.93506, 0.06494
-4.85499, -0.43811, -0.72621, 4.92852, -3.05160, 1.71868, 63.00000, 495512.00000, 13612.00000, 133727.82540, 14619995020.27110, 120913.17141, 0.91102, 0.80685, 0.08077, 0.11238, 0.92063, 0.07937
-4.45876, -0.43315, -2.05481, 4.92853, -3.04475, 2.00085, 22.00000, 478841.00000, 21384.00000, 153310.36364, 14746936210.04959, 121436.96394, 0.90081, 0.64502, 0.07065, 0.28433, 1.00000, 0.00000
-4.37124, -1.70460, -1.50894, 4.92852, -2.76977, 1.88196, 73.00000, 405433.00000, 12156.00000, 110395.82192, 8564276967.57103, 92543.37884, 0.91102, 0.57970, 0.22901, 0.19128, 0.97260, 0.02740
-4.62611, -0.87126, -1.44936, 4.92550, -2.95544, 1.86947, 46.00000, 417500.00000, 22129.00000, 120033.02174, 10262131402.23866, 101302.17866, 0.94766, 0.66353, 0.11910, 0.21738, 0.97826, 0.02174
-3.92241, -2.87963, 0.78273, 4.92852, -2.50831, 1.41130, 169.00000, 480330.00000, 5835.00000, 66026.85207, 8613713930.76510, 92810.09606, 0.91102, 0.65841, 0.46938, -0.12779, 0.95858, 0.04142
-3.92241, -2.87963, -0.78273, 4.92852, -2.50831, 1.73029, 149.00000, 487536.00000, 5050.00000, 79368.69799, 8264871865.88865, 90911.34069, 0.91102, 0.52439, 0.37383, 0.10178, 0.97987, 0.02013
-3.18882, -3.75791, 0.00000, 4.92853, -2.27446, 1.57080, 144.00000, 404892.00000, 6297.00000, 78247.31250, 7986579010.21484, 89367.66199, 0.90081, 0.46930, 0.53070, 0.00000, 0.93056, 0.06944
-3.73035, -3.21637, 0.00000, 4.92550, -2.43005, 1.57080, 171.00000, 497282.00000, 5407.00000, 67597.91228, 9062811153.48354, 95198.79807, 0.94766, 0.52918, 0.47082, -0.00000, 0.97661, 0.02339
-4.83686, -0.87622, 0.00000, 4.91558, -2.96238, 1.57080, 76.00000, 481483.00000, 10840.00000, 133020.76316, 16030902406.89127, 126613.19997, 1.08598, 0.84303, 0.15697, -0.00000, 0.93421, 0.06579
-4.35121, -2.14766, -0.78579, 4.91558, -2.68310, 1.73134, 88.00000, 363115.00000, 7172.00000, 74293.26136, 6231330756.64760, 78938.77854, 1.08598, 0.60022, 0.29439, 0.10538, 0.98864, 0.01136
-4.35121, -2.14766, 0.78579, 4.91558, -2.68310, 1.41025, 141.00000, 479259.00000, 5711.00000, 69946.37589, 8448860310.33389, 91917.68225, 1.08598, 0.76051, 0.37301, -0.13352, 0.97872, 0.02128
-4.58794, -1.75244, 0.00000, 4.91123, -2.77673, 1.57080, 129.00000, 370260.00000, 7378.00000, 64336.45736, 4972008125.17841, 70512.46787, 1.14286, 0.72361, 0.27639, -0.00000, 0.98450, 0.01550
-3.75791, 0.00000, -3.18882, 4.92853, 3.14159, 2.27446, 7.00000, 467231.00000, 84748.00000, 226069.42857, 19670641060.53061, 140252.06259, 0.90081, 0.53070, -0.00000, 0.46930, 1.00000, 0.00000
-2.87963, 0.78273, -3.92241, 4.92852, 2.87619, 2.49122, 4.00000, 478478.00000, 158626.00000, 250094.25000, 17732782276.18750, 133164.49330, 0.91102, 0.46938, -0.12779, 0.65841, 0.75000, 0.25000
-2.87963, -0.78273, -3.92241, 4.92852, -2.87619, 2.49122, 14.00000, 490565.00000, 38221.00000, 236526.85714, 22344915994.97959, 149482.15945, 0.91102, 0.37383, 0.10178, 0.52439, 1.00000, 0.00000
-3.21637, 0.00000, -3.73035, 4.92550, 3.14159, 2.43005, 7.00000, 498610.00000, 62816.00000, 244550.14286, 30059578820.40816, 173376.98469, 0.94766, 0.47082, 0.00000, 0.52918, 1.00000, 0.00000
-1.70460, 1.50894, -4.37124, 4.92852, 2.41700, 2.66145, 0.00000, 0.00000, 0.00000, 0.00000, 0.00000, 0.00000, 0.91102, 0.37091, -0.30980, 0.93889, 0.00000, 0.00000
-0.43315, 2.05481, -4.45876, 4.92853, 1.77855, 2.70143, 4.00000, 441404.00000, 308453.00000, 377112.75000, 3554540536.18750, 59619.96760, 0.90081, 0.16379, -0.65917, 1.49537, 0.75000, 0.25000
-0.43811, 0.72621, -4.85499, 4.92852, 2.11363, 2.96865, 2.00000, 357556.00000, 304944.00000, 331250.00000, 692005636.00000, 26306.00000, 0.91102, 0.10419, -0.14496, 1.04077, 1.00000, 0.00000
-0.87126, 1.44936, -4.62611, 4.92550, 2.11205, 2.79113, 3.00000, 433619.00000, 248397.00000, 312972.66667, 7289824710.88889, 85380.47031, 0.94766, 0.21070, -0.38457, 1.17386, 1.00000, 0.00000
-1.70460, -1.50894, -4.37124, 4.92852, -2.41700, 2.66145, 5.00000, 498663.00000, 192872.00000, 343146.60000, 13097972233.04000, 114446.37274, 0.91102, 0.22901, 0.19128, 0.57970, 0.80000, 0.20000
-0.43811, -0.72621, -4.85499, 4.92852, -2.11363, 2.96865, 3.00000, 344831.00000, 317503.00000, 328478.00000, 138931372.66667, 11786.91532, 0.91102, 0.08077, 0.11238, 0.80685, 1.00000, 0.00000
-0.43315, -2.05481, -4.45876, 4.92853, -1.77855, 2.70143, 3.00000, 328038.00000, 132022.00000, 199672.33333, 8246887893.55555, 90812.37742, 0.90081, 0.07065, 0.28433, 0.64502, 1.00000, 0.00000
-0.87126, -1.44936, -4.62611, 4.92550, -2.11205, 2.79113, 3.00000, 408674.00000, 161342.00000, 258522.33333, 11598500781.55556, 107696.33597, 0.94766, 0.11910, 0.21738, 0.66353, 1.00000, 0.00000
-2.14766, 0.78579, -4.35121, 4.91558, 2.79084, 2.65769, 3.00000, 377525.00000, 72562.00000, 225558.33333, 15500935334.88889, 124502.75232, 1.08598, 0.37301, -0.13352, 0.76051, 1.00000, 0.00000
-0.87622, 0.00000, -4.83686, 4.91558, 3.14159, 2.96238, 3.00000, 317802.00000, 136026.00000, 201644.00000, 6784231496.00000, 82366.44642, 1.08598, 0.15697, 0.00000, 0.84303, 1.00000, 0.00000
-2.14766, -0.78579, -4.35121, 4.91558, -2.79084, 2.65769, 7.00000, 316274.00000, 82227.00000, 175385.42857, 6264256519.67347, 79147.05629, 1.08598, 0.29439, 0.10538, 0.60022, 1.00000, 0.00000
-1.75244, 0.00000, -4.58794, 4.91123, 3.14159, 2.77673, 2.00000, 279853.00000, 68438.00000, 174145.50000, 11174075556.25000, 105707.50000, 1.14286, 0.27639, 0.00000, 0.72361, 0.50000, 0.50000
0.70086, 2.75567, -4.02561, 4.92853, 1.32174, 2.52663, 0.00000, 0.00000, 0.00000, 0.00000, 0.00000, 0.00000, 0.90081, -1.86160, -6.49176, 9.35336, 0.00000, 0.00000
1.49161, 3.48430, -3.15040, 4.92852, 1.16631, 2.26428, 0.00000, 0.00000, 0.00000, 0.00000, 0.00000, 0.00000, 0.91102, 0.81587, 1.82322, -1.63909, 0.00000, 0.00000
1.97536, 2.21782, -3.93313, 4.92852, 0.84316, 2.49482, 1.00000, 377653.00000, 377653.00000, 377653.00000, 0.00000, 0.00000, 0.91102, 5.51065, 6.05607, -10.56672, 0.00000, 1.00000
1.40973, 2.85909, -3.75484, 4.92550, 1.11271, 2.43770, 0.00000, 0.00000, 0.00000, 0.00000, 0.00000, 0.00000, 0.94766, 3.30198, 7.02665, -9.32863, 0.00000, 0.00000
2.21782, 3.93313, -1.97536, 4.92852, 1.05736, 1.98319, 0.00000, 0.00000, 0.00000, 0.00000, 0.00000, 0.00000, 0.91102, 0.54500, 0.95092, -0.49591, 0.00000, 0.00000
2.75567, 4.02561, -0.70086, 4.92853, 0.97053, 1.71348, 0.00000, 0.00000, 0.00000, 0.00000, 0.00000, 0.00000, 0.90081, 0.46424, 0.66888, -0.13313, 0.00000, 0.00000
3.48430, 3.15040, -1.49161, 4.92852, 0.73511, 1.87827, 2.00000, 456280.00000, 400052.00000, 428166.00000, 790396996.00000, 28114.00000, 0.91102, 0.68893, 0.61936, -0.30829, 0.00000, 1.00000
2.85909, 3.75484, -1.40973, 4.92550, 0.92001, 1.86107, 0.00000, 0.00000, 0.00000, 0.00000, 0.00000, 0.00000, 0.94766, 0.53830, 0.71466, -0.25296, 0.00000, 0.00000
3.15040, 1.49161, -3.48430, 4.92852, 0.44220, 2.35600, 0.00000, 0.00000, 0.00000, 0.00000, 0.00000, 0.00000, 0.91102, 2.59457, 1.29147, -2.88604, 0.00000, 0.00000
3.93313, 1.97536, -2.21782, 4.92852, 0.46544, 2.03756, 1.00000, 481717.00000, 481717.00000, 481717.00000, 0.00000, 0.00000, 0.91102, 1.05443, 0.54989, -0.60432, 1.00000, 0.00000
4.02561, 0.70086, -2.75567, 4.92853, 0.17237, 2.16413, 0.00000, 0.00000, 0.00000, 0.00000, 0.00000, 0.00000, 0.90081, 1.98030, 0.39414, -1.37444, 0.00000, 0.00000
3.75484, 1.40973, -2.85909, 4.92550, 0.35916, 2.19010, 1.00000, 352255.00000, 352255.00000, 352255.00000, 0.00000, 0.00000, 0.94766, 1.66465, 0.58922, -1.25387, 1.00000, 0.00000
2.20355, 3.47499, -2.68919, 4.91558, 1.00567, 2.14966, 1.00000, 239769.00000, 239769.00000, 239769.00000, 0.00000, 0.00000, 1.08598, 0.74373, 1.15838, -0.90211, 0.00000, 1.00000
3.47499, 2.68919, -2.20355, 4.91558, 0.65860, 2.03563, 1.00000, 204750.00000, 204750.00000, 204750.00000, 0.00000, 0.00000, 1.08598, 0.87972, 0.68510, -0.56481, 0.00000, 1.00000
2.68919, 2.20355, -3.47499, 4.91558, 0.68646, 2.35595, 0.00000, 0.00000, 0.00000, 0.00000, 0.00000, 0.00000, 1.08598, 1.85065, 1.52573, -2.37638, 0.00000, 0.00000
2.83550, 2.83550, -2.83550, 4.91123, 0.78540, 2.18628, 0.00000, 0.00000, 0.00000, 0.00000, 0.00000, 0.00000, 1.14286, 1.00000, 1.00000, -1.00000, 0.00000, 0.00000
2.75567, -4.02561, 0.70086, 4.92853, -0.97053, 1.42811, 15.00000, 486282.00000, 39305.00000, 239293.80000, 24078903941.76000, 155173.78626, 0.90081, -6.49176, 9.35336, -1.86160, 0.20000, 0.80000
3.48430, -3.15040, 1.49161, 4.92852, -0.73511, 1.26333, 23.00000, 472678.00000, 36128.00000, 219951.73913, 14249349480.97542, 119370.63911, 0.91102, 1.82322, -1.63909, 0.81587, 0.04348, 0.95652
2.21782, -3.93313, 1.97536, 4.92852, -1.05736, 1.15840, 42.00000, 436405.00000, 26854.00000, 177757.97619, 13903939014.64229, 117914.96519, 0.91102, 6.05607, -10.56672, 5.51065, 0.16667, 0.83333
2.85909, -3.75484, 1.40973, 4.92550, -0.92001, 1.28053, 21.00000, 496546.00000, 37330.00000, 204311.04762, 17523319706.14059, 132375.67641, 0.94766, 7.02665, -9.32863, 3.30198, 0.19048, 0.80952
3.93313, -1.97536, 2.21782, 4.92852, -0.46544, 1.10403, 30.00000, 409556.00000, 50656.00000, 184432.73333, 8040518775.59556, 89668.93986, 0.91102, 0.95092, -0.49591, 0.54500, 0.06667, 0.93333
4.02561, -0.70086, 2.75567, 4.92853, -0.17237, 0.97747, 20.00000, 348116.00000, 35475.00000, 171107.60000, 10686648249.04000, 103376.24606, 0.90081, 0.66888, -0.13313, 0.46424, 0.00000, 1.00000
3.15040, -1.49161, 3.48430, 4.92852, -0.44220, 0.78559, 42.00000, 416495.00000, 18969.00000, 149171.07143, 9752834342.97109, 98756.43950, 0.91102, 0.61936, -0.30829, 0.68893, 0.00000, 1.00000
3.75484, -1.40973, 2.85909, 4.92550, -0.35916, 0.95149, 24.00000, 450557.00000, 51679.00000, 173480.20833, 12668526591.49827, 112554.54940, 0.94766, 0.71466, -0.25296, 0.53830, 0.04167, 0.95833
1.49161, -3.48430, 3.15040, 4.92852, -1.16631, 0.87732, 78.00000, 400305.00000, 18746.00000, 136646.91026, 10584765641.23553, 102882.29022, 0.91102, 1.29147, -2.88604, 2.59457, 0.05128, 0.94872
1.97536, -2.21782, 3.93313, 4.92852, -0.84316, 0.64677, 83.00000, 491533.00000, 7285.00000, 128383.27711, 10754913460.89911, 103705.89887, 0.91102, 0.54989, -0.60432, 1.05443, 0.04819, 0.95181
0.70086, -2.75567, 4.02561, 4.92853, -1.32174, 0.61496, 104.00000, 485605.00000, 8992.00000, 121067.75962, 12444309009.33644, 111554.06317, 0.90081, 0.39414, -1.37444, 1.98030, 0.05769, 0.94231
1.40973, -2.85909, 3.75484, 4.92550, -1.11271, 0.70390, 77.00000, 474357.00000, 11695.00000, 109747.50649, 9887034677.54866, 99433.56917, 0.94766, 0.58922, -1.25387, 1.66465, 0.09091, 0.90909
3.47499, -2.68919, 2.20355, 4.91558, -0.65860, 1.10596, 20.00000, 308083.00000, 34239.00000, 123090.05000, 4606681440.44750, 67872.53819, 1.08598, 1.15838, -0.90211, 0.74373, 0.05000, 0.95000
2.68919, -2.20355, 3.47499, 4.91558, -0.68646, 0.78564, 29.00000, 408665.00000, 31044.00000, 135704.10345, 9410629285.33413, 97008.39801, 1.08598, 0.68510, -0.56481, 0.87972, 0.03448, 0.96552
2.20355, -3.47499, 2.68919, 4.91558, -1.00567, 0.99193, 32.00000, 498979.00000, 22407.00000, 172049.78125, 16170016440.92090, 127161.37952, 1.08598, 1.52573, -2.37638, 1.85065, 0.15625, 0.84375
2.83550, -2.83550, 2.83550, 4.91123, -0.78540, 0.95532, 27.00000, 398845.00000, 34369.00000, 171169.48148, 11962106475.95336, 109371.41526, 1.14286, 1.00000, -1.00000, 1.00000, 0.11111, 0.88889
2.05481, -4.45876, 0.43315, 4.92853, -1.13896, 1.48280, 15.00000, 472859.00000, 39018.00000, 214571.66667, 18814683229.68889, 137166.62579, 0.90081, -0.98030, 2.22389, -0.24359, 0.33333, 0.66667
1.50894, -4.37124, 1.70460, 4.92852, -1.23841, 1.21764, 41.00000, 486021.00000, 34153.00000, 195318.26829, 17327823369.22070, 131635.19047, 0.91102, -1.19997, 3.63662, -1.43665, 0.17073, 0.82927
0.72621, -4.85499, 0.43811, 4.92852, -1.42232, 1.48179, 23.00000, 372700.00000, 45288.00000, 165742.17391, 9876986753.62193, 99383.03051, 0.91102, -0.18312, 1.31474, -0.13162, 0.34783, 0.65217
1.44936, -4.62611, 0.87126, 4.92550, -1.26718, 1.39297, 23.00000, 462128.00000, 40146.00000, 209624.91304, 17997296527.20983, 134154.00302, 0.94766, -0.66465, 2.02881, -0.36416, 0.34783, 0.65217
0.78273, -3.92241, 2.87963, 4.92852, -1.37383, 0.94680, 72.00000, 428175.00000, 13545.00000, 124029.05556, 9765323247.96914, 98819.65011, 0.91102, -2.08678, 10.75154, -7.66476, 0.11111, 0.88889
0.00000, -3.18882, 3.75791, 4.92853, -1.57080, 0.70366, 84.00000, 415763.00000, 16946.00000, 119813.91667, 10732765893.76686, 103599.06319, 0.90081, 0.00000, -7.64229, 8.64229, 0.16667, 0.83333
-0.78273, -3.92241, 2.87963, 4.92852, -1.76776, 0.94680, 80.00000, 489357.00000, 20189.00000, 156120.98750, 13350898202.38734, 115546.08692, 0.91102, 0.40335, 2.07817, -1.48153, 0.41250, 0.58750
0.00000, -3.73035, 3.21637, 4.92550, -1.57080, 0.85925, 73.00000, 487730.00000, 13413.00000, 125874.23288, 12105071545.35673, 110023.05006, 0.94766, -0.00000, 9.06739, -8.06739, 0.21918, 0.78082
-0.72621, -4.85499, 0.43811, 4.92852, -1.71928, 1.48179, 52.00000, 473583.00000, 32360.00000, 176626.94231, 15804232944.36205, 125714.88752, 0.91102, 0.13403, 0.96230, -0.09634, 0.51923, 0.48077
-1.50894, -4.37124, 1.70460, 4.92852, -1.90319, 1.21764, 86.00000, 498888.00000, 13131.00000, 142547.91860, 16261162774.60966, 127519.26433, 0.91102, 0.35294, 1.06961, -0.42255, 0.56977, 0.43023
-2.05481, -4.45876, 0.43315, 4.92853, -2.00263, 1.48280, 81.00000, 440591.00000, 8454.00000, 89306.60494, 7611946012.04146, 87246.46705, 0.90081, 0.33112, 0.75116, -0.08228, 0.86420, 0.13580
-1.44936, -4.62611, 0.87126, 4.92550, -1.87441, 1.39297, 50.00000, 393693.00000, 20837.00000, 142476.60000, 11388536927.04000, 106717.08826, 0.94766, 0.28534, 0.87099, -0.15634, 0.72000, 0.28000
0.78579, -4.35121, 2.14766, 4.91558, -1.39213, 1.11864, 25.00000, 350592.00000, 22306.00000, 166080.56000, 10805015378.00640, 103947.17590, 1.08598, -0.52573, 2.99442, -1.46868, 0.40000, 0.60000
-0.78579, -4.35121, 2.14766, 4.91558, -1.74946, 1.11864, 56.00000, 498543.00000, 25330.00000, 139975.91071, 13823452007.04560, 117573.17724, 1.08598, 0.25627, 1.45965, -0.71592, 0.50000, 0.50000
0.00000, -4.83686, 0.87622, 4.91558, -1.57080, 1.39159, 30.00000, 492472.00000, 44973.00000, 217801.20000, 22152055936.76000, 148835.66756, 1.08598, -0.00000, 1.22879, -0.22879, 0.43333, 0.56667
0.00000, -4.58794, 1.75244, 4.91123, -1.57080, 1.20593, 48.00000, 476209.00000, 25724.00000, 138284.10417, 9201791126.34332, 95925.96690, 1.14286, -0.00000, 1.61803, -0.61803, 0.22917, 0.77083
2.05481, -4.45876, -0.43315, 4.92853, -1.13896, 1.65880, 13.00000, 445301.00000, 44728.00000, 221218.76923, 20133473948.48521, 141892.47319, 0.90081, -0.65917, 1.49537, 0.16379, 0.30769, 0.69231
0.72621, -4.85499, -0.43811, 4.92852, -1.42232, 1.65981, 23.00000, 497999.00000, 32255.00000, 206302.43478, 17371366125.46314, 131800.47847, 0.91102, -0.14496, 1.04077, 0.10419, 0.69565, 0.30435
1.50894, -4.37124, -1.70460, 4.92852, -1.23841, 1.92396, 16.00000, 490829.00000, 51990.00000, 212806.93750, 16681788676.05859, 129157.99889, 0.91102, -0.30980, 0.93889, 0.37091, 0.43750, 0.56250
1.44936, -4.62611, -0.87126, 4.92550, -1.26718, 1.74862, 11.00000, 488548.00000, 75262.00000, 308243.72727, 19279934038.92562, 138852.20214, 0.94766, -0.38457, 1.17386, 0.21070, 0.63636, 0.36364
-0.72621, -4.85499, -0.43811, 4.92852, -1.71928, 1.65981, 32.00000, 487319.00000, 43137.00000, 187356.87500, 16914855130.92188, 130057.12257, 0.91102, 0.11238, 0.80685, 0.08077, 0.78125, 0.21875
-2.05481, -4.45876, -0.43315, 4.92853, -2.00263, 1.65880, 59.00000, 483810.00000, 6825.00000, 127890.67797, 16733148714.04884, 129356.67248, 0.90081, 0.28433, 0.64502, 0.07065, 0.91525, 0.08475
-1.50894, -4.37124, -1.70460, 4.92852, -1.90319, 1.92396, 44.00000, 487395.00000, 18572.00000, 139339.18182, 14424458832.55785, 120101.86856, 0.91102, 0.19128, 0.57970, 0.22901, 0.93182, 0.06818
-1.44936, -4.62611, -0.87126, 4.92550, -1.87441, 1.74862, 37.00000, 256101.00000, 12074.00000, 93323.78378, 5236951983.79109, 72366.78785, 0.94766, 0.21738, 0.66353, 0.11910, 0.89189, 0.10811
0.78273, -3.92241, -2.87963, 4.92852, -1.37383, 2.19479, 8.00000, 410276.00000, 42195.00000, 203423.75000, 15119525426.93750, 122961.47944, 0.91102, -0.12779, 0.65841, 0.46938, 1.00000, 0.00000
-0.78273, -3.92241, -2.87963, 4.92852, -1.76776, 2.19479, 20.00000, 493901.00000, 58003.00000, 211846.80000, 20544562990.56000, 143333.74687, 0.91102, 0.10178, 0.52439, 0.37383, 0.90000, 0.10000
0.00000, -3.18882, -3.75791, 4.92853, -1.57080, 2.43793, 8.00000, 425291.00000, 111387.00000, 202260.87500, 8816056118.85938, 93893.85560, 0.90081, 0.00000, 0.46930, 0.53070, 1.00000, 0.00000
0.00000, -3.73035, -3.21637, 4.92550, -1.57080, 2.28234, 5.00000, 492421.00000, 89617.00000, 204713.60000, 22967141782.64000, 151549.13983, 0.94766, -0.00000, 0.52918, 0.47082, 0.60000, 0.40000
0.00000, -4.83686, -0.87622, 4.91558, -1.57080, 1.75001, 13.00000, 449424.00000, 44883.00000, 248124.76923, 16138067736.02367, 127035.69473, 1.08598, -0.00000, 0.84303, 0.15697, 0.46154, 0.53846
-0.78579, -4.35121, -2.14766, 4.91558, -1.74946, 2.02296, 20.00000, 444319.00000, 48294.00000, 224265.80000, 15135699280.76000, 123027.22983, 1.08598, 0.10538, 0.60022, 0.29439, 0.90000, 0.10000
0.78579, -4.35121, -2.14766, 4.91558, -1.39213, 2.02296, 12.00000, 492484.00000, 118607.00000, 253696.08333, 14623515521.40972, 120927.72851, 1.08598, -0.13352, 0.76051, 0.37301, 0.33333, 0.66667
0.00000, -4.58794, -1.75244, 4.91123, -1.57080, 1.93566, 18.00000, 386866.00000, 37729.00000, 191282.77778, 8654292487.39506, 93028.44988, 1.14286, -0.00000, 0.72361, 0.27639, 0.72222, 0.27778
2.75567, -4.02561, -0.70086, 4.92853, -0.97053, 1.71348, 11.00000, 375505.00000, 53047.00000, 204661.27273, 9715378865.65289, 98566.62146, 0.90081, -1.37444, 1.98030, 0.39414, 0.36364, 0.63636
2.21782, -3.93313, -1.97536, 4.92852, -1.05736, 1.98319, 7.00000, 441380.00000, 285622.00000, 361057.42857, 2586670279.10204, 50859.31851, 0.91102, -0.60432, 1.05443, 0.54989, 0.42857, 0.57143
3.48430, -3.15040, -1.49161, 4.92852, -0.73511, 1.87827, 6.00000, 452524.00000, 82789.00000, 288132.33333, 19870572226.88889, 140963.01723, 0.91102, -2.88604, 2.59457, 1.29147, 0.50000, 0.50000
2.85909, -3.75484, -1.40973, 4.92550, -0.92001, 1.86107, 5.00000, 485992.00000, 224986.00000, 380307.40000, 9273963478.24000, 96301.41992, 0.94766, -1.25387, 1.66465, 0.58922, 0.20000, 0.80000
1.49161, -3.48430, -3.15040, 4.92852, -1.16631, 2.26428, 7.00000, 445256.00000, 92479.00000, 242124.28571, 18169516192.77551, 134794.34778, 0.91102, -0.30829, 0.68893, 0.61936, 0.57143, 0.42857
0.70086, -2.75567, -4.02561, 4.92853, -1.32174, 2.52663, 5.00000, 433568.00000, 207379.00000, 295571.80000, 5687804563.76000, 75417.53486, 0.90081, -0.13313, 0.46424, 0.66888, 1.00000, 0.00000
1.97536, -2.21782, -3.93313, 4.92852, -0.84316, 2.49482, 4.00000, 460882.00000, 179044.00000, 278327.50000, 11729575878.75000, 108303.16652, 0.91102, -0.49591, 0.54500, 0.95092, 1.00000, 0.00000
1.40973, -2.85909, -3.75484, 4.92550, -1.11271, 2.43770, 4.00000, 463652.00000, 138707.00000, 343314.50000, 16603392008.25000, 128854.15014, 0.94766, -0.25296, 0.53830, 0.71466, 1.00000, 0.00000
3.93313, -1.97536, -2.21782, 4.92852, -0.46544, 2.03756, 2.00000, 454234.00000, 327609.00000, 390921.50000, 4008472656.25000, 63312.50000, 0.91102, -10.56672, 5.51065, 6.05607, 0.50000, 0.50000
3.15040, -1.49161, -3.48430, 4.92852, -0.44220, 2.35600, 4.00000, 458132.00000, 99000.00000, 319246.00000, 17790844502.50000, 133382.32455, 0.91102, -1.63909, 0.81587, 1.82322, 1.00000, 0.00000
4.02561, -0.70086, -2.75567, 4.92853, -0.17237, 2.16413, 2.00000, 284068.00000, 278024.00000, 281046.00000, 9132484.00000, 3022.00000, 0.90081, 9.35336, -1.86160, -6.49176, 0.50000, 0.50000
3.75484, -1.40973, -2.85909, 4.92550, -0.35916, 2.19010, 3.00000, 418492.00000, 332970.00000, 366715.66667, 1381554550.88889, 37169.26890, 0.94766, -9.32863, 3.30198, 7.02665, 0.66667, 0.33333
2.20355, -3.47499, -2.68919, 4.91558, -1.00567, 2.14966, 2.00000, 223284.00000, 151930.00000, 187607.00000, 1272848329.00000, 35677.00000, 1.08598, -0.56481, 0.87972, 0.68510, 1.00000, 0.00000
2.68919, -2.20355, -3.47499, 4.91558, -0.68646, 2.35595, 4.00000, 448825.00000, 159090.00000, 305470.00000, 11949725490.50000, 109314.79996, 1.08598, -0.90211, 0.74373, 1.15838, 0.50000, 0.50000
3.47499, -2.68919, -2.20355, 4.91558, -0.65860, 2.03563, 3.00000, 314891.00000, 206324.00000, 244823.00000, 2462766462.00000, 49626.26786, 1.08598, -2.37638, 1.85065, 1.52573, 0.33333, 0.66667
2.83550, -2.83550, -2.83550, 4.91123, -0.78540, 2.18628, 6.00000, 458581.00000, 208855.00000, 327614.50000, 10864325769.25000, 104232.07649, 1.14286, -1.00000, 1.00000, 1.00000, 0.00000, 1.00000
3.18882, -3.75791, 0.00000, 4.92853, -0.86714, 1.57080, 19.00000, 466640.00000, 67643.00000, 217285.36842, 11522376826.33795, 107342.33473, 0.90081, -7.64229, 8.64229, -0.00000, 0.15789, 0.84211
3.92241, -2.87963, -0.78273, 4.92852, -0.63328, 1.73029, 9.00000, 378755.00000, 68811.00000, 210136.00000, 11282762344.44444, 106220.34807, 0.91102, 10.75154, -7.66476, -2.08678, 0.11111, 0.88889
3.92241, -2.87963, 0.78273, 4.92852, -0.63328, 1.41130, 12.00000, 416663.00000, 61268.00000, 213218.66667, 10494334960.38889, 102441.86137, 0.91102, 2.07817, -1.48153, 0.40335, 0.08333, 0.91667
3.73035, -3.21637, 0.00000, 4.92550, -0.71154, 1.57080, 16.00000, 446420.00000, 73212.00000, 230605.75000, 15269541461.31250, 123569.98609, 0.94766, 9.06739, -8.06739, 0.00000, 0.12500, 0.87500
4.37124, -1.70460, -1.50894, 4.92852, -0.37182, 1.88196, 4.00000, 486758.00000, 94784.00000, 250420.75000, 20888316250.68750, 144527.90821, 0.91102, 3.63662, -1.43665, -1.19997, 0.00000, 1.00000
4.45876, -0.43315, -2.05481, 4.92853, -0.09684, 2.00085, 2.00000, 386703.00000, 313434.00000, 350068.50000, 1342086590.25000, 36634.50000, 0.90081, 2.22389, -0.24359, -0.98030, 0.00000, 1.00000
4.85499, -0.43811, -0.72621, 4.92852, -0.09000, 1.71868, 8.00000, 458105.00000, 87646.00000, 240388.12500, 18536017056.85938, 136147.04204, 0.91102, 1.31474, -0.13162, -0.18312, 0.00000, 1.00000
4.62611, -0.87126, -1.44936, 4.92550, -0.18616, 1.86947, 1.00000, 458096.00000, 458096.00000, 458096.00000, 0.00000, 0.00000, 0.94766, 2.02881, -0.36416, -0.66465, 0.00000, 1.00000
4.37124, -1.70460, 1.50894, 4.92852, -0.37182, 1.25963, 11.00000, 364869.00000, 79144.00000, 185261.90909, 8484036118.62810, 92108.82758, 0.91102, 1.06961, -0.42255, 0.35294, 0.00000, 1.00000
4.85499, -0.43811, 0.72621, 4.92852, -0.09000, 1.42291, 5.00000, 448036.00000, 244895.00000, 360568.00000, 4488305516.00000, 66994.81708, 0.91102, 0.96230, -0.09634, 0.13403, 0.00000, 1.00000
4.45876, -0.43315, 2.05481, 4.92853, -0.09684, 1.14074, 9.00000, 368011.00000, 49463.00000, 155793.88889, 11126820303.65432, 105483.74426, 0.90081, 0.75116, -0.08228, 0.33112, 0.00000, 1.00000
4.62611, -0.87126, 1.44936, 4.92550, -0.18616, 1.27212, 12.00000, 477158.00000, 101149.00000, 292093.16667, 13042016267.63889, 114201.64739, 0.94766, 0.87099, -0.15634, 0.28534, 0.08333, 0.91667
4.35121, -2.14766, -0.78579, 4.91558, -0.45850, 1.73134, 1.00000, 166115.00000, 166115.00000, 166115.00000, 0.00000, 0.00000, 1.08598, 2.99442, -1.46868, -0.52573, 0.00000, 1.00000
4.83686, -0.87622, 0.00000, 4.91558, -0.17921, 1.57080, 5.00000, 492666.00000, 66886.00000, 215676.80000, 21169891285.36000, 145498.76730, 1.08598, 1.22879, -0.22879, 0.00000, 0.20000, 0.80000
4.35121, -2.14766, 0.78579, 4.91558, -0.45850, 1.41025, 3.00000, 315114.00000, 108982.00000, 181812.66667, 8910084334.22222, 94393.24305, 1.08598, 1.45965, -0.71592, 0.25627, 0.00000, 1.00000
4.58794, -1.75244, 0.00000, 4.91123, -0.36486, 1.57080, 10.00000, 473158.00000, 195753.00000, 281820.40000, 6641484264.64000, 81495.30210, 1.14286, 1.61803, -0.61803, 0.00000, 0.10000, 0.90000
0.43315, -2.05481, 4.45876, 4.92853, -1.36304, 0.44016, 96.00000, 485585.00000, 13033.00000, 97942.77083, 10418477090.00998, 102070.94146, 0.90081, 0.16379, -0.65917, 1.49537, 0.03125, 0.96875
1.70460, -1.50894, 4.37124, 4.92852, -0.72459, 0.48015, 84.00000, 487143.00000, 21079.00000, 131570.27381, 13089687136.88931, 114410.17060, 0.91102, 0.37091, -0.30980, 0.93889, 0.03571, 0.96429
0.43811, -0.72621, 4.85499, 4.92852, -1.02797, 0.17295, 73.00000, 491550.00000, 25700.00000, 135694.57534, 13486959605.97035, 116133.36991, 0.91102, 0.10419, -0.14496, 1.04077, 0.04110, 0.95890
0.87126, -1.44936, 4.62611, 4.92550, -1.02954, 0.35046, 74.00000, 429198.00000, 19153.00000, 139273.25676, 12874404722.38002, 113465.43404, 0.94766, 0.21070, -0.38457, 1.17386, 0.04054, 0.95946
2.87963, -0.78273, 3.92241, 4.92852, -0.26540, 0.65037, 24.00000, 375574.00000, 34338.00000, 146890.25000, 9236389628.93750, 96106.13731, 0.91102, 0.46938, -0.12779, 0.65841, 0.04167, 0.95833
3.75791, 0.00000, 3.18882, 4.92853, 0.00000, 0.86714, 10.00000, 482760.00000, 79931.00000, 237493.10000, 14619911127.29000, 120912.82449, 0.90081, 0.53070, -0.00000, 0.46930, 0.00000, 1.00000
2.87963, 0.78273, 3.92241, 4.92852, 0.26540, 0.65037, 21.00000, 422291.00000, 61066.00000, 203173.66667, 10131928975.65080, 100657.48346, 0.91102, 0.37383, 0.10178, 0.52439, 0.04762, 0.95238
3.21637, 0.00000, 3.73035, 4.92550, 0.00000, 0.71154, 23.00000, 387138.00000, 25235.00000, 181672.43478, 10735642561.72401, 103612.94592, 0.94766, 0.47082, -0.00000, 0.52918, 0.04348, 0.95652
0.43811, 0.72621, 4.85499, 4.92852, 1.02797, 0.17295, 45.00000, 487184.00000, 40813.00000, 174997.37778, 12333573358.90173, 111056.62231, 0.91102, 0.08077, 0.11238, 0.80685, 0.13333, 0.86667
1.70460, 1.50894, 4.37124, 4.92852, 0.72459, 0.48015, 19.00000, 485862.00000, 28348.00000, 184247.63158, 14234713941.18005, 119309.32043, 0.91102, 0.22901, 0.19128, 0.57970, 0.00000, 1.00000
0.43315, 2.05481, 4.45876, 4.92853, 1.36304, 0.44016, 11.00000, 409001.00000, 83241.00000, 225739.54545, 8389902112.42975, 91596.40884, 0.90081, 0.07065, 0.28433, 0.64502, 0.09091, 0.90909
0.87126, 1.44936, 4.62611, 4.92550, 1.02954, 0.35046, 18.00000, 474783.00000, 37166.00000, 200791.44444, 12376401180.35802, 111249.27497, 0.94766, 0.11910, 0.21738, 0.66353, 0.16667, 0.83333
2.14766, -0.78579, 4.35121, 4.91558, -0.35075, 0.48390, 37.00000, 424288.00000, 20644.00000, 121634.56757, 10637858385.05624, 103139.99411, 1.08598, 0.37301, -0.13352, 0.76051, 0.05405, 0.94595
2.14766, 0.78579, 4.35121, 4.91558, 0.35075, 0.48390, 14.00000, 445067.00000, 35008.00000, 181636.50000, 15649371310.25000, 125097.44726, 1.08598, 0.29439, 0.10538, 0.60022, 0.00000, 1.00000
0.87622, 0.00000, 4.83686, 4.91558, 0.00000, 0.17921, 35.00000, 484989.00000, 20803.00000, 148535.97143, 15370011028.37062, 123975.84857, 1.08598, 0.15697, -0.00000, 0.84303, 0.02857, 0.97143
1.75244, 0.00000, 4.58794, 4.91123, 0.00000, 0.36486, 27.00000, 496868.00000, 21632.00000, 153632.00000, 14419519859.48148, 120081.30520, 1.14286, 0.27639, 0.00000, 0.72361, 0.03704, 0.96296
-2.75567, -4.02561, 0.70086, 4.92853, -2.17107, 1.42811, 121.00000, 486425.00000, 6943.00000, 73598.07438, 6441307556.28372, 80257.75699, 0.90081, 0.46424, 0.66888, -0.13313, 0.93388, 0.06612
-2.21782, -3.93313, 1.97536, 4.92852, -2.08423, 1.15840, 95.00000, 480381.00000, 12705.00000, 108553.47368, 10529448540.85983, 102613.10121, 0.91102, 0.54500, 0.95092, -0.49591, 0.71579, 0.28421
-3.48430, -3.15040, 1.49161, 4.92852, -2.40648, 1.26333, 195.00000, 499699.00000, 5462.00000, 74359.32308, 7664147247.14178, 87545.11550, 0.91102, 0.68893, 0.61936, -0.30829, 0.93333, 0.06667
-2.85909, -3.75484, 1.40973, 4.92550, -2.22158, 1.28053, 141.00000, 488357.00000, 8707.00000, 89634.07801, 9545841729.41945, 97702.82355, 0.94766, 0.53830, 0.71466, -0.25296, 0.83688, 0.16312
-1.49161, -3.48430, 3.15040, 4.92852, -1.97528, 0.87732, 92.00000, 411785.00000, 23233.00000, 117544.96739, 8460957934.24894, 91983.46555, 0.91102, 0.81587, 1.82322, -1.63909, 0.42391, 0.57609
-0.70086, -2.75567, 4.02561, 4.92853, -1.81985, 0.61496, 97.00000, 456232.00000, 15910.00000, 95160.94845, 9157913792.91487, 95696.98947, 0.90081, -1.86160, -6.49176, 9.35336, 0.10309, 0.89691
-1.97536, -2.21782, 3.93313, 4.92852, -2.29844, 0.64677, 83.00000, 426851.00000, 18942.00000, 134119.28916, 9562310337.14531, 97787.06631, 0.91102, 5.51065, 6.05607, -10.56672, 0.33735, 0.66265
-1.40973, -2.85909, 3.75484, 4.92550, -2.02888, 0.70390, 50.00000, 472721.00000, 14362.00000, 112348.44000, 8841627331.56640, 94029.92785, 0.94766, 3.30198, 7.02665, -9.32863, 0.24000, 0.76000
-3.93313, -1.97536, 2.21782, 4.92852, -2.67616, 1.10403, 141.00000, 451857.00000, 8723.00000, 83275.92199, 8553842946.71022, 92486.98799, 0.91102, 1.05443, 0.54989, -0.60432, 0.88652, 0.11348
-3.15040, -1.49161, 3.48430, 4.92852, -2.69940, 0.78559, 60.00000, 496357.00000, 13924.00000, 160796.55000, 14893011542.74750, 122036.92696, 0.91102, 2.59457, 1.29147, -2.88604, 0.63333, 0.36667
-4.02561, -0.70086, 2.75567, 4.92853, -2.96922, 0.97747, 47.00000, 473549.00000, 16412.00000, 138957.61702, 15469802190.95971, 124377.65953, 0.90081, 1.98030, 0.39414, -1.37444, 0.80851, 0.19149
-3.75484, -1.40973, 2.85909, 4.92550, -2.78243, 0.95149, 64.00000, 481780.00000, 13477.00000, 137513.59375, 14519271128.89746, 120495.93823, 0.94766, 1.66465, 0.58922, -1.25387, 0.85938, 0.14062
-2.20355, -3.47499, 2.68919, 4.91558, -2.13592, 0.99193, 71.00000, 493437.00000, 9995.00000, 127199.26761, 12622063421.35092, 112347.95691, 1.08598, 0.74373, 1.15838, -0.90211, 0.69014, 0.30986
-2.68919, -2.20355, 3.47499, 4.91558, -2.45513, 0.78564, 54.00000, 449824.00000, 33712.00000, 145674.44444, 9638870358.20988, 98177.74879, 1.08598, 1.85065, 1.52573, -2.37638, 0.50000, 0.50000
-3.47499, -2.68919, 2.20355, 4.91558, -2.48299, 1.10596, 95.00000, 487105.00000, 9511.00000, 90814.18947, 9102523782.25884, 95407.14744, 1.08598, 0.87972, 0.68510, -0.56481, 0.89474, 0.10526
-2.83550, -2.83550, 2.83550, 4.91123, -2.35619, 0.95532, 97.00000, 486193.00000, 12212.00000, 124569.92784, 15573576251.63396, 124794.13549, 1.14286, 1.00000, 1.00000, -1.00000, 0.65979, 0.34021
-0.70086, -2.75567, -4.02561, 4.92853, -1.81985, 2.52663, 6.00000, 498963.00000, 137553.00000, 228460.33333, 15475121602.55555, 124399.04181, 0.90081, 0.10514, 0.36663, 0.52824, 1.00000, 0.00000
-1.49161, -3.48430, -3.15040, 4.92852, -1.97528, 2.26428, 33.00000, 477814.00000, 50391.00000, 168272.66667, 11447204272.10101, 106991.60842, 0.91102, 0.19070, 0.42617, 0.38313, 0.96970, 0.03030
-1.97536, -2.21782, -3.93313, 4.92852, -2.29844, 2.49482, 17.00000, 438286.00000, 70276.00000, 164648.70588, 13839609976.32526, 117641.87170, 0.91102, 0.24897, 0.27362, 0.47741, 1.00000, 0.00000
-1.40973, -2.85909, -3.75484, 4.92550, -2.02888, 2.43770, 12.00000, 477373.00000, 46440.00000, 188683.08333, 19782098784.07639, 140648.84921, 0.94766, 0.16798, 0.35746, 0.47456, 1.00000, 0.00000
-2.21782, -3.93313, -1.97536, 4.92852, -2.08423, 1.98319, 47.00000, 487927.00000, 13983.00000, 114685.63830, 12242861662.23087, 110647.46568, 0.91102, 0.27362, 0.47741, 0.24897, 0.95745, 0.04255
-2.75567, -4.02561, -0.70086, 4.92853, -2.17107, 1.71348, 92.00000, 487362.00000, 11959.00000, 82427.36957, 8597838426.95038, 92724.52980, 0.90081, 0.36663, 0.52824, 0.10514, 0.95652, 0.04348
-3.48430, -3.15040, -1.49161, 4.92852, -2.40648, 1.87827, 90.00000, 477567.00000, 9751.00000, 79894.35556, 8774712354.87358, 93673.43463, 0.91102, 0.42617, 0.38313, 0.19070, 1.00000, 0.00000
-2.85909, -3.75484, -1.40973, 4.92550, -2.22158, 1.86107, 54.00000, 493018.00000, 10459.00000, 116749.51852, 13546506726.47188, 116389.46141, 0.94766, 0.35746, 0.47456, 0.16798, 0.92593, 0.07407
-3.15040, -1.49161, -3.48430, 4.92852, -2.69940, 2.35600, 22.00000, 314913.00000, 18548.00000, 155112.95455, 8714112521.13430, 93349.41093, 0.91102, 0.38313, 0.19070, 0.42617, 1.00000, 0.00000
-3.93313, -1.97536, -2.21782, 4.92852, -2.67616, 2.03756, 55.00000, 495111.00000, 14693.00000, 128674.01818, 10170090002.67240, 100846.86412, 0.91102, 0.47741, 0.24897, 0.27362, 0.96364, 0.03636
-4.02561, -0.70086, -2.75567, 4.92853, -2.96922, 2.16413, 17.00000, 443083.00000, 36715.00000, 182167.17647, 22031655418.96886, 148430.64178, 0.90081, 0.52824, 0.10514, 0.36663, 0.88235, 0.11765
-3.75484, -1.40973, -2.85909, 4.92550, -2.78243, 2.19010, 24.00000, 449190.00000, 23847.00000, 131015.66667, 10357182137.05556, 101770.24190, 0.94766, 0.47456, 0.16798, 0.35746, 0.95833, 0.04167
-2.20355, -3.47499, -2.68919, 4.91558, -2.13592, 2.14966, 25.00000, 407539.00000, 27404.00000, 126852.84000, 11449083073.25440, 107000.38819, 1.08598, 0.26522, 0.41309, 0.32170, 0.92000, 0.08000
-3.47499, -2.68919, -2.20355, 4.91558, -2.48299, 2.03563, 38.00000, 379840.00000, 15674.00000, 121061.55263, 10472156230.03671, 102333.55378, 1.08598, 0.41309, 0.32170, 0.26522, 1.00000, 0.00000
-2.68919, -2.20355, -3.47499, 4.91558, -2.45513, 2.35595, 11.00000, 381225.00000, 20625.00000, 173333.18182, 11305104808.51240, 106325.46642, 1.08598, 0.32170, 0.26522, 0.41309, 1.00000, 0.00000
-2.83550, -2.83550, -2.83550, 4.91123, -2.35619, 2.18628, 31.00000, 430980.00000, 22850.00000, 165199.58065, 14647894219.79188, 121028.48516, 1.14286, 0.33333, 0.33333, 0.33333, 0.93548, 0.06452
3.75791, 0.00000, -3.18882, 4.92853, 0.00000, 2.27446, 0.00000, 0.00000, 0.00000, 0.00000, 0.00000, 0.00000, 0.90081, 8.64229, 0.00000, -7.64229, 0.00000, 0.00000
2.87963, -0.78273, -3.92241, 4.92852, -0.26540, 2.49122, 0.00000, 0.00000, 0.00000, 0.00000, 0.00000, 0.00000, 0.91102, -1.48153, 0.40335, 2.07817, 0.00000, 0.00000
2.87963, 0.78273, -3.92241, 4.92852, 0.26540, 2.49122, 1.00000, 205912.00000, 205912.00000, 205912.00000, 0.00000, 0.00000, 0.91102, -7.66476, -2.08678, 10.75154, 1.00000, 0.00000
3.21637, 0.00000, -3.73035, 4.92550, 0.00000, 2.43005, 0.00000, 0.00000, 0.00000, 0.00000, 0.00000, 0.00000, 0.94766, -8.06739, -0.00000, 9.06739, 0.00000, 0.00000
1.70460, -1.50894, -4.37124, 4.92852, -0.72459, 2.66145, 1.00000, 123552.00000, 123552.00000, 123552.00000, 0.00000, 0.00000, 0.91102, -0.42255, 0.35294, 1.06961, 1.00000, 0.00000
0.43315, -2.05481, -4.45876, 4.92853, -1.36304, 2.70143, 3.00000, 430554.00000, 157955.00000, 284440.00000, 12577684620.66667, 112150.27695, 0.90081, -0.08228, 0.33112, 0.75116, 1.00000, 0.00000
0.43811, -0.72621, -4.85499, 4.92852, -1.02797, 2.96865, 5.00000, 421024.00000, 257581.00000, 353428.20000, 4101242313.36000, 64040.94248, 0.91102, -0.09634, 0.13403, 0.96230, 0.80000, 0.20000
0.87126, -1.44936, -4.62611, 4.92550, -1.02954, 2.79113, 3.00000, 249575.00000, 132197.00000, 209279.00000, 2972870712.00000, 54524.03793, 0.94766, -0.15634, 0.28534, 0.87099, 1.00000, 0.00000
1.70460, 1.50894, -4.37124, 4.92852, 0.72459, 2.66145, 1.00000, 426923.00000, 426923.00000, 426923.00000, 0.00000, 0.00000, 0.91102, -1.43665, -1.19997, 3.63662, 0.00000, 1.00000
0.43811, 0.72621, -4.85499, 4.92852, 1.02797, 2.96865, 2.00000, 267916.00000, 215366.00000, 241641.00000, 690375625.00000, 26275.00000, 0.91102, -0.13162, -0.18312, 1.31474, 1.00000, 0.00000
0.43315, 2.05481, -4.45876, 4.92853, 1.36304, 2.70143, 0.00000, 0.00000, 0.00000, 0.00000, 0.00000, 0.00000, 0.90081, -0.24359, -0.98030, 2.22389, 0.00000, 0.00000
0.87126, 1.44936, -4.62611, 4.92550, 1.02954, 2.79113, 1.00000, 329037.00000, 329037.00000, 329037.00000, 0.00000, 0.00000, 0.94766, -0.36416, -0.66465, 2.02881, 1.00000, 0.00000
2.14766, -0.78579, -4.35121, 4.91558, -0.35075, 2.65769, 1.00000, 179145.00000, 179145.00000, 179145.00000, 0.00000, 0.00000, 1.08598, -0.71592, 0.25627, 1.45965, 1.00000, 0.00000
0.87622, 0.00000, -4.83686, 4.91558, 0.00000, 2.96238, 2.00000, 245999.00000, 199462.00000, 222730.50000, 541423092.25000, 23268.50000, 1.08598, -0.22879, -0.00000, 1.22879, 1.00000, 0.00000
2.14766, 0.78579, -4.35121, 4.91558, 0.35075, 2.65769, 0.00000, 0.00000, 0.00000, 0.00000, 0.00000, 0.00000, 1.08598, -1.46868, -0.52573, 2.99442, 0.00000, 0.00000
1.75244, 0.00000, -4.58794, 4.91123, 0.00000, 2.77673, 2.00000, 475795.00000, 287196.00000, 381495.50000, 8892395700.25000, 94299.50000, 1.14286, -0.61803, -0.00000, 1.61803, 1.00000, 0.00000
4.45876, 0.43315, 2.05481, 4.92853, 0.09684, 1.14074, 4.00000, 426547.00000, 139842.00000, 220168.50000, 14332065104.25000, 119716.60329, 0.90081, 0.64502, 0.07065, 0.28433, 0.00000, 1.00000
4.85499, 0.43811, 0.72621, 4.92852, 0.09000, 1.42291, 9.00000, 488203.00000, 284549.00000, 368978.77778, 5390395973.72840, 73419.31608, 0.91102, 0.80685, 0.08077, 0.11238, 0.11111, 0.88889
4.37124, 1.70460, 1.50894, 4.92852, 0.37182, 1.25963, 5.00000, 430158.00000, 201784.00000, 295433.60000, 10107154129.84000, 100534.34304, 0.91102, 0.57970, 0.22901, 0.19128, 0.00000, 1.00000
4.62611, 0.87126, 1.44936, 4.92550, 0.18616, 1.27212, 7.00000, 413877.00000, 136542.00000, 252193.85714, 6632208060.69388, 81438.36971, 0.94766, 0.66353, 0.11910, 0.21738, 0.00000, 1.00000
4.85499, 0.43811, -0.72621, 4.92852, 0.09000, 1.71868, 2.00000, 493174.00000, 406688.00000, 449931.00000, 1869957049.00000, 43243.00000, 0.91102, 1.04077, 0.10419, -0.14496, 0.50000, 0.50000
4.45876, 0.43315, -2.05481, 4.92853, 0.09684, 2.00085, 0.00000, 0.00000, 0.00000, 0.00000, 0.00000, 0.00000, 0.90081, 1.49537, 0.16379, -0.65917, 0.00000, 0.00000
4.37124, 1.70460, -1.50894, 4.92852, 0.37182, 1.88196, 1.00000, 428795.00000, 428795.00000, 428795.00000, 0.00000, 0.00000, 0.91102, 0.93889, 0.37091, -0.30980, 1.00000, 0.00000
4.62611, 0.87126, -1.44936, 4.92550, 0.18616, 1.86947, 3.00000, 493560.00000, 359616.00000, 445985.66667, 3742704800.22222, 61177.64952, 0.94766, 1.17386, 0.21070, -0.38457, 0.33333, 0.66667
3.92241, 2.87963, 0.78273, 4.92852, 0.63328, 1.41130, 3.00000, 424364.00000, 260101.00000, 361016.00000, 5202695272.66667, 72129.71144, 0.91102, 0.52439, 0.37383, 0.10178, 0.00000, 1.00000
3.92241, 2.87963, -0.78273, 4.92852, 0.63328, 1.73029, 0.00000, 0.00000, 0.00000, 0.00000, 0.00000, 0.00000, 0.91102, 0.65841, 0.46938, -0.12779, 0.00000, 0.00000
3.18882, 3.75791, 0.00000, 4.92853, 0.86714, 1.57080, 1.00000, 491428.00000, 491428.00000, 491428.00000, 0.00000, 0.00000, 0.90081, 0.46930, 0.53070, 0.00000, 0.00000, 1.00000
3.73035, 3.21637, 0.00000, 4.92550, 0.71154, 1.57080, 0.00000, 0.00000, 0.00000, 0.00000, 0.00000, 0.00000, 0.94766, 0.52918, 0.47082, 0.00000, 0.00000, 0.00000
4.83686, 0.87622, 0.00000, 4.91558, 0.17921, 1.57080, 2.00000, 222648.00000, 166857.00000, 194752.50000, 778158920.25000, 27895.50000, 1.08598, 0.84303, 0.15697, 0.00000, 0.00000, 1.00000
4.35121, 2.14766, -0.78579, 4.91558, 0.45850, 1.73134, 2.00000, 456107.00000, 356591.00000, 406349.00000, 2475858564.00000, 49758.00000, 1.08598, 0.76051, 0.37301, -0.13352, 0.00000, 1.00000
4.35121, 2.14766, 0.78579, 4.91558, 0.45850, 1.41025, 1.00000, 307261.00000, 307261.00000, 307261.00000, 0.00000, 0.00000, 1.08598, 0.60022, 0.29439, 0.10538, 0.00000, 1.00000
4.58794, 1.75244, 0.00000, 4.91123, 0.36486, 1.57080, 2.00000, 394036.00000, 159888.00000, 276962.00000, 13706321476.00000, 117074.00000, 1.14286, 0.72361, 0.27639, -0.00000, 0.00000, 1.00000
