-2.75567, 4.02561, 0.70086, 4.92853, 2.17107, 1.42811, 132.00000, 450309.00000, 5246.00000, 65090.18182, 7305877427.84573, 85474.42558, 0.90081, -1.37444, 1.98030, 0.39414, 0.98485, 0.01515
-3.48430, 3.15040, 1.49161, 4.92852, 2.40648, 1.26333, 160.00000, 441961.00000, 6340.00000, 64235.33750, 6004715329.61109, 77490.09827, 0.91102, -2.88604, 2.59457, 1.29147, 1.00000, 0.00000
-2.21782, 3.93313, 1.97536, 4.92852, 2.08423, 1.15840, 242.00000, 422459.00000, 4159.00000, 58987.54959, 5838762073.15663, 76411.79276, 0.91102, -0.60432, 1.05443, 0.54989, 0.97934, 0.02066
-2.85909, 3.75484, 1.40973, 4.92550, 2.22158, 1.28053, 166.00000, 396326.00000, 4644.00000, 50274.40361, 3427174037.85517, 58542.07067, 0.94766, -1.25387, 1.66465, 0.58922, 0.99398, 0.00602
-3.93313, 1.97536, 2.21782, 4.92852, 2.67616, 1.10403, 79.00000, 482914.00000, 11538.00000, 110515.01266, 15057486195.35427, 122708.94912, 0.91102, -10.56672, 5.51065, 6.05607, 1.00000, 0.00000
-4.02561, 0.70086, 2.75567, 4.92853, 2.96922, 0.97747, 36.00000, 373330.00000, 15311.00000, 128357.88889, 9270630679.48766, 96284.11437, 0.90081, 9.35336, -1.86160, -6.49176, 1.00000, 0.00000
-3.15040, 1.49161, 3.48430, 4.92852, 2.69940, 0.78559, 58.00000, 484541.00000, 17001.00000, 119373.46552, 11470567278.07640, 107100.73426, 0.91102, -1.63909, 0.81587, 1.82322, 0.98276, 0.01724
-3.75484, 1.40973, 2.85909, 4.92550, 2.78243, 0.95149, 44.00000, 474768.00000, 21619.00000, 120143.29545, 12028658525.79907, 109675.24117, 0.94766, -9.32863, 3.30198, 7.02665, 0.97727, 0.02273
-1.49161, 3.48430, 3.15040, 4.92852, 1.97528, 0.87732, 126.00000, 454866.00000, 5039.00000, 77416.53175, 9086803438.04264, 95324.72627, 0.91102, -0.30829, 0.68893, 0.61936, 0.94444, 0.05556
-1.97536, 2.21782, 3.93313, 4.92852, 2.29844, 0.64677, 89.00000, 485394.00000, 8822.00000, 93792.65169, 8359973532.27194, 91432.89087, 0.91102, -0.49591, 0.54500, 0.95092, 0.95506, 0.04494
-0.70086, 2.75567, 4.02561, 4.92853, 1.81985, 0.61496, 58.00000, 440859.00000, 8717.00000, 128209.58621, 11923067126.75981, 109192.79796, 0.90081, -0.13313, 0.46424, 0.66888, 0.86207, 0.13793
-1.40973, 2.85909, 3.75484, 4.92550, 2.02888, 0.70390, 64.00000, 446956.00000, 6835.00000, 87628.89062, 9484900522.97241, 97390.45396, 0.94766, -0.25296, 0.53830, 0.71466, 0.96875, 0.03125
-3.47499, 2.68919, 2.20355, 4.91558, 2.48299, 1.10596, 91.00000, 386039.00000, 8592.00000, 76449.58242, 6979481692.24321, 83543.29232, 1.08598, -2.37638, 1.85065, 1.52573, 0.96703, 0.03297
-2.68919, 2.20355, 3.47499, 4.91558, 2.45513, 0.78564, 91.00000, 483938.00000, 9933.00000, 71382.79121, 5712836894.51685, 75583.31095, 1.08598, -0.90211, 0.74373, 1.15838, 0.98901, 0.01099
-2.20355, 3.47499, 2.68919, 4.91558, 2.13592, 0.99193, 140.00000, 430946.00000, 6838.00000, 64359.75000, 5031525607.33036, 70933.24755, 1.08598, -0.56481, 0.87972, 0.68510, 0.99286, 0.00714
-2.83550, 2.83550, 2.83550, 4.91123, 2.35619, 0.95532, 139.00000, 474094.00000, 5884.00000, 82597.38129, 9148015040.23591, 95645.25623, 1.14286, -1.00000, 1.00000, 1.00000, 0.94964, 0.05036
-2.05481, 4.45876, 0.43315, 4.92853, 2.00263, 1.48280, 105.00000, 496054.00000, 5335.00000, 61902.36190, 5463625806.99283, 73916.34330, 0.90081, -0.65917, 1.49537, 0.16379, 1.00000, 0.00000
-1.50894, 4.37124, 1.70460, 4.92852, 1.90319, 1.21764, 198.00000, 488747.00000, 4863.00000, 67253.92929, 6211312397.47985, 78811.87980, 0.91102, -0.30980, 0.93889, 0.37091, 0.99495, 0.00505
-0.72621, 4.85499, 0.43811, 4.92852, 1.71928, 1.48179, 71.00000, 492867.00000, 14278.00000, 116636.81690, 12117340252.62844, 110078.79111, 0.91102, -0.14496, 1.04077, 0.10419, 0.94366, 0.05634
-1.44936, 4.62611, 0.87126, 4.92550, 1.87441, 1.39297, 105.00000, 447504.00000, 3676.00000, 70657.66667, 5658506678.08889, 75223.04619, 0.94766, -0.38457, 1.17386, 0.21070, 0.96190, 0.03810
-0.78273, 3.92241, 2.87963, 4.92852, 1.76776, 0.94680, 94.00000, 477755.00000, 6522.00000, 98877.05319, 13335696564.66738, 115480.28648, 0.91102, -0.12779, 0.65841, 0.46938, 0.93617, 0.06383
0.00000, 3.18882, 3.75791, 4.92853, 1.57080, 0.70366, 59.00000, 463368.00000, 14142.00000, 142903.81356, 14070071447.03304, 118617.33198, 0.90081, -0.00000, 0.46930, 0.53070, 0.84746, 0.15254
0.78273, 3.92241, 2.87963, 4.92852, 1.37383, 0.94680, 42.00000, 484784.00000, 7525.00000, 134098.02381, 11594424252.26134, 107677.40827, 0.91102, 0.10178, 0.52439, 0.37383, 0.66667, 0.33333
0.00000, 3.73035, 3.21637, 4.92550, 1.57080, 0.85925, 50.00000, 433736.00000, 19125.00000, 142702.64000, 13984445253.95040, 118255.84660, 0.94766, -0.00000, 0.52918, 0.47082, 0.82000, 0.18000
0.72621, 4.85499, 0.43811, 4.92852, 1.42232, 1.48179, 34.00000, 495219.00000, 19486.00000, 129174.55882, 12128372546.71713, 110128.89061, 0.91102, 0.11238, 0.80685, 0.08077, 0.91176, 0.08824
1.50894, 4.37124, 1.70460, 4.92852, 1.23841, 1.21764, 38.00000, 399403.00000, 18311.00000, 168443.55263, 12188376948.72091, 110400.98255, 0.91102, 0.19128, 0.57970, 0.22901, 0.86842, 0.13158
2.05481, 4.45876, 0.43315, 4.92853, 1.13896, 1.48280, 18.00000, 439302.00000, 33564.00000, 210188.05556, 16937358647.94136, 130143.60779, 0.90081, 0.28433, 0.64502, 0.07065, 0.83333, 0.16667
1.44936, 4.62611, 0.87126, 4.92550, 1.26718, 1.39297, 16.00000, 485437.00000, 18102.00000, 175325.00000, 20284756863.87500, 142424.56552, 0.94766, 0.21738, 0.66353, 0.11910, 0.81250, 0.18750
-0.78579, 4.35121, 2.14766, 4.91558, 1.74946, 1.11864, 79.00000, 491981.00000, 11894.00000, 92623.17722, 12282112297.28505, 110824.69173, 1.08598, -0.13352, 0.76051, 0.37301, 0.96203, 0.03797
0.78579, 4.35121, 2.14766, 4.91558, 1.39213, 1.11864, 38.00000, 431859.00000, 22646.00000, 137342.05263, 9658686375.73407, 98278.61607, 1.08598, 0.10538, 0.60022, 0.29439, 0.86842, 0.13158
0.00000, 4.83686, 0.87622, 4.91558, 1.57080, 1.39159, 35.00000, 460323.00000, 17819.00000, 140163.02857, 15434554533.05633, 124235.88263, 1.08598, -0.00000, 0.84303, 0.15697, 0.97143, 0.02857
0.00000, 4.58794, 1.75244, 4.91123, 1.57080, 1.20593, 70.00000, 455526.00000, 12997.00000, 121513.68571, 11932953863.30122, 109238.06051, 1.14286, 0.00000, 0.72361, 0.27639, 0.94286, 0.05714
-2.05481, 4.45876, -0.43315, 4.92853, 2.00263, 1.65880, 65.00000, 447211.00000, 10232.00000, 108121.23077, 10738498881.43905, 103626.72861, 0.90081, -0.98030, 2.22389, -0.24359, 1.00000, 0.00000
-0.72621, 4.85499, -0.43811, 4.92852, 1.71928, 1.65981, 44.00000, 431545.00000, 14174.00000, 101612.45455, 7953667110.92975, 89183.33427, 0.91102, -0.18312, 1.31474, -0.13162, 1.00000, 0.00000
-1.50894, 4.37124, -1.70460, 4.92852, 1.90319, 1.92396, 30.00000, 448650.00000, 34501.00000, 150260.20000, 14808002494.29333, 121688.13621, 0.91102, -1.19997, 3.63662, -1.43665, 1.00000, 0.00000
-1.44936, 4.62611, -0.87126, 4.92550, 1.87441, 1.74862, 30.00000, 382705.00000, 22489.00000, 121365.86667, 8557566815.84889, 92507.11765, 0.94766, -0.66465, 2.02881, -0.36416, 0.96667, 0.03333
0.72621, 4.85499, -0.43811, 4.92852, 1.42232, 1.65981, 29.00000, 327081.00000, 25587.00000, 128755.20690, 7151508819.54340, 84566.59399, 0.91102, 0.13403, 0.96230, -0.09634, 0.79310, 0.20690
2.05481, 4.45876, -0.43315, 4.92853, 1.13896, 1.65880, 14.00000, 484456.00000, 105233.00000, 322318.21429, 11516764458.16837, 107316.18917, 0.90081, 0.33112, 0.75116, -0.08228, 0.85714, 0.14286
1.50894, 4.37124, -1.70460, 4.92852, 1.23841, 1.92396, 9.00000, 416197.00000, 48387.00000, 162736.44444, 11793673985.13580, 108598.68316, 0.91102, 0.35294, 1.06961, -0.42255, 1.00000, 0.00000
1.44936, 4.62611, -0.87126, 4.92550, 1.26718, 1.74862, 11.00000, 373086.00000, 53508.00000, 160622.09091, 9190070178.62810, 95864.85372, 0.94766, 0.28534, 0.87099, -0.15634, 0.81818, 0.18182
-0.78273, 3.92241, -2.87963, 4.92852, 1.76776, 2.19479, 10.00000, 334388.00000, 28974.00000, 149312.50000, 9989458062.25000, 99947.27641, 0.91102, -2.08678, 10.75154, -7.66476, 0.90000, 0.10000
0.78273, 3.92241, -2.87963, 4.92852, 1.37383, 2.19479, 7.00000, 454093.00000, 68064.00000, 243195.42857, 15530243854.81633, 124620.39903, 0.91102, 0.40335, 2.07817, -1.48153, 0.85714, 0.14286
0.00000, 3.18882, -3.75791, 4.92853, 1.57080, 2.43793, 4.00000, 464524.00000, 54903.00000, 206204.75000, 23873271359.68750, 154509.77755, 0.90081, -0.00000, -7.64229, 8.64229, 1.00000, 0.00000
0.00000, 3.73035, -3.21637, 4.92550, 1.57080, 2.28234, 4.00000, 413929.00000, 216031.00000, 324879.25000, 6055015454.18750, 77813.97981, 0.94766, 0.00000, 9.06739, -8.06739, 0.75000, 0.25000
0.00000, 4.83686, -0.87622, 4.91558, 1.57080, 1.75001, 12.00000, 484265.00000, 29295.00000, 148733.16667, 17620060859.80556, 132740.57729, 1.08598, 0.00000, 1.22879, -0.22879, 1.00000, 0.00000
0.78579, 4.35121, -2.14766, 4.91558, 1.39213, 2.02296, 4.00000, 445560.00000, 150958.00000, 275858.25000, 11873830976.18750, 108967.10961, 1.08598, 0.25627, 1.45965, -0.71592, 0.75000, 0.25000
-0.78579, 4.35121, -2.14766, 4.91558, 1.74946, 2.02296, 14.00000, 478658.00000, 45309.00000, 154717.14286, 13078645102.69388, 114361.90407, 1.08598, -0.52573, 2.99442, -1.46868, 1.00000, 0.00000
0.00000, 4.58794, -1.75244, 4.91123, 1.57080, 1.93566, 6.00000, 474949.00000, 34642.00000, 210711.16667, 30927631482.80555, 175862.53576, 1.14286, 0.00000, 1.61803, -0.61803, 1.00000, 0.00000
-2.75567, 4.02561, -0.70086, 4.92853, 2.17107, 1.71348, 56.00000, 456578.00000, 13244.00000, 110869.08929, 12378388691.47417, 111258.20730, 0.90081, -6.49176, 9.35336, -1.86160, 0.98214, 0.01786
-2.21782, 3.93313, -1.97536, 4.92852, 2.08423, 1.98319, 36.00000, 449878.00000, 25105.00000, 199890.97222, 19183497036.52701, 138504.50186, 0.91102, 6.05607, -10.56672, 5.51065, 1.00000, 0.00000
-3.48430, 3.15040, -1.49161, 4.92852, 2.40648, 1.87827, 34.00000, 464713.00000, 23993.00000, 115832.20588, 10726594308.22232, 103569.27299, 0.91102, 1.82322, -1.63909, 0.81587, 1.00000, 0.00000
-2.85909, 3.75484, -1.40973, 4.92550, 2.22158, 1.86107, 30.00000, 482350.00000, 26670.00000, 151388.10000, 13801830935.15667, 117481.19396, 0.94766, 7.02665, -9.32863, 3.30198, 1.00000, 0.00000
-1.49161, 3.48430, -3.15040, 4.92852, 1.97528, 2.26428, 13.00000, 418179.00000, 59235.00000, 236133.46154, 12275763939.94083, 110796.04659, 0.91102, 1.29147, -2.88604, 2.59457, 0.92308, 0.07692
-0.70086, 2.75567, -4.02561, 4.92853, 1.81985, 2.52663, 4.00000, 475198.00000, 109337.00000, 297075.25000, 19649970699.68750, 140178.35318, 0.90081, 0.39414, -1.37444, 1.98030, 1.00000, 0.00000
-1.97536, 2.21782, -3.93313, 4.92852, 2.29844, 2.49482, 3.00000, 184402.00000, 96970.00000, 131124.33333, 1456910042.88889, 38169.49100, 0.91102, 0.54989, -0.60432, 1.05443, 1.00000, 0.00000
-1.40973, 2.85909, -3.75484, 4.92550, 2.02888, 2.43770, 5.00000, 443188.00000, 62458.00000, 219069.80000, 25596382629.76000, 159988.69532, 0.94766, 0.58922, -1.25387, 1.66465, 1.00000, 0.00000
-3.93313, 1.97536, -2.21782, 4.92852, 2.67616, 2.03756, 14.00000, 484875.00000, 31752.00000, 237862.50000, 19242067191.53571, 138715.77845, 0.91102, 0.95092, -0.49591, 0.54500, 0.92857, 0.07143
-3.15040, 1.49161, -3.48430, 4.92852, 2.69940, 2.35600, 6.00000, 477716.00000, 147823.00000, 325852.83333, 15523112030.47222, 124591.78155, 0.91102, 0.61936, -0.30829, 0.68893, 1.00000, 0.00000
-4.02561, 0.70086, -2.75567, 4.92853, 2.96922, 2.16413, 6.00000, 397317.00000, 66104.00000, 176486.50000, 12582448563.58333, 112171.51405, 0.90081, 0.66888, -0.13313, 0.46424, 1.00000, 0.00000
-3.75484, 1.40973, -2.85909, 4.92550, 2.78243, 2.19010, 9.00000, 341962.00000, 59612.00000, 200110.88889, 7967503711.87654, 89260.87447, 0.94766, 0.71466, -0.25296, 0.53830, 1.00000, 0.00000
-2.20355, 3.47499, -2.68919, 4.91558, 2.13592, 2.14966, 9.00000, 304166.00000, 31206.00000, 185555.77778, 6303447535.72840, 79394.25380, 1.08598, 1.52573, -2.37638, 1.85065, 0.88889, 0.11111
-2.68919, 2.20355, -3.47499, 4.91558, 2.45513, 2.35595, 6.00000, 394064.00000, 68720.00000, 203632.50000, 10434568221.58333, 102149.73432, 1.08598, 0.68510, -0.56481, 0.87972, 1.00000, 0.00000
-3.47499, 2.68919, -2.20355, 4.91558, 2.48299, 2.03563, 12.00000, 387815.00000, 52205.00000, 145670.91667, 9223436843.24306, 96038.72575, 1.08598, 1.15838, -0.90211, 0.74373, 1.00000, 0.00000
-2.83550, 2.83550, -2.83550, 4.91123, 2.35619, 2.18628, 11.00000, 484513.00000, 35139.00000, 216063.18182, 12262609228.33058, 110736.66614, 1.14286, 1.00000, -1.00000, 1.00000, 1.00000, 0.00000
-3.18882, 3.75791, 0.00000, 4.92853, 2.27446, 1.57080, 112.00000, 448580.00000, 8359.00000, 77255.99107, 5554441419.18742, 74528.12502, 0.90081, -7.64229, 8.64229, 0.00000, 0.99107, 0.00893
-3.92241, 2.87963, -0.78273, 4.92852, 2.50831, 1.73029, 37.00000, 471670.00000, 10457.00000, 134461.24324, 12193765848.99489, 110425.38589, 0.91102, 2.07817, -1.48153, 0.40335, 0.97297, 0.02703
-3.92241, 2.87963, 0.78273, 4.92852, 2.50831, 1.41130, 102.00000, 461675.00000, 9581.00000, 100992.28431, 8740157106.47799, 93488.80739, 0.91102, 10.75154, -7.66476, -2.08678, 0.99020, 0.00980
-3.73035, 3.21637, 0.00000, 4.92550, 2.43005, 1.57080, 74.00000, 438196.00000, 9881.00000, 92495.12162, 9563077646.10683, 97790.98960, 0.94766, 9.06739, -8.06739, -0.00000, 0.97297, 0.02703
-4.37124, 1.70460, -1.50894, 4.92852, 2.76977, 1.88196, 23.00000, 493631.00000, 15105.00000, 190572.26087, 20899211769.67108, 144565.59677, 0.91102, 1.06961, -0.42255, 0.35294, 1.00000, 0.00000
-4.45876, 0.43315, -2.05481, 4.92853, 3.04475, 2.00085, 7.00000, 468699.00000, 108902.00000, 298664.57143, 14282527743.10204, 119509.52993, 0.90081, 0.75116, -0.08228, 0.33112, 1.00000, 0.00000
-4.85499, 0.43811, -0.72621, 4.92852, 3.05160, 1.71868, 10.00000, 377303.00000, 60589.00000, 148378.00000, 11598595374.40000, 107696.77513, 0.91102, 0.96230, -0.09634, 0.13403, 1.00000, 0.00000
-4.62611, 0.87126, -1.44936, 4.92550, 2.95544, 1.86947, 16.00000, 293352.00000, 26014.00000, 120770.18750, 4052207697.90234, 63656.95326, 0.94766, 0.87099, -0.15634, 0.28534, 1.00000, 0.00000
-4.37124, 1.70460, 1.50894, 4.92852, 2.76977, 1.25963, 59.00000, 496889.00000, 11950.00000, 128744.38983, 14770271604.78024, 121533.00624, 0.91102, 3.63662, -1.43665, -1.19997, 0.98305, 0.01695
-4.85499, 0.43811, 0.72621, 4.92852, 3.05160, 1.42291, 12.00000, 317401.00000, 31332.00000, 115481.25000, 8932613606.68750, 94512.50503, 0.91102, 1.31474, -0.13162, -0.18312, 1.00000, 0.00000
-4.45876, 0.43315, 2.05481, 4.92853, 3.04475, 1.14074, 24.00000, 442819.00000, 15645.00000, 128353.25000, 8749827866.35417, 93540.51457, 0.90081, 2.22389, -0.24359, -0.98030, 1.00000, 0.00000
-4.62611, 0.87126, 1.44936, 4.92550, 2.95544, 1.27212, 27.00000, 314652.00000, 22549.00000, 130603.70370, 9609129182.65295, 98026.16581, 0.94766, 2.02881, -0.36416, -0.66465, 0.96296, 0.03704
-4.35121, 2.14766, -0.78579, 4.91558, 2.68310, 1.73134, 21.00000, 428603.00000, 14148.00000, 140174.38095, 12351068090.99773, 111135.35932, 1.08598, 1.45965, -0.71592, 0.25627, 1.00000, 0.00000
-4.83686, 0.87622, 0.00000, 4.91558, 2.96238, 1.57080, 19.00000, 486063.00000, 19482.00000, 179144.15789, 14991230666.34349, 122438.68125, 1.08598, 1.22879, -0.22879, -0.00000, 1.00000, 0.00000
-4.35121, 2.14766, 0.78579, 4.91558, 2.68310, 1.41025, 51.00000, 465347.00000, 17824.00000, 104677.68627, 9208137713.70550, 95959.04185, 1.08598, 2.99442, -1.46868, -0.52573, 1.00000, 0.00000
-4.58794, 1.75244, 0.00000, 4.91123, 2.77673, 1.57080, 44.00000, 378039.00000, 18828.00000, 127386.09091, 10460840271.85537, 102278.24926, 1.14286, 1.61803, -0.61803, -0.00000, 1.00000, 0.00000
2.75567, 4.02561, 0.70086, 4.92853, 0.97053, 1.42811, 20.00000, 483261.00000, 59304.00000, 234926.05000, 17290230845.14750, 131492.32238, 0.90081, 0.36663, 0.52824, 0.10514, 0.55000, 0.45000
2.21782, 3.93313, 1.97536, 4.92852, 1.05736, 1.15840, 28.00000, 485108.00000, 43361.00000, 251731.14286, 19792813933.40816, 140686.93590, 0.91102, 0.27362, 0.47741, 0.24897, 0.46429, 0.53571
3.48430, 3.15040, 1.49161, 4.92852, 0.73511, 1.26333, 31.00000, 474048.00000, 44804.00000, 168426.83871, 9705692050.52237, 98517.47079, 0.91102, 0.42617, 0.38313, 0.19070, 0.22581, 0.77419
2.85909, 3.75484, 1.40973, 4.92550, 0.92001, 1.28053, 16.00000, 499294.00000, 67737.00000, 236419.81250, 21087121833.27734, 145214.05522, 0.94766, 0.35746, 0.47456, 0.16798, 0.50000, 0.50000
1.49161, 3.48430, 3.15040, 4.92852, 1.16631, 0.87732, 34.00000, 295526.00000, 24323.00000, 149773.76471, 6738652884.29758, 82089.29823, 0.91102, 0.19070, 0.42617, 0.38313, 0.41176, 0.58824
0.70086, 2.75567, 4.02561, 4.92853, 1.32174, 0.61496, 37.00000, 496629.00000, 17431.00000, 215158.45946, 19149734314.62674, 138382.56507, 0.90081, 0.10514, 0.36663, 0.52824, 0.59459, 0.40541
1.97536, 2.21782, 3.93313, 4.92852, 0.84316, 0.64677, 60.00000, 462733.00000, 11035.00000, 153306.15000, 11604489874.92750, 107724.13785, 0.91102, 0.24897, 0.27362, 0.47741, 0.23333, 0.76667
1.40973, 2.85909, 3.75484, 4.92550, 1.11271, 0.70390, 27.00000, 479900.00000, 29493.00000, 152006.00000, 13725037946.14815, 117153.90709, 0.94766, 0.16798, 0.35746, 0.47456, 0.55556, 0.44444
3.93313, 1.97536, 2.21782, 4.92852, 0.46544, 1.10403, 50.00000, 497929.00000, 18013.00000, 131107.14000, 11531118502.16040, 107383.04569, 0.91102, 0.47741, 0.24897, 0.27362, 0.04000, 0.96000
3.15040, 1.49161, 3.48430, 4.92852, 0.44220, 0.78559, 65.00000, 415534.00000, 12825.00000, 111129.61538, 9383276306.72899, 96867.31289, 0.91102, 0.38313, 0.19070, 0.42617, 0.09231, 0.90769
4.02561, 0.70086, 2.75567, 4.92853, 0.17237, 0.97747, 85.00000, 431993.00000, 10332.00000, 107616.55294, 8177683339.75308, 90430.54429, 0.90081, 0.52824, 0.10514, 0.36663, 0.04706, 0.95294
3.75484, 1.40973, 2.85909, 4.92550, 0.35916, 0.95149, 47.00000, 485156.00000, 23475.00000, 131008.29787, 14282834069.52829, 119510.81152, 0.94766, 0.47456, 0.16798, 0.35746, 0.06383, 0.93617
2.20355, 3.47499, 2.68919, 4.91558, 1.00567, 0.99193, 24.00000, 464822.00000, 68426.00000, 222608.16667, 11911426508.72222, 109139.48190, 1.08598, 0.26522, 0.41309, 0.32170, 0.29167, 0.70833
2.68919, 2.20355, 3.47499, 4.91558, 0.68646, 0.78564, 26.00000, 433931.00000, 32875.00000, 157483.65385, 11217331188.38018, 105911.90296, 1.08598, 0.32170, 0.26522, 0.41309, 0.15385, 0.84615
3.47499, 2.68919, 2.20355, 4.91558, 0.65860, 1.10596, 15.00000, 421780.00000, 30267.00000, 187240.40000, 12881958455.84000, 113498.71566, 1.08598, 0.41309, 0.32170, 0.26522, 0.26667, 0.73333
2.83550, 2.83550, 2.83550, 4.91123, 0.78540, 0.95532, 23.00000, 403887.00000, 27860.00000, 148580.13043, 10282907897.33081, 101404.67394, 1.14286, 0.33333, 0.33333, 0.33333, 0.26087, 0.73913
-0.43315, 2.05481, 4.45876, 4.92853, 1.77855, 0.44016, 39.00000, 499891.00000, 21902.00000, 127948.33333, 11151158065.45299, 105599.04387, 0.90081, -0.08228, 0.33112, 0.75116, 0.64103, 0.35897
-1.70460, 1.50894, 4.37124, 4.92852, 2.41700, 0.48015, 46.00000, 403152.00000, 16156.00000, 148726.17391, 9682263144.49149, 98398.49158, 0.91102, -0.42255, 0.35294, 1.06961, 0.71739, 0.28261
-0.43811, 0.72621, 4.85499, 4.92852, 2.11363, 0.17295, 40.00000, 455154.00000, 33120.00000, 167244.75000, 11975673855.93750, 109433.42202, 0.91102, -0.09634, 0.13403, 0.96230, 0.47500, 0.52500
-0.87126, 1.44936, 4.62611, 4.92550, 2.11205, 0.35046, 30.00000, 439663.00000, 25003.00000, 191908.26667, 14398021831.86222, 119991.75735, 0.94766, -0.15634, 0.28534, 0.87099, 0.70000, 0.30000
-2.87963, 0.78273, 3.92241, 4.92852, 2.87619, 0.65037, 35.00000, 440397.00000, 32887.00000, 150522.85714, 10560911071.32245, 102766.29346, 0.91102, -1.48153, 0.40335, 2.07817, 0.91429, 0.08571
-3.75791, 0.00000, 3.18882, 4.92853, 3.14159, 0.86714, 17.00000, 445714.00000, 31689.00000, 144541.82353, 11000067822.96886, 104881.20815, 0.90081, 8.64229, -0.00000, -7.64229, 0.88235, 0.11765
-2.87963, -0.78273, 3.92241, 4.92852, -2.87619, 0.65037, 14.00000, 466483.00000, 64853.00000, 231777.07143, 15278113061.49490, 123604.66440, 0.91102, -7.66476, -2.08678, 10.75154, 0.71429, 0.28571
-3.21637, 0.00000, 3.73035, 4.92550, 3.14159, 0.71154, 20.00000, 483453.00000, 55533.00000, 197433.90000, 17346871266.49000, 131707.52168, 0.94766, -8.06739, 0.00000, 9.06739, 0.90000, 0.10000
-0.43811, -0.72621, 4.85499, 4.92852, -2.11363, 0.17295, 40.00000, 485194.00000, 53391.00000, 183196.82500, 11301450450.44437, 106308.28025, 0.91102, -0.13162, -0.18312, 1.31474, 0.20000, 0.80000
-1.70460, -1.50894, 4.37124, 4.92852, -2.41700, 0.48015, 25.00000, 482848.00000, 59407.00000, 202985.72000, 16421638475.72160, 128146.94095, 0.91102, -1.43665, -1.19997, 3.63662, 0.20000, 0.80000
-0.43315, -2.05481, 4.45876, 4.92853, -1.77855, 0.44016, 27.00000, 469800.00000, 39030.00000, 218783.37037, 14921769298.23320, 122154.69413, 0.90081, -0.24359, -0.98030, 2.22389, 0.03704, 0.96296
-0.87126, -1.44936, 4.62611, 4.92550, -2.11205, 0.35046, 12.00000, 386363.00000, 79580.00000, 196389.33333, 7718943791.55555, 87857.51983, 0.94766, -0.36416, -0.66465, 2.02881, 0.25000, 0.75000
-2.14766, 0.78579, 4.35121, 4.91558, 2.79084, 0.48390, 25.00000, 490517.00000, 18586.00000, 187096.64000, 20470493938.55040, 143075.13389, 1.08598, -0.71592, 0.25627, 1.45965, 0.72000, 0.28000
-2.14766, -0.78579, 4.35121, 4.91558, -2.79084, 0.48390, 21.00000, 465496.00000, 30743.00000, 199381.57143, 17691886884.14966, 133010.85251, 1.08598, -1.46868, -0.52573, 2.99442, 0.61905, 0.38095
-0.87622, 0.00000, 4.83686, 4.91558, 3.14159, 0.17921, 17.00000, 493640.00000, 40431.00000, 169117.88235, 15090252106.92733, 122842.38726, 1.08598, -0.22879, 0.00000, 1.22879, 0.52941, 0.47059
-1.75244, 0.00000, 4.58794, 4.91123, 3.14159, 0.36486, 23.00000, 491257.00000, 52072.00000, 205128.78261, 14682177159.64840, 121170.03408, 1.14286, -0.61803, 0.00000, 1.61803, 0.73913, 0.26087
-4.45876, -0.43315, 2.05481, 4.92853, -3.04475, 1.14074, 17.00000, 429422.00000, 42800.00000, 179333.00000, 16180402657.05882, 127202.21168, 0.90081, 1.49537, 0.16379, -0.65917, 1.00000, 0.00000
-4.85499, -0.43811, 0.72621, 4.92852, -3.05160, 1.42291, 10.00000, 429687.00000, 26207.00000, 242915.30000, 14702567461.41000, 121254.14410, 0.91102, 1.04077, 0.10419, -0.14496, 1.00000, 0.00000
-4.37124, -1.70460, 1.50894, 4.92852, -2.76977, 1.25963, 11.00000, 485827.00000, 63133.00000, 262836.45455, 18747028336.06611, 136919.78796, 0.91102, 0.93889, 0.37091, -0.30980, 0.90909, 0.09091
-4.62611, -0.87126, 1.44936, 4.92550, -2.95544, 1.27212, 10.00000, 442645.00000, 24872.00000, 177062.20000, 18167139454.96000, 134785.53133, 0.94766, 1.17386, 0.21070, -0.38457, 0.80000, 0.20000
-4.85499, -0.43811, -0.72621, 4.92852, -3.05160, 1.71868, 10.00000, 364060.00000, 64912.00000, 238626.20000, 8086087477.56000, 89922.67499, 0.91102, 0.80685, 0.08077, 0.11238, 1.00000, 0.00000
-4.45876, -0.43315, -2.05481, 4.92853, -3.04475, 2.00085, 6.00000, 283955.00000, 85912.00000, 197219.66667, 5626731918.22222, 75011.54523, 0.90081, 0.64502, 0.07065, 0.28433, 1.00000, 0.00000
-4.37124, -1.70460, -1.50894, 4.92852, -2.76977, 1.88196, 6.00000, 443719.00000, 98615.00000, 267923.33333, 17678720489.55555, 132961.34961, 0.91102, 0.57970, 0.22901, 0.19128, 1.00000, 0.00000
-4.62611, -0.87126, -1.44936, 4.92550, -2.95544, 1.86947, 3.00000, 263192.00000, 47733.00000, 133524.66667, 8699633842.88889, 93271.82770, 0.94766, 0.66353, 0.11910, 0.21738, 1.00000, 0.00000
-3.92241, -2.87963, 0.78273, 4.92852, -2.50831, 1.41130, 5.00000, 301864.00000, 179965.00000, 215722.80000, 1961217547.76000, 44285.63591, 0.91102, 0.65841, 0.46938, -0.12779, 0.60000, 0.40000
-3.92241, -2.87963, -0.78273, 4.92852, -2.50831, 1.73029, 1.00000, 306583.00000, 306583.00000, 306583.00000, 0.00000, 0.00000, 0.91102, 0.52439, 0.37383, 0.10178, 1.00000, 0.00000
-3.18882, -3.75791, 0.00000, 4.92853, -2.27446, 1.57080, 3.00000, 400528.00000, 81571.00000, 257099.00000, 17470767542.00000, 132177.03107, 0.90081, 0.46930, 0.53070, 0.00000, 0.66667, 0.33333
-3.73035, -3.21637, 0.00000, 4.92550, -2.43005, 1.57080, 7.00000, 478955.00000, 121768.00000, 264778.14286, 12208931290.97959, 110494.03283, 0.94766, 0.52918, 0.47082, -0.00000, 0.71429, 0.28571
-4.83686, -0.87622, 0.00000, 4.91558, -2.96238, 1.57080, 6.00000, 343445.00000, 44413.00000, 183112.16667, 11072476580.47222, 105225.83609, 1.08598, 0.84303, 0.15697, -0.00000, 1.00000, 0.00000
-4.35121, -2.14766, -0.78579, 4.91558, -2.68310, 1.73134, 8.00000, 483925.00000, 107057.00000, 236107.12500, 11192636940.35938, 105795.25954, 1.08598, 0.60022, 0.29439, 0.10538, 1.00000, 0.00000
-4.35121, -2.14766, 0.78579, 4.91558, -2.68310, 1.41025, 5.00000, 465160.00000, 157704.00000, 275985.80000, 11976936517.76000, 109439.19096, 1.08598, 0.76051, 0.37301, -0.13352, 1.00000, 0.00000
-4.58794, -1.75244, 0.00000, 4.91123, -2.77673, 1.57080, 3.00000, 335379.00000, 58061.00000, 212664.00000, 13325967792.66667, 115438.15571, 1.14286, 0.72361, 0.27639, -0.00000, 1.00000, 0.00000
-3.75791, 0.00000, -3.18882, 4.92853, 3.14159, 2.27446, 3.00000, 125112.00000, 89949.00000, 106857.00000, 206979966.00000, 14386.79832, 0.90081, 0.53070, -0.00000, 0.46930, 1.00000, 0.00000
-2.87963, 0.78273, -3.92241, 4.92852, 2.87619, 2.49122, 2.00000, 194848.00000, 176331.00000, 185589.50000, 85719822.25000, 9258.50000, 0.91102, 0.46938, -0.12779, 0.65841, 1.00000, 0.00000
-2.87963, -0.78273, -3.92241, 4.92852, -2.87619, 2.49122, 4.00000, 296522.00000, 115736.00000, 234798.50000, 4907396702.75000, 70052.81367, 0.91102, 0.37383, 0.10178, 0.52439, 1.00000, 0.00000
-3.21637, 0.00000, -3.73035, 4.92550, 3.14159, 2.43005, 2.00000, 478399.00000, 164503.00000, 321451.00000, 24632674704.00000, 156948.00000, 0.94766, 0.47082, 0.00000, 0.52918, 0.50000, 0.50000
-1.70460, 1.50894, -4.37124, 4.92852, 2.41700, 2.66145, 3.00000, 494334.00000, 206348.00000, 350812.66667, 13823100971.55556, 117571.68440, 0.91102, 0.37091, -0.30980, 0.93889, 1.00000, 0.00000
-0.43315, 2.05481, -4.45876, 4.92853, 1.77855, 2.70143, 4.00000, 471823.00000, 220967.00000, 355864.75000, 11315677082.18750, 106375.17136, 0.90081, 0.16379, -0.65917, 1.49537, 1.00000, 0.00000
-0.43811, 0.72621, -4.85499, 4.92852, 2.11363, 2.96865, 2.00000, 222182.00000, 168270.00000, 195226.00000, 726625936.00000, 26956.00000, 0.91102, 0.10419, -0.14496, 1.04077, 1.00000, 0.00000
-0.87126, 1.44936, -4.62611, 4.92550, 2.11205, 2.79113, 2.00000, 281543.00000, 232196.00000, 256869.50000, 608781602.25000, 24673.50000, 0.94766, 0.21070, -0.38457, 1.17386, 1.00000, 0.00000
-1.70460, -1.50894, -4.37124, 4.92852, -2.41700, 2.66145, 3.00000, 291995.00000, 123640.00000, 205536.00000, 4734311488.66667, 68806.33320, 0.91102, 0.22901, 0.19128, 0.57970, 1.00000, 0.00000
-0.43811, -0.72621, -4.85499, 4.92852, -2.11363, 2.96865, 0.00000, 0.00000, 0.00000, 0.00000, 0.00000, 0.00000, 0.91102, 0.08077, 0.11238, 0.80685, 0.00000, 0.00000
-0.43315, -2.05481, -4.45876, 4.92853, -1.77855, 2.70143, 0.00000, 0.00000, 0.00000, 0.00000, 0.00000, 0.00000, 0.90081, 0.07065, 0.28433, 0.64502, 0.00000, 0.00000
-0.87126, -1.44936, -4.62611, 4.92550, -2.11205, 2.79113, 0.00000, 0.00000, 0.00000, 0.00000, 0.00000, 0.00000, 0.94766, 0.11910, 0.21738, 0.66353, 0.00000, 0.00000
-2.14766, 0.78579, -4.35121, 4.91558, 2.79084, 2.65769, 2.00000, 400387.00000, 201226.00000, 300806.50000, 9916275980.25000, 99580.50000, 1.08598, 0.37301, -0.13352, 0.76051, 1.00000, 0.00000
-0.87622, 0.00000, -4.83686, 4.91558, 3.14159, 2.96238, 1.00000, 152515.00000, 152515.00000, 152515.00000, 0.00000, 0.00000, 1.08598, 0.15697, 0.00000, 0.84303, 1.00000, 0.00000
-2.14766, -0.78579, -4.35121, 4.91558, -2.79084, 2.65769, 0.00000, 0.00000, 0.00000, 0.00000, 0.00000, 0.00000, 1.08598, 0.29439, 0.10538, 0.60022, 0.00000, 0.00000
-1.75244, 0.00000, -4.58794, 4.91123, 3.14159, 2.77673, 3.00000, 348702.00000, 257452.00000, 293315.66667, 1578327673.55556, 39728.17229, 1.14286, 0.27639, 0.00000, 0.72361, 1.00000, 0.00000
0.70086, 2.75567, -4.02561, 4.92853, 1.32174, 2.52663, 3.00000, 364481.00000, 140252.00000, 270776.00000, 9057593454.00000, 95171.38989, 0.90081, -1.86160, -6.49176, 9.35336, 1.00000, 0.00000
1.49161, 3.48430, -3.15040, 4.92852, 1.16631, 2.26428, 6.00000, 388916.00000, 59586.00000, 218578.16667, 9720712941.13889, 98593.67597, 0.91102, 0.81587, 1.82322, -1.63909, 0.83333, 0.16667
1.97536, 2.21782, -3.93313, 4.92852, 0.84316, 2.49482, 1.00000, 398123.00000, 398123.00000, 398123.00000, 0.00000, 0.00000, 0.91102, 5.51065, 6.05607, -10.56672, 1.00000, 0.00000
1.40973, 2.85909, -3.75484, 4.92550, 1.11271, 2.43770, 2.00000, 415618.00000, 213409.00000, 314513.50000, 10222119920.25000, 101104.50000, 0.94766, 3.30198, 7.02665, -9.32863, 1.00000, 0.00000
2.21782, 3.93313, -1.97536, 4.92852, 1.05736, 1.98319, 4.00000, 417177.00000, 133330.00000, 279757.25000, 16989497114.68750, 130343.76515, 0.91102, 0.54500, 0.95092, -0.49591, 1.00000, 0.00000
2.75567, 4.02561, -0.70086, 4.92853, 0.97053, 1.71348, 13.00000, 459766.00000, 134133.00000, 316992.92308, 11575016155.14793, 107587.24904, 0.90081, 0.46424, 0.66888, -0.13313, 0.46154, 0.53846
3.48430, 3.15040, -1.49161, 4.92852, 0.73511, 1.87827, 9.00000, 485139.00000, 101639.00000, 294902.88889, 12205883113.43210, 110480.23857, 0.91102, 0.68893, 0.61936, -0.30829, 0.22222, 0.77778
2.85909, 3.75484, -1.40973, 4.92550, 0.92001, 1.86107, 5.00000, 404162.00000, 245380.00000, 344176.00000, 3014199267.60000, 54901.72372, 0.94766, 0.53830, 0.71466, -0.25296, 0.60000, 0.40000
3.15040, 1.49161, -3.48430, 4.92852, 0.44220, 2.35600, 3.00000, 380040.00000, 194140.00000, 270841.00000, 6287861668.66667, 79296.03817, 0.91102, 2.59457, 1.29147, -2.88604, 0.33333, 0.66667
3.93313, 1.97536, -2.21782, 4.92852, 0.46544, 2.03756, 5.00000, 382317.00000, 118765.00000, 212968.40000, 8096756335.04000, 89981.97783, 0.91102, 1.05443, 0.54989, -0.60432, 0.80000, 0.20000
4.02561, 0.70086, -2.75567, 4.92853, 0.17237, 2.16413, 4.00000, 363994.00000, 113276.00000, 257734.25000, 9725412656.18750, 98617.50684, 0.90081, 1.98030, 0.39414, -1.37444, 0.25000, 0.75000
3.75484, 1.40973, -2.85909, 4.92550, 0.35916, 2.19010, 3.00000, 297197.00000, 157253.00000, 240166.00000, 3598992818.00000, 59991.60623, 0.94766, 1.66465, 0.58922, -1.25387, 0.00000, 1.00000
2.20355, 3.47499, -2.68919, 4.91558, 1.00567, 2.14966, 4.00000, 388518.00000, 99059.00000, 190517.75000, 13482285898.68750, 116113.24601, 1.08598, 0.74373, 1.15838, -0.90211, 0.75000, 0.25000
3.47499, 2.68919, -2.20355, 4.91558, 0.65860, 2.03563, 5.00000, 466113.00000, 104012.00000, 259435.00000, 28087292486.00000, 167592.63852, 1.08598, 0.87972, 0.68510, -0.56481, 0.40000, 0.60000
2.68919, 2.20355, -3.47499, 4.91558, 0.68646, 2.35595, 3.00000, 377532.00000, 294038.00000, 335141.00000, 1162704144.66667, 34098.44783, 1.08598, 1.85065, 1.52573, -2.37638, 0.33333, 0.66667
2.83550, 2.83550, -2.83550, 4.91123, 0.78540, 2.18628, 5.00000, 402809.00000, 136146.00000, 304492.00000, 8949199607.60000, 94600.20934, 1.14286, 1.00000, 1.00000, -1.00000, 0.60000, 0.40000
2.75567, -4.02561, 0.70086, 4.92853, -0.97053, 1.42811, 19.00000, 451808.00000, 67707.00000, 227979.00000, 11192969496.94737, 105796.83122, 0.90081, -6.49176, 9.35336, -1.86160, 0.00000, 1.00000
3.48430, -3.15040, 1.49161, 4.92852, -0.73511, 1.26333, 33.00000, 487912.00000, 24589.00000, 162816.69697, 13572045162.75666, 116499.12087, 0.91102, 1.82322, -1.63909, 0.81587, 0.00000, 1.00000
2.21782, -3.93313, 1.97536, 4.92852, -1.05736, 1.15840, 28.00000, 481725.00000, 35963.00000, 156640.82143, 11949805288.64668, 109315.16495, 0.91102, 6.05607, -10.56672, 5.51065, 0.00000, 1.00000
2.85909, -3.75484, 1.40973, 4.92550, -0.92001, 1.28053, 16.00000, 259621.00000, 28399.00000, 118417.18750, 5236750966.52734, 72365.39896, 0.94766, 7.02665, -9.32863, 3.30198, 0.00000, 1.00000
3.93313, -1.97536, 2.21782, 4.92852, -0.46544, 1.10403, 75.00000, 406699.00000, 12273.00000, 114989.68000, 8238565235.92427, 90766.54249, 0.91102, 0.95092, -0.49591, 0.54500, 0.00000, 1.00000
4.02561, -0.70086, 2.75567, 4.92853, -0.17237, 0.97747, 101.00000, 484708.00000, 10667.00000, 94780.15842, 9137531572.35114, 95590.43662, 0.90081, 0.66888, -0.13313, 0.46424, 0.00990, 0.99010
3.15040, -1.49161, 3.48430, 4.92852, -0.44220, 0.78559, 127.00000, 439687.00000, 10076.00000, 93836.96850, 9859559220.03051, 99295.31318, 0.91102, 0.61936, -0.30829, 0.68893, 0.01575, 0.98425
3.75484, -1.40973, 2.85909, 4.92550, -0.35916, 0.95149, 88.00000, 497081.00000, 10060.00000, 95405.63636, 13118260624.84504, 114534.97555, 0.94766, 0.71466, -0.25296, 0.53830, 0.01136, 0.98864
1.49161, -3.48430, 3.15040, 4.92852, -1.16631, 0.87732, 35.00000, 482092.00000, 28047.00000, 153900.68571, 10251395776.21551, 101249.17667, 0.91102, 1.29147, -2.88604, 2.59457, 0.02857, 0.97143
1.97536, -2.21782, 3.93313, 4.92852, -0.84316, 0.64677, 84.00000, 494972.00000, 12545.00000, 106864.09524, 9428988746.68141, 97102.98011, 0.91102, 0.54989, -0.60432, 1.05443, 0.01190, 0.98810
0.70086, -2.75567, 4.02561, 4.92853, -1.32174, 0.61496, 34.00000, 462995.00000, 18890.00000, 149325.02941, 13231771230.85208, 115029.43637, 0.90081, 0.39414, -1.37444, 1.98030, 0.05882, 0.94118
1.40973, -2.85909, 3.75484, 4.92550, -1.11271, 0.70390, 41.00000, 455585.00000, 29945.00000, 134519.78049, 9758493417.24450, 98785.08702, 0.94766, 0.58922, -1.25387, 1.66465, 0.00000, 1.00000
3.47499, -2.68919, 2.20355, 4.91558, -0.65860, 1.10596, 50.00000, 493438.00000, 25892.00000, 143092.98000, 17708991721.09960, 133075.13562, 1.08598, 1.15838, -0.90211, 0.74373, 0.08000, 0.92000
2.68919, -2.20355, 3.47499, 4.91558, -0.68646, 0.78564, 58.00000, 468225.00000, 11988.00000, 120705.58621, 12905850501.62188, 113603.91939, 1.08598, 0.68510, -0.56481, 0.87972, 0.01724, 0.98276
2.20355, -3.47499, 2.68919, 4.91558, -1.00567, 0.99193, 30.00000, 462057.00000, 35111.00000, 155121.46667, 12506490492.84889, 111832.42147, 1.08598, 1.52573, -2.37638, 1.85065, 0.03333, 0.96667
2.83550, -2.83550, 2.83550, 4.91123, -0.78540, 0.95532, 45.00000, 437373.00000, 15862.00000, 106785.20000, 7343860233.40444, 85696.32567, 1.14286, 1.00000, -1.00000, 1.00000, 0.00000, 1.00000
2.05481, -4.45876, 0.43315, 4.92853, -1.13896, 1.48280, 11.00000, 483744.00000, 44907.00000, 230142.81818, 21816906009.05785, 147705.47048, 0.90081, -0.98030, 2.22389, -0.24359, 0.00000, 1.00000
1.50894, -4.37124, 1.70460, 4.92852, -1.23841, 1.21764, 15.00000, 411151.00000, 34049.00000, 184257.40000, 13568007168.64000, 116481.78900, 0.91102, -1.19997, 3.63662, -1.43665, 0.06667, 0.93333
0.72621, -4.85499, 0.43811, 4.92852, -1.42232, 1.48179, 8.00000, 358691.00000, 109967.00000, 206870.12500, 6249021827.35938, 79050.75476, 0.91102, -0.18312, 1.31474, -0.13162, 0.00000, 1.00000
1.44936, -4.62611, 0.87126, 4.92550, -1.26718, 1.39297, 5.00000, 367853.00000, 54769.00000, 211678.00000, 15636330846.00000, 125045.31517, 0.94766, -0.66465, 2.02881, -0.36416, 0.00000, 1.00000
0.78273, -3.92241, 2.87963, 4.92852, -1.37383, 0.94680, 25.00000, 447687.00000, 35970.00000, 142890.92000, 13138493454.87360, 114623.26751, 0.91102, -2.08678, 10.75154, -7.66476, 0.00000, 1.00000
0.00000, -3.18882, 3.75791, 4.92853, -1.57080, 0.70366, 17.00000, 499762.00000, 41884.00000, 241314.17647, 18645758665.32180, 136549.47332, 0.90081, 0.00000, -7.64229, 8.64229, 0.17647, 0.82353
-0.78273, -3.92241, 2.87963, 4.92852, -1.76776, 0.94680, 13.00000, 357860.00000, 56562.00000, 169983.07692, 9780705815.91716, 98897.45101, 0.91102, 0.40335, 2.07817, -1.48153, 0.07692, 0.92308
0.00000, -3.73035, 3.21637, 4.92550, -1.57080, 0.85925, 9.00000, 451626.00000, 61299.00000, 180504.22222, 14209033091.72839, 119201.64886, 0.94766, -0.00000, 9.06739, -8.06739, 0.00000, 1.00000
-0.72621, -4.85499, 0.43811, 4.92852, -1.71928, 1.48179, 2.00000, 420273.00000, 169750.00000, 295011.50000, 15690443382.25000, 125261.50000, 0.91102, 0.13403, 0.96230, -0.09634, 0.50000, 0.50000
-1.50894, -4.37124, 1.70460, 4.92852, -1.90319, 1.21764, 3.00000, 323120.00000, 147628.00000, 253045.33333, 5757459054.22222, 75877.92205, 0.91102, 0.35294, 1.06961, -0.42255, 0.66667, 0.33333
-2.05481, -4.45876, 0.43315, 4.92853, -2.00263, 1.48280, 3.00000, 418603.00000, 234812.00000, 329869.66667, 5649853876.22222, 75165.50988, 0.90081, 0.33112, 0.75116, -0.08228, 0.00000, 1.00000
-1.44936, -4.62611, 0.87126, 4.92550, -1.87441, 1.39297, 3.00000, 420767.00000, 217161.00000, 341340.00000, 7910604624.66667, 88941.57984, 0.94766, 0.28534, 0.87099, -0.15634, 0.33333, 0.66667
0.78579, -4.35121, 2.14766, 4.91558, -1.39213, 1.11864, 12.00000, 351304.00000, 37431.00000, 191891.08333, 9880022761.24306, 99398.30361, 1.08598, -0.52573, 2.99442, -1.46868, 0.00000, 1.00000
-0.78579, -4.35121, 2.14766, 4.91558, -1.74946, 1.11864, 5.00000, 322504.00000, 127485.00000, 212912.60000, 6345189362.24000, 79656.69691, 1.08598, 0.25627, 1.45965, -0.71592, 0.20000, 0.80000
0.00000, -4.83686, 0.87622, 4.91558, -1.57080, 1.39159, 5.00000, 468002.00000, 84711.00000, 219960.60000, 21859469057.04000, 147849.48108, 1.08598, -0.00000, 1.22879, -0.22879, 0.00000, 1.00000
0.00000, -4.58794, 1.75244, 4.91123, -1.57080, 1.20593, 8.00000, 426739.00000, 82165.00000, 265338.00000, 12103292506.75000, 110014.96492, 1.14286, -0.00000, 1.61803, -0.61803, 0.00000, 1.00000
2.05481, -4.45876, -0.43315, 4.92853, -1.13896, 1.65880, 6.00000, 448315.00000, 72829.00000, 190515.33333, 14514216384.88889, 120474.96165, 0.90081, -0.65917, 1.49537, 0.16379, 0.00000, 1.00000
0.72621, -4.85499, -0.43811, 4.92852, -1.42232, 1.65981, 8.00000, 381633.00000, 207950.00000, 289748.00000, 4154100041.75000, 64452.30827, 0.91102, -0.14496, 1.04077, 0.10419, 0.25000, 0.75000
1.50894, -4.37124, -1.70460, 4.92852, -1.23841, 1.92396, 1.00000, 214832.00000, 214832.00000, 214832.00000, 0.00000, 0.00000, 0.91102, -0.30980, 0.93889, 0.37091, 0.00000, 1.00000
1.44936, -4.62611, -0.87126, 4.92550, -1.26718, 1.74862, 2.00000, 352847.00000, 220270.00000, 286558.50000, 4394165232.25000, 66288.50000, 0.94766, -0.38457, 1.17386, 0.21070, 0.00000, 1.00000
-0.72621, -4.85499, -0.43811, 4.92852, -1.71928, 1.65981, 4.00000, 437040.00000, 172126.00000, 325586.00000, 9360701446.00000, 96750.71806, 0.91102, 0.11238, 0.80685, 0.08077, 0.25000, 0.75000
-2.05481, -4.45876, -0.43315, 4.92853, -2.00263, 1.65880, 3.00000, 360104.00000, 138916.00000, 276214.33333, 9580264728.22222, 97878.82676, 0.90081, 0.28433, 0.64502, 0.07065, 0.00000, 1.00000
-1.50894, -4.37124, -1.70460, 4.92852, -1.90319, 1.92396, 4.00000, 472029.00000, 234718.00000, 399258.25000, 9311377647.18750, 96495.47993, 0.91102, 0.19128, 0.57970, 0.22901, 0.50000, 0.50000
-1.44936, -4.62611, -0.87126, 4.92550, -1.87441, 1.74862, 1.00000, 324804.00000, 324804.00000, 324804.00000, 0.00000, 0.00000, 0.94766, 0.21738, 0.66353, 0.11910, 1.00000, 0.00000
0.78273, -3.92241, -2.87963, 4.92852, -1.37383, 2.19479, 1.00000, 397085.00000, 397085.00000, 397085.00000, 0.00000, 0.00000, 0.91102, -0.12779, 0.65841, 0.46938, 0.00000, 1.00000
-0.78273, -3.92241, -2.87963, 4.92852, -1.76776, 2.19479, 0.00000, 0.00000, 0.00000, 0.00000, 0.00000, 0.00000, 0.91102, 0.10178, 0.52439, 0.37383, 0.00000, 0.00000
0.00000, -3.18882, -3.75791, 4.92853, -1.57080, 2.43793, 0.00000, 0.00000, 0.00000, 0.00000, 0.00000, 0.00000, 0.90081, 0.00000, 0.46930, 0.53070, 0.00000, 0.00000
0.00000, -3.73035, -3.21637, 4.92550, -1.57080, 2.28234, 0.00000, 0.00000, 0.00000, 0.00000, 0.00000, 0.00000, 0.94766, -0.00000, 0.52918, 0.47082, 0.00000, 0.00000
0.00000, -4.83686, -0.87622, 4.91558, -1.57080, 1.75001, 0.00000, 0.00000, 0.00000, 0.00000, 0.00000, 0.00000, 1.08598, -0.00000, 0.84303, 0.15697, 0.00000, 0.00000
-0.78579, -4.35121, -2.14766, 4.91558, -1.74946, 2.02296, 1.00000, 198233.00000, 198233.00000, 198233.00000, 0.00000, 0.00000, 1.08598, 0.10538, 0.60022, 0.29439, 0.00000, 1.00000
0.78579, -4.35121, -2.14766, 4.91558, -1.39213, 2.02296, 0.00000, 0.00000, 0.00000, 0.00000, 0.00000, 0.00000, 1.08598, -0.13352, 0.76051, 0.37301, 0.00000, 0.00000
0.00000, -4.58794, -1.75244, 4.91123, -1.57080, 1.93566, 5.00000, 388237.00000, 193949.00000, 295071.40000, 7250166687.04000, 85147.91064, 1.14286, -0.00000, 0.72361, 0.27639, 0.00000, 1.00000
2.75567, -4.02561, -0.70086, 4.92853, -0.97053, 1.71348, 13.00000, 417733.00000, 62893.00000, 229083.07692, 14087305493.60947, 118689.95532, 0.90081, -1.37444, 1.98030, 0.39414, 0.00000, 1.00000
2.21782, -3.93313, -1.97536, 4.92852, -1.05736, 1.98319, 4.00000, 453749.00000, 234052.00000, 318866.00000, 7382509732.50000, 85921.53241, 0.91102, -0.60432, 1.05443, 0.54989, 0.00000, 1.00000
3.48430, -3.15040, -1.49161, 4.92852, -0.73511, 1.87827, 7.00000, 411800.00000, 83412.00000, 200329.14286, 12438018393.26530, 111525.86423, 0.91102, -2.88604, 2.59457, 1.29147, 0.00000, 1.00000
2.85909, -3.75484, -1.40973, 4.92550, -0.92001, 1.86107, 1.00000, 399865.00000, 399865.00000, 399865.00000, 0.00000, 0.00000, 0.94766, -1.25387, 1.66465, 0.58922, 0.00000, 1.00000
1.49161, -3.48430, -3.15040, 4.92852, -1.16631, 2.26428, 1.00000, 313741.00000, 313741.00000, 313741.00000, 0.00000, 0.00000, 0.91102, -0.30829, 0.68893, 0.61936, 0.00000, 1.00000
0.70086, -2.75567, -4.02561, 4.92853, -1.32174, 2.52663, 2.00000, 451731.00000, 425309.00000, 438520.00000, 174530521.00000, 13211.00000, 0.90081, -0.13313, 0.46424, 0.66888, 0.50000, 0.50000
1.97536, -2.21782, -3.93313, 4.92852, -0.84316, 2.49482, 0.00000, 0.00000, 0.00000, 0.00000, 0.00000, 0.00000, 0.91102, -0.49591, 0.54500, 0.95092, 0.00000, 0.00000
1.40973, -2.85909, -3.75484, 4.92550, -1.11271, 2.43770, 0.00000, 0.00000, 0.00000, 0.00000, 0.00000, 0.00000, 0.94766, -0.25296, 0.53830, 0.71466, 0.00000, 0.00000
3.93313, -1.97536, -2.21782, 4.92852, -0.46544, 2.03756, 4.00000, 333499.00000, 152735.00000, 247564.00000, 4734531283.50000, 68807.93038, 0.91102, -10.56672, 5.51065, 6.05607, 0.00000, 1.00000
3.15040, -1.49161, -3.48430, 4.92852, -0.44220, 2.35600, 2.00000, 463236.00000, 379250.00000, 421243.00000, 1763412049.00000, 41993.00000, 0.91102, -1.63909, 0.81587, 1.82322, 0.00000, 1.00000
4.02561, -0.70086, -2.75567, 4.92853, -0.17237, 2.16413, 1.00000, 478349.00000, 478349.00000, 478349.00000, 0.00000, 0.00000, 0.90081, 9.35336, -1.86160, -6.49176, 0.00000, 1.00000
3.75484, -1.40973, -2.85909, 4.92550, -0.35916, 2.19010, 6.00000, 497228.00000, 118563.00000, 289986.66667, 16998285924.22222, 130377.47476, 0.94766, -9.32863, 3.30198, 7.02665, 0.00000, 1.00000
2.20355, -3.47499, -2.68919, 4.91558, -1.00567, 2.14966, 4.00000, 455892.00000, 233574.00000, 330011.75000, 6406962828.18750, 80043.50585, 1.08598, -0.56481, 0.87972, 0.68510, 0.00000, 1.00000
2.68919, -2.20355, -3.47499, 4.91558, -0.68646, 2.35595, 1.00000, 347645.00000, 347645.00000, 347645.00000, 0.00000, 0.00000, 1.08598, -0.90211, 0.74373, 1.15838, 0.00000, 1.00000
3.47499, -2.68919, -2.20355, 4.91558, -0.65860, 2.03563, 4.00000, 411741.00000, 106568.00000, 198926.50000, 15599015526.25000, 124896.01886, 1.08598, -2.37638, 1.85065, 1.52573, 0.00000, 1.00000
2.83550, -2.83550, -2.83550, 4.91123, -0.78540, 2.18628, 7.00000, 481429.00000, 219874.00000, 326336.00000, 9190503365.71428, 95867.11306, 1.14286, -1.00000, 1.00000, 1.00000, 0.00000, 1.00000
3.18882, -3.75791, 0.00000, 4.92853, -0.86714, 1.57080, 13.00000, 496289.00000, 87340.00000, 255072.76923, 18913606865.71598, 137526.74964, 0.90081, -7.64229, 8.64229, -0.00000, 0.00000, 1.00000
3.92241, -2.87963, -0.78273, 4.92852, -0.63328, 1.73029, 15.00000, 480928.00000, 51824.00000, 219146.80000, 12286125872.16000, 110842.79802, 0.91102, 10.75154, -7.66476, -2.08678, 0.00000, 1.00000
3.92241, -2.87963, 0.78273, 4.92852, -0.63328, 1.41130, 31.00000, 466548.00000, 37377.00000, 192000.90323, 13435454739.82935, 115911.40901, 0.91102, 2.07817, -1.48153, 0.40335, 0.00000, 1.00000
3.73035, -3.21637, 0.00000, 4.92550, -0.71154, 1.57080, 16.00000, 479392.00000, 33804.00000, 179345.12500, 18265222460.85938, 135148.88997, 0.94766, 9.06739, -8.06739, 0.00000, 0.00000, 1.00000
4.37124, -1.70460, -1.50894, 4.92852, -0.37182, 1.88196, 6.00000, 494315.00000, 171043.00000, 319025.33333, 14328958234.22222, 119703.62665, 0.91102, 3.63662, -1.43665, -1.19997, 0.00000, 1.00000
4.45876, -0.43315, -2.05481, 4.92853, -0.09684, 2.00085, 3.00000, 357984.00000, 99235.00000, 200103.66667, 12783672568.22222, 113064.90423, 0.90081, 2.22389, -0.24359, -0.98030, 0.00000, 1.00000
4.85499, -0.43811, -0.72621, 4.92852, -0.09000, 1.71868, 12.00000, 434528.00000, 54547.00000, 171772.25000, 12143820404.35417, 110199.00365, 0.91102, 1.31474, -0.13162, -0.18312, 0.08333, 0.91667
4.62611, -0.87126, -1.44936, 4.92550, -0.18616, 1.86947, 6.00000, 272504.00000, 89106.00000, 140534.16667, 4138958378.80555, 64334.73695, 0.94766, 2.02881, -0.36416, -0.66465, 0.00000, 1.00000
4.37124, -1.70460, 1.50894, 4.92852, -0.37182, 1.25963, 52.00000, 442085.00000, 19885.00000, 129658.46154, 12135043099.44083, 110159.17165, 0.91102, 1.06961, -0.42255, 0.35294, 0.00000, 1.00000
4.85499, -0.43811, 0.72621, 4.92852, -0.09000, 1.42291, 33.00000, 431618.00000, 26361.00000, 136990.87879, 6122548204.77319, 78246.71370, 0.91102, 0.96230, -0.09634, 0.13403, 0.00000, 1.00000
4.45876, -0.43315, 2.05481, 4.92853, -0.09684, 1.14074, 65.00000, 482877.00000, 15800.00000, 111481.24615, 10826529117.29325, 104050.60844, 0.90081, 0.75116, -0.08228, 0.33112, 0.01538, 0.98462
4.62611, -0.87126, 1.44936, 4.92550, -0.18616, 1.27212, 39.00000, 385139.00000, 19295.00000, 108932.30769, 7665026892.41815, 87550.13931, 0.94766, 0.87099, -0.15634, 0.28534, 0.00000, 1.00000
4.35121, -2.14766, -0.78579, 4.91558, -0.45850, 1.73134, 11.00000, 361995.00000, 47294.00000, 149975.63636, 8300133950.59504, 91105.07094, 1.08598, 2.99442, -1.46868, -0.52573, 0.00000, 1.00000
4.83686, -0.87622, 0.00000, 4.91558, -0.17921, 1.57080, 16.00000, 427405.00000, 46198.00000, 205803.18750, 16119849675.65234, 126963.96999, 1.08598, 1.22879, -0.22879, 0.00000, 0.06250, 0.93750
4.35121, -2.14766, 0.78579, 4.91558, -0.45850, 1.41025, 18.00000, 359982.00000, 47764.00000, 160356.55556, 9752182383.69136, 98753.13860, 1.08598, 1.45965, -0.71592, 0.25627, 0.00000, 1.00000
4.58794, -1.75244, 0.00000, 4.91123, -0.36486, 1.57080, 18.00000, 380732.00000, 20213.00000, 141626.61111, 10057820768.34876, 100288.68714, 1.14286, 1.61803, -0.61803, 0.00000, 0.00000, 1.00000
0.43315, -2.05481, 4.45876, 4.92853, -1.36304, 0.44016, 50.00000, 485610.00000, 29064.00000, 157459.94000, 14407133052.21640, 120029.71737, 0.90081, 0.16379, -0.65917, 1.49537, 0.08000, 0.92000
1.70460, -1.50894, 4.37124, 4.92852, -0.72459, 0.48015, 85.00000, 482219.00000, 9864.00000, 108910.15294, 12104641947.25896, 110021.09774, 0.91102, 0.37091, -0.30980, 0.93889, 0.02353, 0.97647
0.43811, -0.72621, 4.85499, 4.92852, -1.02797, 0.17295, 47.00000, 453163.00000, 15323.00000, 167838.00000, 14476575521.78723, 120318.64162, 0.91102, 0.10419, -0.14496, 1.04077, 0.12766, 0.87234
0.87126, -1.44936, 4.62611, 4.92550, -1.02954, 0.35046, 38.00000, 463481.00000, 11750.00000, 128912.31579, 13749724453.79502, 117259.21906, 0.94766, 0.21070, -0.38457, 1.17386, 0.10526, 0.89474
2.87963, -0.78273, 3.92241, 4.92852, -0.26540, 0.65037, 133.00000, 484126.00000, 9544.00000, 85688.06015, 10799388703.62044, 103920.10731, 0.91102, 0.46938, -0.12779, 0.65841, 0.00752, 0.99248
3.75791, 0.00000, 3.18882, 4.92853, 0.00000, 0.86714, 92.00000, 379653.00000, 9126.00000, 82099.94565, 6054615506.29052, 77811.40987, 0.90081, 0.53070, -0.00000, 0.46930, 0.01087, 0.98913
2.87963, 0.78273, 3.92241, 4.92852, 0.26540, 0.65037, 108.00000, 453871.00000, 11107.00000, 117429.63889, 12300174577.08256, 110906.15212, 0.91102, 0.37383, 0.10178, 0.52439, 0.08333, 0.91667
3.21637, 0.00000, 3.73035, 4.92550, 0.00000, 0.71154, 104.00000, 459984.00000, 9300.00000, 87786.95192, 7532182751.46884, 86788.14868, 0.94766, 0.47082, -0.00000, 0.52918, 0.00000, 1.00000
0.43811, 0.72621, 4.85499, 4.92852, 1.02797, 0.17295, 50.00000, 485042.00000, 24459.00000, 147908.42000, 11008685720.68360, 104922.28419, 0.91102, 0.08077, 0.11238, 0.80685, 0.18000, 0.82000
1.70460, 1.50894, 4.37124, 4.92852, 0.72459, 0.48015, 66.00000, 481650.00000, 15310.00000, 139913.60606, 10325832099.17814, 101616.10157, 0.91102, 0.22901, 0.19128, 0.57970, 0.21212, 0.78788
0.43315, 2.05481, 4.45876, 4.92853, 1.36304, 0.44016, 42.00000, 482412.00000, 33003.00000, 172832.04762, 14204185078.47392, 119181.31178, 0.90081, 0.07065, 0.28433, 0.64502, 0.54762, 0.45238
0.87126, 1.44936, 4.62611, 4.92550, 1.02954, 0.35046, 40.00000, 497357.00000, 26790.00000, 131333.30000, 10160651019.01000, 100800.05466, 0.94766, 0.11910, 0.21738, 0.66353, 0.15000, 0.85000
2.14766, -0.78579, 4.35121, 4.91558, -0.35075, 0.48390, 91.00000, 477795.00000, 9866.00000, 112228.16484, 11925642265.76404, 109204.58903, 1.08598, 0.37301, -0.13352, 0.76051, 0.02198, 0.97802
2.14766, 0.78579, 4.35121, 4.91558, 0.35075, 0.48390, 55.00000, 484785.00000, 15481.00000, 121781.40000, 10828412161.54909, 104059.65674, 1.08598, 0.29439, 0.10538, 0.60022, 0.03636, 0.96364
0.87622, 0.00000, 4.83686, 4.91558, 0.00000, 0.17921, 45.00000, 435352.00000, 17230.00000, 126018.73333, 10154511677.84000, 100769.59699, 1.08598, 0.15697, -0.00000, 0.84303, 0.15556, 0.84444
1.75244, 0.00000, 4.58794, 4.91123, 0.00000, 0.36486, 96.00000, 499327.00000, 14857.00000, 135807.66667, 14046171385.32639, 118516.54477, 1.14286, 0.27639, 0.00000, 0.72361, 0.08333, 0.91667
-2.75567, -4.02561, 0.70086, 4.92853, -2.17107, 1.42811, 3.00000, 383718.00000, 290552.00000, 340598.33333, 1470639948.22222, 38348.92369, 0.90081, 0.46424, 0.66888, -0.13313, 0.00000, 1.00000
-2.21782, -3.93313, 1.97536, 4.92852, -2.08423, 1.15840, 5.00000, 408039.00000, 87176.00000, 247310.80000, 11908174611.76000, 109124.58299, 0.91102, 0.54500, 0.95092, -0.49591, 0.20000, 0.80000
-3.48430, -3.15040, 1.49161, 4.92852, -2.40648, 1.26333, 5.00000, 417375.00000, 84495.00000, 265346.60000, 13715636200.24000, 117113.77460, 0.91102, 0.68893, 0.61936, -0.30829, 0.60000, 0.40000
-2.85909, -3.75484, 1.40973, 4.92550, -2.22158, 1.28053, 3.00000, 344524.00000, 184660.00000, 249037.33333, 4743311726.22222, 68871.70483, 0.94766, 0.53830, 0.71466, -0.25296, 0.00000, 1.00000
-1.49161, -3.48430, 3.15040, 4.92852, -1.97528, 0.87732, 12.00000, 414835.00000, 87248.00000, 251239.16667, 14933277309.13889, 122201.78930, 0.91102, 0.81587, 1.82322, -1.63909, 0.16667, 0.83333
-0.70086, -2.75567, 4.02561, 4.92853, -1.81985, 0.61496, 11.00000, 456619.00000, 34075.00000, 250395.54545, 21748699985.15703, 147474.40451, 0.90081, -1.86160, -6.49176, 9.35336, 0.00000, 1.00000
-1.97536, -2.21782, 3.93313, 4.92852, -2.29844, 0.64677, 17.00000, 491833.00000, 49678.00000, 237121.11765, 20460457234.69204, 143040.05465, 0.91102, 5.51065, 6.05607, -10.56672, 0.29412, 0.70588
-1.40973, -2.85909, 3.75484, 4.92550, -2.02888, 0.70390, 10.00000, 474703.00000, 121215.00000, 271154.40000, 13200329487.24000, 114892.68683, 0.94766, 3.30198, 7.02665, -9.32863, 0.30000, 0.70000
-3.93313, -1.97536, 2.21782, 4.92852, -2.67616, 1.10403, 8.00000, 355459.00000, 64652.00000, 239046.87500, 9308437915.60938, 96480.24625, 0.91102, 1.05443, 0.54989, -0.60432, 0.87500, 0.12500
-3.15040, -1.49161, 3.48430, 4.92852, -2.69940, 0.78559, 10.00000, 484785.00000, 79877.00000, 205805.20000, 11721974466.36000, 108268.06762, 0.91102, 2.59457, 1.29147, -2.88604, 0.80000, 0.20000
-4.02561, -0.70086, 2.75567, 4.92853, -2.96922, 0.97747, 19.00000, 440386.00000, 47333.00000, 201090.36842, 14623584071.39058, 120928.01194, 0.90081, 1.98030, 0.39414, -1.37444, 0.84211, 0.15789
-3.75484, -1.40973, 2.85909, 4.92550, -2.78243, 0.95149, 8.00000, 473516.00000, 92070.00000, 246004.37500, 17236034460.73438, 131286.07870, 0.94766, 1.66465, 0.58922, -1.25387, 0.62500, 0.37500
-2.20355, -3.47499, 2.68919, 4.91558, -2.13592, 0.99193, 7.00000, 358295.00000, 97339.00000, 239423.28571, 6423494543.06122, 80146.70638, 1.08598, 0.74373, 1.15838, -0.90211, 0.57143, 0.42857
-2.68919, -2.20355, 3.47499, 4.91558, -2.45513, 0.78564, 6.00000, 428066.00000, 88211.00000, 244800.33333, 15486986735.22222, 124446.72248, 1.08598, 1.85065, 1.52573, -2.37638, 0.66667, 0.33333
-3.47499, -2.68919, 2.20355, 4.91558, -2.48299, 1.10596, 6.00000, 463991.00000, 161928.00000, 281453.66667, 10428580239.55556, 102120.42029, 1.08598, 0.87972, 0.68510, -0.56481, 0.50000, 0.50000
-2.83550, -2.83550, 2.83550, 4.91123, -2.35619, 0.95532, 4.00000, 394181.00000, 96066.00000, 244868.25000, 11572796457.68750, 107576.93274, 1.14286, 1.00000, 1.00000, -1.00000, 0.75000, 0.25000
-0.70086, -2.75567, -4.02561, 4.92853, -1.81985, 2.52663, 1.00000, 305956.00000, 305956.00000, 305956.00000, 0.00000, 0.00000, 0.90081, 0.10514, 0.36663, 0.52824, 0.00000, 1.00000
-1.49161, -3.48430, -3.15040, 4.92852, -1.97528, 2.26428, 0.00000, 0.00000, 0.00000, 0.00000, 0.00000, 0.00000, 0.91102, 0.19070, 0.42617, 0.38313, 0.00000, 0.00000
-1.97536, -2.21782, -3.93313, 4.92852, -2.29844, 2.49482, 1.00000, 279682.00000, 279682.00000, 279682.00000, 0.00000, 0.00000, 0.91102, 0.24897, 0.27362, 0.47741, 1.00000, 0.00000
-1.40973, -2.85909, -3.75484, 4.92550, -2.02888, 2.43770, 0.00000, 0.00000, 0.00000, 0.00000, 0.00000, 0.00000, 0.94766, 0.16798, 0.35746, 0.47456, 0.00000, 0.00000
-2.21782, -3.93313, -1.97536, 4.92852, -2.08423, 1.98319, 2.00000, 378600.00000, 195287.00000, 286943.50000, 8400913992.25000, 91656.50000, 0.91102, 0.27362, 0.47741, 0.24897, 0.00000, 1.00000
-2.75567, -4.02561, -0.70086, 4.92853, -2.17107, 1.71348, 4.00000, 432853.00000, 133571.00000, 271221.25000, 14135530677.18750, 118892.93788, 0.90081, 0.36663, 0.52824, 0.10514, 0.50000, 0.50000
-3.48430, -3.15040, -1.49161, 4.92852, -2.40648, 1.87827, 1.00000, 209823.00000, 209823.00000, 209823.00000, 0.00000, 0.00000, 0.91102, 0.42617, 0.38313, 0.19070, 1.00000, 0.00000
-2.85909, -3.75484, -1.40973, 4.92550, -2.22158, 1.86107, 3.00000, 468102.00000, 177220.00000, 300799.33333, 15057921259.55556, 122710.72186, 0.94766, 0.35746, 0.47456, 0.16798, 0.66667, 0.33333
-3.15040, -1.49161, -3.48430, 4.92852, -2.69940, 2.35600, 2.00000, 484649.00000, 342088.00000, 413368.50000, 5080909680.25000, 71280.50000, 0.91102, 0.38313, 0.19070, 0.42617, 0.50000, 0.50000
-3.93313, -1.97536, -2.21782, 4.92852, -2.67616, 2.03756, 2.00000, 437527.00000, 341544.00000, 389535.50000, 2303184072.25000, 47991.50000, 0.91102, 0.47741, 0.24897, 0.27362, 1.00000, 0.00000
-4.02561, -0.70086, -2.75567, 4.92853, -2.96922, 2.16413, 5.00000, 420971.00000, 160028.00000, 272331.20000, 7054642395.76000, 83991.91863, 0.90081, 0.52824, 0.10514, 0.36663, 1.00000, 0.00000
-3.75484, -1.40973, -2.85909, 4.92550, -2.78243, 2.19010, 2.00000, 398668.00000, 185216.00000, 291942.00000, 11390439076.00000, 106726.00000, 0.94766, 0.47456, 0.16798, 0.35746, 0.50000, 0.50000
-2.20355, -3.47499, -2.68919, 4.91558, -2.13592, 2.14966, 0.00000, 0.00000, 0.00000, 0.00000, 0.00000, 0.00000, 1.08598, 0.26522, 0.41309, 0.32170, 0.00000, 0.00000
-3.47499, -2.68919, -2.20355, 4.91558, -2.48299, 2.03563, 3.00000, 405613.00000, 191676.00000, 315308.66667, 8183562229.55555, 90463.04345, 1.08598, 0.41309, 0.32170, 0.26522, 0.66667, 0.33333
-2.68919, -2.20355, -3.47499, 4.91558, -2.45513, 2.35595, 2.00000, 297285.00000, 159643.00000, 228464.00000, 4736330041.00000, 68821.00000, 1.08598, 0.32170, 0.26522, 0.41309, 1.00000, 0.00000
-2.83550, -2.83550, -2.83550, 4.91123, -2.35619, 2.18628, 1.00000, 225984.00000, 225984.00000, 225984.00000, 0.00000, 0.00000, 1.14286, 0.33333, 0.33333, 0.33333, 1.00000, 0.00000
3.75791, 0.00000, -3.18882, 4.92853, 0.00000, 2.27446, 1.00000, 475874.00000, 475874.00000, 475874.00000, 0.00000, 0.00000, 0.90081, 8.64229, 0.00000, -7.64229, 0.00000, 1.00000
2.87963, -0.78273, -3.92241, 4.92852, -0.26540, 2.49122, 2.00000, 480449.00000, 172193.00000, 326321.00000, 23755440384.00000, 154128.00000, 0.91102, -1.48153, 0.40335, 2.07817, 0.50000, 0.50000
2.87963, 0.78273, -3.92241, 4.92852, 0.26540, 2.49122, 1.00000, 215935.00000, 215935.00000, 215935.00000, 0.00000, 0.00000, 0.91102, -7.66476, -2.08678, 10.75154, 1.00000, 0.00000
3.21637, 0.00000, -3.73035, 4.92550, 0.00000, 2.43005, 2.00000, 406101.00000, 198090.00000, 302095.50000, 10817144030.25000, 104005.50000, 0.94766, -8.06739, -0.00000, 9.06739, 0.00000, 1.00000
1.70460, -1.50894, -4.37124, 4.92852, -0.72459, 2.66145, 1.00000, 440972.00000, 440972.00000, 440972.00000, 0.00000, 0.00000, 0.91102, -0.42255, 0.35294, 1.06961, 0.00000, 1.00000
0.43315, -2.05481, -4.45876, 4.92853, -1.36304, 2.70143, 2.00000, 473076.00000, 170722.00000, 321899.00000, 22854485329.00000, 151177.00000, 0.90081, -0.08228, 0.33112, 0.75116, 0.00000, 1.00000
0.43811, -0.72621, -4.85499, 4.92852, -1.02797, 2.96865, 1.00000, 419393.00000, 419393.00000, 419393.00000, 0.00000, 0.00000, 0.91102, -0.09634, 0.13403, 0.96230, 1.00000, 0.00000
0.87126, -1.44936, -4.62611, 4.92550, -1.02954, 2.79113, 2.00000, 381127.00000, 280051.00000, 330589.00000, 2554089444.00000, 50538.00000, 0.94766, -0.15634, 0.28534, 0.87099, 0.50000, 0.50000
1.70460, 1.50894, -4.37124, 4.92852, 0.72459, 2.66145, 3.00000, 482164.00000, 228066.00000, 397213.00000, 14305448808.66667, 119605.38787, 0.91102, -1.43665, -1.19997, 3.63662, 0.66667, 0.33333
0.43811, 0.72621, -4.85499, 4.92852, 1.02797, 2.96865, 0.00000, 0.00000, 0.00000, 0.00000, 0.00000, 0.00000, 0.91102, -0.13162, -0.18312, 1.31474, 0.00000, 0.00000
0.43315, 2.05481, -4.45876, 4.92853, 1.36304, 2.70143, 3.00000, 349921.00000, 286264.00000, 309498.66667, 823076884.22222, 28689.31655, 0.90081, -0.24359, -0.98030, 2.22389, 0.66667, 0.33333
0.87126, 1.44936, -4.62611, 4.92550, 1.02954, 2.79113, 3.00000, 419017.00000, 311253.00000, 378125.00000, 2272993482.66667, 47675.92141, 0.94766, -0.36416, -0.66465, 2.02881, 0.33333, 0.66667
2.14766, -0.78579, -4.35121, 4.91558, -0.35075, 2.65769, 0.00000, 0.00000, 0.00000, 0.00000, 0.00000, 0.00000, 1.08598, -0.71592, 0.25627, 1.45965, 0.00000, 0.00000
0.87622, 0.00000, -4.83686, 4.91558, 0.00000, 2.96238, 2.00000, 383280.00000, 330553.00000, 356916.50000, 695034132.25000, 26363.50000, 1.08598, -0.22879, -0.00000, 1.22879, 1.00000, 0.00000
2.14766, 0.78579, -4.35121, 4.91558, 0.35075, 2.65769, 5.00000, 498466.00000, 304281.00000, 398882.00000, 5850259062.80000, 76486.98623, 1.08598, -1.46868, -0.52573, 2.99442, 0.40000, 0.60000
1.75244, 0.00000, -4.58794, 4.91123, 0.00000, 2.77673, 2.00000, 413283.00000, 366905.00000, 390094.00000, 537729721.00000, 23189.00000, 1.14286, -0.61803, -0.00000, 1.61803, 0.50000, 0.50000
4.45876, 0.43315, 2.05481, 4.92853, 0.09684, 1.14074, 51.00000, 402966.00000, 12583.00000, 118759.47059, 10674269910.75894, 103316.35839, 0.90081, 0.64502, 0.07065, 0.28433, 0.00000, 1.00000
4.85499, 0.43811, 0.72621, 4.92852, 0.09000, 1.42291, 33.00000, 480758.00000, 19488.00000, 174731.24242, 14013053825.94123, 118376.74529, 0.91102, 0.80685, 0.08077, 0.11238, 0.03030, 0.96970
4.37124, 1.70460, 1.50894, 4.92852, 0.37182, 1.25963, 35.00000, 459665.00000, 49883.00000, 171444.37143, 15033859659.66204, 122612.64070, 0.91102, 0.57970, 0.22901, 0.19128, 0.14286, 0.85714
4.62611, 0.87126, 1.44936, 4.92550, 0.18616, 1.27212, 30.00000, 466258.00000, 24194.00000, 152195.43333, 11211281011.04556, 105883.33680, 0.94766, 0.66353, 0.11910, 0.21738, 0.00000, 1.00000
4.85499, 0.43811, -0.72621, 4.92852, 0.09000, 1.71868, 10.00000, 348699.00000, 41011.00000, 137045.00000, 8738820143.60000, 93481.65672, 0.91102, 1.04077, 0.10419, -0.14496, 0.10000, 0.90000
4.45876, 0.43315, -2.05481, 4.92853, 0.09684, 2.00085, 3.00000, 269645.00000, 55916.00000, 130078.66667, 9752167380.22222, 98753.06264, 0.90081, 1.49537, 0.16379, -0.65917, 0.00000, 1.00000
4.37124, 1.70460, -1.50894, 4.92852, 0.37182, 1.88196, 4.00000, 463326.00000, 91734.00000, 248618.75000, 19162903099.68750, 138430.13797, 0.91102, 0.93889, 0.37091, -0.30980, 0.25000, 0.75000
4.62611, 0.87126, -1.44936, 4.92550, 0.18616, 1.86947, 13.00000, 474492.00000, 59687.00000, 227012.84615, 14598325027.05326, 120823.52845, 0.94766, 1.17386, 0.21070, -0.38457, 0.00000, 1.00000
3.92241, 2.87963, 0.78273, 4.92852, 0.63328, 1.41130, 20.00000, 420969.00000, 49175.00000, 212983.05000, 10828280876.04750, 104059.02592, 0.91102, 0.52439, 0.37383, 0.10178, 0.25000, 0.75000
3.92241, 2.87963, -0.78273, 4.92852, 0.63328, 1.73029, 11.00000, 394123.00000, 120729.00000, 276512.36364, 9312321246.59504, 96500.36915, 0.91102, 0.65841, 0.46938, -0.12779, 0.27273, 0.72727
3.18882, 3.75791, 0.00000, 4.92853, 0.86714, 1.57080, 14.00000, 468530.00000, 94048.00000, 231070.92857, 11913164053.63775, 109147.44181, 0.90081, 0.46930, 0.53070, 0.00000, 0.64286, 0.35714
3.73035, 3.21637, 0.00000, 4.92550, 0.71154, 1.57080, 11.00000, 353964.00000, 90377.00000, 162853.00000, 5055898288.18182, 71104.84012, 0.94766, 0.52918, 0.47082, 0.00000, 0.36364, 0.63636
4.83686, 0.87622, 0.00000, 4.91558, 0.17921, 1.57080, 15.00000, 355999.00000, 28615.00000, 139471.40000, 7325551422.10667, 85589.43522, 1.08598, 0.84303, 0.15697, 0.00000, 0.00000, 1.00000
4.35121, 2.14766, -0.78579, 4.91558, 0.45850, 1.73134, 8.00000, 427906.00000, 78519.00000, 221782.75000, 13160995912.93750, 114721.38385, 1.08598, 0.76051, 0.37301, -0.13352, 0.25000, 0.75000
4.35121, 2.14766, 0.78579, 4.91558, 0.45850, 1.41025, 11.00000, 339477.00000, 58699.00000, 167556.00000, 6871948670.36364, 82897.21751, 1.08598, 0.60022, 0.29439, 0.10538, 0.27273, 0.72727
4.58794, 1.75244, 0.00000, 4.91123, 0.36486, 1.57080, 14.00000, 466901.00000, 35675.00000, 175962.78571, 14420094083.02551, 120083.69616, 1.14286, 0.72361, 0.27639, -0.00000, 0.07143, 0.92857
