-2.75567, 4.02561, 0.70086, 4.92853, 2.17107, 1.42811, 7.00000, 417761.00000, 109337.00000, 245701.28571, 10165293001.34694, 100823.07772, 0.90081, -1.37444, 1.98030, 0.39414, 0.57143, 0.42857
-3.48430, 3.15040, 1.49161, 4.92852, 2.40648, 1.26333, 1.00000, 367083.00000, 367083.00000, 367083.00000, 0.00000, 0.00000, 0.91102, -2.88604, 2.59457, 1.29147, 0.00000, 1.00000
-2.21782, 3.93313, 1.97536, 4.92852, 2.08423, 1.15840, 4.00000, 286384.00000, 102909.00000, 189908.50000, 4548647393.25000, 67443.66088, 0.91102, -0.60432, 1.05443, 0.54989, 0.75000, 0.25000
-2.85909, 3.75484, 1.40973, 4.92550, 2.22158, 1.28053, 2.00000, 455213.00000, 412614.00000, 433913.50000, 453668700.25000, 21299.50000, 0.94766, -1.25387, 1.66465, 0.58922, 0.50000, 0.50000
-3.93313, 1.97536, 2.21782, 4.92852, 2.67616, 1.10403, 3.00000, 498927.00000, 387812.00000, 447504.33333, 2091950897.55556, 45737.84973, 0.91102, -10.56672, 5.51065, 6.05607, 0.66667, 0.33333
-4.02561, 0.70086, 2.75567, 4.92853, 2.96922, 0.97747, 1.00000, 323262.00000, 323262.00000, 323262.00000, 0.00000, 0.00000, 0.90081, 9.35336, -1.86160, -6.49176, 0.00000, 1.00000
-3.15040, 1.49161, 3.48430, 4.92852, 2.69940, 0.78559, 4.00000, 439062.00000, 141176.00000, 295879.25000, 12012004659.68750, 109599.29133, 0.91102, -1.63909, 0.81587, 1.82322, 0.25000, 0.75000
-3.75484, 1.40973, 2.85909, 4.92550, 2.78243, 0.95149, 3.00000, 466697.00000, 232673.00000, 331575.00000, 9783816296.00000, 98913.17554, 0.94766, -9.32863, 3.30198, 7.02665, 0.66667, 0.33333
-1.49161, 3.48430, 3.15040, 4.92852, 1.97528, 0.87732, 12.00000, 481161.00000, 80240.00000, 250009.91667, 15976472311.24306, 126398.07084, 0.91102, -0.30829, 0.68893, 0.61936, 0.16667, 0.83333
-1.97536, 2.21782, 3.93313, 4.92852, 2.29844, 0.64677, 3.00000, 329570.00000, 275425.00000, 304684.33333, 498177984.22222, 22319.90108, 0.91102, -0.49591, 0.54500, 0.95092, 0.33333, 0.66667
-0.70086, 2.75567, 4.02561, 4.92853, 1.81985, 0.61496, 12.00000, 471654.00000, 35235.00000, 253309.16667, 18399980615.47223, 135646.52821, 0.90081, -0.13313, 0.46424, 0.66888, 0.16667, 0.83333
-1.40973, 2.85909, 3.75484, 4.92550, 2.02888, 0.70390, 6.00000, 405117.00000, 112511.00000, 308948.50000, 12304081505.58333, 110923.76439, 0.94766, -0.25296, 0.53830, 0.71466, 0.00000, 1.00000
-3.47499, 2.68919, 2.20355, 4.91558, 2.48299, 1.10596, 1.00000, 354102.00000, 354102.00000, 354102.00000, 0.00000, 0.00000, 1.08598, -2.37638, 1.85065, 1.52573, 1.00000, 0.00000
-2.68919, 2.20355, 3.47499, 4.91558, 2.45513, 0.78564, 9.00000, 387828.00000, 47064.00000, 234704.55556, 13273482951.80247, 115210.60260, 1.08598, -0.90211, 0.74373, 1.15838, 0.11111, 0.88889
-2.20355, 3.47499, 2.68919, 4.91558, 2.13592, 0.99193, 2.00000, 181934.00000, 108113.00000, 145023.50000, 1362385010.25000, 36910.50000, 1.08598, -0.56481, 0.87972, 0.68510, 0.00000, 1.00000
-2.83550, 2.83550, 2.83550, 4.91123, 2.35619, 0.95532, 4.00000, 452845.00000, 252507.00000, 355525.00000, 5143011242.00000, 71714.79096, 1.14286, -1.00000, 1.00000, 1.00000, 0.50000, 0.50000
-2.05481, 4.45876, 0.43315, 4.92853, 2.00263, 1.48280, 10.00000, 431077.00000, 41762.00000, 276476.40000, 11750801279.24000, 108401.11291, 0.90081, -0.65917, 1.49537, 0.16379, 0.70000, 0.30000
-1.50894, 4.37124, 1.70460, 4.92852, 1.90319, 1.21764, 10.00000, 371550.00000, 68018.00000, 231541.70000, 9918417064.21000, 99591.24994, 0.91102, -0.30980, 0.93889, 0.37091, 0.50000, 0.50000
-0.72621, 4.85499, 0.43811, 4.92852, 1.71928, 1.48179, 22.00000, 484236.00000, 89832.00000, 274464.81818, 15568173543.42149, 124772.48713, 0.91102, -0.14496, 1.04077, 0.10419, 0.72727, 0.27273
-1.44936, 4.62611, 0.87126, 4.92550, 1.87441, 1.39297, 6.00000, 345168.00000, 85321.00000, 210887.50000, 13544804950.91667, 116382.15048, 0.94766, -0.38457, 1.17386, 0.21070, 0.33333, 0.66667
-0.78273, 3.92241, 2.87963, 4.92852, 1.76776, 0.94680, 10.00000, 462568.00000, 71997.00000, 239471.50000, 14797549983.85000, 121645.18068, 0.91102, -0.12779, 0.65841, 0.46938, 0.30000, 0.70000
0.00000, 3.18882, 3.75791, 4.92853, 1.57080, 0.70366, 16.00000, 428356.00000, 56486.00000, 229801.12500, 16219739472.10938, 127356.74098, 0.90081, -0.00000, 0.46930, 0.53070, 0.12500, 0.87500
0.78273, 3.92241, 2.87963, 4.92852, 1.37383, 0.94680, 30.00000, 471736.00000, 33440.00000, 193093.80000, 17698629821.36000, 133036.19741, 0.91102, 0.10178, 0.52439, 0.37383, 0.30000, 0.70000
0.00000, 3.73035, 3.21637, 4.92550, 1.57080, 0.85925, 15.00000, 442296.00000, 82815.00000, 278765.73333, 15739470877.26222, 125457.04794, 0.94766, -0.00000, 0.52918, 0.47082, 0.40000, 0.60000
0.72621, 4.85499, 0.43811, 4.92852, 1.42232, 1.48179, 23.00000, 475816.00000, 45053.00000, 191230.56522, 12523839962.33270, 111909.96364, 0.91102, 0.11238, 0.80685, 0.08077, 0.69565, 0.30435
1.50894, 4.37124, 1.70460, 4.92852, 1.23841, 1.21764, 38.00000, 452997.00000, 35661.00000, 173490.50000, 11422188665.14474, 106874.63995, 0.91102, 0.19128, 0.57970, 0.22901, 0.34211, 0.65789
2.05481, 4.45876, 0.43315, 4.92853, 1.13896, 1.48280, 38.00000, 467365.00000, 34084.00000, 210960.63158, 14957785894.44321, 122302.02735, 0.90081, 0.28433, 0.64502, 0.07065, 0.63158, 0.36842
1.44936, 4.62611, 0.87126, 4.92550, 1.26718, 1.39297, 33.00000, 486420.00000, 60383.00000, 198169.96970, 18908520967.96878, 137508.25782, 0.94766, 0.21738, 0.66353, 0.11910, 0.54545, 0.45455
-0.78579, 4.35121, 2.14766, 4.91558, 1.74946, 1.11864, 12.00000, 493966.00000, 83135.00000, 222496.66667, 18308199152.72222, 135307.79413, 1.08598, -0.13352, 0.76051, 0.37301, 0.25000, 0.75000
0.78579, 4.35121, 2.14766, 4.91558, 1.39213, 1.11864, 24.00000, 495735.00000, 12457.00000, 203608.58333, 15047894322.90972, 122669.85906, 1.08598, 0.10538, 0.60022, 0.29439, 0.41667, 0.58333
0.00000, 4.83686, 0.87622, 4.91558, 1.57080, 1.39159, 12.00000, 431255.00000, 48315.00000, 259598.66667, 14321756062.05556, 119673.53952, 1.08598, -0.00000, 0.84303, 0.15697, 0.75000, 0.25000
0.00000, 4.58794, 1.75244, 4.91123, 1.57080, 1.20593, 16.00000, 419432.00000, 47553.00000, 171537.37500, 9570806477.10938, 97830.49871, 1.14286, 0.00000, 0.72361, 0.27639, 0.50000, 0.50000
-2.05481, 4.45876, -0.43315, 4.92853, 2.00263, 1.65880, 7.00000, 259175.00000, 69763.00000, 158657.57143, 4713154117.10204, 68652.41523, 0.90081, -0.98030, 2.22389, -0.24359, 0.85714, 0.14286
-0.72621, 4.85499, -0.43811, 4.92852, 1.71928, 1.65981, 16.00000, 497336.00000, 73085.00000, 284404.75000, 14985302871.93750, 122414.47166, 0.91102, -0.18312, 1.31474, -0.13162, 0.87500, 0.12500
-1.50894, 4.37124, -1.70460, 4.92852, 1.90319, 1.92396, 21.00000, 499820.00000, 46305.00000, 227436.14286, 19355180592.78912, 139122.89744, 0.91102, -1.19997, 3.63662, -1.43665, 0.90476, 0.09524
-1.44936, 4.62611, -0.87126, 4.92550, 1.87441, 1.74862, 18.00000, 494883.00000, 101022.00000, 308254.44444, 15756026907.58025, 125523.01346, 0.94766, -0.66465, 2.02881, -0.36416, 0.83333, 0.16667
0.72621, 4.85499, -0.43811, 4.92852, 1.42232, 1.65981, 48.00000, 494727.00000, 32041.00000, 187247.35417, 13542356219.31207, 116371.62979, 0.91102, 0.13403, 0.96230, -0.09634, 0.85417, 0.14583
2.05481, 4.45876, -0.43315, 4.92853, 1.13896, 1.65880, 49.00000, 473916.00000, 35674.00000, 153901.08163, 10634681343.01375, 103124.59136, 0.90081, 0.33112, 0.75116, -0.08228, 0.77551, 0.22449
1.50894, 4.37124, -1.70460, 4.92852, 1.23841, 1.92396, 52.00000, 477622.00000, 34247.00000, 169799.75000, 12595104660.87981, 112227.91391, 0.91102, 0.35294, 1.06961, -0.42255, 0.90385, 0.09615
1.44936, 4.62611, -0.87126, 4.92550, 1.26718, 1.74862, 36.00000, 414266.00000, 38578.00000, 172144.80556, 10556600195.82330, 102745.31715, 0.94766, 0.28534, 0.87099, -0.15634, 0.80556, 0.19444
-0.78273, 3.92241, -2.87963, 4.92852, 1.76776, 2.19479, 20.00000, 467461.00000, 43776.00000, 210134.25000, 17737376488.98750, 133181.74233, 0.91102, -2.08678, 10.75154, -7.66476, 0.95000, 0.05000
0.78273, 3.92241, -2.87963, 4.92852, 1.37383, 2.19479, 39.00000, 429471.00000, 34216.00000, 174064.33333, 11328097183.40171, 106433.53411, 0.91102, 0.40335, 2.07817, -1.48153, 0.97436, 0.02564
0.00000, 3.18882, -3.75791, 4.92853, 1.57080, 2.43793, 17.00000, 494024.00000, 53507.00000, 218906.35294, 17285358113.75778, 131473.79250, 0.90081, -0.00000, -7.64229, 8.64229, 0.88235, 0.11765
0.00000, 3.73035, -3.21637, 4.92550, 1.57080, 2.28234, 14.00000, 407480.00000, 102137.00000, 212410.00000, 9527958987.00000, 97611.26465, 0.94766, 0.00000, 9.06739, -8.06739, 0.92857, 0.07143
0.00000, 4.83686, -0.87622, 4.91558, 1.57080, 1.75001, 18.00000, 492573.00000, 70390.00000, 231870.22222, 17946303875.39506, 133963.81555, 1.08598, 0.00000, 1.22879, -0.22879, 0.72222, 0.27778
0.78579, 4.35121, -2.14766, 4.91558, 1.39213, 2.02296, 34.00000, 405554.00000, 27396.00000, 159939.67647, 9373927071.10121, 96819.04292, 1.08598, 0.25627, 1.45965, -0.71592, 0.88235, 0.11765
-0.78579, 4.35121, -2.14766, 4.91558, 1.74946, 2.02296, 22.00000, 481791.00000, 27038.00000, 229535.50000, 13454059773.43182, 115991.63665, 1.08598, -0.52573, 2.99442, -1.46868, 0.90909, 0.09091
0.00000, 4.58794, -1.75244, 4.91123, 1.57080, 1.93566, 19.00000, 447466.00000, 52519.00000, 251800.89474, 18149132786.19944, 134718.71728, 1.14286, 0.00000, 1.61803, -0.61803, 0.89474, 0.10526
-2.75567, 4.02561, -0.70086, 4.92853, 2.17107, 1.71348, 9.00000, 454524.00000, 132104.00000, 270625.88889, 10750025694.98766, 103682.33068, 0.90081, -6.49176, 9.35336, -1.86160, 0.88889, 0.11111
-2.21782, 3.93313, -1.97536, 4.92852, 2.08423, 1.98319, 14.00000, 489978.00000, 94114.00000, 245088.28571, 14801163984.63265, 121660.03446, 0.91102, 6.05607, -10.56672, 5.51065, 1.00000, 0.00000
-3.48430, 3.15040, -1.49161, 4.92852, 2.40648, 1.87827, 6.00000, 496694.00000, 215239.00000, 288032.66667, 8987711103.55556, 94803.53951, 0.91102, 1.82322, -1.63909, 0.81587, 0.83333, 0.16667
-2.85909, 3.75484, -1.40973, 4.92550, 2.22158, 1.86107, 7.00000, 373268.00000, 143104.00000, 275552.71429, 7335091180.48980, 85645.14686, 0.94766, 7.02665, -9.32863, 3.30198, 0.85714, 0.14286
-1.49161, 3.48430, -3.15040, 4.92852, 1.97528, 2.26428, 19.00000, 497467.00000, 71174.00000, 280908.57895, 13207988538.03324, 114926.01332, 0.91102, 1.29147, -2.88604, 2.59457, 0.94737, 0.05263
-0.70086, 2.75567, -4.02561, 4.92853, 1.81985, 2.52663, 17.00000, 477068.00000, 69419.00000, 244708.47059, 12896898310.95502, 113564.51167, 0.90081, 0.39414, -1.37444, 1.98030, 0.94118, 0.05882
-1.97536, 2.21782, -3.93313, 4.92852, 2.29844, 2.49482, 6.00000, 432178.00000, 198893.00000, 324767.83333, 7594313647.13889, 87145.35930, 0.91102, 0.54989, -0.60432, 1.05443, 1.00000, 0.00000
-1.40973, 2.85909, -3.75484, 4.92550, 2.02888, 2.43770, 11.00000, 403334.00000, 140074.00000, 240216.18182, 8724473456.87603, 93404.88990, 0.94766, 0.58922, -1.25387, 1.66465, 1.00000, 0.00000
-3.93313, 1.97536, -2.21782, 4.92852, 2.67616, 2.03756, 4.00000, 438420.00000, 206277.00000, 310555.00000, 8431171069.50000, 91821.40856, 0.91102, 0.95092, -0.49591, 0.54500, 1.00000, 0.00000
-3.15040, 1.49161, -3.48430, 4.92852, 2.69940, 2.35600, 2.00000, 396789.00000, 207614.00000, 302201.50000, 8946795156.25000, 94587.50000, 0.91102, 0.61936, -0.30829, 0.68893, 1.00000, 0.00000
-4.02561, 0.70086, -2.75567, 4.92853, 2.96922, 2.16413, 1.00000, 377594.00000, 377594.00000, 377594.00000, 0.00000, 0.00000, 0.90081, 0.66888, -0.13313, 0.46424, 1.00000, 0.00000
-3.75484, 1.40973, -2.85909, 4.92550, 2.78243, 2.19010, 4.00000, 479851.00000, 286585.00000, 358235.75000, 5573085439.68750, 74653.10067, 0.94766, 0.71466, -0.25296, 0.53830, 1.00000, 0.00000
-2.20355, 3.47499, -2.68919, 4.91558, 2.13592, 2.14966, 7.00000, 476886.00000, 145679.00000, 232502.71429, 10972433713.91837, 104749.38527, 1.08598, 1.52573, -2.37638, 1.85065, 1.00000, 0.00000
-2.68919, 2.20355, -3.47499, 4.91558, 2.45513, 2.35595, 2.00000, 406791.00000, 71601.00000, 239196.00000, 28088084025.00000, 167595.00000, 1.08598, 0.68510, -0.56481, 0.87972, 1.00000, 0.00000
-3.47499, 2.68919, -2.20355, 4.91558, 2.48299, 2.03563, 4.00000, 448192.00000, 74270.00000, 236365.25000, 19930875274.68750, 141176.75189, 1.08598, 1.15838, -0.90211, 0.74373, 1.00000, 0.00000
-2.83550, 2.83550, -2.83550, 4.91123, 2.35619, 2.18628, 4.00000, 434421.00000, 206864.00000, 298739.00000, 7106301259.50000, 84298.88054, 1.14286, 1.00000, -1.00000, 1.00000, 1.00000, 0.00000
-3.18882, 3.75791, 0.00000, 4.92853, 2.27446, 1.57080, 6.00000, 426659.00000, 129324.00000, 279542.00000, 12826199209.66667, 113252.81105, 0.90081, -7.64229, 8.64229, 0.00000, 0.66667, 0.33333
-3.92241, 2.87963, -0.78273, 4.92852, 2.50831, 1.73029, 4.00000, 456913.00000, 148460.00000, 339704.75000, 14281029328.68750, 119503.26075, 0.91102, 2.07817, -1.48153, 0.40335, 0.75000, 0.25000
-3.92241, 2.87963, 0.78273, 4.92852, 2.50831, 1.41130, 2.00000, 363393.00000, 134211.00000, 248802.00000, 13131097281.00000, 114591.00000, 0.91102, 10.75154, -7.66476, -2.08678, 1.00000, 0.00000
-3.73035, 3.21637, 0.00000, 4.92550, 2.43005, 1.57080, 3.00000, 451475.00000, 219974.00000, 330410.00000, 8988606654.00000, 94808.26258, 0.94766, 9.06739, -8.06739, -0.00000, 0.33333, 0.66667
-4.37124, 1.70460, -1.50894, 4.92852, 2.76977, 1.88196, 3.00000, 417617.00000, 316092.00000, 355587.33333, 1971785693.55556, 44404.79359, 0.91102, 1.06961, -0.42255, 0.35294, 1.00000, 0.00000
-4.45876, 0.43315, -2.05481, 4.92853, 3.04475, 2.00085, 2.00000, 354458.00000, 301709.00000, 328083.50000, 695614250.25000, 26374.50000, 0.90081, 0.75116, -0.08228, 0.33112, 1.00000, 0.00000
-4.85499, 0.43811, -0.72621, 4.92852, 3.05160, 1.71868, 0.00000, 0.00000, 0.00000, 0.00000, 0.00000, 0.00000, 0.91102, 0.96230, -0.09634, 0.13403, 0.00000, 0.00000
-4.62611, 0.87126, -1.44936, 4.92550, 2.95544, 1.86947, 2.00000, 465151.00000, 272243.00000, 368697.00000, 9303374116.00000, 96454.00000, 0.94766, 0.87099, -0.15634, 0.28534, 1.00000, 0.00000
-4.37124, 1.70460, 1.50894, 4.92852, 2.76977, 1.25963, 0.00000, 0.00000, 0.00000, 0.00000, 0.00000, 0.00000, 0.91102, 3.63662, -1.43665, -1.19997, 0.00000, 0.00000
-4.85499, 0.43811, 0.72621, 4.92852, 3.05160, 1.42291, 0.00000, 0.00000, 0.00000, 0.00000, 0.00000, 0.00000, 0.91102, 1.31474, -0.13162, -0.18312, 0.00000, 0.00000
-4.45876, 0.43315, 2.05481, 4.92853, 3.04475, 1.14074, 2.00000, 324070.00000, 230023.00000, 277046.50000, 2211209552.25000, 47023.50000, 0.90081, 2.22389, -0.24359, -0.98030, 0.00000, 1.00000
-4.62611, 0.87126, 1.44936, 4.92550, 2.95544, 1.27212, 0.00000, 0.00000, 0.00000, 0.00000, 0.00000, 0.00000, 0.94766, 2.02881, -0.36416, -0.66465, 0.00000, 0.00000
-4.35121, 2.14766, -0.78579, 4.91558, 2.68310, 1.73134, 1.00000, 276817.00000, 276817.00000, 276817.00000, 0.00000, 0.00000, 1.08598, 1.45965, -0.71592, 0.25627, 1.00000, 0.00000
-4.83686, 0.87622, 0.00000, 4.91558, 2.96238, 1.57080, 1.00000, 378091.00000, 378091.00000, 378091.00000, 0.00000, 0.00000, 1.08598, 1.22879, -0.22879, -0.00000, 1.00000, 0.00000
-4.35121, 2.14766, 0.78579, 4.91558, 2.68310, 1.41025, 1.00000, 163145.00000, 163145.00000, 163145.00000, 0.00000, 0.00000, 1.08598, 2.99442, -1.46868, -0.52573, 0.00000, 1.00000
-4.58794, 1.75244, 0.00000, 4.91123, 2.77673, 1.57080, 1.00000, 208289.00000, 208289.00000, 208289.00000, 0.00000, 0.00000, 1.14286, 1.61803, -0.61803, -0.00000, 1.00000, 0.00000
2.75567, 4.02561, 0.70086, 4.92853, 0.97053, 1.42811, 60.00000, 482110.00000, 27743.00000, 178947.78333, 13412247813.73639, 115811.25944, 0.90081, 0.36663, 0.52824, 0.10514, 0.36667, 0.63333
2.21782, 3.93313, 1.97536, 4.92852, 1.05736, 1.15840, 55.00000, 471560.00000, 21441.00000, 163735.96364, 15342777590.58050, 123865.96623, 0.91102, 0.27362, 0.47741, 0.24897, 0.23636, 0.76364
3.48430, 3.15040, 1.49161, 4.92852, 0.73511, 1.26333, 87.00000, 465249.00000, 7095.00000, 94556.96552, 10991841182.97582, 104841.98197, 0.91102, 0.42617, 0.38313, 0.19070, 0.11494, 0.88506
2.85909, 3.75484, 1.40973, 4.92550, 0.92001, 1.28053, 48.00000, 460479.00000, 14785.00000, 122347.22917, 8154635417.67665, 90303.01998, 0.94766, 0.35746, 0.47456, 0.16798, 0.25000, 0.75000
1.49161, 3.48430, 3.15040, 4.92852, 1.16631, 0.87732, 39.00000, 477718.00000, 19288.00000, 146547.58974, 13286621288.49836, 115267.60728, 0.91102, 0.19070, 0.42617, 0.38313, 0.05128, 0.94872
0.70086, 2.75567, 4.02561, 4.92853, 1.32174, 0.61496, 28.00000, 492971.00000, 22094.00000, 189268.21429, 19650598134.31122, 140180.59115, 0.90081, 0.10514, 0.36663, 0.52824, 0.10714, 0.89286
1.97536, 2.21782, 3.93313, 4.92852, 0.84316, 0.64677, 74.00000, 498679.00000, 12944.00000, 130568.97297, 13987186901.70197, 118267.43804, 0.91102, 0.24897, 0.27362, 0.47741, 0.06757, 0.93243
1.40973, 2.85909, 3.75484, 4.92550, 1.11271, 0.70390, 33.00000, 395951.00000, 13096.00000, 122998.00000, 9315715885.81818, 96517.95629, 0.94766, 0.16798, 0.35746, 0.47456, 0.03030, 0.96970
3.93313, 1.97536, 2.21782, 4.92852, 0.46544, 1.10403, 193.00000, 470732.00000, 4670.00000, 62614.58031, 6375499055.60106, 79846.72226, 0.91102, 0.47741, 0.24897, 0.27362, 0.05699, 0.94301
3.15040, 1.49161, 3.48430, 4.92852, 0.44220, 0.78559, 175.00000, 485142.00000, 4861.00000, 71789.04571, 8490526877.63220, 92144.05503, 0.91102, 0.38313, 0.19070, 0.42617, 0.02857, 0.97143
4.02561, 0.70086, 2.75567, 4.92853, 0.17237, 0.97747, 187.00000, 496325.00000, 5673.00000, 70817.12299, 7703553309.30573, 87769.88840, 0.90081, 0.52824, 0.10514, 0.36663, 0.00000, 1.00000
3.75484, 1.40973, 2.85909, 4.92550, 0.35916, 0.95149, 174.00000, 341045.00000, 5412.00000, 59459.59770, 4323834048.96459, 65755.86703, 0.94766, 0.47456, 0.16798, 0.35746, 0.01724, 0.98276
2.20355, 3.47499, 2.68919, 4.91558, 1.00567, 0.99193, 46.00000, 436995.00000, 16218.00000, 109450.71739, 9978435178.85492, 99892.11770, 1.08598, 0.26522, 0.41309, 0.32170, 0.10870, 0.89130
2.68919, 2.20355, 3.47499, 4.91558, 0.68646, 0.78564, 74.00000, 459652.00000, 8224.00000, 86875.58108, 8000396647.37856, 89444.93640, 1.08598, 0.32170, 0.26522, 0.41309, 0.04054, 0.95946
3.47499, 2.68919, 2.20355, 4.91558, 0.65860, 1.10596, 99.00000, 357976.00000, 8912.00000, 87789.52525, 6798251510.41098, 82451.51006, 1.08598, 0.41309, 0.32170, 0.26522, 0.04040, 0.95960
2.83550, 2.83550, 2.83550, 4.91123, 0.78540, 0.95532, 117.00000, 474654.00000, 9332.00000, 104123.16239, 12289321126.15312, 110857.21053, 1.14286, 0.33333, 0.33333, 0.33333, 0.11111, 0.88889
-0.43315, 2.05481, 4.45876, 4.92853, 1.77855, 0.44016, 12.00000, 342493.00000, 42154.00000, 187127.91667, 8815823851.57639, 93892.61873, 0.90081, -0.08228, 0.33112, 0.75116, 0.08333, 0.91667
-1.70460, 1.50894, 4.37124, 4.92852, 2.41700, 0.48015, 7.00000, 480147.00000, 77437.00000, 215592.28571, 16506565329.63266, 128477.87876, 0.91102, -0.42255, 0.35294, 1.06961, 0.14286, 0.85714
-0.43811, 0.72621, 4.85499, 4.92852, 2.11363, 0.17295, 12.00000, 394581.00000, 48724.00000, 192785.66667, 10505352861.05556, 102495.62362, 0.91102, -0.09634, 0.13403, 0.96230, 0.08333, 0.91667
-0.87126, 1.44936, 4.62611, 4.92550, 2.11205, 0.35046, 3.00000, 307135.00000, 64840.00000, 166467.00000, 10546577678.00000, 102696.53197, 0.94766, -0.15634, 0.28534, 0.87099, 0.00000, 1.00000
-2.87963, 0.78273, 3.92241, 4.92852, 2.87619, 0.65037, 4.00000, 372604.00000, 87259.00000, 241495.25000, 10311487650.18750, 101545.49547, 0.91102, -1.48153, 0.40335, 2.07817, 0.00000, 1.00000
-3.75791, 0.00000, 3.18882, 4.92853, 3.14159, 0.86714, 0.00000, 0.00000, 0.00000, 0.00000, 0.00000, 0.00000, 0.90081, 8.64229, -0.00000, -7.64229, 0.00000, 0.00000
-2.87963, -0.78273, 3.92241, 4.92852, -2.87619, 0.65037, 4.00000, 494508.00000, 354244.00000, 425870.75000, 4586383634.68750, 67722.84426, 0.91102, -7.66476, -2.08678, 10.75154, 0.25000, 0.75000
-3.21637, 0.00000, 3.73035, 4.92550, 3.14159, 0.71154, 1.00000, 357677.00000, 357677.00000, 357677.00000, 0.00000, 0.00000, 0.94766, -8.06739, 0.00000, 9.06739, 0.00000, 1.00000
-0.43811, -0.72621, 4.85499, 4.92852, -2.11363, 0.17295, 9.00000, 425862.00000, 62768.00000, 218309.77778, 15207243159.50617, 123317.65145, 0.91102, -0.13162, -0.18312, 1.31474, 0.00000, 1.00000
-1.70460, -1.50894, 4.37124, 4.92852, -2.41700, 0.48015, 4.00000, 338053.00000, 121442.00000, 187337.00000, 7691827426.50000, 87703.06395, 0.91102, -1.43665, -1.19997, 3.63662, 0.00000, 1.00000
-0.43315, -2.05481, 4.45876, 4.92853, -1.77855, 0.44016, 11.00000, 384756.00000, 86116.00000, 243661.27273, 9905033307.28926, 99524.03382, 0.90081, -0.24359, -0.98030, 2.22389, 0.00000, 1.00000
-0.87126, -1.44936, 4.62611, 4.92550, -2.11205, 0.35046, 2.00000, 188219.00000, 107776.00000, 147997.50000, 1617769062.25000, 40221.50000, 0.94766, -0.36416, -0.66465, 2.02881, 0.00000, 1.00000
-2.14766, 0.78579, 4.35121, 4.91558, 2.79084, 0.48390, 2.00000, 446279.00000, 211420.00000, 328849.50000, 13789687470.25000, 117429.50000, 1.08598, -0.71592, 0.25627, 1.45965, 0.00000, 1.00000
-2.14766, -0.78579, 4.35121, 4.91558, -2.79084, 0.48390, 1.00000, 185962.00000, 185962.00000, 185962.00000, 0.00000, 0.00000, 1.08598, -1.46868, -0.52573, 2.99442, 0.00000, 1.00000
-0.87622, 0.00000, 4.83686, 4.91558, 3.14159, 0.17921, 4.00000, 480669.00000, 81366.00000, 235774.50000, 22022486053.25000, 148399.75085, 1.08598, -0.22879, 0.00000, 1.22879, 0.00000, 1.00000
-1.75244, 0.00000, 4.58794, 4.91123, 3.14159, 0.36486, 7.00000, 426831.00000, 56703.00000, 272316.28571, 13398658348.77551, 115752.57383, 1.14286, -0.61803, 0.00000, 1.61803, 0.28571, 0.71429
-4.45876, -0.43315, 2.05481, 4.92853, -3.04475, 1.14074, 0.00000, 0.00000, 0.00000, 0.00000, 0.00000, 0.00000, 0.90081, 1.49537, 0.16379, -0.65917, 0.00000, 0.00000
-4.85499, -0.43811, 0.72621, 4.92852, -3.05160, 1.42291, 1.00000, 336882.00000, 336882.00000, 336882.00000, 0.00000, 0.00000, 0.91102, 1.04077, 0.10419, -0.14496, 1.00000, 0.00000
-4.37124, -1.70460, 1.50894, 4.92852, -2.76977, 1.25963, 0.00000, 0.00000, 0.00000, 0.00000, 0.00000, 0.00000, 0.91102, 0.93889, 0.37091, -0.30980, 0.00000, 0.00000
-4.62611, -0.87126, 1.44936, 4.92550, -2.95544, 1.27212, 3.00000, 482445.00000, 205566.00000, 314264.66667, 14546031108.22222, 120606.92811, 0.94766, 1.17386, 0.21070, -0.38457, 0.33333, 0.66667
-4.85499, -0.43811, -0.72621, 4.92852, -3.05160, 1.71868, 1.00000, 347011.00000, 347011.00000, 347011.00000, 0.00000, 0.00000, 0.91102, 0.80685, 0.08077, 0.11238, 0.00000, 1.00000
-4.45876, -0.43315, -2.05481, 4.92853, -3.04475, 2.00085, 0.00000, 0.00000, 0.00000, 0.00000, 0.00000, 0.00000, 0.90081, 0.64502, 0.07065, 0.28433, 0.00000, 0.00000
-4.37124, -1.70460, -1.50894, 4.92852, -2.76977, 1.88196, 0.00000, 0.00000, 0.00000, 0.00000, 0.00000, 0.00000, 0.91102, 0.57970, 0.22901, 0.19128, 0.00000, 0.00000
-4.62611, -0.87126, -1.44936, 4.92550, -2.95544, 1.86947, 1.00000, 345492.00000, 345492.00000, 345492.00000, 0.00000, 0.00000, 0.94766, 0.66353, 0.11910, 0.21738, 0.00000, 1.00000
-3.92241, -2.87963, 0.78273, 4.92852, -2.50831, 1.41130, 2.00000, 457079.00000, 336698.00000, 396888.50000, 3622896290.25000, 60190.50000, 0.91102, 0.65841, 0.46938, -0.12779, 0.50000, 0.50000
-3.92241, -2.87963, -0.78273, 4.92852, -2.50831, 1.73029, 0.00000, 0.00000, 0.00000, 0.00000, 0.00000, 0.00000, 0.91102, 0.52439, 0.37383, 0.10178, 0.00000, 0.00000
-3.18882, -3.75791, 0.00000, 4.92853, -2.27446, 1.57080, 0.00000, 0.00000, 0.00000, 0.00000, 0.00000, 0.00000, 0.90081, 0.46930, 0.53070, 0.00000, 0.00000, 0.00000
-3.73035, -3.21637, 0.00000, 4.92550, -2.43005, 1.57080, 0.00000, 0.00000, 0.00000, 0.00000, 0.00000, 0.00000, 0.94766, 0.52918, 0.47082, -0.00000, 0.00000, 0.00000
-4.83686, -0.87622, 0.00000, 4.91558, -2.96238, 1.57080, 0.00000, 0.00000, 0.00000, 0.00000, 0.00000, 0.00000, 1.08598, 0.84303, 0.15697, -0.00000, 0.00000, 0.00000
-4.35121, -2.14766, -0.78579, 4.91558, -2.68310, 1.73134, 1.00000, 198137.00000, 198137.00000, 198137.00000, 0.00000, 0.00000, 1.08598, 0.60022, 0.29439, 0.10538, 0.00000, 1.00000
-4.35121, -2.14766, 0.78579, 4.91558, -2.68310, 1.41025, 0.00000, 0.00000, 0.00000, 0.00000, 0.00000, 0.00000, 1.08598, 0.76051, 0.37301, -0.13352, 0.00000, 0.00000
-4.58794, -1.75244, 0.00000, 4.91123, -2.77673, 1.57080, 0.00000, 0.00000, 0.00000, 0.00000, 0.00000, 0.00000, 1.14286, 0.72361, 0.27639, -0.00000, 0.00000, 0.00000
-3.75791, 0.00000, -3.18882, 4.92853, 3.14159, 2.27446, 1.00000, 119292.00000, 119292.00000, 119292.00000, 0.00000, 0.00000, 0.90081, 0.53070, -0.00000, 0.46930, 1.00000, 0.00000
-2.87963, 0.78273, -3.92241, 4.92852, 2.87619, 2.49122, 3.00000, 411438.00000, 357333.00000, 388923.33333, 529075700.22222, 23001.64560, 0.91102, 0.46938, -0.12779, 0.65841, 1.00000, 0.00000
-2.87963, -0.78273, -3.92241, 4.92852, -2.87619, 2.49122, 1.00000, 339197.00000, 339197.00000, 339197.00000, 0.00000, 0.00000, 0.91102, 0.37383, 0.10178, 0.52439, 1.00000, 0.00000
-3.21637, 0.00000, -3.73035, 4.92550, 3.14159, 2.43005, 2.00000, 329656.00000, 258183.00000, 293919.50000, 1277097432.25000, 35736.50000, 0.94766, 0.47082, 0.00000, 0.52918, 1.00000, 0.00000
-1.70460, 1.50894, -4.37124, 4.92852, 2.41700, 2.66145, 10.00000, 442191.00000, 88447.00000, 240672.60000, 8487230163.84000, 92126.16438, 0.91102, 0.37091, -0.30980, 0.93889, 1.00000, 0.00000
-0.43315, 2.05481, -4.45876, 4.92853, 1.77855, 2.70143, 9.00000, 499973.00000, 175977.00000, 314908.00000, 11341875177.33333, 106498.24025, 0.90081, 0.16379, -0.65917, 1.49537, 0.77778, 0.22222
-0.43811, 0.72621, -4.85499, 4.92852, 2.11363, 2.96865, 8.00000, 478595.00000, 105816.00000, 256670.00000, 17866558687.00000, 133665.84712, 0.91102, 0.10419, -0.14496, 1.04077, 1.00000, 0.00000
-0.87126, 1.44936, -4.62611, 4.92550, 2.11205, 2.79113, 8.00000, 495293.00000, 48773.00000, 272212.87500, 22897298551.85938, 151318.53341, 0.94766, 0.21070, -0.38457, 1.17386, 1.00000, 0.00000
-1.70460, -1.50894, -4.37124, 4.92852, -2.41700, 2.66145, 1.00000, 341057.00000, 341057.00000, 341057.00000, 0.00000, 0.00000, 0.91102, 0.22901, 0.19128, 0.57970, 1.00000, 0.00000
-0.43811, -0.72621, -4.85499, 4.92852, -2.11363, 2.96865, 4.00000, 463392.00000, 329920.00000, 390986.25000, 2374353368.18750, 48727.33697, 0.91102, 0.08077, 0.11238, 0.80685, 0.50000, 0.50000
-0.43315, -2.05481, -4.45876, 4.92853, -1.77855, 2.70143, 3.00000, 434302.00000, 191585.00000, 308732.00000, 9854063812.66667, 99267.63729, 0.90081, 0.07065, 0.28433, 0.64502, 1.00000, 0.00000
-0.87126, -1.44936, -4.62611, 4.92550, -2.11205, 2.79113, 4.00000, 416013.00000, 196455.00000, 334769.25000, 7684600463.18750, 87661.85295, 0.94766, 0.11910, 0.21738, 0.66353, 1.00000, 0.00000
-2.14766, 0.78579, -4.35121, 4.91558, 2.79084, 2.65769, 3.00000, 407434.00000, 187861.00000, 323305.66667, 9352066754.88889, 96706.08437, 1.08598, 0.37301, -0.13352, 0.76051, 1.00000, 0.00000
-0.87622, 0.00000, -4.83686, 4.91558, 3.14159, 2.96238, 4.00000, 433254.00000, 90595.00000, 242512.50000, 15933688705.25000, 126228.71585, 1.08598, 0.15697, 0.00000, 0.84303, 1.00000, 0.00000
-2.14766, -0.78579, -4.35121, 4.91558, -2.79084, 2.65769, 0.00000, 0.00000, 0.00000, 0.00000, 0.00000, 0.00000, 1.08598, 0.29439, 0.10538, 0.60022, 0.00000, 0.00000
-1.75244, 0.00000, -4.58794, 4.91123, 3.14159, 2.77673, 5.00000, 467119.00000, 184888.00000, 367210.20000, 10538626359.76000, 102657.81198, 1.14286, 0.27639, 0.00000, 0.72361, 0.80000, 0.20000
0.70086, 2.75567, -4.02561, 4.92853, 1.32174, 2.52663, 25.00000, 472526.00000, 50869.00000, 203042.92000, 13746100318.95360, 117243.76452, 0.90081, -1.86160, -6.49176, 9.35336, 0.96000, 0.04000
1.49161, 3.48430, -3.15040, 4.92852, 1.16631, 2.26428, 37.00000, 452700.00000, 43985.00000, 180145.16216, 13460872640.51425, 116021.00086, 0.91102, 0.81587, 1.82322, -1.63909, 0.91892, 0.08108
1.97536, 2.21782, -3.93313, 4.92852, 0.84316, 2.49482, 36.00000, 477257.00000, 44622.00000, 237385.91667, 14064478890.96528, 118593.75570, 0.91102, 5.51065, 6.05607, -10.56672, 0.86111, 0.13889
1.40973, 2.85909, -3.75484, 4.92550, 1.11271, 2.43770, 20.00000, 485636.00000, 60156.00000, 208204.10000, 18247140612.39000, 135081.97738, 0.94766, 3.30198, 7.02665, -9.32863, 0.90000, 0.10000
2.21782, 3.93313, -1.97536, 4.92852, 1.05736, 1.98319, 50.00000, 497250.00000, 27262.00000, 203261.48000, 15352490067.28960, 123905.16562, 0.91102, 0.54500, 0.95092, -0.49591, 0.84000, 0.16000
2.75567, 4.02561, -0.70086, 4.92853, 0.97053, 1.71348, 46.00000, 480147.00000, 37671.00000, 173618.28261, 15817118316.55057, 125766.12547, 0.90081, 0.46424, 0.66888, -0.13313, 0.76087, 0.23913
3.48430, 3.15040, -1.49161, 4.92852, 0.73511, 1.87827, 56.00000, 404467.00000, 36680.00000, 155426.71429, 9817586583.70408, 99083.73521, 0.91102, 0.68893, 0.61936, -0.30829, 0.75000, 0.25000
2.85909, 3.75484, -1.40973, 4.92550, 0.92001, 1.86107, 37.00000, 406285.00000, 32697.00000, 169553.43243, 9378672349.05624, 96843.54573, 0.94766, 0.53830, 0.71466, -0.25296, 0.72973, 0.27027
3.15040, 1.49161, -3.48430, 4.92852, 0.44220, 2.35600, 30.00000, 451287.00000, 51263.00000, 199291.00000, 13924873620.20000, 118003.70172, 0.91102, 2.59457, 1.29147, -2.88604, 0.83333, 0.16667
3.93313, 1.97536, -2.21782, 4.92852, 0.46544, 2.03756, 40.00000, 403642.00000, 43936.00000, 174118.87500, 11171301686.95938, 105694.37869, 0.91102, 1.05443, 0.54989, -0.60432, 0.70000, 0.30000
4.02561, 0.70086, -2.75567, 4.92853, 0.17237, 2.16413, 20.00000, 450331.00000, 60429.00000, 229136.60000, 15843863739.44000, 125872.41056, 0.90081, 1.98030, 0.39414, -1.37444, 0.65000, 0.35000
3.75484, 1.40973, -2.85909, 4.92550, 0.35916, 2.19010, 19.00000, 436008.00000, 68976.00000, 177555.10526, 8840130965.04155, 94021.97065, 0.94766, 1.66465, 0.58922, -1.25387, 0.57895, 0.42105
2.20355, 3.47499, -2.68919, 4.91558, 1.00567, 2.14966, 37.00000, 488964.00000, 23850.00000, 168181.00000, 18596676636.00000, 136369.63238, 1.08598, 0.74373, 1.15838, -0.90211, 0.83784, 0.16216
3.47499, 2.68919, -2.20355, 4.91558, 0.65860, 2.03563, 32.00000, 433827.00000, 42456.00000, 182746.71875, 11683368203.32715, 108089.63042, 1.08598, 0.87972, 0.68510, -0.56481, 0.81250, 0.18750
2.68919, 2.20355, -3.47499, 4.91558, 0.68646, 2.35595, 23.00000, 486171.00000, 43094.00000, 210569.21739, 17174512886.95274, 131051.56576, 1.08598, 1.85065, 1.52573, -2.37638, 0.91304, 0.08696
2.83550, 2.83550, -2.83550, 4.91123, 0.78540, 2.18628, 43.00000, 439694.00000, 36262.00000, 162665.88372, 12513930870.24229, 111865.68227, 1.14286, 1.00000, 1.00000, -1.00000, 0.86047, 0.13953
2.75567, -4.02561, 0.70086, 4.92853, -0.97053, 1.42811, 4.00000, 430524.00000, 62236.00000, 243726.50000, 18372839622.25000, 135546.44821, 0.90081, -6.49176, 9.35336, -1.86160, 0.00000, 1.00000
3.48430, -3.15040, 1.49161, 4.92852, -0.73511, 1.26333, 23.00000, 493722.00000, 20295.00000, 221468.00000, 20928484284.86956, 144666.80436, 0.91102, 1.82322, -1.63909, 0.81587, 0.08696, 0.91304
2.21782, -3.93313, 1.97536, 4.92852, -1.05736, 1.15840, 9.00000, 469926.00000, 91214.00000, 219966.88889, 17343062729.20988, 131693.06257, 0.91102, 6.05607, -10.56672, 5.51065, 0.00000, 1.00000
2.85909, -3.75484, 1.40973, 4.92550, -0.92001, 1.28053, 5.00000, 480104.00000, 180480.00000, 285366.20000, 10913317540.16000, 104466.82507, 0.94766, 7.02665, -9.32863, 3.30198, 0.00000, 1.00000
3.93313, -1.97536, 2.21782, 4.92852, -0.46544, 1.10403, 46.00000, 476337.00000, 27996.00000, 129489.47826, 14224566329.07561, 119266.78636, 0.91102, 0.95092, -0.49591, 0.54500, 0.04348, 0.95652
4.02561, -0.70086, 2.75567, 4.92853, -0.17237, 0.97747, 96.00000, 479559.00000, 7719.00000, 96978.25000, 10349983192.62500, 101734.86714, 0.90081, 0.66888, -0.13313, 0.46424, 0.04167, 0.95833
3.15040, -1.49161, 3.48430, 4.92852, -0.44220, 0.78559, 45.00000, 420497.00000, 10083.00000, 99649.82222, 7422987008.90173, 86156.75835, 0.91102, 0.61936, -0.30829, 0.68893, 0.02222, 0.97778
3.75484, -1.40973, 2.85909, 4.92550, -0.35916, 0.95149, 50.00000, 450587.00000, 8841.00000, 95915.20000, 7032899589.36000, 83862.38483, 0.94766, 0.71466, -0.25296, 0.53830, 0.04000, 0.96000
1.49161, -3.48430, 3.15040, 4.92852, -1.16631, 0.87732, 8.00000, 487502.00000, 104436.00000, 237740.37500, 15307705628.98438, 123724.31301, 0.91102, 1.29147, -2.88604, 2.59457, 0.00000, 1.00000
1.97536, -2.21782, 3.93313, 4.92852, -0.84316, 0.64677, 28.00000, 440445.00000, 39170.00000, 165061.50000, 8375275388.39286, 91516.53068, 0.91102, 0.54989, -0.60432, 1.05443, 0.03571, 0.96429
0.70086, -2.75567, 4.02561, 4.92853, -1.32174, 0.61496, 14.00000, 472286.00000, 66781.00000, 212574.42857, 13120510371.95918, 114544.79635, 0.90081, 0.39414, -1.37444, 1.98030, 0.00000, 1.00000
1.40973, -2.85909, 3.75484, 4.92550, -1.11271, 0.70390, 17.00000, 478469.00000, 37574.00000, 202159.64706, 21825680204.69897, 147735.16915, 0.94766, 0.58922, -1.25387, 1.66465, 0.00000, 1.00000
3.47499, -2.68919, 2.20355, 4.91558, -0.65860, 1.10596, 21.00000, 336302.00000, 26933.00000, 126609.42857, 10551307557.76871, 102719.55782, 1.08598, 1.15838, -0.90211, 0.74373, 0.04762, 0.95238
2.68919, -2.20355, 3.47499, 4.91558, -0.68646, 0.78564, 15.00000, 451561.00000, 28629.00000, 195052.86667, 16388507342.24889, 128017.60559, 1.08598, 0.68510, -0.56481, 0.87972, 0.00000, 1.00000
2.20355, -3.47499, 2.68919, 4.91558, -1.00567, 0.99193, 10.00000, 285009.00000, 62691.00000, 147439.90000, 5481125357.69000, 74034.62270, 1.08598, 1.52573, -2.37638, 1.85065, 0.00000, 1.00000
2.83550, -2.83550, 2.83550, 4.91123, -0.78540, 0.95532, 20.00000, 378193.00000, 42029.00000, 160731.05000, 8609447431.54750, 92787.10811, 1.14286, 1.00000, -1.00000, 1.00000, 0.00000, 1.00000
2.05481, -4.45876, 0.43315, 4.92853, -1.13896, 1.48280, 4.00000, 229445.00000, 117952.00000, 166325.25000, 1996931791.18750, 44687.04277, 0.90081, -0.98030, 2.22389, -0.24359, 0.00000, 1.00000
1.50894, -4.37124, 1.70460, 4.92852, -1.23841, 1.21764, 7.00000, 475280.00000, 130238.00000, 303162.57143, 15755772866.24490, 125522.00152, 0.91102, -1.19997, 3.63662, -1.43665, 0.00000, 1.00000
0.72621, -4.85499, 0.43811, 4.92852, -1.42232, 1.48179, 3.00000, 483432.00000, 225561.00000, 379149.33333, 12298433156.22222, 110898.30096, 0.91102, -0.18312, 1.31474, -0.13162, 0.00000, 1.00000
1.44936, -4.62611, 0.87126, 4.92550, -1.26718, 1.39297, 6.00000, 395626.00000, 98080.00000, 281730.16667, 8640996956.80556, 92956.96293, 0.94766, -0.66465, 2.02881, -0.36416, 0.00000, 1.00000
0.78273, -3.92241, 2.87963, 4.92852, -1.37383, 0.94680, 4.00000, 357190.00000, 90813.00000, 220532.75000, 11339606990.68750, 106487.59078, 0.91102, -2.08678, 10.75154, -7.66476, 0.00000, 1.00000
0.00000, -3.18882, 3.75791, 4.92853, -1.57080, 0.70366, 4.00000, 197435.00000, 130215.00000, 173059.50000, 724158660.75000, 26910.19622, 0.90081, 0.00000, -7.64229, 8.64229, 0.00000, 1.00000
-0.78273, -3.92241, 2.87963, 4.92852, -1.76776, 0.94680, 2.00000, 457182.00000, 121891.00000, 289536.50000, 28105013670.25000, 167645.50000, 0.91102, 0.40335, 2.07817, -1.48153, 0.00000, 1.00000
0.00000, -3.73035, 3.21637, 4.92550, -1.57080, 0.85925, 4.00000, 450609.00000, 93196.00000, 262549.75000, 26648318408.18750, 163243.12668, 0.94766, -0.00000, 9.06739, -8.06739, 0.25000, 0.75000
-0.72621, -4.85499, 0.43811, 4.92852, -1.71928, 1.48179, 0.00000, 0.00000, 0.00000, 0.00000, 0.00000, 0.00000, 0.91102, 0.13403, 0.96230, -0.09634, 0.00000, 0.00000
-1.50894, -4.37124, 1.70460, 4.92852, -1.90319, 1.21764, 1.00000, 318263.00000, 318263.00000, 318263.00000, 0.00000, 0.00000, 0.91102, 0.35294, 1.06961, -0.42255, 0.00000, 1.00000
-2.05481, -4.45876, 0.43315, 4.92853, -2.00263, 1.48280, 1.00000, 467564.00000, 467564.00000, 467564.00000, 0.00000, 0.00000, 0.90081, 0.33112, 0.75116, -0.08228, 0.00000, 1.00000
-1.44936, -4.62611, 0.87126, 4.92550, -1.87441, 1.39297, 0.00000, 0.00000, 0.00000, 0.00000, 0.00000, 0.00000, 0.94766, 0.28534, 0.87099, -0.15634, 0.00000, 0.00000
0.78579, -4.35121, 2.14766, 4.91558, -1.39213, 1.11864, 3.00000, 218165.00000, 138949.00000, 190648.66667, 1338279248.22222, 36582.49921, 1.08598, -0.52573, 2.99442, -1.46868, 0.00000, 1.00000
-0.78579, -4.35121, 2.14766, 4.91558, -1.74946, 1.11864, 0.00000, 0.00000, 0.00000, 0.00000, 0.00000, 0.00000, 1.08598, 0.25627, 1.45965, -0.71592, 0.00000, 0.00000
0.00000, -4.83686, 0.87622, 4.91558, -1.57080, 1.39159, 1.00000, 284726.00000, 284726.00000, 284726.00000, 0.00000, 0.00000, 1.08598, -0.00000, 1.22879, -0.22879, 0.00000, 1.00000
0.00000, -4.58794, 1.75244, 4.91123, -1.57080, 1.20593, 5.00000, 245116.00000, 84946.00000, 170096.40000, 3034124376.24000, 55082.88642, 1.14286, -0.00000, 1.61803, -0.61803, 0.00000, 1.00000
2.05481, -4.45876, -0.43315, 4.92853, -1.13896, 1.65880, 3.00000, 473268.00000, 216547.00000, 334346.66667, 11207341041.55556, 105864.72992, 0.90081, -0.65917, 1.49537, 0.16379, 0.33333, 0.66667
0.72621, -4.85499, -0.43811, 4.92852, -1.42232, 1.65981, 2.00000, 394155.00000, 324936.00000, 359545.50000, 1197817490.25000, 34609.50000, 0.91102, -0.14496, 1.04077, 0.10419, 0.00000, 1.00000
1.50894, -4.37124, -1.70460, 4.92852, -1.23841, 1.92396, 3.00000, 267820.00000, 168125.00000, 212833.00000, 1709344424.66667, 41344.21876, 0.91102, -0.30980, 0.93889, 0.37091, 0.00000, 1.00000
1.44936, -4.62611, -0.87126, 4.92550, -1.26718, 1.74862, 2.00000, 395595.00000, 208873.00000, 302234.00000, 8716276321.00000, 93361.00000, 0.94766, -0.38457, 1.17386, 0.21070, 0.00000, 1.00000
-0.72621, -4.85499, -0.43811, 4.92852, -1.71928, 1.65981, 0.00000, 0.00000, 0.00000, 0.00000, 0.00000, 0.00000, 0.91102, 0.11238, 0.80685, 0.08077, 0.00000, 0.00000
-2.05481, -4.45876, -0.43315, 4.92853, -2.00263, 1.65880, 0.00000, 0.00000, 0.00000, 0.00000, 0.00000, 0.00000, 0.90081, 0.28433, 0.64502, 0.07065, 0.00000, 0.00000
-1.50894, -4.37124, -1.70460, 4.92852, -1.90319, 1.92396, 0.00000, 0.00000, 0.00000, 0.00000, 0.00000, 0.00000, 0.91102, 0.19128, 0.57970, 0.22901, 0.00000, 0.00000
-1.44936, -4.62611, -0.87126, 4.92550, -1.87441, 1.74862, 1.00000, 325789.00000, 325789.00000, 325789.00000, 0.00000, 0.00000, 0.94766, 0.21738, 0.66353, 0.11910, 0.00000, 1.00000
0.78273, -3.92241, -2.87963, 4.92852, -1.37383, 2.19479, 2.00000, 439673.00000, 273836.00000, 356754.50000, 6875477642.25000, 82918.50000, 0.91102, -0.12779, 0.65841, 0.46938, 0.50000, 0.50000
-0.78273, -3.92241, -2.87963, 4.92852, -1.76776, 2.19479, 0.00000, 0.00000, 0.00000, 0.00000, 0.00000, 0.00000, 0.91102, 0.10178, 0.52439, 0.37383, 0.00000, 0.00000
0.00000, -3.18882, -3.75791, 4.92853, -1.57080, 2.43793, 2.00000, 337598.00000, 205934.00000, 271766.00000, 4333852224.00000, 65832.00000, 0.90081, 0.00000, 0.46930, 0.53070, 0.50000, 0.50000
0.00000, -3.73035, -3.21637, 4.92550, -1.57080, 2.28234, 0.00000, 0.00000, 0.00000, 0.00000, 0.00000, 0.00000, 0.94766, -0.00000, 0.52918, 0.47082, 0.00000, 0.00000
0.00000, -4.83686, -0.87622, 4.91558, -1.57080, 1.75001, 1.00000, 451290.00000, 451290.00000, 451290.00000, 0.00000, 0.00000, 1.08598, -0.00000, 0.84303, 0.15697, 0.00000, 1.00000
-0.78579, -4.35121, -2.14766, 4.91558, -1.74946, 2.02296, 2.00000, 344011.00000, 200994.00000, 272502.50000, 5113465572.25000, 71508.50000, 1.08598, 0.10538, 0.60022, 0.29439, 0.50000, 0.50000
0.78579, -4.35121, -2.14766, 4.91558, -1.39213, 2.02296, 3.00000, 376446.00000, 267454.00000, 326154.66667, 2015234454.22222, 44891.36280, 1.08598, -0.13352, 0.76051, 0.37301, 0.33333, 0.66667
0.00000, -4.58794, -1.75244, 4.91123, -1.57080, 1.93566, 0.00000, 0.00000, 0.00000, 0.00000, 0.00000, 0.00000, 1.14286, -0.00000, 0.72361, 0.27639, 0.00000, 0.00000
2.75567, -4.02561, -0.70086, 4.92853, -0.97053, 1.71348, 6.00000, 490347.00000, 62456.00000, 388679.66667, 22458263092.22222, 149860.81240, 0.90081, -1.37444, 1.98030, 0.39414, 0.16667, 0.83333
2.21782, -3.93313, -1.97536, 4.92852, -1.05736, 1.98319, 7.00000, 462807.00000, 83095.00000, 277577.14286, 14692888346.12245, 121214.22502, 0.91102, -0.60432, 1.05443, 0.54989, 0.14286, 0.85714
3.48430, -3.15040, -1.49161, 4.92852, -0.73511, 1.87827, 4.00000, 446257.00000, 273589.00000, 366768.75000, 4287004974.18750, 65475.22412, 0.91102, -2.88604, 2.59457, 1.29147, 0.25000, 0.75000
2.85909, -3.75484, -1.40973, 4.92550, -0.92001, 1.86107, 10.00000, 439773.00000, 108029.00000, 267073.40000, 8886107043.04000, 94266.15004, 0.94766, -1.25387, 1.66465, 0.58922, 0.40000, 0.60000
1.49161, -3.48430, -3.15040, 4.92852, -1.16631, 2.26428, 6.00000, 479077.00000, 256072.00000, 365269.16667, 9495041186.47222, 97442.50195, 0.91102, -0.30829, 0.68893, 0.61936, 0.66667, 0.33333
0.70086, -2.75567, -4.02561, 4.92853, -1.32174, 2.52663, 0.00000, 0.00000, 0.00000, 0.00000, 0.00000, 0.00000, 0.90081, -0.13313, 0.46424, 0.66888, 0.00000, 0.00000
1.97536, -2.21782, -3.93313, 4.92852, -0.84316, 2.49482, 5.00000, 418840.00000, 161605.00000, 314263.80000, 10938061997.36000, 104585.19014, 0.91102, -0.49591, 0.54500, 0.95092, 0.40000, 0.60000
1.40973, -2.85909, -3.75484, 4.92550, -1.11271, 2.43770, 4.00000, 426216.00000, 138759.00000, 280178.25000, 11065651749.68750, 105193.40165, 0.94766, -0.25296, 0.53830, 0.71466, 0.25000, 0.75000
3.93313, -1.97536, -2.21782, 4.92852, -0.46544, 2.03756, 12.00000, 474161.00000, 77890.00000, 261106.16667, 20707715487.30556, 143901.75637, 0.91102, -10.56672, 5.51065, 6.05607, 0.33333, 0.66667
3.15040, -1.49161, -3.48430, 4.92852, -0.44220, 2.35600, 8.00000, 496385.00000, 111543.00000, 352449.37500, 20088417212.98438, 141733.61356, 0.91102, -1.63909, 0.81587, 1.82322, 0.75000, 0.25000
4.02561, -0.70086, -2.75567, 4.92853, -0.17237, 2.16413, 12.00000, 432566.00000, 53652.00000, 214655.16667, 10529628420.13889, 102613.97770, 0.90081, 9.35336, -1.86160, -6.49176, 0.58333, 0.41667
3.75484, -1.40973, -2.85909, 4.92550, -0.35916, 2.19010, 5.00000, 442716.00000, 143033.00000, 300181.40000, 15029188021.84000, 122593.58883, 0.94766, -9.32863, 3.30198, 7.02665, 0.40000, 0.60000
2.20355, -3.47499, -2.68919, 4.91558, -1.00567, 2.14966, 2.00000, 317343.00000, 136970.00000, 227156.50000, 8133604782.25000, 90186.50000, 1.08598, -0.56481, 0.87972, 0.68510, 0.00000, 1.00000
2.68919, -2.20355, -3.47499, 4.91558, -0.68646, 2.35595, 3.00000, 480633.00000, 262353.00000, 398268.66667, 9374899050.88889, 96824.06235, 1.08598, -0.90211, 0.74373, 1.15838, 0.66667, 0.33333
3.47499, -2.68919, -2.20355, 4.91558, -0.65860, 2.03563, 2.00000, 174820.00000, 104122.00000, 139471.00000, 1249551801.00000, 35349.00000, 1.08598, -2.37638, 1.85065, 1.52573, 0.00000, 1.00000
2.83550, -2.83550, -2.83550, 4.91123, -0.78540, 2.18628, 3.00000, 446999.00000, 142671.00000, 248057.66667, 19812159758.22223, 140755.67398, 1.14286, -1.00000, 1.00000, 1.00000, 0.33333, 0.66667
3.18882, -3.75791, 0.00000, 4.92853, -0.86714, 1.57080, 5.00000, 345082.00000, 83875.00000, 177369.40000, 8821790739.04000, 93924.38841, 0.90081, -7.64229, 8.64229, -0.00000, 0.00000, 1.00000
3.92241, -2.87963, -0.78273, 4.92852, -0.63328, 1.73029, 2.00000, 420434.00000, 57351.00000, 238892.50000, 32957316222.25000, 181541.50000, 0.91102, 10.75154, -7.66476, -2.08678, 0.00000, 1.00000
3.92241, -2.87963, 0.78273, 4.92852, -0.63328, 1.41130, 20.00000, 470838.00000, 38114.00000, 205484.45000, 17196975332.84750, 131137.23854, 0.91102, 2.07817, -1.48153, 0.40335, 0.15000, 0.85000
3.73035, -3.21637, 0.00000, 4.92550, -0.71154, 1.57080, 8.00000, 342848.00000, 29120.00000, 158847.50000, 8531661907.00000, 92366.99577, 0.94766, 9.06739, -8.06739, 0.00000, 0.00000, 1.00000
4.37124, -1.70460, -1.50894, 4.92852, -0.37182, 1.88196, 23.00000, 476783.00000, 56058.00000, 219281.73913, 16954397677.41021, 130209.05375, 0.91102, 3.63662, -1.43665, -1.19997, 0.26087, 0.73913
4.45876, -0.43315, -2.05481, 4.92853, -0.09684, 2.00085, 19.00000, 453408.00000, 70661.00000, 227613.57895, 9799365846.66482, 98991.74636, 0.90081, 2.22389, -0.24359, -0.98030, 0.57895, 0.42105
4.85499, -0.43811, -0.72621, 4.92852, -0.09000, 1.71868, 33.00000, 462046.00000, 25516.00000, 180822.87879, 16136224873.13682, 127028.44120, 0.91102, 1.31474, -0.13162, -0.18312, 0.21212, 0.78788
4.62611, -0.87126, -1.44936, 4.92550, -0.18616, 1.86947, 19.00000, 435592.00000, 29208.00000, 230603.52632, 16855944060.77562, 129830.44351, 0.94766, 2.02881, -0.36416, -0.66465, 0.31579, 0.68421
4.37124, -1.70460, 1.50894, 4.92852, -0.37182, 1.25963, 41.00000, 477058.00000, 12863.00000, 111990.92683, 11056867740.40928, 105151.64164, 0.91102, 1.06961, -0.42255, 0.35294, 0.07317, 0.92683
4.85499, -0.43811, 0.72621, 4.92852, -0.09000, 1.42291, 64.00000, 474758.00000, 18796.00000, 130509.78125, 12525479646.82715, 111917.28931, 0.91102, 0.96230, -0.09634, 0.13403, 0.07812, 0.92188
4.45876, -0.43315, 2.05481, 4.92853, -0.09684, 1.14074, 100.00000, 462825.00000, 6361.00000, 80200.09000, 6480442211.92190, 80501.19385, 0.90081, 0.75116, -0.08228, 0.33112, 0.00000, 1.00000
4.62611, -0.87126, 1.44936, 4.92550, -0.18616, 1.27212, 49.00000, 493614.00000, 14430.00000, 131018.08163, 15220457491.50354, 123371.21825, 0.94766, 0.87099, -0.15634, 0.28534, 0.06122, 0.93878
4.35121, -2.14766, -0.78579, 4.91558, -0.45850, 1.73134, 19.00000, 448850.00000, 26512.00000, 213404.73684, 18283129108.61496, 135215.12160, 1.08598, 2.99442, -1.46868, -0.52573, 0.15789, 0.84211
4.83686, -0.87622, 0.00000, 4.91558, -0.17921, 1.57080, 33.00000, 463760.00000, 28836.00000, 148889.93939, 15589314063.87511, 124857.17466, 1.08598, 1.22879, -0.22879, 0.00000, 0.12121, 0.87879
4.35121, -2.14766, 0.78579, 4.91558, -0.45850, 1.41025, 22.00000, 446095.00000, 20541.00000, 189872.63636, 17052578214.95868, 130585.52069, 1.08598, 1.45965, -0.71592, 0.25627, 0.22727, 0.77273
4.58794, -1.75244, 0.00000, 4.91123, -0.36486, 1.57080, 24.00000, 452330.00000, 27190.00000, 140998.08333, 14163901226.99306, 119012.18941, 1.14286, 1.61803, -0.61803, 0.00000, 0.00000, 1.00000
0.43315, -2.05481, 4.45876, 4.92853, -1.36304, 0.44016, 12.00000, 474329.00000, 56514.00000, 241340.00000, 17966557836.50000, 134039.38912, 0.90081, 0.16379, -0.65917, 1.49537, 0.00000, 1.00000
1.70460, -1.50894, 4.37124, 4.92852, -0.72459, 0.48015, 34.00000, 477694.00000, 24391.00000, 139458.26471, 13087831168.19464, 114402.05928, 0.91102, 0.37091, -0.30980, 0.93889, 0.00000, 1.00000
0.43811, -0.72621, 4.85499, 4.92852, -1.02797, 0.17295, 13.00000, 433905.00000, 47839.00000, 152034.84615, 11085510421.51479, 105287.75058, 0.91102, 0.10419, -0.14496, 1.04077, 0.00000, 1.00000
0.87126, -1.44936, 4.62611, 4.92550, -1.02954, 0.35046, 6.00000, 416878.00000, 49788.00000, 170962.50000, 14681576567.58333, 121167.55575, 0.94766, 0.21070, -0.38457, 1.17386, 0.00000, 1.00000
2.87963, -0.78273, 3.92241, 4.92852, -0.26540, 0.65037, 83.00000, 443439.00000, 9167.00000, 113819.63855, 9401343820.23080, 96960.52712, 0.91102, 0.46938, -0.12779, 0.65841, 0.02410, 0.97590
3.75791, 0.00000, 3.18882, 4.92853, 0.00000, 0.86714, 160.00000, 473056.00000, 6032.00000, 69631.78125, 6036209976.68340, 77693.04973, 0.90081, 0.53070, -0.00000, 0.46930, 0.02500, 0.97500
2.87963, 0.78273, 3.92241, 4.92852, 0.26540, 0.65037, 119.00000, 325686.00000, 7592.00000, 81580.61345, 7087000719.98503, 84184.32586, 0.91102, 0.37383, 0.10178, 0.52439, 0.02521, 0.97479
3.21637, 0.00000, 3.73035, 4.92550, 0.00000, 0.71154, 94.00000, 466591.00000, 8451.00000, 73586.37234, 7484341681.02094, 86512.08980, 0.94766, 0.47082, -0.00000, 0.52918, 0.00000, 1.00000
0.43811, 0.72621, 4.85499, 4.92852, 1.02797, 0.17295, 27.00000, 492770.00000, 18826.00000, 149803.40741, 18333482096.24142, 135401.18942, 0.91102, 0.08077, 0.11238, 0.80685, 0.00000, 1.00000
1.70460, 1.50894, 4.37124, 4.92852, 0.72459, 0.48015, 54.00000, 471077.00000, 10296.00000, 118758.29630, 13294350791.91221, 115301.13092, 0.91102, 0.22901, 0.19128, 0.57970, 0.00000, 1.00000
0.43315, 2.05481, 4.45876, 4.92853, 1.36304, 0.44016, 21.00000, 414486.00000, 31753.00000, 159409.14286, 9495888028.78911, 97446.84720, 0.90081, 0.07065, 0.28433, 0.64502, 0.04762, 0.95238
0.87126, 1.44936, 4.62611, 4.92550, 1.02954, 0.35046, 20.00000, 410795.00000, 41781.00000, 159227.85000, 15165264144.22750, 123147.32699, 0.94766, 0.11910, 0.21738, 0.66353, 0.00000, 1.00000
2.14766, -0.78579, 4.35121, 4.91558, -0.35075, 0.48390, 36.00000, 464547.00000, 21714.00000, 112347.41667, 11127694093.35416, 105487.88600, 1.08598, 0.37301, -0.13352, 0.76051, 0.02778, 0.97222
2.14766, 0.78579, 4.35121, 4.91558, 0.35075, 0.48390, 49.00000, 477669.00000, 8961.00000, 114899.63265, 12071404152.35485, 109869.94199, 1.08598, 0.29439, 0.10538, 0.60022, 0.02041, 0.97959
0.87622, 0.00000, 4.83686, 4.91558, 0.00000, 0.17921, 15.00000, 406560.00000, 47301.00000, 153689.93333, 11925196495.79556, 109202.54803, 1.08598, 0.15697, -0.00000, 0.84303, 0.00000, 1.00000
1.75244, 0.00000, 4.58794, 4.91123, 0.00000, 0.36486, 35.00000, 462553.00000, 25316.00000, 164378.80000, 17570231250.50286, 132552.74894, 1.14286, 0.27639, 0.00000, 0.72361, 0.02857, 0.97143
-2.75567, -4.02561, 0.70086, 4.92853, -2.17107, 1.42811, 0.00000, 0.00000, 0.00000, 0.00000, 0.00000, 0.00000, 0.90081, 0.46424, 0.66888, -0.13313, 0.00000, 0.00000
-2.21782, -3.93313, 1.97536, 4.92852, -2.08423, 1.15840, 0.00000, 0.00000, 0.00000, 0.00000, 0.00000, 0.00000, 0.91102, 0.54500, 0.95092, -0.49591, 0.00000, 0.00000
-3.48430, -3.15040, 1.49161, 4.92852, -2.40648, 1.26333, 1.00000, 353308.00000, 353308.00000, 353308.00000, 0.00000, 0.00000, 0.91102, 0.68893, 0.61936, -0.30829, 0.00000, 1.00000
-2.85909, -3.75484, 1.40973, 4.92550, -2.22158, 1.28053, 0.00000, 0.00000, 0.00000, 0.00000, 0.00000, 0.00000, 0.94766, 0.53830, 0.71466, -0.25296, 0.00000, 0.00000
-1.49161, -3.48430, 3.15040, 4.92852, -1.97528, 0.87732, 2.00000, 229051.00000, 211872.00000, 220461.50000, 73779510.25000, 8589.50000, 0.91102, 0.81587, 1.82322, -1.63909, 0.00000, 1.00000
-0.70086, -2.75567, 4.02561, 4.92853, -1.81985, 0.61496, 5.00000, 324320.00000, 105928.00000, 205988.60000, 6359312459.04000, 79745.29741, 0.90081, -1.86160, -6.49176, 9.35336, 0.00000, 1.00000
-1.97536, -2.21782, 3.93313, 4.92852, -2.29844, 0.64677, 3.00000, 226582.00000, 95771.00000, 153831.00000, 2959832360.66667, 54404.34138, 0.91102, 5.51065, 6.05607, -10.56672, 0.00000, 1.00000
-1.40973, -2.85909, 3.75484, 4.92550, -2.02888, 0.70390, 1.00000, 472352.00000, 472352.00000, 472352.00000, 0.00000, 0.00000, 0.94766, 3.30198, 7.02665, -9.32863, 0.00000, 1.00000
-3.93313, -1.97536, 2.21782, 4.92852, -2.67616, 1.10403, 0.00000, 0.00000, 0.00000, 0.00000, 0.00000, 0.00000, 0.91102, 1.05443, 0.54989, -0.60432, 0.00000, 0.00000
-3.15040, -1.49161, 3.48430, 4.92852, -2.69940, 0.78559, 1.00000, 438501.00000, 438501.00000, 438501.00000, 0.00000, 0.00000, 0.91102, 2.59457, 1.29147, -2.88604, 0.00000, 1.00000
-4.02561, -0.70086, 2.75567, 4.92853, -2.96922, 0.97747, 0.00000, 0.00000, 0.00000, 0.00000, 0.00000, 0.00000, 0.90081, 1.98030, 0.39414, -1.37444, 0.00000, 0.00000
-3.75484, -1.40973, 2.85909, 4.92550, -2.78243, 0.95149, 0.00000, 0.00000, 0.00000, 0.00000, 0.00000, 0.00000, 0.94766, 1.66465, 0.58922, -1.25387, 0.00000, 0.00000
-2.20355, -3.47499, 2.68919, 4.91558, -2.13592, 0.99193, 2.00000, 452198.00000, 380365.00000, 416281.50000, 1289994972.25000, 35916.50000, 1.08598, 0.74373, 1.15838, -0.90211, 0.50000, 0.50000
-2.68919, -2.20355, 3.47499, 4.91558, -2.45513, 0.78564, 0.00000, 0.00000, 0.00000, 0.00000, 0.00000, 0.00000, 1.08598, 1.85065, 1.52573, -2.37638, 0.00000, 0.00000
-3.47499, -2.68919, 2.20355, 4.91558, -2.48299, 1.10596, 2.00000, 347355.00000, 346941.00000, 347148.00000, 42849.00000, 207.00000, 1.08598, 0.87972, 0.68510, -0.56481, 0.50000, 0.50000
-2.83550, -2.83550, 2.83550, 4.91123, -2.35619, 0.95532, 3.00000, 446020.00000, 171235.00000, 331935.33333, 13670976226.88889, 116922.94996, 1.14286, 1.00000, 1.00000, -1.00000, 0.00000, 1.00000
-0.70086, -2.75567, -4.02561, 4.92853, -1.81985, 2.52663, 2.00000, 212403.00000, 147349.00000, 179876.00000, 1058005729.00000, 32527.00000, 0.90081, 0.10514, 0.36663, 0.52824, 1.00000, 0.00000
-1.49161, -3.48430, -3.15040, 4.92852, -1.97528, 2.26428, 1.00000, 385343.00000, 385343.00000, 385343.00000, 0.00000, 0.00000, 0.91102, 0.19070, 0.42617, 0.38313, 1.00000, 0.00000
-1.97536, -2.21782, -3.93313, 4.92852, -2.29844, 2.49482, 0.00000, 0.00000, 0.00000, 0.00000, 0.00000, 0.00000, 0.91102, 0.24897, 0.27362, 0.47741, 0.00000, 0.00000
-1.40973, -2.85909, -3.75484, 4.92550, -2.02888, 2.43770, 0.00000, 0.00000, 0.00000, 0.00000, 0.00000, 0.00000, 0.94766, 0.16798, 0.35746, 0.47456, 0.00000, 0.00000
-2.21782, -3.93313, -1.97536, 4.92852, -2.08423, 1.98319, 0.00000, 0.00000, 0.00000, 0.00000, 0.00000, 0.00000, 0.91102, 0.27362, 0.47741, 0.24897, 0.00000, 0.00000
-2.75567, -4.02561, -0.70086, 4.92853, -2.17107, 1.71348, 0.00000, 0.00000, 0.00000, 0.00000, 0.00000, 0.00000, 0.90081, 0.36663, 0.52824, 0.10514, 0.00000, 0.00000
-3.48430, -3.15040, -1.49161, 4.92852, -2.40648, 1.87827, 0.00000, 0.00000, 0.00000, 0.00000, 0.00000, 0.00000, 0.91102, 0.42617, 0.38313, 0.19070, 0.00000, 0.00000
-2.85909, -3.75484, -1.40973, 4.92550, -2.22158, 1.86107, 1.00000, 318178.00000, 318178.00000, 318178.00000, 0.00000, 0.00000, 0.94766, 0.35746, 0.47456, 0.16798, 0.00000, 1.00000
-3.15040, -1.49161, -3.48430, 4.92852, -2.69940, 2.35600, 0.00000, 0.00000, 0.00000, 0.00000, 0.00000, 0.00000, 0.91102, 0.38313, 0.19070, 0.42617, 0.00000, 0.00000
-3.93313, -1.97536, -2.21782, 4.92852, -2.67616, 2.03756, 0.00000, 0.00000, 0.00000, 0.00000, 0.00000, 0.00000, 0.91102, 0.47741, 0.24897, 0.27362, 0.00000, 0.00000
-4.02561, -0.70086, -2.75567, 4.92853, -2.96922, 2.16413, 1.00000, 441408.00000, 441408.00000, 441408.00000, 0.00000, 0.00000, 0.90081, 0.52824, 0.10514, 0.36663, 1.00000, 0.00000
-3.75484, -1.40973, -2.85909, 4.92550, -2.78243, 2.19010, 1.00000, 355289.00000, 355289.00000, 355289.00000, 0.00000, 0.00000, 0.94766, 0.47456, 0.16798, 0.35746, 0.00000, 1.00000
-2.20355, -3.47499, -2.68919, 4.91558, -2.13592, 2.14966, 1.00000, 438969.00000, 438969.00000, 438969.00000, 0.00000, 0.00000, 1.08598, 0.26522, 0.41309, 0.32170, 1.00000, 0.00000
-3.47499, -2.68919, -2.20355, 4.91558, -2.48299, 2.03563, 3.00000, 495495.00000, 280624.00000, 352610.33333, 10208211274.88889, 101035.69307, 1.08598, 0.41309, 0.32170, 0.26522, 0.66667, 0.33333
-2.68919, -2.20355, -3.47499, 4.91558, -2.45513, 2.35595, 1.00000, 298089.00000, 298089.00000, 298089.00000, 0.00000, 0.00000, 1.08598, 0.32170, 0.26522, 0.41309, 1.00000, 0.00000
-2.83550, -2.83550, -2.83550, 4.91123, -2.35619, 2.18628, 1.00000, 449814.00000, 449814.00000, 449814.00000, 0.00000, 0.00000, 1.14286, 0.33333, 0.33333, 0.33333, 1.00000, 0.00000
3.75791, 0.00000, -3.18882, 4.92853, 0.00000, 2.27446, 19.00000, 453402.00000, 84861.00000, 261497.63158, 11835297016.96953, 108790.15129, 0.90081, 8.64229, 0.00000, -7.64229, 0.68421, 0.31579
2.87963, -0.78273, -3.92241, 4.92852, -0.26540, 2.49122, 13.00000, 499736.00000, 60814.00000, 297125.46154, 19016944098.24852, 137901.93653, 0.91102, -1.48153, 0.40335, 2.07817, 0.76923, 0.23077
2.87963, 0.78273, -3.92241, 4.92852, 0.26540, 2.49122, 26.00000, 484458.00000, 65368.00000, 258445.07692, 19102112553.84024, 138210.39235, 0.91102, -7.66476, -2.08678, 10.75154, 0.88462, 0.11538
3.21637, 0.00000, -3.73035, 4.92550, 0.00000, 2.43005, 12.00000, 453188.00000, 81845.00000, 263518.83333, 17405444539.63889, 131929.69544, 0.94766, -8.06739, -0.00000, 9.06739, 0.83333, 0.16667
1.70460, -1.50894, -4.37124, 4.92852, -0.72459, 2.66145, 3.00000, 368963.00000, 252930.00000, 292836.33333, 2899899121.55556, 53850.71143, 0.91102, -0.42255, 0.35294, 1.06961, 0.33333, 0.66667
0.43315, -2.05481, -4.45876, 4.92853, -1.36304, 2.70143, 2.00000, 326703.00000, 171629.00000, 249166.00000, 6011986369.00000, 77537.00000, 0.90081, -0.08228, 0.33112, 0.75116, 0.50000, 0.50000
0.43811, -0.72621, -4.85499, 4.92852, -1.02797, 2.96865, 3.00000, 303449.00000, 201585.00000, 267288.00000, 2165743964.66667, 46537.55435, 0.91102, -0.09634, 0.13403, 0.96230, 1.00000, 0.00000
0.87126, -1.44936, -4.62611, 4.92550, -1.02954, 2.79113, 8.00000, 491715.00000, 138072.00000, 318263.25000, 17525526089.68750, 132384.00995, 0.94766, -0.15634, 0.28534, 0.87099, 0.62500, 0.37500
1.70460, 1.50894, -4.37124, 4.92852, 0.72459, 2.66145, 14.00000, 467707.00000, 71822.00000, 253138.28571, 15588638344.20408, 124854.46866, 0.91102, -1.43665, -1.19997, 3.63662, 0.78571, 0.21429
0.43811, 0.72621, -4.85499, 4.92852, 1.02797, 2.96865, 11.00000, 491416.00000, 91105.00000, 269334.72727, 12877541163.47108, 113479.25433, 0.91102, -0.13162, -0.18312, 1.31474, 1.00000, 0.00000
0.43315, 2.05481, -4.45876, 4.92853, 1.36304, 2.70143, 20.00000, 437171.00000, 72242.00000, 257874.85000, 11122441807.32750, 105462.98786, 0.90081, -0.24359, -0.98030, 2.22389, 0.85000, 0.15000
0.87126, 1.44936, -4.62611, 4.92550, 1.02954, 2.79113, 9.00000, 438935.00000, 95549.00000, 231942.22222, 17030142223.95061, 130499.58706, 0.94766, -0.36416, -0.66465, 2.02881, 0.77778, 0.22222
2.14766, -0.78579, -4.35121, 4.91558, -0.35075, 2.65769, 4.00000, 469064.00000, 190132.00000, 370029.25000, 12720114489.68750, 112783.48500, 1.08598, -0.71592, 0.25627, 1.45965, 1.00000, 0.00000
0.87622, 0.00000, -4.83686, 4.91558, 0.00000, 2.96238, 6.00000, 492335.00000, 197460.00000, 353167.00000, 7814148649.66667, 88397.67333, 1.08598, -0.22879, -0.00000, 1.22879, 1.00000, 0.00000
2.14766, 0.78579, -4.35121, 4.91558, 0.35075, 2.65769, 13.00000, 421356.00000, 50202.00000, 156750.30769, 10727130500.67455, 103571.86153, 1.08598, -1.46868, -0.52573, 2.99442, 0.92308, 0.07692
1.75244, 0.00000, -4.58794, 4.91123, 0.00000, 2.77673, 8.00000, 480090.00000, 198320.00000, 291987.75000, 8473977732.43750, 92054.21083, 1.14286, -0.61803, -0.00000, 1.61803, 0.87500, 0.12500
4.45876, 0.43315, 2.05481, 4.92853, 0.09684, 1.14074, 153.00000, 493406.00000, 5357.00000, 73345.27451, 8352206204.60438, 91390.40543, 0.90081, 0.64502, 0.07065, 0.28433, 0.03922, 0.96078
4.85499, 0.43811, 0.72621, 4.92852, 0.09000, 1.42291, 90.00000, 496029.00000, 11121.00000, 104728.94444, 11257639699.16358, 106102.02495, 0.91102, 0.80685, 0.08077, 0.11238, 0.07778, 0.92222
4.37124, 1.70460, 1.50894, 4.92852, 0.37182, 1.25963, 146.00000, 487639.00000, 4968.00000, 75352.34247, 9104883066.95121, 95419.51093, 0.91102, 0.57970, 0.22901, 0.19128, 0.06164, 0.93836
4.62611, 0.87126, 1.44936, 4.92550, 0.18616, 1.27212, 108.00000, 486646.00000, 3792.00000, 87099.17593, 10214597966.27461, 101067.29425, 0.94766, 0.66353, 0.11910, 0.21738, 0.04630, 0.95370
4.85499, 0.43811, -0.72621, 4.92852, 0.09000, 1.71868, 45.00000, 425244.00000, 27419.00000, 158505.64444, 13412381959.96247, 115811.83860, 0.91102, 1.04077, 0.10419, -0.14496, 0.22222, 0.77778
4.45876, 0.43315, -2.05481, 4.92853, 0.09684, 2.00085, 18.00000, 491517.00000, 38162.00000, 208397.38889, 20071426187.01543, 141673.66088, 0.90081, 1.49537, 0.16379, -0.65917, 0.61111, 0.38889
4.37124, 1.70460, -1.50894, 4.92852, 0.37182, 1.88196, 48.00000, 411981.00000, 21323.00000, 150671.93750, 11534862579.26693, 107400.47756, 0.91102, 0.93889, 0.37091, -0.30980, 0.33333, 0.66667
4.62611, 0.87126, -1.44936, 4.92550, 0.18616, 1.86947, 18.00000, 496373.00000, 41421.00000, 196921.27778, 19558548336.86728, 139851.87999, 0.94766, 1.17386, 0.21070, -0.38457, 0.38889, 0.61111
3.92241, 2.87963, 0.78273, 4.92852, 0.63328, 1.41130, 80.00000, 462576.00000, 15705.00000, 136039.26250, 10986641208.34359, 104817.17993, 0.91102, 0.52439, 0.37383, 0.10178, 0.28750, 0.71250
3.92241, 2.87963, -0.78273, 4.92852, 0.63328, 1.73029, 68.00000, 481710.00000, 21017.00000, 159850.44118, 14048401748.24654, 118525.95390, 0.91102, 0.65841, 0.46938, -0.12779, 0.55882, 0.44118
3.18882, 3.75791, 0.00000, 4.92853, 0.86714, 1.57080, 52.00000, 465471.00000, 28840.00000, 185757.00000, 11774641896.84615, 108511.02201, 0.90081, 0.46930, 0.53070, 0.00000, 0.46154, 0.53846
3.73035, 3.21637, 0.00000, 4.92550, 0.71154, 1.57080, 55.00000, 480554.00000, 20073.00000, 177956.32727, 13696820192.36562, 117033.41485, 0.94766, 0.52918, 0.47082, 0.00000, 0.30909, 0.69091
4.83686, 0.87622, 0.00000, 4.91558, 0.17921, 1.57080, 44.00000, 484444.00000, 8748.00000, 150466.25000, 15741775330.41477, 125466.23183, 1.08598, 0.84303, 0.15697, 0.00000, 0.18182, 0.81818
4.35121, 2.14766, -0.78579, 4.91558, 0.45850, 1.73134, 38.00000, 484687.00000, 26019.00000, 152713.65789, 15401206745.75138, 124101.59848, 1.08598, 0.76051, 0.37301, -0.13352, 0.34211, 0.65789
4.35121, 2.14766, 0.78579, 4.91558, 0.45850, 1.41025, 81.00000, 405014.00000, 10603.00000, 108480.04938, 10132786589.67657, 100661.74343, 1.08598, 0.60022, 0.29439, 0.10538, 0.13580, 0.86420
4.58794, 1.75244, 0.00000, 4.91123, 0.36486, 1.57080, 64.00000, 394583.00000, 12769.00000, 130158.78125, 13060518047.76465, 114282.62356, 1.14286, 0.72361, 0.27639, -0.00000, 0.23438, 0.76562
