-2.75567, 4.02561, 0.70086, 4.92853, 2.17107, 1.42811, 7.00000, 476746.00000, 192956.00000, 286221.85714, 7941512629.55102, 89115.16498, 0.90081, -1.37444, 1.98030, 0.39414, 0.00000, 1.00000
-3.48430, 3.15040, 1.49161, 4.92852, 2.40648, 1.26333, 7.00000, 488399.00000, 62863.00000, 245231.57143, 23407946497.67347, 152996.55714, 0.91102, -2.88604, 2.59457, 1.29147, 0.00000, 1.00000
-2.21782, 3.93313, 1.97536, 4.92852, 2.08423, 1.15840, 14.00000, 489556.00000, 49779.00000, 231590.07143, 19877125092.35204, 140986.25852, 0.91102, -0.60432, 1.05443, 0.54989, 0.00000, 1.00000
-2.85909, 3.75484, 1.40973, 4.92550, 2.22158, 1.28053, 11.00000, 394610.00000, 47268.00000, 255963.36364, 10723333742.95868, 103553.53081, 0.94766, -1.25387, 1.66465, 0.58922, 0.00000, 1.00000
-3.93313, 1.97536, 2.21782, 4.92852, 2.67616, 1.10403, 9.00000, 453877.00000, 52151.00000, 205589.88889, 11653054811.20988, 107949.31594, 0.91102, -10.56672, 5.51065, 6.05607, 0.00000, 1.00000
-4.02561, 0.70086, 2.75567, 4.92853, 2.96922, 0.97747, 5.00000, 309341.00000, 162912.00000, 277081.40000, 3267143963.44000, 57158.93599, 0.90081, 9.35336, -1.86160, -6.49176, 0.00000, 1.00000
-3.15040, 1.49161, 3.48430, 4.92852, 2.69940, 0.78559, 18.00000, 457447.00000, 72459.00000, 215685.77778, 18099262377.17284, 134533.49909, 0.91102, -1.63909, 0.81587, 1.82322, 0.05556, 0.94444
-3.75484, 1.40973, 2.85909, 4.92550, 2.78243, 0.95149, 6.00000, 462818.00000, 57940.00000, 297387.33333, 22537195102.22222, 150123.93248, 0.94766, -9.32863, 3.30198, 7.02665, 0.00000, 1.00000
-1.49161, 3.48430, 3.15040, 4.92852, 1.97528, 0.87732, 21.00000, 485691.00000, 55404.00000, 205324.90476, 10761151859.51474, 103735.97187, 0.91102, -0.30829, 0.68893, 0.61936, 0.04762, 0.95238
-1.97536, 2.21782, 3.93313, 4.92852, 2.29844, 0.64677, 41.00000, 434588.00000, 23604.00000, 157001.46341, 13048263040.78525, 114228.99387, 0.91102, -0.49591, 0.54500, 0.95092, 0.00000, 1.00000
-0.70086, 2.75567, 4.02561, 4.92853, 1.81985, 0.61496, 55.00000, 477794.00000, 19703.00000, 143787.90909, 13102139012.66446, 114464.57536, 0.90081, -0.13313, 0.46424, 0.66888, 0.00000, 1.00000
-1.40973, 2.85909, 3.75484, 4.92550, 2.02888, 0.70390, 38.00000, 414480.00000, 31698.00000, 143336.94737, 12571841286.68144, 112124.22257, 0.94766, -0.25296, 0.53830, 0.71466, 0.00000, 1.00000
-3.47499, 2.68919, 2.20355, 4.91558, 2.48299, 1.10596, 5.00000, 387296.00000, 145498.00000, 261326.80000, 8291845558.96000, 91059.57148, 1.08598, -2.37638, 1.85065, 1.52573, 0.00000, 1.00000
-2.68919, 2.20355, 3.47499, 4.91558, 2.45513, 0.78564, 21.00000, 481515.00000, 30483.00000, 153006.33333, 13894791131.65079, 117876.16863, 1.08598, -0.90211, 0.74373, 1.15838, 0.00000, 1.00000
-2.20355, 3.47499, 2.68919, 4.91558, 2.13592, 0.99193, 26.00000, 421682.00000, 65071.00000, 200505.34615, 9329727788.68787, 96590.51604, 1.08598, -0.56481, 0.87972, 0.68510, 0.00000, 1.00000
-2.83550, 2.83550, 2.83550, 4.91123, 2.35619, 0.95532, 8.00000, 363490.00000, 55543.00000, 233356.75000, 9246739397.93750, 96159.96775, 1.14286, -1.00000, 1.00000, 1.00000, 0.00000, 1.00000
-2.05481, 4.45876, 0.43315, 4.92853, 2.00263, 1.48280, 5.00000, 470466.00000, 143962.00000, 311055.60000, 16875170085.84000, 129904.46523, 0.90081, -0.65917, 1.49537, 0.16379, 0.20000, 0.80000
-1.50894, 4.37124, 1.70460, 4.92852, 1.90319, 1.21764, 16.00000, 408499.00000, 41018.00000, 189244.68750, 10446783801.21484, 102209.50935, 0.91102, -0.30980, 0.93889, 0.37091, 0.00000, 1.00000
-0.72621, 4.85499, 0.43811, 4.92852, 1.71928, 1.48179, 6.00000, 176554.00000, 81226.00000, 115753.83333, 1203949674.13889, 34697.97795, 0.91102, -0.14496, 1.04077, 0.10419, 0.00000, 1.00000
-1.44936, 4.62611, 0.87126, 4.92550, 1.87441, 1.39297, 4.00000, 373804.00000, 169337.00000, 272171.25000, 5425925259.68750, 73660.88012, 0.94766, -0.38457, 1.17386, 0.21070, 0.00000, 1.00000
-0.78273, 3.92241, 2.87963, 4.92852, 1.76776, 0.94680, 28.00000, 378757.00000, 26776.00000, 116682.25000, 9244187481.40178, 96146.69771, 0.91102, -0.12779, 0.65841, 0.46938, 0.00000, 1.00000
0.00000, 3.18882, 3.75791, 4.92853, 1.57080, 0.70366, 46.00000, 463597.00000, 24353.00000, 147358.71739, 13615936959.50709, 116687.34704, 0.90081, -0.00000, 0.46930, 0.53070, 0.00000, 1.00000
0.78273, 3.92241, 2.87963, 4.92852, 1.37383, 0.94680, 37.00000, 493379.00000, 40293.00000, 189189.75676, 10662942498.40029, 103261.52477, 0.91102, 0.10178, 0.52439, 0.37383, 0.02703, 0.97297
0.00000, 3.73035, 3.21637, 4.92550, 1.57080, 0.85925, 38.00000, 409141.00000, 22909.00000, 127393.86842, 8114973024.11427, 90083.14506, 0.94766, -0.00000, 0.52918, 0.47082, 0.00000, 1.00000
0.72621, 4.85499, 0.43811, 4.92852, 1.42232, 1.48179, 13.00000, 491435.00000, 83786.00000, 236794.30769, 17318280969.44378, 131598.93985, 0.91102, 0.11238, 0.80685, 0.08077, 0.00000, 1.00000
1.50894, 4.37124, 1.70460, 4.92852, 1.23841, 1.21764, 25.00000, 487395.00000, 37356.00000, 223527.68000, 16988429853.09760, 130339.67106, 0.91102, 0.19128, 0.57970, 0.22901, 0.00000, 1.00000
2.05481, 4.45876, 0.43315, 4.92853, 1.13896, 1.48280, 10.00000, 393221.00000, 91185.00000, 255862.40000, 10911867057.24000, 104459.88253, 0.90081, 0.28433, 0.64502, 0.07065, 0.20000, 0.80000
1.44936, 4.62611, 0.87126, 4.92550, 1.26718, 1.39297, 12.00000, 359507.00000, 73297.00000, 195301.91667, 7312399791.07639, 85512.57095, 0.94766, 0.21738, 0.66353, 0.11910, 0.08333, 0.91667
-0.78579, 4.35121, 2.14766, 4.91558, 1.74946, 1.11864, 14.00000, 343538.00000, 40487.00000, 127346.07143, 6243578574.78061, 79016.31841, 1.08598, -0.13352, 0.76051, 0.37301, 0.00000, 1.00000
0.78579, 4.35121, 2.14766, 4.91558, 1.39213, 1.11864, 22.00000, 476044.00000, 19574.00000, 158043.54545, 16405853017.42975, 128085.33490, 1.08598, 0.10538, 0.60022, 0.29439, 0.00000, 1.00000
0.00000, 4.83686, 0.87622, 4.91558, 1.57080, 1.39159, 11.00000, 326800.00000, 84957.00000, 172806.72727, 6843868636.01653, 82727.67757, 1.08598, -0.00000, 0.84303, 0.15697, 0.00000, 1.00000
0.00000, 4.58794, 1.75244, 4.91123, 1.57080, 1.20593, 12.00000, 436183.00000, 56506.00000, 223308.08333, 12017709767.74306, 109625.31536, 1.14286, 0.00000, 0.72361, 0.27639, 0.00000, 1.00000
-2.05481, 4.45876, -0.43315, 4.92853, 2.00263, 1.65880, 2.00000, 463401.00000, 108163.00000, 285782.00000, 31548509161.00000, 177619.00000, 0.90081, -0.98030, 2.22389, -0.24359, 0.00000, 1.00000
-0.72621, 4.85499, -0.43811, 4.92852, 1.71928, 1.65981, 4.00000, 488675.00000, 109725.00000, 336989.25000, 19503685934.18750, 139655.59758, 0.91102, -0.18312, 1.31474, -0.13162, 0.00000, 1.00000
-1.50894, 4.37124, -1.70460, 4.92852, 1.90319, 1.92396, 1.00000, 255744.00000, 255744.00000, 255744.00000, 0.00000, 0.00000, 0.91102, -1.19997, 3.63662, -1.43665, 0.00000, 1.00000
-1.44936, 4.62611, -0.87126, 4.92550, 1.87441, 1.74862, 1.00000, 190991.00000, 190991.00000, 190991.00000, 0.00000, 0.00000, 0.94766, -0.66465, 2.02881, -0.36416, 0.00000, 1.00000
0.72621, 4.85499, -0.43811, 4.92852, 1.42232, 1.65981, 7.00000, 331288.00000, 146721.00000, 249117.14286, 2721814947.26531, 52171.01635, 0.91102, 0.13403, 0.96230, -0.09634, 0.00000, 1.00000
2.05481, 4.45876, -0.43315, 4.92853, 1.13896, 1.65880, 8.00000, 449788.00000, 66890.00000, 192930.37500, 11635133766.98438, 107866.27725, 0.90081, 0.33112, 0.75116, -0.08228, 0.12500, 0.87500
1.50894, 4.37124, -1.70460, 4.92852, 1.23841, 1.92396, 4.00000, 443553.00000, 193589.00000, 310476.25000, 13404194115.68750, 115776.48343, 0.91102, 0.35294, 1.06961, -0.42255, 0.50000, 0.50000
1.44936, 4.62611, -0.87126, 4.92550, 1.26718, 1.74862, 6.00000, 383929.00000, 118263.00000, 214198.33333, 9412370150.55556, 97017.37035, 0.94766, 0.28534, 0.87099, -0.15634, 0.00000, 1.00000
-0.78273, 3.92241, -2.87963, 4.92852, 1.76776, 2.19479, 2.00000, 470716.00000, 277709.00000, 374212.50000, 9312925512.25000, 96503.50000, 0.91102, -2.08678, 10.75154, -7.66476, 0.00000, 1.00000
0.78273, 3.92241, -2.87963, 4.92852, 1.37383, 2.19479, 2.00000, 487649.00000, 479396.00000, 483522.50000, 17028002.25000, 4126.50000, 0.91102, 0.40335, 2.07817, -1.48153, 0.50000, 0.50000
0.00000, 3.18882, -3.75791, 4.92853, 1.57080, 2.43793, 0.00000, 0.00000, 0.00000, 0.00000, 0.00000, 0.00000, 0.90081, -0.00000, -7.64229, 8.64229, 0.00000, 0.00000
0.00000, 3.73035, -3.21637, 4.92550, 1.57080, 2.28234, 5.00000, 322566.00000, 220861.00000, 260947.00000, 1182098135.60000, 34381.65406, 0.94766, 0.00000, 9.06739, -8.06739, 0.20000, 0.80000
0.00000, 4.83686, -0.87622, 4.91558, 1.57080, 1.75001, 2.00000, 453391.00000, 131270.00000, 292330.50000, 25940484660.25000, 161060.50000, 1.08598, 0.00000, 1.22879, -0.22879, 0.00000, 1.00000
0.78579, 4.35121, -2.14766, 4.91558, 1.39213, 2.02296, 1.00000, 272576.00000, 272576.00000, 272576.00000, 0.00000, 0.00000, 1.08598, 0.25627, 1.45965, -0.71592, 0.00000, 1.00000
-0.78579, 4.35121, -2.14766, 4.91558, 1.74946, 2.02296, 0.00000, 0.00000, 0.00000, 0.00000, 0.00000, 0.00000, 1.08598, -0.52573, 2.99442, -1.46868, 0.00000, 0.00000
0.00000, 4.58794, -1.75244, 4.91123, 1.57080, 1.93566, 2.00000, 310374.00000, 229555.00000, 269964.50000, 1632927690.25000, 40409.50000, 1.14286, 0.00000, 1.61803, -0.61803, 0.00000, 1.00000
-2.75567, 4.02561, -0.70086, 4.92853, 2.17107, 1.71348, 4.00000, 454157.00000, 98254.00000, 265454.50000, 17214525382.25000, 131204.13630, 0.90081, -6.49176, 9.35336, -1.86160, 0.00000, 1.00000
-2.21782, 3.93313, -1.97536, 4.92852, 2.08423, 1.98319, 5.00000, 410626.00000, 197191.00000, 301017.80000, 6008087814.96000, 77511.85596, 0.91102, 6.05607, -10.56672, 5.51065, 0.20000, 0.80000
-3.48430, 3.15040, -1.49161, 4.92852, 2.40648, 1.87827, 0.00000, 0.00000, 0.00000, 0.00000, 0.00000, 0.00000, 0.91102, 1.82322, -1.63909, 0.81587, 0.00000, 0.00000
-2.85909, 3.75484, -1.40973, 4.92550, 2.22158, 1.86107, 1.00000, 415991.00000, 415991.00000, 415991.00000, 0.00000, 0.00000, 0.94766, 7.02665, -9.32863, 3.30198, 1.00000, 0.00000
-1.49161, 3.48430, -3.15040, 4.92852, 1.97528, 2.26428, 0.00000, 0.00000, 0.00000, 0.00000, 0.00000, 0.00000, 0.91102, 1.29147, -2.88604, 2.59457, 0.00000, 0.00000
-0.70086, 2.75567, -4.02561, 4.92853, 1.81985, 2.52663, 4.00000, 385371.00000, 240155.00000, 335371.75000, 3493948361.68750, 59109.63002, 0.90081, 0.39414, -1.37444, 1.98030, 1.00000, 0.00000
-1.97536, 2.21782, -3.93313, 4.92852, 2.29844, 2.49482, 2.00000, 203145.00000, 172153.00000, 187649.00000, 240126016.00000, 15496.00000, 0.91102, 0.54989, -0.60432, 1.05443, 1.00000, 0.00000
-1.40973, 2.85909, -3.75484, 4.92550, 2.02888, 2.43770, 1.00000, 144360.00000, 144360.00000, 144360.00000, 0.00000, 0.00000, 0.94766, 0.58922, -1.25387, 1.66465, 1.00000, 0.00000
-3.93313, 1.97536, -2.21782, 4.92852, 2.67616, 2.03756, 1.00000, 438895.00000, 438895.00000, 438895.00000, 0.00000, 0.00000, 0.91102, 0.95092, -0.49591, 0.54500, 0.00000, 1.00000
-3.15040, 1.49161, -3.48430, 4.92852, 2.69940, 2.35600, 4.00000, 468313.00000, 193973.00000, 369276.50000, 10862336354.25000, 104222.53285, 0.91102, 0.61936, -0.30829, 0.68893, 0.75000, 0.25000
-4.02561, 0.70086, -2.75567, 4.92853, 2.96922, 2.16413, 2.00000, 464467.00000, 442021.00000, 453244.00000, 125955729.00000, 11223.00000, 0.90081, 0.66888, -0.13313, 0.46424, 1.00000, 0.00000
-3.75484, 1.40973, -2.85909, 4.92550, 2.78243, 2.19010, 1.00000, 441264.00000, 441264.00000, 441264.00000, 0.00000, 0.00000, 0.94766, 0.71466, -0.25296, 0.53830, 0.00000, 1.00000
-2.20355, 3.47499, -2.68919, 4.91558, 2.13592, 2.14966, 1.00000, 310640.00000, 310640.00000, 310640.00000, 0.00000, 0.00000, 1.08598, 1.52573, -2.37638, 1.85065, 0.00000, 1.00000
-2.68919, 2.20355, -3.47499, 4.91558, 2.45513, 2.35595, 1.00000, 463958.00000, 463958.00000, 463958.00000, 0.00000, 0.00000, 1.08598, 0.68510, -0.56481, 0.87972, 1.00000, 0.00000
-3.47499, 2.68919, -2.20355, 4.91558, 2.48299, 2.03563, 0.00000, 0.00000, 0.00000, 0.00000, 0.00000, 0.00000, 1.08598, 1.15838, -0.90211, 0.74373, 0.00000, 0.00000
-2.83550, 2.83550, -2.83550, 4.91123, 2.35619, 2.18628, 2.00000, 496302.00000, 458049.00000, 477175.50000, 365823002.25000, 19126.50000, 1.14286, 1.00000, -1.00000, 1.00000, 1.00000, 0.00000
-3.18882, 3.75791, 0.00000, 4.92853, 2.27446, 1.57080, 4.00000, 374860.00000, 151457.00000, 262529.00000, 6239963092.50000, 78993.43702, 0.90081, -7.64229, 8.64229, 0.00000, 0.00000, 1.00000
-3.92241, 2.87963, -0.78273, 4.92852, 2.50831, 1.73029, 1.00000, 384118.00000, 384118.00000, 384118.00000, 0.00000, 0.00000, 0.91102, 2.07817, -1.48153, 0.40335, 0.00000, 1.00000
-3.92241, 2.87963, 0.78273, 4.92852, 2.50831, 1.41130, 5.00000, 489633.00000, 160990.00000, 308824.80000, 18347954015.76000, 135454.61977, 0.91102, 10.75154, -7.66476, -2.08678, 0.00000, 1.00000
-3.73035, 3.21637, 0.00000, 4.92550, 2.43005, 1.57080, 6.00000, 424368.00000, 156096.00000, 244547.16667, 8664504574.13889, 93083.32060, 0.94766, 9.06739, -8.06739, -0.00000, 0.00000, 1.00000
-4.37124, 1.70460, -1.50894, 4.92852, 2.76977, 1.88196, 2.00000, 348780.00000, 233036.00000, 290908.00000, 3349168384.00000, 57872.00000, 0.91102, 1.06961, -0.42255, 0.35294, 0.50000, 0.50000
-4.45876, 0.43315, -2.05481, 4.92853, 3.04475, 2.00085, 0.00000, 0.00000, 0.00000, 0.00000, 0.00000, 0.00000, 0.90081, 0.75116, -0.08228, 0.33112, 0.00000, 0.00000
-4.85499, 0.43811, -0.72621, 4.92852, 3.05160, 1.71868, 5.00000, 417357.00000, 330534.00000, 374552.60000, 829244704.24000, 28796.60925, 0.91102, 0.96230, -0.09634, 0.13403, 0.80000, 0.20000
-4.62611, 0.87126, -1.44936, 4.92550, 2.95544, 1.86947, 3.00000, 336703.00000, 250597.00000, 282431.66667, 1487409211.55556, 38566.94455, 0.94766, 0.87099, -0.15634, 0.28534, 0.66667, 0.33333
-4.37124, 1.70460, 1.50894, 4.92852, 2.76977, 1.25963, 9.00000, 420442.00000, 153677.00000, 292057.11111, 6058564760.98765, 77836.78283, 0.91102, 3.63662, -1.43665, -1.19997, 0.11111, 0.88889
-4.85499, 0.43811, 0.72621, 4.92852, 3.05160, 1.42291, 5.00000, 469609.00000, 82938.00000, 250934.00000, 20978606424.80000, 144839.93381, 0.91102, 1.31474, -0.13162, -0.18312, 0.20000, 0.80000
-4.45876, 0.43315, 2.05481, 4.92853, 3.04475, 1.14074, 3.00000, 429163.00000, 80537.00000, 208756.66667, 24505872068.22223, 156543.51494, 0.90081, 2.22389, -0.24359, -0.98030, 0.00000, 1.00000
-4.62611, 0.87126, 1.44936, 4.92550, 2.95544, 1.27212, 2.00000, 347267.00000, 288952.00000, 318109.50000, 850159806.25000, 29157.50000, 0.94766, 2.02881, -0.36416, -0.66465, 0.00000, 1.00000
-4.35121, 2.14766, -0.78579, 4.91558, 2.68310, 1.73134, 0.00000, 0.00000, 0.00000, 0.00000, 0.00000, 0.00000, 1.08598, 1.45965, -0.71592, 0.25627, 0.00000, 0.00000
-4.83686, 0.87622, 0.00000, 4.91558, 2.96238, 1.57080, 2.00000, 309727.00000, 222643.00000, 266185.00000, 1895905764.00000, 43542.00000, 1.08598, 1.22879, -0.22879, -0.00000, 0.50000, 0.50000
-4.35121, 2.14766, 0.78579, 4.91558, 2.68310, 1.41025, 4.00000, 464149.00000, 97211.00000, 263958.50000, 17467158355.25000, 132163.37751, 1.08598, 2.99442, -1.46868, -0.52573, 0.00000, 1.00000
-4.58794, 1.75244, 0.00000, 4.91123, 2.77673, 1.57080, 4.00000, 364420.00000, 165342.00000, 256945.25000, 5255529791.68750, 72495.03288, 1.14286, 1.61803, -0.61803, -0.00000, 0.00000, 1.00000
2.75567, 4.02561, 0.70086, 4.92853, 0.97053, 1.42811, 7.00000, 439789.00000, 69118.00000, 260778.71429, 14821142113.63265, 121742.11315, 0.90081, 0.36663, 0.52824, 0.10514, 0.00000, 1.00000
2.21782, 3.93313, 1.97536, 4.92852, 1.05736, 1.15840, 22.00000, 391163.00000, 50288.00000, 207319.45455, 9320581255.06612, 96543.15747, 0.91102, 0.27362, 0.47741, 0.24897, 0.00000, 1.00000
3.48430, 3.15040, 1.49161, 4.92852, 0.73511, 1.26333, 20.00000, 460672.00000, 67158.00000, 237493.40000, 14247525589.04000, 119362.99925, 0.91102, 0.42617, 0.38313, 0.19070, 0.05000, 0.95000
2.85909, 3.75484, 1.40973, 4.92550, 0.92001, 1.28053, 17.00000, 439252.00000, 63575.00000, 216874.11765, 9870928628.45675, 99352.54717, 0.94766, 0.35746, 0.47456, 0.16798, 0.00000, 1.00000
1.49161, 3.48430, 3.15040, 4.92852, 1.16631, 0.87732, 35.00000, 488870.00000, 22649.00000, 183286.82857, 18612567117.17062, 136427.88248, 0.91102, 0.19070, 0.42617, 0.38313, 0.02857, 0.97143
0.70086, 2.75567, 4.02561, 4.92853, 1.32174, 0.61496, 56.00000, 486994.00000, 12151.00000, 143215.91071, 15617738809.29560, 124970.95186, 0.90081, 0.10514, 0.36663, 0.52824, 0.00000, 1.00000
1.97536, 2.21782, 3.93313, 4.92852, 0.84316, 0.64677, 69.00000, 497495.00000, 15975.00000, 119063.95652, 12167146678.94014, 110304.78992, 0.91102, 0.24897, 0.27362, 0.47741, 0.01449, 0.98551
1.40973, 2.85909, 3.75484, 4.92550, 1.11271, 0.70390, 48.00000, 422874.00000, 18869.00000, 141451.31250, 11493329593.00651, 107206.94750, 0.94766, 0.16798, 0.35746, 0.47456, 0.04167, 0.95833
3.93313, 1.97536, 2.21782, 4.92852, 0.46544, 1.10403, 22.00000, 478840.00000, 54879.00000, 208588.59091, 11628768914.51446, 107836.76977, 0.91102, 0.47741, 0.24897, 0.27362, 0.13636, 0.86364
3.15040, 1.49161, 3.48430, 4.92852, 0.44220, 0.78559, 35.00000, 459834.00000, 30684.00000, 162100.37143, 14186394356.86204, 119106.65119, 0.91102, 0.38313, 0.19070, 0.42617, 0.02857, 0.97143
4.02561, 0.70086, 2.75567, 4.92853, 0.17237, 0.97747, 18.00000, 405500.00000, 55999.00000, 195447.22222, 11442730242.06173, 106970.69805, 0.90081, 0.52824, 0.10514, 0.36663, 0.16667, 0.83333
3.75484, 1.40973, 2.85909, 4.92550, 0.35916, 0.95149, 20.00000, 484910.00000, 36763.00000, 184917.85000, 18335376188.52750, 135408.18361, 0.94766, 0.47456, 0.16798, 0.35746, 0.05000, 0.95000
2.20355, 3.47499, 2.68919, 4.91558, 1.00567, 0.99193, 27.00000, 392809.00000, 52283.00000, 158929.40741, 6006655886.61180, 77502.61858, 1.08598, 0.26522, 0.41309, 0.32170, 0.00000, 1.00000
2.68919, 2.20355, 3.47499, 4.91558, 0.68646, 0.78564, 35.00000, 351125.00000, 24105.00000, 140406.17143, 6260237092.19918, 79121.66007, 1.08598, 0.32170, 0.26522, 0.41309, 0.00000, 1.00000
3.47499, 2.68919, 2.20355, 4.91558, 0.65860, 1.10596, 20.00000, 408742.00000, 60159.00000, 211042.00000, 9864122758.20000, 99318.29015, 1.08598, 0.41309, 0.32170, 0.26522, 0.00000, 1.00000
2.83550, 2.83550, 2.83550, 4.91123, 0.78540, 0.95532, 34.00000, 478603.00000, 26264.00000, 181909.41176, 12542850395.06574, 111994.86772, 1.14286, 0.33333, 0.33333, 0.33333, 0.00000, 1.00000
-0.43315, 2.05481, 4.45876, 4.92853, 1.77855, 0.44016, 62.00000, 494328.00000, 18146.00000, 116950.33871, 9641551863.96592, 98191.40423, 0.90081, -0.08228, 0.33112, 0.75116, 0.00000, 1.00000
-1.70460, 1.50894, 4.37124, 4.92852, 2.41700, 0.48015, 35.00000, 491886.00000, 32626.00000, 123123.57143, 9983366092.13061, 99916.79585, 0.91102, -0.42255, 0.35294, 1.06961, 0.00000, 1.00000
-0.43811, 0.72621, 4.85499, 4.92852, 2.11363, 0.17295, 60.00000, 476884.00000, 17814.00000, 135640.31667, 13339249974.68306, 115495.67080, 0.91102, -0.09634, 0.13403, 0.96230, 0.00000, 1.00000
-0.87126, 1.44936, 4.62611, 4.92550, 2.11205, 0.35046, 50.00000, 495206.00000, 18159.00000, 142908.84000, 13833752449.29440, 117616.97347, 0.94766, -0.15634, 0.28534, 0.87099, 0.00000, 1.00000
-2.87963, 0.78273, 3.92241, 4.92852, 2.87619, 0.65037, 27.00000, 412298.00000, 35106.00000, 181934.96296, 11627029979.29492, 107828.70666, 0.91102, -1.48153, 0.40335, 2.07817, 0.00000, 1.00000
-3.75791, 0.00000, 3.18882, 4.92853, 3.14159, 0.86714, 8.00000, 410887.00000, 81969.00000, 202714.37500, 15088186954.48438, 122833.98127, 0.90081, 8.64229, -0.00000, -7.64229, 0.00000, 1.00000
-2.87963, -0.78273, 3.92241, 4.92852, -2.87619, 0.65037, 21.00000, 412062.00000, 88693.00000, 217825.76190, 10002693459.03855, 100013.46639, 0.91102, -7.66476, -2.08678, 10.75154, 0.04762, 0.95238
-3.21637, 0.00000, 3.73035, 4.92550, 3.14159, 0.71154, 11.00000, 352805.00000, 68573.00000, 163161.90909, 7509909702.80992, 86659.73519, 0.94766, -8.06739, 0.00000, 9.06739, 0.00000, 1.00000
-0.43811, -0.72621, 4.85499, 4.92852, -2.11363, 0.17295, 49.00000, 368183.00000, 23497.00000, 135487.77551, 8543063170.82716, 92428.69236, 0.91102, -0.13162, -0.18312, 1.31474, 0.00000, 1.00000
-1.70460, -1.50894, 4.37124, 4.92852, -2.41700, 0.48015, 17.00000, 496063.00000, 26078.00000, 107329.47059, 11427832124.24913, 106901.03893, 0.91102, -1.43665, -1.19997, 3.63662, 0.00000, 1.00000
-0.43315, -2.05481, 4.45876, 4.92853, -1.77855, 0.44016, 14.00000, 446511.00000, 138585.00000, 318901.00000, 9102743351.28572, 95408.29813, 0.90081, -0.24359, -0.98030, 2.22389, 0.21429, 0.78571
-0.87126, -1.44936, 4.62611, 4.92550, -2.11205, 0.35046, 20.00000, 346217.00000, 46956.00000, 141140.55000, 7216203258.54750, 84948.23870, 0.94766, -0.36416, -0.66465, 2.02881, 0.00000, 1.00000
-2.14766, 0.78579, 4.35121, 4.91558, 2.79084, 0.48390, 26.00000, 449786.00000, 28290.00000, 152582.30769, 16337990379.21302, 127820.14857, 1.08598, -0.71592, 0.25627, 1.45965, 0.00000, 1.00000
-2.14766, -0.78579, 4.35121, 4.91558, -2.79084, 0.48390, 17.00000, 297734.00000, 62171.00000, 158842.23529, 5603342303.94464, 74855.47611, 1.08598, -1.46868, -0.52573, 2.99442, 0.05882, 0.94118
-0.87622, 0.00000, 4.83686, 4.91558, 3.14159, 0.17921, 34.00000, 425808.00000, 24447.00000, 135949.08824, 9678007100.96280, 98376.86263, 1.08598, -0.22879, 0.00000, 1.22879, 0.00000, 1.00000
-1.75244, 0.00000, 4.58794, 4.91123, 3.14159, 0.36486, 36.00000, 499580.00000, 21621.00000, 149032.38889, 14933105956.68210, 122201.08820, 1.14286, -0.61803, 0.00000, 1.61803, 0.02778, 0.97222
-4.45876, -0.43315, 2.05481, 4.92853, -3.04475, 1.14074, 2.00000, 279163.00000, 226139.00000, 252651.00000, 702886144.00000, 26512.00000, 0.90081, 1.49537, 0.16379, -0.65917, 0.50000, 0.50000
-4.85499, -0.43811, 0.72621, 4.92852, -3.05160, 1.42291, 3.00000, 436407.00000, 231522.00000, 324687.00000, 7168454550.00000, 84666.72635, 0.91102, 1.04077, 0.10419, -0.14496, 0.33333, 0.66667
-4.37124, -1.70460, 1.50894, 4.92852, -2.76977, 1.25963, 5.00000, 493548.00000, 170755.00000, 339682.40000, 17816858626.64000, 133479.80606, 0.91102, 0.93889, 0.37091, -0.30980, 0.20000, 0.80000
-4.62611, -0.87126, 1.44936, 4.92550, -2.95544, 1.27212, 3.00000, 303803.00000, 114754.00000, 207369.66667, 5963874689.55556, 77226.12699, 0.94766, 1.17386, 0.21070, -0.38457, 0.33333, 0.66667
-4.85499, -0.43811, -0.72621, 4.92852, -3.05160, 1.71868, 3.00000, 479657.00000, 294587.00000, 406409.33333, 6452486604.22222, 80327.37145, 0.91102, 0.80685, 0.08077, 0.11238, 1.00000, 0.00000
-4.45876, -0.43315, -2.05481, 4.92853, -3.04475, 2.00085, 0.00000, 0.00000, 0.00000, 0.00000, 0.00000, 0.00000, 0.90081, 0.64502, 0.07065, 0.28433, 0.00000, 0.00000
-4.37124, -1.70460, -1.50894, 4.92852, -2.76977, 1.88196, 4.00000, 420973.00000, 80167.00000, 249460.50000, 26088700355.25000, 161519.96891, 0.91102, 0.57970, 0.22901, 0.19128, 0.50000, 0.50000
-4.62611, -0.87126, -1.44936, 4.92550, -2.95544, 1.86947, 0.00000, 0.00000, 0.00000, 0.00000, 0.00000, 0.00000, 0.94766, 0.66353, 0.11910, 0.21738, 0.00000, 0.00000
-3.92241, -2.87963, 0.78273, 4.92852, -2.50831, 1.41130, 5.00000, 483721.00000, 103291.00000, 245964.00000, 22289937573.60000, 149298.14993, 0.91102, 0.65841, 0.46938, -0.12779, 0.60000, 0.40000
-3.92241, -2.87963, -0.78273, 4.92852, -2.50831, 1.73029, 6.00000, 400593.00000, 138912.00000, 230284.16667, 7800544749.80556, 88320.69265, 0.91102, 0.52439, 0.37383, 0.10178, 0.66667, 0.33333
-3.18882, -3.75791, 0.00000, 4.92853, -2.27446, 1.57080, 5.00000, 484422.00000, 83550.00000, 292715.20000, 17650553966.96000, 132855.38742, 0.90081, 0.46930, 0.53070, 0.00000, 0.80000, 0.20000
-3.73035, -3.21637, 0.00000, 4.92550, -2.43005, 1.57080, 2.00000, 369488.00000, 254330.00000, 311909.00000, 3315341241.00000, 57579.00000, 0.94766, 0.52918, 0.47082, -0.00000, 0.50000, 0.50000
-4.83686, -0.87622, 0.00000, 4.91558, -2.96238, 1.57080, 3.00000, 354439.00000, 230419.00000, 287781.66667, 2606688814.22222, 51055.74223, 1.08598, 0.84303, 0.15697, -0.00000, 0.00000, 1.00000
-4.35121, -2.14766, -0.78579, 4.91558, -2.68310, 1.73134, 0.00000, 0.00000, 0.00000, 0.00000, 0.00000, 0.00000, 1.08598, 0.60022, 0.29439, 0.10538, 0.00000, 0.00000
-4.35121, -2.14766, 0.78579, 4.91558, -2.68310, 1.41025, 2.00000, 442201.00000, 259224.00000, 350712.50000, 8370145632.25000, 91488.50000, 1.08598, 0.76051, 0.37301, -0.13352, 1.00000, 0.00000
-4.58794, -1.75244, 0.00000, 4.91123, -2.77673, 1.57080, 2.00000, 301339.00000, 286222.00000, 293780.50000, 57130922.25000, 7558.50000, 1.14286, 0.72361, 0.27639, -0.00000, 1.00000, 0.00000
-3.75791, 0.00000, -3.18882, 4.92853, 3.14159, 2.27446, 3.00000, 442962.00000, 146024.00000, 274697.66667, 15479073084.22222, 124414.92308, 0.90081, 0.53070, -0.00000, 0.46930, 1.00000, 0.00000
-2.87963, 0.78273, -3.92241, 4.92852, 2.87619, 2.49122, 1.00000, 413380.00000, 413380.00000, 413380.00000, 0.00000, 0.00000, 0.91102, 0.46938, -0.12779, 0.65841, 1.00000, 0.00000
-2.87963, -0.78273, -3.92241, 4.92852, -2.87619, 2.49122, 6.00000, 373844.00000, 83244.00000, 213828.50000, 9646475616.58333, 98216.47324, 0.91102, 0.37383, 0.10178, 0.52439, 1.00000, 0.00000
-3.21637, 0.00000, -3.73035, 4.92550, 3.14159, 2.43005, 4.00000, 430090.00000, 214706.00000, 318177.00000, 6946293317.50000, 83344.42583, 0.94766, 0.47082, 0.00000, 0.52918, 0.75000, 0.25000
-1.70460, 1.50894, -4.37124, 4.92852, 2.41700, 2.66145, 2.00000, 329613.00000, 65854.00000, 197733.50000, 17392202520.25000, 131879.50000, 0.91102, 0.37091, -0.30980, 0.93889, 1.00000, 0.00000
-0.43315, 2.05481, -4.45876, 4.92853, 1.77855, 2.70143, 1.00000, 470268.00000, 470268.00000, 470268.00000, 0.00000, 0.00000, 0.90081, 0.16379, -0.65917, 1.49537, 1.00000, 0.00000
-0.43811, 0.72621, -4.85499, 4.92852, 2.11363, 2.96865, 6.00000, 348893.00000, 157882.00000, 257708.16667, 5299100899.13889, 72794.92358, 0.91102, 0.10419, -0.14496, 1.04077, 1.00000, 0.00000
-0.87126, 1.44936, -4.62611, 4.92550, 2.11205, 2.79113, 4.00000, 463632.00000, 95336.00000, 303001.00000, 23719289299.00000, 154010.67917, 0.94766, 0.21070, -0.38457, 1.17386, 1.00000, 0.00000
-1.70460, -1.50894, -4.37124, 4.92852, -2.41700, 2.66145, 10.00000, 405577.00000, 51334.00000, 198638.90000, 11402510869.89000, 106782.54010, 0.91102, 0.22901, 0.19128, 0.57970, 1.00000, 0.00000
-0.43811, -0.72621, -4.85499, 4.92852, -2.11363, 2.96865, 8.00000, 475130.00000, 84418.00000, 294933.12500, 26334429237.85938, 162278.86257, 0.91102, 0.08077, 0.11238, 0.80685, 1.00000, 0.00000
-0.43315, -2.05481, -4.45876, 4.92853, -1.77855, 2.70143, 19.00000, 490441.00000, 55550.00000, 188326.52632, 14718704810.35457, 121320.66935, 0.90081, 0.07065, 0.28433, 0.64502, 1.00000, 0.00000
-0.87126, -1.44936, -4.62611, 4.92550, -2.11205, 2.79113, 7.00000, 489796.00000, 79273.00000, 194753.00000, 17787588507.42857, 133370.11850, 0.94766, 0.11910, 0.21738, 0.66353, 1.00000, 0.00000
-2.14766, 0.78579, -4.35121, 4.91558, 2.79084, 2.65769, 3.00000, 429884.00000, 317303.00000, 384307.66667, 2342000328.22222, 48394.21792, 1.08598, 0.37301, -0.13352, 0.76051, 1.00000, 0.00000
-0.87622, 0.00000, -4.83686, 4.91558, 3.14159, 2.96238, 6.00000, 371380.00000, 98459.00000, 228621.50000, 9029256992.91667, 95022.40258, 1.08598, 0.15697, 0.00000, 0.84303, 1.00000, 0.00000
-2.14766, -0.78579, -4.35121, 4.91558, -2.79084, 2.65769, 5.00000, 424462.00000, 165301.00000, 238854.60000, 9247463414.64000, 96163.73232, 1.08598, 0.29439, 0.10538, 0.60022, 1.00000, 0.00000
-1.75244, 0.00000, -4.58794, 4.91123, 3.14159, 2.77673, 4.00000, 454560.00000, 240680.00000, 316195.25000, 7633302987.68750, 87368.77582, 1.14286, 0.27639, 0.00000, 0.72361, 0.75000, 0.25000
0.70086, 2.75567, -4.02561, 4.92853, 1.32174, 2.52663, 3.00000, 468919.00000, 394531.00000, 442876.66667, 1170981762.88889, 34219.61079, 0.90081, -1.86160, -6.49176, 9.35336, 0.66667, 0.33333
1.49161, 3.48430, -3.15040, 4.92852, 1.16631, 2.26428, 0.00000, 0.00000, 0.00000, 0.00000, 0.00000, 0.00000, 0.91102, 0.81587, 1.82322, -1.63909, 0.00000, 0.00000
1.97536, 2.21782, -3.93313, 4.92852, 0.84316, 2.49482, 4.00000, 332249.00000, 112420.00000, 245491.75000, 6662203995.18750, 81622.32535, 0.91102, 5.51065, 6.05607, -10.56672, 1.00000, 0.00000
1.40973, 2.85909, -3.75484, 4.92550, 1.11271, 2.43770, 5.00000, 386237.00000, 133166.00000, 276355.40000, 7602928345.44000, 87194.77247, 0.94766, 3.30198, 7.02665, -9.32863, 0.60000, 0.40000
2.21782, 3.93313, -1.97536, 4.92852, 1.05736, 1.98319, 6.00000, 496183.00000, 180694.00000, 299470.00000, 9552452495.00000, 97736.64868, 0.91102, 0.54500, 0.95092, -0.49591, 0.66667, 0.33333
2.75567, 4.02561, -0.70086, 4.92853, 0.97053, 1.71348, 4.00000, 493401.00000, 185474.00000, 315828.75000, 17867265555.18750, 133668.49126, 0.90081, 0.46424, 0.66888, -0.13313, 0.00000, 1.00000
3.48430, 3.15040, -1.49161, 4.92852, 0.73511, 1.87827, 3.00000, 374795.00000, 166312.00000, 271334.33333, 7245412949.55555, 85119.99148, 0.91102, 0.68893, 0.61936, -0.30829, 0.33333, 0.66667
2.85909, 3.75484, -1.40973, 4.92550, 0.92001, 1.86107, 1.00000, 374850.00000, 374850.00000, 374850.00000, 0.00000, 0.00000, 0.94766, 0.53830, 0.71466, -0.25296, 1.00000, 0.00000
3.15040, 1.49161, -3.48430, 4.92852, 0.44220, 2.35600, 6.00000, 475936.00000, 259163.00000, 370961.00000, 8803635800.66667, 93827.69208, 0.91102, 2.59457, 1.29147, -2.88604, 1.00000, 0.00000
3.93313, 1.97536, -2.21782, 4.92852, 0.46544, 2.03756, 8.00000, 495662.00000, 69956.00000, 297372.00000, 15063344618.50000, 122732.81802, 0.91102, 1.05443, 0.54989, -0.60432, 0.62500, 0.37500
4.02561, 0.70086, -2.75567, 4.92853, 0.17237, 2.16413, 16.00000, 446131.00000, 62596.00000, 233456.12500, 13608711037.10938, 116656.38018, 0.90081, 1.98030, 0.39414, -1.37444, 0.93750, 0.06250
3.75484, 1.40973, -2.85909, 4.92550, 0.35916, 2.19010, 3.00000, 425368.00000, 207846.00000, 338354.33333, 8831863094.88889, 93977.99261, 0.94766, 1.66465, 0.58922, -1.25387, 1.00000, 0.00000
2.20355, 3.47499, -2.68919, 4.91558, 1.00567, 2.14966, 1.00000, 499286.00000, 499286.00000, 499286.00000, 0.00000, 0.00000, 1.08598, 0.74373, 1.15838, -0.90211, 1.00000, 0.00000
3.47499, 2.68919, -2.20355, 4.91558, 0.65860, 2.03563, 4.00000, 341468.00000, 138177.00000, 222731.75000, 5471674020.68750, 73970.76464, 1.08598, 0.87972, 0.68510, -0.56481, 0.75000, 0.25000
2.68919, 2.20355, -3.47499, 4.91558, 0.68646, 2.35595, 3.00000, 467212.00000, 201574.00000, 305405.00000, 13441199462.00000, 115936.18703, 1.08598, 1.85065, 1.52573, -2.37638, 0.66667, 0.33333
2.83550, 2.83550, -2.83550, 4.91123, 0.78540, 2.18628, 6.00000, 491965.00000, 134736.00000, 289468.66667, 13346660295.55556, 115527.74686, 1.14286, 1.00000, 1.00000, -1.00000, 0.33333, 0.66667
2.75567, -4.02561, 0.70086, 4.92853, -0.97053, 1.42811, 37.00000, 455613.00000, 31696.00000, 187506.02703, 12280669091.75603, 110818.18033, 0.90081, -6.49176, 9.35336, -1.86160, 0.94595, 0.05405
3.48430, -3.15040, 1.49161, 4.92852, -0.73511, 1.26333, 10.00000, 454915.00000, 84710.00000, 200375.50000, 11894387312.85000, 109061.39240, 0.91102, 1.82322, -1.63909, 0.81587, 0.70000, 0.30000
2.21782, -3.93313, 1.97536, 4.92852, -1.05736, 1.15840, 23.00000, 498485.00000, 58588.00000, 260494.60870, 18603572461.02079, 136394.91362, 0.91102, 6.05607, -10.56672, 5.51065, 0.73913, 0.26087
2.85909, -3.75484, 1.40973, 4.92550, -0.92001, 1.28053, 14.00000, 467674.00000, 45032.00000, 204207.00000, 15204712194.28572, 123307.38905, 0.94766, 7.02665, -9.32863, 3.30198, 0.92857, 0.07143
3.93313, -1.97536, 2.21782, 4.92852, -0.46544, 1.10403, 11.00000, 378093.00000, 66463.00000, 225655.72727, 10991319480.56198, 104839.49390, 0.91102, 0.95092, -0.49591, 0.54500, 0.54545, 0.45455
4.02561, -0.70086, 2.75567, 4.92853, -0.17237, 0.97747, 20.00000, 431955.00000, 34141.00000, 193467.55000, 8258389509.24750, 90875.68162, 0.90081, 0.66888, -0.13313, 0.46424, 0.25000, 0.75000
3.15040, -1.49161, 3.48430, 4.92852, -0.44220, 0.78559, 22.00000, 494096.00000, 80696.00000, 220990.22727, 12100682289.81198, 110003.10127, 0.91102, 0.61936, -0.30829, 0.68893, 0.18182, 0.81818
3.75484, -1.40973, 2.85909, 4.92550, -0.35916, 0.95149, 15.00000, 359635.00000, 37991.00000, 191032.60000, 8010993509.17333, 89504.15359, 0.94766, 0.71466, -0.25296, 0.53830, 0.40000, 0.60000
1.49161, -3.48430, 3.15040, 4.92852, -1.16631, 0.87732, 17.00000, 445652.00000, 31551.00000, 267605.11765, 12802972340.69204, 113150.22024, 0.91102, 1.29147, -2.88604, 2.59457, 0.64706, 0.35294
1.97536, -2.21782, 3.93313, 4.92852, -0.84316, 0.64677, 17.00000, 477298.00000, 86027.00000, 211912.00000, 10932087305.29412, 104556.62248, 0.91102, 0.54989, -0.60432, 1.05443, 0.11765, 0.88235
0.70086, -2.75567, 4.02561, 4.92853, -1.32174, 0.61496, 14.00000, 499820.00000, 47760.00000, 194001.50000, 16708071392.39286, 129259.70522, 0.90081, 0.39414, -1.37444, 1.98030, 0.14286, 0.85714
1.40973, -2.85909, 3.75484, 4.92550, -1.11271, 0.70390, 11.00000, 427233.00000, 100146.00000, 217849.90909, 14024618261.17355, 118425.58111, 0.94766, 0.58922, -1.25387, 1.66465, 0.36364, 0.63636
3.47499, -2.68919, 2.20355, 4.91558, -0.65860, 1.10596, 14.00000, 441952.00000, 63883.00000, 243930.57143, 17060555374.81633, 130616.06094, 1.08598, 1.15838, -0.90211, 0.74373, 0.42857, 0.57143
2.68919, -2.20355, 3.47499, 4.91558, -0.68646, 0.78564, 15.00000, 439523.00000, 61137.00000, 210742.46667, 16593733873.84889, 128816.66769, 1.08598, 0.68510, -0.56481, 0.87972, 0.26667, 0.73333
2.20355, -3.47499, 2.68919, 4.91558, -1.00567, 0.99193, 18.00000, 443922.00000, 72379.00000, 244022.27778, 13273551857.97839, 115210.90165, 1.08598, 1.52573, -2.37638, 1.85065, 0.55556, 0.44444
2.83550, -2.83550, 2.83550, 4.91123, -0.78540, 0.95532, 14.00000, 486832.00000, 58145.00000, 244223.14286, 20316758272.69388, 142536.86636, 1.14286, 1.00000, -1.00000, 1.00000, 0.42857, 0.57143
2.05481, -4.45876, 0.43315, 4.92853, -1.13896, 1.48280, 31.00000, 485828.00000, 22351.00000, 185656.45161, 18755509401.60250, 136950.75539, 0.90081, -0.98030, 2.22389, -0.24359, 0.96774, 0.03226
1.50894, -4.37124, 1.70460, 4.92852, -1.23841, 1.21764, 20.00000, 468721.00000, 54280.00000, 247949.60000, 16625939471.94000, 128941.61265, 0.91102, -1.19997, 3.63662, -1.43665, 0.80000, 0.20000
0.72621, -4.85499, 0.43811, 4.92852, -1.42232, 1.48179, 25.00000, 452991.00000, 36733.00000, 159893.84000, 15496625363.41440, 124485.44238, 0.91102, -0.18312, 1.31474, -0.13162, 1.00000, 0.00000
1.44936, -4.62611, 0.87126, 4.92550, -1.26718, 1.39297, 19.00000, 462473.00000, 40349.00000, 190786.47368, 11403125141.30194, 106785.41633, 0.94766, -0.66465, 2.02881, -0.36416, 0.89474, 0.10526
0.78273, -3.92241, 2.87963, 4.92852, -1.37383, 0.94680, 17.00000, 498815.00000, 56273.00000, 245952.64706, 17202609071.99308, 131158.71710, 0.91102, -2.08678, 10.75154, -7.66476, 0.58824, 0.41176
0.00000, -3.18882, 3.75791, 4.92853, -1.57080, 0.70366, 9.00000, 432825.00000, 148136.00000, 272571.66667, 7987007275.33333, 89370.05805, 0.90081, 0.00000, -7.64229, 8.64229, 0.22222, 0.77778
-0.78273, -3.92241, 2.87963, 4.92852, -1.76776, 0.94680, 10.00000, 468554.00000, 74827.00000, 214097.30000, 17629366365.41000, 132775.62414, 0.91102, 0.40335, 2.07817, -1.48153, 0.60000, 0.40000
0.00000, -3.73035, 3.21637, 4.92550, -1.57080, 0.85925, 7.00000, 482229.00000, 172949.00000, 291144.14286, 13430448563.55102, 115889.81216, 0.94766, -0.00000, 9.06739, -8.06739, 0.57143, 0.42857
-0.72621, -4.85499, 0.43811, 4.92852, -1.71928, 1.48179, 16.00000, 455080.00000, 34987.00000, 193144.93750, 12320173791.30859, 110996.27828, 0.91102, 0.13403, 0.96230, -0.09634, 1.00000, 0.00000
-1.50894, -4.37124, 1.70460, 4.92852, -1.90319, 1.21764, 9.00000, 486107.00000, 166313.00000, 291063.22222, 13667841596.83951, 116909.54451, 0.91102, 0.35294, 1.06961, -0.42255, 0.88889, 0.11111
-2.05481, -4.45876, 0.43315, 4.92853, -2.00263, 1.48280, 7.00000, 385998.00000, 144840.00000, 255219.00000, 7525706588.28571, 86750.83048, 0.90081, 0.33112, 0.75116, -0.08228, 1.00000, 0.00000
-1.44936, -4.62611, 0.87126, 4.92550, -1.87441, 1.39297, 13.00000, 457408.00000, 47005.00000, 170793.69231, 13286956958.21302, 115269.06332, 0.94766, 0.28534, 0.87099, -0.15634, 1.00000, 0.00000
0.78579, -4.35121, 2.14766, 4.91558, -1.39213, 1.11864, 16.00000, 482039.00000, 105181.00000, 234480.50000, 14523211363.87500, 120512.28719, 1.08598, -0.52573, 2.99442, -1.46868, 0.68750, 0.31250
-0.78579, -4.35121, 2.14766, 4.91558, -1.74946, 1.11864, 6.00000, 451807.00000, 128067.00000, 259848.66667, 14226721264.22222, 119275.82012, 1.08598, 0.25627, 1.45965, -0.71592, 0.66667, 0.33333
0.00000, -4.83686, 0.87622, 4.91558, -1.57080, 1.39159, 15.00000, 423633.00000, 70867.00000, 215711.26667, 9603992575.79556, 97999.96212, 1.08598, -0.00000, 1.22879, -0.22879, 0.86667, 0.13333
0.00000, -4.58794, 1.75244, 4.91123, -1.57080, 1.20593, 19.00000, 431466.00000, 60052.00000, 256366.94737, 13927334403.10249, 118014.12798, 1.14286, -0.00000, 1.61803, -0.61803, 0.89474, 0.10526
2.05481, -4.45876, -0.43315, 4.92853, -1.13896, 1.65880, 50.00000, 465047.00000, 32746.00000, 140064.10000, 12395193506.01000, 111333.70337, 0.90081, -0.65917, 1.49537, 0.16379, 0.98000, 0.02000
0.72621, -4.85499, -0.43811, 4.92852, -1.42232, 1.65981, 38.00000, 464234.00000, 29813.00000, 155271.84211, 12797609842.18559, 113126.52139, 0.91102, -0.14496, 1.04077, 0.10419, 1.00000, 0.00000
1.50894, -4.37124, -1.70460, 4.92852, -1.23841, 1.92396, 78.00000, 477077.00000, 14204.00000, 108563.80769, 10198599118.95020, 100988.11375, 0.91102, -0.30980, 0.93889, 0.37091, 1.00000, 0.00000
1.44936, -4.62611, -0.87126, 4.92550, -1.26718, 1.74862, 50.00000, 499114.00000, 24279.00000, 126839.36000, 11152911579.27040, 105607.34624, 0.94766, -0.38457, 1.17386, 0.21070, 1.00000, 0.00000
-0.72621, -4.85499, -0.43811, 4.92852, -1.71928, 1.65981, 30.00000, 482858.00000, 35963.00000, 196055.66667, 16687337269.22223, 129179.47697, 0.91102, 0.11238, 0.80685, 0.08077, 0.96667, 0.03333
-2.05481, -4.45876, -0.43315, 4.92853, -2.00263, 1.65880, 18.00000, 493454.00000, 65619.00000, 234012.27778, 15475516930.75617, 124400.63075, 0.90081, 0.28433, 0.64502, 0.07065, 0.94444, 0.05556
-1.50894, -4.37124, -1.70460, 4.92852, -1.90319, 1.92396, 30.00000, 417149.00000, 39787.00000, 222620.33333, 15922675275.35555, 126185.08341, 0.91102, 0.19128, 0.57970, 0.22901, 1.00000, 0.00000
-1.44936, -4.62611, -0.87126, 4.92550, -1.87441, 1.74862, 20.00000, 402198.00000, 55014.00000, 157374.60000, 7905689246.44000, 88913.94292, 0.94766, 0.21738, 0.66353, 0.11910, 1.00000, 0.00000
0.78273, -3.92241, -2.87963, 4.92852, -1.37383, 2.19479, 81.00000, 408708.00000, 14999.00000, 124934.18519, 9731583709.73114, 98648.78970, 0.91102, -0.12779, 0.65841, 0.46938, 1.00000, 0.00000
-0.78273, -3.92241, -2.87963, 4.92852, -1.76776, 2.19479, 47.00000, 492388.00000, 20172.00000, 152608.25532, 12064601595.38162, 109838.98031, 0.91102, 0.10178, 0.52439, 0.37383, 1.00000, 0.00000
0.00000, -3.18882, -3.75791, 4.92853, -1.57080, 2.43793, 50.00000, 475329.00000, 24149.00000, 159503.64000, 11321637195.47040, 106403.18226, 0.90081, 0.00000, 0.46930, 0.53070, 1.00000, 0.00000
0.00000, -3.73035, -3.21637, 4.92550, -1.57080, 2.28234, 53.00000, 496887.00000, 22812.00000, 181490.94340, 17801194371.11000, 133421.11666, 0.94766, -0.00000, 0.52918, 0.47082, 0.98113, 0.01887
0.00000, -4.83686, -0.87622, 4.91558, -1.57080, 1.75001, 46.00000, 474409.00000, 20129.00000, 169396.50000, 18473345627.64130, 135916.68635, 1.08598, -0.00000, 0.84303, 0.15697, 0.97826, 0.02174
-0.78579, -4.35121, -2.14766, 4.91558, -1.74946, 2.02296, 30.00000, 466448.00000, 15137.00000, 161831.70000, 12681441840.87667, 112611.90808, 1.08598, 0.10538, 0.60022, 0.29439, 1.00000, 0.00000
0.78579, -4.35121, -2.14766, 4.91558, -1.39213, 2.02296, 42.00000, 461305.00000, 16394.00000, 114008.23810, 9262501504.65760, 96241.89059, 1.08598, -0.13352, 0.76051, 0.37301, 0.97619, 0.02381
0.00000, -4.58794, -1.75244, 4.91123, -1.57080, 1.93566, 48.00000, 471437.00000, 16759.00000, 144156.66667, 14308453868.63889, 119617.94961, 1.14286, -0.00000, 0.72361, 0.27639, 0.97917, 0.02083
2.75567, -4.02561, -0.70086, 4.92853, -0.97053, 1.71348, 50.00000, 442666.00000, 17797.00000, 144073.44000, 13928048871.08640, 118017.15499, 0.90081, -1.37444, 1.98030, 0.39414, 1.00000, 0.00000
2.21782, -3.93313, -1.97536, 4.92852, -1.05736, 1.98319, 82.00000, 479352.00000, 17773.00000, 118188.64634, 12135486404.74078, 110161.18375, 0.91102, -0.60432, 1.05443, 0.54989, 1.00000, 0.00000
3.48430, -3.15040, -1.49161, 4.92852, -0.73511, 1.87827, 63.00000, 452314.00000, 16652.00000, 133250.55556, 10748864733.96120, 103676.73188, 0.91102, -2.88604, 2.59457, 1.29147, 1.00000, 0.00000
2.85909, -3.75484, -1.40973, 4.92550, -0.92001, 1.86107, 39.00000, 426737.00000, 22393.00000, 128675.69231, 8278170017.80276, 90984.44932, 0.94766, -1.25387, 1.66465, 0.58922, 1.00000, 0.00000
1.49161, -3.48430, -3.15040, 4.92852, -1.16631, 2.26428, 78.00000, 479325.00000, 16359.00000, 125941.06410, 10396189886.90615, 101961.70794, 0.91102, -0.30829, 0.68893, 0.61936, 0.98718, 0.01282
0.70086, -2.75567, -4.02561, 4.92853, -1.32174, 2.52663, 36.00000, 498993.00000, 27021.00000, 171669.63889, 14957336355.67515, 122300.18952, 0.90081, -0.13313, 0.46424, 0.66888, 1.00000, 0.00000
1.97536, -2.21782, -3.93313, 4.92852, -0.84316, 2.49482, 43.00000, 496025.00000, 28039.00000, 135638.27907, 9716450163.08491, 98572.05569, 0.91102, -0.49591, 0.54500, 0.95092, 1.00000, 0.00000
1.40973, -2.85909, -3.75484, 4.92550, -1.11271, 2.43770, 36.00000, 435093.00000, 20164.00000, 117548.61111, 8851735872.90432, 94083.66422, 0.94766, -0.25296, 0.53830, 0.71466, 1.00000, 0.00000
3.93313, -1.97536, -2.21782, 4.92852, -0.46544, 2.03756, 29.00000, 476566.00000, 37539.00000, 146368.24138, 10502108154.18312, 102479.79388, 0.91102, -10.56672, 5.51065, 6.05607, 0.96552, 0.03448
3.15040, -1.49161, -3.48430, 4.92852, -0.44220, 2.35600, 41.00000, 493632.00000, 29849.00000, 193885.87805, 14914979758.44854, 122126.90022, 0.91102, -1.63909, 0.81587, 1.82322, 1.00000, 0.00000
4.02561, -0.70086, -2.75567, 4.92853, -0.17237, 2.16413, 13.00000, 468966.00000, 28869.00000, 212452.23077, 20978285976.63905, 144838.82759, 0.90081, 9.35336, -1.86160, -6.49176, 1.00000, 0.00000
3.75484, -1.40973, -2.85909, 4.92550, -0.35916, 2.19010, 19.00000, 458707.00000, 51725.00000, 158840.94737, 10258238097.41828, 101282.96055, 0.94766, -9.32863, 3.30198, 7.02665, 1.00000, 0.00000
2.20355, -3.47499, -2.68919, 4.91558, -1.00567, 2.14966, 65.00000, 424818.00000, 20163.00000, 124433.63077, 11025731575.03290, 105003.48363, 1.08598, -0.56481, 0.87972, 0.68510, 1.00000, 0.00000
2.68919, -2.20355, -3.47499, 4.91558, -0.68646, 2.35595, 37.00000, 428576.00000, 14507.00000, 155062.56757, 15279504290.56976, 123610.29201, 1.08598, -0.90211, 0.74373, 1.15838, 1.00000, 0.00000
3.47499, -2.68919, -2.20355, 4.91558, -0.65860, 2.03563, 40.00000, 485481.00000, 11167.00000, 132716.65000, 14594487792.62750, 120807.64791, 1.08598, -2.37638, 1.85065, 1.52573, 1.00000, 0.00000
2.83550, -2.83550, -2.83550, 4.91123, -0.78540, 2.18628, 58.00000, 451556.00000, 12748.00000, 110558.58621, 11443177453.51843, 106972.78838, 1.14286, -1.00000, 1.00000, 1.00000, 1.00000, 0.00000
3.18882, -3.75791, 0.00000, 4.92853, -0.86714, 1.57080, 46.00000, 470225.00000, 14434.00000, 152931.04348, 13396245226.21550, 115742.14974, 0.90081, -7.64229, 8.64229, -0.00000, 0.93478, 0.06522
3.92241, -2.87963, -0.78273, 4.92852, -0.63328, 1.73029, 41.00000, 470963.00000, 22216.00000, 166001.43902, 13323008191.41701, 115425.33600, 0.91102, 10.75154, -7.66476, -2.08678, 0.95122, 0.04878
3.92241, -2.87963, 0.78273, 4.92852, -0.63328, 1.41130, 20.00000, 489553.00000, 60353.00000, 262865.75000, 23625878913.38750, 153707.12057, 0.91102, 2.07817, -1.48153, 0.40335, 0.80000, 0.20000
3.73035, -3.21637, 0.00000, 4.92550, -0.71154, 1.57080, 22.00000, 459616.00000, 27705.00000, 187668.63636, 13534667867.59504, 116338.59148, 0.94766, 9.06739, -8.06739, 0.00000, 0.90909, 0.09091
4.37124, -1.70460, -1.50894, 4.92852, -0.37182, 1.88196, 25.00000, 426805.00000, 36806.00000, 168573.60000, 16195810506.80000, 127262.76167, 0.91102, 3.63662, -1.43665, -1.19997, 0.96000, 0.04000
4.45876, -0.43315, -2.05481, 4.92853, -0.09684, 2.00085, 15.00000, 499645.00000, 65507.00000, 261518.93333, 25704141135.39556, 160325.11074, 0.90081, 2.22389, -0.24359, -0.98030, 0.93333, 0.06667
4.85499, -0.43811, -0.72621, 4.92852, -0.09000, 1.71868, 12.00000, 461052.00000, 133108.00000, 306452.16667, 14177282194.30556, 119068.39293, 0.91102, 1.31474, -0.13162, -0.18312, 0.83333, 0.16667
4.62611, -0.87126, -1.44936, 4.92550, -0.18616, 1.86947, 20.00000, 454872.00000, 54219.00000, 214536.95000, 16032954392.24750, 126621.30307, 0.94766, 2.02881, -0.36416, -0.66465, 0.95000, 0.05000
4.37124, -1.70460, 1.50894, 4.92852, -0.37182, 1.25963, 13.00000, 425440.00000, 85040.00000, 210985.76923, 13117922375.56213, 114533.49892, 0.91102, 1.06961, -0.42255, 0.35294, 0.38462, 0.61538
4.85499, -0.43811, 0.72621, 4.92852, -0.09000, 1.42291, 13.00000, 392459.00000, 211902.00000, 289225.30769, 3900207667.90533, 62451.64264, 0.91102, 0.96230, -0.09634, 0.13403, 0.69231, 0.30769
4.45876, -0.43315, 2.05481, 4.92853, -0.09684, 1.14074, 12.00000, 454083.00000, 100270.00000, 217099.41667, 15632707895.90972, 125030.82778, 0.90081, 0.75116, -0.08228, 0.33112, 0.33333, 0.66667
4.62611, -0.87126, 1.44936, 4.92550, -0.18616, 1.27212, 11.00000, 489356.00000, 108215.00000, 274111.45455, 21157502046.42975, 145456.18600, 0.94766, 0.87099, -0.15634, 0.28534, 0.63636, 0.36364
4.35121, -2.14766, -0.78579, 4.91558, -0.45850, 1.73134, 13.00000, 340466.00000, 96845.00000, 168008.84615, 5592732466.43787, 74784.57372, 1.08598, 2.99442, -1.46868, -0.52573, 1.00000, 0.00000
4.83686, -0.87622, 0.00000, 4.91558, -0.17921, 1.57080, 5.00000, 465579.00000, 84673.00000, 254150.80000, 19492017216.16000, 139613.81456, 1.08598, 1.22879, -0.22879, 0.00000, 0.80000, 0.20000
4.35121, -2.14766, 0.78579, 4.91558, -0.45850, 1.41025, 17.00000, 421574.00000, 48780.00000, 211629.52941, 10793192853.19031, 103890.29239, 1.08598, 1.45965, -0.71592, 0.25627, 0.58824, 0.41176
4.58794, -1.75244, 0.00000, 4.91123, -0.36486, 1.57080, 21.00000, 447757.00000, 40047.00000, 236760.66667, 12534572288.22222, 111957.90409, 1.14286, 1.61803, -0.61803, 0.00000, 1.00000, 0.00000
0.43315, -2.05481, 4.45876, 4.92853, -1.36304, 0.44016, 18.00000, 481285.00000, 42756.00000, 213105.44444, 16344932806.24691, 127847.30269, 0.90081, 0.16379, -0.65917, 1.49537, 0.05556, 0.94444
1.70460, -1.50894, 4.37124, 4.92852, -0.72459, 0.48015, 26.00000, 495051.00000, 29676.00000, 190939.96154, 18990594281.57544, 137806.36517, 0.91102, 0.37091, -0.30980, 0.93889, 0.03846, 0.96154
0.43811, -0.72621, 4.85499, 4.92852, -1.02797, 0.17295, 43.00000, 497095.00000, 20537.00000, 165090.04651, 16577614231.85830, 128754.08433, 0.91102, 0.10419, -0.14496, 1.04077, 0.02326, 0.97674
0.87126, -1.44936, 4.62611, 4.92550, -1.02954, 0.35046, 26.00000, 423002.00000, 29017.00000, 183454.19231, 14225223767.00148, 119269.54250, 0.94766, 0.21070, -0.38457, 1.17386, 0.07692, 0.92308
2.87963, -0.78273, 3.92241, 4.92852, -0.26540, 0.65037, 39.00000, 448665.00000, 26664.00000, 183997.69231, 14221085985.23866, 119252.19489, 0.91102, 0.46938, -0.12779, 0.65841, 0.10256, 0.89744
3.75791, 0.00000, 3.18882, 4.92853, 0.00000, 0.86714, 26.00000, 408158.00000, 54191.00000, 236561.61538, 11917363141.54438, 109166.67597, 0.90081, 0.53070, -0.00000, 0.46930, 0.23077, 0.76923
2.87963, 0.78273, 3.92241, 4.92852, 0.26540, 0.65037, 38.00000, 481334.00000, 33281.00000, 190544.13158, 15581813612.32479, 124827.13492, 0.91102, 0.37383, 0.10178, 0.52439, 0.05263, 0.94737
3.21637, 0.00000, 3.73035, 4.92550, 0.00000, 0.71154, 19.00000, 472426.00000, 31538.00000, 180505.15789, 16168524250.86981, 127155.51207, 0.94766, 0.47082, -0.00000, 0.52918, 0.05263, 0.94737
0.43811, 0.72621, 4.85499, 4.92852, 1.02797, 0.17295, 71.00000, 465383.00000, 9724.00000, 105566.26761, 9872725022.90022, 99361.58726, 0.91102, 0.08077, 0.11238, 0.80685, 0.00000, 1.00000
1.70460, 1.50894, 4.37124, 4.92852, 0.72459, 0.48015, 80.00000, 457303.00000, 13646.00000, 120650.27500, 10598311429.49937, 102948.10066, 0.91102, 0.22901, 0.19128, 0.57970, 0.02500, 0.97500
0.43315, 2.05481, 4.45876, 4.92853, 1.36304, 0.44016, 71.00000, 453525.00000, 9801.00000, 115341.81690, 13550829135.38901, 116408.02866, 0.90081, 0.07065, 0.28433, 0.64502, 0.00000, 1.00000
0.87126, 1.44936, 4.62611, 4.92550, 1.02954, 0.35046, 73.00000, 438238.00000, 9475.00000, 96904.01370, 7753240480.61625, 88052.48708, 0.94766, 0.11910, 0.21738, 0.66353, 0.01370, 0.98630
2.14766, -0.78579, 4.35121, 4.91558, -0.35075, 0.48390, 28.00000, 468761.00000, 37652.00000, 165139.78571, 12479204058.95408, 111710.35789, 1.08598, 0.37301, -0.13352, 0.76051, 0.07143, 0.92857
2.14766, 0.78579, 4.35121, 4.91558, 0.35075, 0.48390, 41.00000, 457157.00000, 24815.00000, 124780.73171, 8189939922.97680, 90498.28685, 1.08598, 0.29439, 0.10538, 0.60022, 0.00000, 1.00000
0.87622, 0.00000, 4.83686, 4.91558, 0.00000, 0.17921, 47.00000, 496610.00000, 30728.00000, 175175.02128, 19810664834.10593, 140750.36353, 1.08598, 0.15697, -0.00000, 0.84303, 0.04255, 0.95745
1.75244, 0.00000, 4.58794, 4.91123, 0.00000, 0.36486, 53.00000, 480461.00000, 16118.00000, 159263.62264, 16995861004.12175, 130368.17481, 1.14286, 0.27639, 0.00000, 0.72361, 0.00000, 1.00000
-2.75567, -4.02561, 0.70086, 4.92853, -2.17107, 1.42811, 6.00000, 385018.00000, 126386.00000, 256825.83333, 7673639480.47222, 87599.31210, 0.90081, 0.46424, 0.66888, -0.13313, 0.83333, 0.16667
-2.21782, -3.93313, 1.97536, 4.92852, -2.08423, 1.15840, 11.00000, 464840.00000, 155507.00000, 335248.09091, 8061578094.99174, 89786.29124, 0.91102, 0.54500, 0.95092, -0.49591, 0.54545, 0.45455
-3.48430, -3.15040, 1.49161, 4.92852, -2.40648, 1.26333, 3.00000, 478335.00000, 143530.00000, 284058.00000, 20126875504.66667, 141869.21972, 0.91102, 0.68893, 0.61936, -0.30829, 0.66667, 0.33333
-2.85909, -3.75484, 1.40973, 4.92550, -2.22158, 1.28053, 7.00000, 381145.00000, 158159.00000, 282436.57143, 5530214893.95918, 74365.41464, 0.94766, 0.53830, 0.71466, -0.25296, 0.57143, 0.42857
-1.49161, -3.48430, 3.15040, 4.92852, -1.97528, 0.87732, 7.00000, 490760.00000, 179003.00000, 318136.57143, 12471083353.95918, 111674.00483, 0.91102, 0.81587, 1.82322, -1.63909, 0.28571, 0.71429
-0.70086, -2.75567, 4.02561, 4.92853, -1.81985, 0.61496, 8.00000, 471039.00000, 78314.00000, 303362.37500, 16465164984.23438, 128316.65903, 0.90081, -1.86160, -6.49176, 9.35336, 0.00000, 1.00000
-1.97536, -2.21782, 3.93313, 4.92852, -2.29844, 0.64677, 18.00000, 376924.00000, 23526.00000, 179034.33333, 10036330351.11111, 100181.48707, 0.91102, 5.51065, 6.05607, -10.56672, 0.11111, 0.88889
-1.40973, -2.85909, 3.75484, 4.92550, -2.02888, 0.70390, 13.00000, 448100.00000, 45070.00000, 179337.23077, 12999407720.48521, 114014.94516, 0.94766, 3.30198, 7.02665, -9.32863, 0.07692, 0.92308
-3.93313, -1.97536, 2.21782, 4.92852, -2.67616, 1.10403, 3.00000, 415961.00000, 213874.00000, 294789.00000, 7616838952.66667, 87274.50345, 0.91102, 1.05443, 0.54989, -0.60432, 0.00000, 1.00000
-3.15040, -1.49161, 3.48430, 4.92852, -2.69940, 0.78559, 11.00000, 464241.00000, 46439.00000, 231671.36364, 15805948465.32232, 125721.71040, 0.91102, 2.59457, 1.29147, -2.88604, 0.09091, 0.90909
-4.02561, -0.70086, 2.75567, 4.92853, -2.96922, 0.97747, 8.00000, 401486.00000, 131302.00000, 248076.50000, 11349300234.50000, 106533.09455, 0.90081, 1.98030, 0.39414, -1.37444, 0.25000, 0.75000
-3.75484, -1.40973, 2.85909, 4.92550, -2.78243, 0.95149, 6.00000, 490447.00000, 101426.00000, 294330.83333, 14522229065.80556, 120508.21161, 0.94766, 1.66465, 0.58922, -1.25387, 0.16667, 0.83333
-2.20355, -3.47499, 2.68919, 4.91558, -2.13592, 0.99193, 9.00000, 328545.00000, 87105.00000, 227705.22222, 6978788464.83951, 83539.14331, 1.08598, 0.74373, 1.15838, -0.90211, 0.33333, 0.66667
-2.68919, -2.20355, 3.47499, 4.91558, -2.45513, 0.78564, 13.00000, 453024.00000, 111064.00000, 269045.00000, 13143349036.92308, 114644.44617, 1.08598, 1.85065, 1.52573, -2.37638, 0.38462, 0.61538
-3.47499, -2.68919, 2.20355, 4.91558, -2.48299, 1.10596, 8.00000, 380168.00000, 156719.00000, 272975.37500, 6156376201.73438, 78462.57835, 1.08598, 0.87972, 0.68510, -0.56481, 0.37500, 0.62500
-2.83550, -2.83550, 2.83550, 4.91123, -2.35619, 0.95532, 4.00000, 492607.00000, 180778.00000, 329800.25000, 21518839773.18750, 146693.01201, 1.14286, 1.00000, 1.00000, -1.00000, 1.00000, 0.00000
-0.70086, -2.75567, -4.02561, 4.92853, -1.81985, 2.52663, 20.00000, 382020.00000, 48821.00000, 151675.30000, 7360400563.91000, 85792.77687, 0.90081, 0.10514, 0.36663, 0.52824, 1.00000, 0.00000
-1.49161, -3.48430, -3.15040, 4.92852, -1.97528, 2.26428, 24.00000, 489708.00000, 31064.00000, 250612.41667, 20257353115.82639, 142328.32858, 0.91102, 0.19070, 0.42617, 0.38313, 0.95833, 0.04167
-1.97536, -2.21782, -3.93313, 4.92852, -2.29844, 2.49482, 14.00000, 445785.00000, 58707.00000, 198121.14286, 13175753499.97959, 114785.68508, 0.91102, 0.24897, 0.27362, 0.47741, 1.00000, 0.00000
-1.40973, -2.85909, -3.75484, 4.92550, -2.02888, 2.43770, 12.00000, 463975.00000, 48566.00000, 252324.75000, 18651596405.18750, 136570.84757, 0.94766, 0.16798, 0.35746, 0.47456, 1.00000, 0.00000
-2.21782, -3.93313, -1.97536, 4.92852, -2.08423, 1.98319, 24.00000, 425810.00000, 41477.00000, 176647.20833, 8975234703.58160, 94737.71532, 0.91102, 0.27362, 0.47741, 0.24897, 1.00000, 0.00000
-2.75567, -4.02561, -0.70086, 4.92853, -2.17107, 1.71348, 12.00000, 491446.00000, 48293.00000, 235254.83333, 28898747601.30555, 169996.31643, 0.90081, 0.36663, 0.52824, 0.10514, 0.91667, 0.08333
-3.48430, -3.15040, -1.49161, 4.92852, -2.40648, 1.87827, 8.00000, 476797.00000, 62879.00000, 224154.50000, 20152555787.25000, 141959.69776, 0.91102, 0.42617, 0.38313, 0.19070, 1.00000, 0.00000
-2.85909, -3.75484, -1.40973, 4.92550, -2.22158, 1.86107, 10.00000, 444096.00000, 88026.00000, 228918.80000, 13556372764.16000, 116431.83742, 0.94766, 0.35746, 0.47456, 0.16798, 1.00000, 0.00000
-3.15040, -1.49161, -3.48430, 4.92852, -2.69940, 2.35600, 9.00000, 436960.00000, 138453.00000, 267254.44444, 10620333574.24691, 103055.00266, 0.91102, 0.38313, 0.19070, 0.42617, 1.00000, 0.00000
-3.93313, -1.97536, -2.21782, 4.92852, -2.67616, 2.03756, 11.00000, 461839.00000, 178994.00000, 307881.54545, 10999899760.79339, 104880.40694, 0.91102, 0.47741, 0.24897, 0.27362, 0.81818, 0.18182
-4.02561, -0.70086, -2.75567, 4.92853, -2.96922, 2.16413, 6.00000, 427491.00000, 267274.00000, 343257.83333, 2731318196.47222, 52262.01485, 0.90081, 0.52824, 0.10514, 0.36663, 1.00000, 0.00000
-3.75484, -1.40973, -2.85909, 4.92550, -2.78243, 2.19010, 4.00000, 326393.00000, 129552.00000, 237831.75000, 4971628270.68750, 70509.77429, 0.94766, 0.47456, 0.16798, 0.35746, 0.75000, 0.25000
-2.20355, -3.47499, -2.68919, 4.91558, -2.13592, 2.14966, 9.00000, 445750.00000, 63060.00000, 221732.00000, 17006584948.88889, 130409.29779, 1.08598, 0.26522, 0.41309, 0.32170, 1.00000, 0.00000
-3.47499, -2.68919, -2.20355, 4.91558, -2.48299, 2.03563, 6.00000, 489328.00000, 93713.00000, 235856.66667, 14894225259.22222, 122041.89961, 1.08598, 0.41309, 0.32170, 0.26522, 1.00000, 0.00000
-2.68919, -2.20355, -3.47499, 4.91558, -2.45513, 2.35595, 8.00000, 381168.00000, 126729.00000, 241728.50000, 5199187086.50000, 72105.38875, 1.08598, 0.32170, 0.26522, 0.41309, 1.00000, 0.00000
-2.83550, -2.83550, -2.83550, 4.91123, -2.35619, 2.18628, 8.00000, 485847.00000, 105107.00000, 231938.37500, 14173324594.48438, 119051.77275, 1.14286, 0.33333, 0.33333, 0.33333, 1.00000, 0.00000
3.75791, 0.00000, -3.18882, 4.92853, 0.00000, 2.27446, 14.00000, 419596.00000, 60216.00000, 201730.28571, 9650820904.48980, 98238.59173, 0.90081, 8.64229, 0.00000, -7.64229, 0.92857, 0.07143
2.87963, -0.78273, -3.92241, 4.92852, -0.26540, 2.49122, 33.00000, 404938.00000, 37298.00000, 184184.60606, 11927343495.57208, 109212.37794, 0.91102, -1.48153, 0.40335, 2.07817, 1.00000, 0.00000
2.87963, 0.78273, -3.92241, 4.92852, 0.26540, 2.49122, 12.00000, 485038.00000, 104091.00000, 208876.58333, 10663760961.24306, 103265.48775, 0.91102, -7.66476, -2.08678, 10.75154, 0.91667, 0.08333
3.21637, 0.00000, -3.73035, 4.92550, 0.00000, 2.43005, 17.00000, 361006.00000, 48867.00000, 197238.23529, 8459935614.88581, 91977.90830, 0.94766, -8.06739, -0.00000, 9.06739, 1.00000, 0.00000
1.70460, -1.50894, -4.37124, 4.92852, -0.72459, 2.66145, 26.00000, 444754.00000, 30046.00000, 165141.38462, 10969626582.23669, 104735.98514, 0.91102, -0.42255, 0.35294, 1.06961, 1.00000, 0.00000
0.43315, -2.05481, -4.45876, 4.92853, -1.36304, 2.70143, 26.00000, 482811.00000, 35743.00000, 138138.65385, 10946852085.76479, 104627.20529, 0.90081, -0.08228, 0.33112, 0.75116, 1.00000, 0.00000
0.43811, -0.72621, -4.85499, 4.92852, -1.02797, 2.96865, 15.00000, 465375.00000, 40287.00000, 215481.60000, 13401416136.50667, 115764.48564, 0.91102, -0.09634, 0.13403, 0.96230, 1.00000, 0.00000
0.87126, -1.44936, -4.62611, 4.92550, -1.02954, 2.79113, 24.00000, 390883.00000, 27609.00000, 176366.58333, 12192452026.99306, 110419.43682, 0.94766, -0.15634, 0.28534, 0.87099, 1.00000, 0.00000
1.70460, 1.50894, -4.37124, 4.92852, 0.72459, 2.66145, 6.00000, 449331.00000, 158929.00000, 331521.66667, 12234747098.55556, 110610.79106, 0.91102, -1.43665, -1.19997, 3.63662, 1.00000, 0.00000
0.43811, 0.72621, -4.85499, 4.92852, 1.02797, 2.96865, 8.00000, 364463.00000, 99690.00000, 213904.12500, 7314816742.60938, 85526.70193, 0.91102, -0.13162, -0.18312, 1.31474, 1.00000, 0.00000
0.43315, 2.05481, -4.45876, 4.92853, 1.36304, 2.70143, 3.00000, 231132.00000, 94897.00000, 152497.00000, 3314564816.66667, 57572.25735, 0.90081, -0.24359, -0.98030, 2.22389, 1.00000, 0.00000
0.87126, 1.44936, -4.62611, 4.92550, 1.02954, 2.79113, 6.00000, 391615.00000, 182812.00000, 287537.33333, 5383350778.88889, 73371.32123, 0.94766, -0.36416, -0.66465, 2.02881, 0.83333, 0.16667
2.14766, -0.78579, -4.35121, 4.91558, -0.35075, 2.65769, 18.00000, 427532.00000, 21937.00000, 164386.83333, 11836831886.58333, 108797.20533, 1.08598, -0.71592, 0.25627, 1.45965, 1.00000, 0.00000
0.87622, 0.00000, -4.83686, 4.91558, 0.00000, 2.96238, 9.00000, 487052.00000, 42235.00000, 231039.66667, 28566821933.55556, 169017.22378, 1.08598, -0.22879, -0.00000, 1.22879, 1.00000, 0.00000
2.14766, 0.78579, -4.35121, 4.91558, 0.35075, 2.65769, 8.00000, 429196.00000, 113102.00000, 288749.25000, 11414149340.18750, 106837.02233, 1.08598, -1.46868, -0.52573, 2.99442, 1.00000, 0.00000
1.75244, 0.00000, -4.58794, 4.91123, 0.00000, 2.77673, 16.00000, 410367.00000, 51420.00000, 222867.68750, 15860307658.71484, 125937.71341, 1.14286, -0.61803, -0.00000, 1.61803, 0.93750, 0.06250
4.45876, 0.43315, 2.05481, 4.92853, 0.09684, 1.14074, 9.00000, 484758.00000, 77741.00000, 237766.33333, 25082007848.88889, 158373.00227, 0.90081, 0.64502, 0.07065, 0.28433, 0.22222, 0.77778
4.85499, 0.43811, 0.72621, 4.92852, 0.09000, 1.42291, 8.00000, 345513.00000, 114087.00000, 217880.25000, 8732051174.43750, 93445.44491, 0.91102, 0.80685, 0.08077, 0.11238, 0.50000, 0.50000
4.37124, 1.70460, 1.50894, 4.92852, 0.37182, 1.25963, 10.00000, 477082.00000, 90137.00000, 214333.50000, 9961402236.85000, 99806.82460, 0.91102, 0.57970, 0.22901, 0.19128, 0.30000, 0.70000
4.62611, 0.87126, 1.44936, 4.92550, 0.18616, 1.27212, 6.00000, 382910.00000, 45808.00000, 165753.83333, 14549518690.13889, 120621.38571, 0.94766, 0.66353, 0.11910, 0.21738, 0.16667, 0.83333
4.85499, 0.43811, -0.72621, 4.92852, 0.09000, 1.71868, 6.00000, 365084.00000, 127646.00000, 224531.66667, 8587349026.55555, 92667.95037, 0.91102, 1.04077, 0.10419, -0.14496, 0.83333, 0.16667
4.45876, 0.43315, -2.05481, 4.92853, 0.09684, 2.00085, 10.00000, 311673.00000, 52625.00000, 189011.10000, 5564045109.29000, 74592.52717, 0.90081, 1.49537, 0.16379, -0.65917, 1.00000, 0.00000
4.37124, 1.70460, -1.50894, 4.92852, 0.37182, 1.88196, 3.00000, 226881.00000, 133571.00000, 190946.00000, 1680962816.66667, 40999.54654, 0.91102, 0.93889, 0.37091, -0.30980, 0.66667, 0.33333
4.62611, 0.87126, -1.44936, 4.92550, 0.18616, 1.86947, 8.00000, 495695.00000, 197200.00000, 363628.50000, 9016923045.75000, 94957.48020, 0.94766, 1.17386, 0.21070, -0.38457, 0.62500, 0.37500
3.92241, 2.87963, 0.78273, 4.92852, 0.63328, 1.41130, 11.00000, 474332.00000, 94966.00000, 248684.63636, 14575290768.59504, 120728.16891, 0.91102, 0.52439, 0.37383, 0.10178, 0.09091, 0.90909
3.92241, 2.87963, -0.78273, 4.92852, 0.63328, 1.73029, 5.00000, 415214.00000, 136267.00000, 240865.20000, 11577707123.36000, 107599.75429, 0.91102, 0.65841, 0.46938, -0.12779, 0.60000, 0.40000
3.18882, 3.75791, 0.00000, 4.92853, 0.86714, 1.57080, 3.00000, 325746.00000, 119259.00000, 192063.33333, 8959232596.22222, 94653.22285, 0.90081, 0.46930, 0.53070, 0.00000, 0.00000, 1.00000
3.73035, 3.21637, 0.00000, 4.92550, 0.71154, 1.57080, 10.00000, 393588.00000, 83002.00000, 231612.10000, 6392263083.29000, 79951.62965, 0.94766, 0.52918, 0.47082, 0.00000, 0.10000, 0.90000
4.83686, 0.87622, 0.00000, 4.91558, 0.17921, 1.57080, 2.00000, 378104.00000, 247944.00000, 313024.00000, 4235406400.00000, 65080.00000, 1.08598, 0.84303, 0.15697, 0.00000, 1.00000, 0.00000
4.35121, 2.14766, -0.78579, 4.91558, 0.45850, 1.73134, 6.00000, 395909.00000, 121673.00000, 233131.50000, 8802996523.58333, 93824.28536, 1.08598, 0.76051, 0.37301, -0.13352, 0.50000, 0.50000
4.35121, 2.14766, 0.78579, 4.91558, 0.45850, 1.41025, 8.00000, 499405.00000, 68505.00000, 289428.37500, 17910201164.48438, 133828.99971, 1.08598, 0.60022, 0.29439, 0.10538, 0.50000, 0.50000
4.58794, 1.75244, 0.00000, 4.91123, 0.36486, 1.57080, 10.00000, 435897.00000, 135766.00000, 263525.80000, 11015609922.76000, 104955.27582, 1.14286, 0.72361, 0.27639, -0.00000, 0.20000, 0.80000
