-2.75567, 4.02561, 0.70086, 4.92853, 2.17107, 1.42811, 6.00000, 451961.00000, 88845.00000, 286118.66667, 15518234182.22222, 124572.20469, 0.90081, -1.37444, 1.98030, 0.39414, 0.00000, 1.00000
-3.48430, 3.15040, 1.49161, 4.92852, 2.40648, 1.26333, 4.00000, 381599.00000, 167177.00000, 246435.75000, 6598171495.68750, 81229.12960, 0.91102, -2.88604, 2.59457, 1.29147, 0.00000, 1.00000
-2.21782, 3.93313, 1.97536, 4.92852, 2.08423, 1.15840, 9.00000, 448262.00000, 113400.00000, 266110.00000, 14865354580.66667, 121923.56040, 0.91102, -0.60432, 1.05443, 0.54989, 0.11111, 0.88889
-2.85909, 3.75484, 1.40973, 4.92550, 2.22158, 1.28053, 4.00000, 393623.00000, 115392.00000, 303254.25000, 12219027950.18750, 110539.71210, 0.94766, -1.25387, 1.66465, 0.58922, 0.00000, 1.00000
-3.93313, 1.97536, 2.21782, 4.92852, 2.67616, 1.10403, 2.00000, 429665.00000, 196982.00000, 313323.50000, 13535344622.25000, 116341.50000, 0.91102, -10.56672, 5.51065, 6.05607, 0.50000, 0.50000
-4.02561, 0.70086, 2.75567, 4.92853, 2.96922, 0.97747, 1.00000, 255024.00000, 255024.00000, 255024.00000, 0.00000, 0.00000, 0.90081, 9.35336, -1.86160, -6.49176, 1.00000, 0.00000
-3.15040, 1.49161, 3.48430, 4.92852, 2.69940, 0.78559, 4.00000, 357639.00000, 261433.00000, 315891.50000, 1202730729.25000, 34680.40844, 0.91102, -1.63909, 0.81587, 1.82322, 0.25000, 0.75000
-3.75484, 1.40973, 2.85909, 4.92550, 2.78243, 0.95149, 0.00000, 0.00000, 0.00000, 0.00000, 0.00000, 0.00000, 0.94766, -9.32863, 3.30198, 7.02665, 0.00000, 0.00000
-1.49161, 3.48430, 3.15040, 4.92852, 1.97528, 0.87732, 9.00000, 492776.00000, 93749.00000, 271144.11111, 27115593829.87654, 164668.13241, 0.91102, -0.30829, 0.68893, 0.61936, 0.11111, 0.88889
-1.97536, 2.21782, 3.93313, 4.92852, 2.29844, 0.64677, 5.00000, 336199.00000, 128085.00000, 239884.40000, 6080894749.84000, 77980.09201, 0.91102, -0.49591, 0.54500, 0.95092, 0.20000, 0.80000
-0.70086, 2.75567, 4.02561, 4.92853, 1.81985, 0.61496, 18.00000, 492476.00000, 88403.00000, 285404.50000, 14243020277.36111, 119344.12544, 0.90081, -0.13313, 0.46424, 0.66888, 0.16667, 0.83333
-1.40973, 2.85909, 3.75484, 4.92550, 2.02888, 0.70390, 7.00000, 495263.00000, 162265.00000, 336905.00000, 10819038830.28572, 104014.60873, 0.94766, -0.25296, 0.53830, 0.71466, 0.14286, 0.85714
-3.47499, 2.68919, 2.20355, 4.91558, 2.48299, 1.10596, 3.00000, 463326.00000, 269144.00000, 390154.33333, 7428710534.88889, 86189.96772, 1.08598, -2.37638, 1.85065, 1.52573, 0.33333, 0.66667
-2.68919, 2.20355, 3.47499, 4.91558, 2.45513, 0.78564, 2.00000, 486125.00000, 99561.00000, 292843.00000, 37357931524.00000, 193282.00000, 1.08598, -0.90211, 0.74373, 1.15838, 0.50000, 0.50000
-2.20355, 3.47499, 2.68919, 4.91558, 2.13592, 0.99193, 4.00000, 359459.00000, 178643.00000, 299689.50000, 5030335218.75000, 70924.85614, 1.08598, -0.56481, 0.87972, 0.68510, 0.00000, 1.00000
-2.83550, 2.83550, 2.83550, 4.91123, 2.35619, 0.95532, 5.00000, 344994.00000, 68177.00000, 222073.00000, 8463996878.80000, 91999.98304, 1.14286, -1.00000, 1.00000, 1.00000, 0.00000, 1.00000
-2.05481, 4.45876, 0.43315, 4.92853, 2.00263, 1.48280, 7.00000, 390018.00000, 104948.00000, 282921.85714, 9003821524.40816, 94888.46887, 0.90081, -0.65917, 1.49537, 0.16379, 0.00000, 1.00000
-1.50894, 4.37124, 1.70460, 4.92852, 1.90319, 1.21764, 12.00000, 497231.00000, 116911.00000, 336213.83333, 11935665666.97222, 109250.47216, 0.91102, -0.30980, 0.93889, 0.37091, 0.08333, 0.91667
-0.72621, 4.85499, 0.43811, 4.92852, 1.71928, 1.48179, 14.00000, 454604.00000, 67818.00000, 240084.00000, 15958067093.42857, 126325.24329, 0.91102, -0.14496, 1.04077, 0.10419, 0.00000, 1.00000
-1.44936, 4.62611, 0.87126, 4.92550, 1.87441, 1.39297, 12.00000, 413031.00000, 80747.00000, 220606.08333, 9709356288.90972, 98536.06593, 0.94766, -0.38457, 1.17386, 0.21070, 0.25000, 0.75000
-0.78273, 3.92241, 2.87963, 4.92852, 1.76776, 0.94680, 15.00000, 481410.00000, 94327.00000, 284863.33333, 16348637992.35556, 127861.79254, 0.91102, -0.12779, 0.65841, 0.46938, 0.06667, 0.93333
0.00000, 3.18882, 3.75791, 4.92853, 1.57080, 0.70366, 10.00000, 470100.00000, 68365.00000, 273201.90000, 20712936107.89000, 143919.89476, 0.90081, -0.00000, 0.46930, 0.53070, 0.20000, 0.80000
0.78273, 3.92241, 2.87963, 4.92852, 1.37383, 0.94680, 23.00000, 456255.00000, 52621.00000, 206150.52174, 14566720451.98866, 120692.66942, 0.91102, 0.10178, 0.52439, 0.37383, 0.00000, 1.00000
0.00000, 3.73035, 3.21637, 4.92550, 1.57080, 0.85925, 11.00000, 491508.00000, 52388.00000, 233822.54545, 16331982924.79339, 127796.64677, 0.94766, -0.00000, 0.52918, 0.47082, 0.00000, 1.00000
0.72621, 4.85499, 0.43811, 4.92852, 1.42232, 1.48179, 33.00000, 493774.00000, 37319.00000, 187570.18182, 10129085631.11846, 100643.35860, 0.91102, 0.11238, 0.80685, 0.08077, 0.12121, 0.87879
1.50894, 4.37124, 1.70460, 4.92852, 1.23841, 1.21764, 42.00000, 484492.00000, 38255.00000, 207199.47619, 15294906946.43991, 123672.57961, 0.91102, 0.19128, 0.57970, 0.22901, 0.07143, 0.92857
2.05481, 4.45876, 0.43315, 4.92853, 1.13896, 1.48280, 34.00000, 471725.00000, 47692.00000, 167250.38235, 11396523567.47145, 106754.50139, 0.90081, 0.28433, 0.64502, 0.07065, 0.08824, 0.91176
1.44936, 4.62611, 0.87126, 4.92550, 1.26718, 1.39297, 31.00000, 417669.00000, 30135.00000, 209594.93548, 14716761763.22164, 121312.66118, 0.94766, 0.21738, 0.66353, 0.11910, 0.06452, 0.93548
-0.78579, 4.35121, 2.14766, 4.91558, 1.74946, 1.11864, 14.00000, 451589.00000, 59389.00000, 201936.92857, 15155953723.63775, 123109.51922, 1.08598, -0.13352, 0.76051, 0.37301, 0.00000, 1.00000
0.78579, 4.35121, 2.14766, 4.91558, 1.39213, 1.11864, 22.00000, 438114.00000, 48447.00000, 215645.09091, 15934682720.17355, 126232.65315, 1.08598, 0.10538, 0.60022, 0.29439, 0.09091, 0.90909
0.00000, 4.83686, 0.87622, 4.91558, 1.57080, 1.39159, 19.00000, 383671.00000, 82858.00000, 184009.73684, 5765036439.56233, 75927.83705, 1.08598, -0.00000, 0.84303, 0.15697, 0.00000, 1.00000
0.00000, 4.58794, 1.75244, 4.91123, 1.57080, 1.20593, 21.00000, 413236.00000, 48863.00000, 202315.14286, 13285559074.78911, 115262.99959, 1.14286, 0.00000, 0.72361, 0.27639, 0.04762, 0.95238
-2.05481, 4.45876, -0.43315, 4.92853, 2.00263, 1.65880, 4.00000, 332153.00000, 89883.00000, 192892.25000, 7670196576.68750, 87579.65846, 0.90081, -0.98030, 2.22389, -0.24359, 0.00000, 1.00000
-0.72621, 4.85499, -0.43811, 4.92852, 1.71928, 1.65981, 13.00000, 495447.00000, 45290.00000, 224751.76923, 12232609832.94674, 110601.12944, 0.91102, -0.18312, 1.31474, -0.13162, 0.00000, 1.00000
-1.50894, 4.37124, -1.70460, 4.92852, 1.90319, 1.92396, 10.00000, 471385.00000, 92807.00000, 291084.20000, 16788629809.56000, 129570.94508, 0.91102, -1.19997, 3.63662, -1.43665, 0.40000, 0.60000
-1.44936, 4.62611, -0.87126, 4.92550, 1.87441, 1.74862, 8.00000, 458112.00000, 108286.00000, 295514.37500, 13780829468.23438, 117391.77769, 0.94766, -0.66465, 2.02881, -0.36416, 0.25000, 0.75000
0.72621, 4.85499, -0.43811, 4.92852, 1.42232, 1.65981, 23.00000, 426529.00000, 49636.00000, 233530.17391, 14718034457.53497, 121317.90658, 0.91102, 0.13403, 0.96230, -0.09634, 0.13043, 0.86957
2.05481, 4.45876, -0.43315, 4.92853, 1.13896, 1.65880, 33.00000, 444035.00000, 33554.00000, 169442.15152, 13572158487.88614, 116499.60724, 0.90081, 0.33112, 0.75116, -0.08228, 0.12121, 0.87879
1.50894, 4.37124, -1.70460, 4.92852, 1.23841, 1.92396, 29.00000, 481253.00000, 81210.00000, 208346.51724, 15036549580.93936, 122623.60939, 0.91102, 0.35294, 1.06961, -0.42255, 0.13793, 0.86207
1.44936, 4.62611, -0.87126, 4.92550, 1.26718, 1.74862, 25.00000, 469438.00000, 78601.00000, 189298.12000, 13446273194.74560, 115958.06654, 0.94766, 0.28534, 0.87099, -0.15634, 0.08000, 0.92000
-0.78273, 3.92241, -2.87963, 4.92852, 1.76776, 2.19479, 6.00000, 392278.00000, 101544.00000, 231270.83333, 10072073680.80556, 100359.72141, 0.91102, -2.08678, 10.75154, -7.66476, 0.16667, 0.83333
0.78273, 3.92241, -2.87963, 4.92852, 1.37383, 2.19479, 8.00000, 495963.00000, 148953.00000, 289219.12500, 12967513246.35938, 113874.98956, 0.91102, 0.40335, 2.07817, -1.48153, 0.12500, 0.87500
0.00000, 3.18882, -3.75791, 4.92853, 1.57080, 2.43793, 8.00000, 396281.00000, 78733.00000, 222871.50000, 8807745056.00000, 93849.58740, 0.90081, -0.00000, -7.64229, 8.64229, 0.37500, 0.62500
0.00000, 3.73035, -3.21637, 4.92550, 1.57080, 2.28234, 4.00000, 442479.00000, 130714.00000, 319297.50000, 16255691650.25000, 127497.81037, 0.94766, 0.00000, 9.06739, -8.06739, 0.50000, 0.50000
0.00000, 4.83686, -0.87622, 4.91558, 1.57080, 1.75001, 13.00000, 489583.00000, 72301.00000, 255324.46154, 15483390863.17160, 124432.27420, 1.08598, 0.00000, 1.22879, -0.22879, 0.00000, 1.00000
0.78579, 4.35121, -2.14766, 4.91558, 1.39213, 2.02296, 7.00000, 353342.00000, 141770.00000, 241867.85714, 4524919773.55102, 67267.52391, 1.08598, 0.25627, 1.45965, -0.71592, 0.14286, 0.85714
-0.78579, 4.35121, -2.14766, 4.91558, 1.74946, 2.02296, 9.00000, 378179.00000, 104445.00000, 206519.44444, 7187742537.80247, 84780.55519, 1.08598, -0.52573, 2.99442, -1.46868, 0.22222, 0.77778
0.00000, 4.58794, -1.75244, 4.91123, 1.57080, 1.93566, 8.00000, 479490.00000, 73005.00000, 275580.50000, 17371284544.25000, 131800.16898, 1.14286, 0.00000, 1.61803, -0.61803, 0.12500, 0.87500
-2.75567, 4.02561, -0.70086, 4.92853, 2.17107, 1.71348, 1.00000, 417158.00000, 417158.00000, 417158.00000, 0.00000, 0.00000, 0.90081, -6.49176, 9.35336, -1.86160, 0.00000, 1.00000
-2.21782, 3.93313, -1.97536, 4.92852, 2.08423, 1.98319, 5.00000, 491244.00000, 135734.00000, 296381.60000, 14827868112.24000, 121769.73397, 0.91102, 6.05607, -10.56672, 5.51065, 0.00000, 1.00000
-3.48430, 3.15040, -1.49161, 4.92852, 2.40648, 1.87827, 0.00000, 0.00000, 0.00000, 0.00000, 0.00000, 0.00000, 0.91102, 1.82322, -1.63909, 0.81587, 0.00000, 0.00000
-2.85909, 3.75484, -1.40973, 4.92550, 2.22158, 1.86107, 2.00000, 211733.00000, 176482.00000, 194107.50000, 310658250.25000, 17625.50000, 0.94766, 7.02665, -9.32863, 3.30198, 0.00000, 1.00000
-1.49161, 3.48430, -3.15040, 4.92852, 1.97528, 2.26428, 3.00000, 381403.00000, 325162.00000, 359349.00000, 600779858.00000, 24510.81104, 0.91102, 1.29147, -2.88604, 2.59457, 0.00000, 1.00000
-0.70086, 2.75567, -4.02561, 4.92853, 1.81985, 2.52663, 5.00000, 418074.00000, 114746.00000, 289555.60000, 12606613523.44000, 112279.17671, 0.90081, 0.39414, -1.37444, 1.98030, 0.20000, 0.80000
-1.97536, 2.21782, -3.93313, 4.92852, 2.29844, 2.49482, 2.00000, 320762.00000, 123285.00000, 222023.50000, 9749291382.25000, 98738.50000, 0.91102, 0.54989, -0.60432, 1.05443, 0.00000, 1.00000
-1.40973, 2.85909, -3.75484, 4.92550, 2.02888, 2.43770, 4.00000, 340274.00000, 177103.00000, 235031.25000, 3948108480.68750, 62833.97553, 0.94766, 0.58922, -1.25387, 1.66465, 0.00000, 1.00000
-3.93313, 1.97536, -2.21782, 4.92852, 2.67616, 2.03756, 2.00000, 239752.00000, 141844.00000, 190798.00000, 2396494116.00000, 48954.00000, 0.91102, 0.95092, -0.49591, 0.54500, 0.50000, 0.50000
-3.15040, 1.49161, -3.48430, 4.92852, 2.69940, 2.35600, 2.00000, 486035.00000, 274385.00000, 380210.00000, 11198930625.00000, 105825.00000, 0.91102, 0.61936, -0.30829, 0.68893, 0.50000, 0.50000
-4.02561, 0.70086, -2.75567, 4.92853, 2.96922, 2.16413, 1.00000, 478969.00000, 478969.00000, 478969.00000, 0.00000, 0.00000, 0.90081, 0.66888, -0.13313, 0.46424, 0.00000, 1.00000
-3.75484, 1.40973, -2.85909, 4.92550, 2.78243, 2.19010, 0.00000, 0.00000, 0.00000, 0.00000, 0.00000, 0.00000, 0.94766, 0.71466, -0.25296, 0.53830, 0.00000, 0.00000
-2.20355, 3.47499, -2.68919, 4.91558, 2.13592, 2.14966, 1.00000, 217450.00000, 217450.00000, 217450.00000, 0.00000, 0.00000, 1.08598, 1.52573, -2.37638, 1.85065, 0.00000, 1.00000
-2.68919, 2.20355, -3.47499, 4.91558, 2.45513, 2.35595, 0.00000, 0.00000, 0.00000, 0.00000, 0.00000, 0.00000, 1.08598, 0.68510, -0.56481, 0.87972, 0.00000, 0.00000
-3.47499, 2.68919, -2.20355, 4.91558, 2.48299, 2.03563, 3.00000, 491268.00000, 122223.00000, 260108.00000, 27049148150.00000, 164466.25231, 1.08598, 1.15838, -0.90211, 0.74373, 0.00000, 1.00000
-2.83550, 2.83550, -2.83550, 4.91123, 2.35619, 2.18628, 1.00000, 410411.00000, 410411.00000, 410411.00000, 0.00000, 0.00000, 1.14286, 1.00000, -1.00000, 1.00000, 0.00000, 1.00000
-3.18882, 3.75791, 0.00000, 4.92853, 2.27446, 1.57080, 2.00000, 325689.00000, 217489.00000, 271589.00000, 2926810000.00000, 54100.00000, 0.90081, -7.64229, 8.64229, 0.00000, 0.00000, 1.00000
-3.92241, 2.87963, -0.78273, 4.92852, 2.50831, 1.73029, 1.00000, 371580.00000, 371580.00000, 371580.00000, 0.00000, 0.00000, 0.91102, 2.07817, -1.48153, 0.40335, 0.00000, 1.00000
-3.92241, 2.87963, 0.78273, 4.92852, 2.50831, 1.41130, 1.00000, 384247.00000, 384247.00000, 384247.00000, 0.00000, 0.00000, 0.91102, 10.75154, -7.66476, -2.08678, 0.00000, 1.00000
-3.73035, 3.21637, 0.00000, 4.92550, 2.43005, 1.57080, 0.00000, 0.00000, 0.00000, 0.00000, 0.00000, 0.00000, 0.94766, 9.06739, -8.06739, -0.00000, 0.00000, 0.00000
-4.37124, 1.70460, -1.50894, 4.92852, 2.76977, 1.88196, 1.00000, 356972.00000, 356972.00000, 356972.00000, 0.00000, 0.00000, 0.91102, 1.06961, -0.42255, 0.35294, 0.00000, 1.00000
-4.45876, 0.43315, -2.05481, 4.92853, 3.04475, 2.00085, 1.00000, 495682.00000, 495682.00000, 495682.00000, 0.00000, 0.00000, 0.90081, 0.75116, -0.08228, 0.33112, 1.00000, 0.00000
-4.85499, 0.43811, -0.72621, 4.92852, 3.05160, 1.71868, 0.00000, 0.00000, 0.00000, 0.00000, 0.00000, 0.00000, 0.91102, 0.96230, -0.09634, 0.13403, 0.00000, 0.00000
-4.62611, 0.87126, -1.44936, 4.92550, 2.95544, 1.86947, 1.00000, 130632.00000, 130632.00000, 130632.00000, 0.00000, 0.00000, 0.94766, 0.87099, -0.15634, 0.28534, 0.00000, 1.00000
-4.37124, 1.70460, 1.50894, 4.92852, 2.76977, 1.25963, 0.00000, 0.00000, 0.00000, 0.00000, 0.00000, 0.00000, 0.91102, 3.63662, -1.43665, -1.19997, 0.00000, 0.00000
-4.85499, 0.43811, 0.72621, 4.92852, 3.05160, 1.42291, 0.00000, 0.00000, 0.00000, 0.00000, 0.00000, 0.00000, 0.91102, 1.31474, -0.13162, -0.18312, 0.00000, 0.00000
-4.45876, 0.43315, 2.05481, 4.92853, 3.04475, 1.14074, 1.00000, 351109.00000, 351109.00000, 351109.00000, 0.00000, 0.00000, 0.90081, 2.22389, -0.24359, -0.98030, 0.00000, 1.00000
-4.62611, 0.87126, 1.44936, 4.92550, 2.95544, 1.27212, 0.00000, 0.00000, 0.00000, 0.00000, 0.00000, 0.00000, 0.94766, 2.02881, -0.36416, -0.66465, 0.00000, 0.00000
-4.35121, 2.14766, -0.78579, 4.91558, 2.68310, 1.73134, 2.00000, 437652.00000, 160712.00000, 299182.00000, 19173940900.00000, 138470.00000, 1.08598, 1.45965, -0.71592, 0.25627, 0.00000, 1.00000
-4.83686, 0.87622, 0.00000, 4.91558, 2.96238, 1.57080, 2.00000, 377831.00000, 327078.00000, 352454.50000, 643966752.25000, 25376.50000, 1.08598, 1.22879, -0.22879, -0.00000, 1.00000, 0.00000
-4.35121, 2.14766, 0.78579, 4.91558, 2.68310, 1.41025, 0.00000, 0.00000, 0.00000, 0.00000, 0.00000, 0.00000, 1.08598, 2.99442, -1.46868, -0.52573, 0.00000, 0.00000
-4.58794, 1.75244, 0.00000, 4.91123, 2.77673, 1.57080, 0.00000, 0.00000, 0.00000, 0.00000, 0.00000, 0.00000, 1.14286, 1.61803, -0.61803, -0.00000, 0.00000, 0.00000
2.75567, 4.02561, 0.70086, 4.92853, 0.97053, 1.42811, 56.00000, 408381.00000, 30413.00000, 150337.12500, 9170261247.43080, 95761.48102, 0.90081, 0.36663, 0.52824, 0.10514, 0.10714, 0.89286
2.21782, 3.93313, 1.97536, 4.92852, 1.05736, 1.15840, 47.00000, 480578.00000, 26770.00000, 179973.57447, 15090883800.88276, 122844.95839, 0.91102, 0.27362, 0.47741, 0.24897, 0.08511, 0.91489
3.48430, 3.15040, 1.49161, 4.92852, 0.73511, 1.26333, 57.00000, 455246.00000, 26893.00000, 162196.84211, 10047250879.22068, 100235.97597, 0.91102, 0.42617, 0.38313, 0.19070, 0.21053, 0.78947
2.85909, 3.75484, 1.40973, 4.92550, 0.92001, 1.28053, 28.00000, 427024.00000, 42441.00000, 184712.60714, 9753462190.52423, 98759.61822, 0.94766, 0.35746, 0.47456, 0.16798, 0.21429, 0.78571
1.49161, 3.48430, 3.15040, 4.92852, 1.16631, 0.87732, 51.00000, 487389.00000, 37673.00000, 212828.17647, 14076680049.91004, 118645.18553, 0.91102, 0.19070, 0.42617, 0.38313, 0.03922, 0.96078
0.70086, 2.75567, 4.02561, 4.92853, 1.32174, 0.61496, 9.00000, 487128.00000, 68657.00000, 273232.77778, 20472088712.61728, 143080.70699, 0.90081, 0.10514, 0.36663, 0.52824, 0.00000, 1.00000
1.97536, 2.21782, 3.93313, 4.92852, 0.84316, 0.64677, 31.00000, 488441.00000, 54686.00000, 203974.80645, 11951876723.76899, 109324.63914, 0.91102, 0.24897, 0.27362, 0.47741, 0.22581, 0.77419
1.40973, 2.85909, 3.75484, 4.92550, 1.11271, 0.70390, 17.00000, 472222.00000, 32685.00000, 232400.88235, 16556154279.63322, 128670.72037, 0.94766, 0.16798, 0.35746, 0.47456, 0.17647, 0.82353
3.93313, 1.97536, 2.21782, 4.92852, 0.46544, 1.10403, 48.00000, 492928.00000, 40621.00000, 210225.83333, 17598840741.97223, 132660.62242, 0.91102, 0.47741, 0.24897, 0.27362, 0.22917, 0.77083
3.15040, 1.49161, 3.48430, 4.92852, 0.44220, 0.78559, 29.00000, 494681.00000, 63579.00000, 215821.34483, 11043155004.70868, 105086.41684, 0.91102, 0.38313, 0.19070, 0.42617, 0.31034, 0.68966
4.02561, 0.70086, 2.75567, 4.92853, 0.17237, 0.97747, 32.00000, 480861.00000, 68036.00000, 231902.06250, 17148714275.99609, 130953.09953, 0.90081, 0.52824, 0.10514, 0.36663, 0.46875, 0.53125
3.75484, 1.40973, 2.85909, 4.92550, 0.35916, 0.95149, 48.00000, 429651.00000, 36937.00000, 189740.47917, 12853327374.83290, 113372.51596, 0.94766, 0.47456, 0.16798, 0.35746, 0.33333, 0.66667
2.20355, 3.47499, 2.68919, 4.91558, 1.00567, 0.99193, 39.00000, 468403.00000, 38685.00000, 177089.23077, 10368417146.28008, 101825.42485, 1.08598, 0.26522, 0.41309, 0.32170, 0.17949, 0.82051
2.68919, 2.20355, 3.47499, 4.91558, 0.68646, 0.78564, 18.00000, 448205.00000, 53073.00000, 220769.33333, 18890558261.11111, 137442.92729, 1.08598, 0.32170, 0.26522, 0.41309, 0.27778, 0.72222
3.47499, 2.68919, 2.20355, 4.91558, 0.65860, 1.10596, 48.00000, 457918.00000, 27894.00000, 182052.52083, 9578106653.58290, 97867.80192, 1.08598, 0.41309, 0.32170, 0.26522, 0.20833, 0.79167
2.83550, 2.83550, 2.83550, 4.91123, 0.78540, 0.95532, 35.00000, 493758.00000, 31666.00000, 197439.40000, 15083433120.52571, 122814.62910, 1.14286, 0.33333, 0.33333, 0.33333, 0.14286, 0.85714
-0.43315, 2.05481, 4.45876, 4.92853, 1.77855, 0.44016, 7.00000, 497051.00000, 142194.00000, 339709.28571, 18120537983.34694, 134612.54764, 0.90081, -0.08228, 0.33112, 0.75116, 0.00000, 1.00000
-1.70460, 1.50894, 4.37124, 4.92852, 2.41700, 0.48015, 2.00000, 311368.00000, 175532.00000, 243450.00000, 4612854724.00000, 67918.00000, 0.91102, -0.42255, 0.35294, 1.06961, 0.00000, 1.00000
-0.43811, 0.72621, 4.85499, 4.92852, 2.11363, 0.17295, 6.00000, 381864.00000, 70294.00000, 207159.50000, 11547105031.58333, 107457.45684, 0.91102, -0.09634, 0.13403, 0.96230, 0.16667, 0.83333
-0.87126, 1.44936, 4.62611, 4.92550, 2.11205, 0.35046, 10.00000, 482453.00000, 80930.00000, 309536.90000, 13268237957.29000, 115187.83771, 0.94766, -0.15634, 0.28534, 0.87099, 0.00000, 1.00000
-2.87963, 0.78273, 3.92241, 4.92852, 2.87619, 0.65037, 2.00000, 480362.00000, 300442.00000, 390402.00000, 8092801600.00000, 89960.00000, 0.91102, -1.48153, 0.40335, 2.07817, 0.00000, 1.00000
-3.75791, 0.00000, 3.18882, 4.92853, 3.14159, 0.86714, 1.00000, 379162.00000, 379162.00000, 379162.00000, 0.00000, 0.00000, 0.90081, 8.64229, -0.00000, -7.64229, 0.00000, 1.00000
-2.87963, -0.78273, 3.92241, 4.92852, -2.87619, 0.65037, 0.00000, 0.00000, 0.00000, 0.00000, 0.00000, 0.00000, 0.91102, -7.66476, -2.08678, 10.75154, 0.00000, 0.00000
-3.21637, 0.00000, 3.73035, 4.92550, 3.14159, 0.71154, 0.00000, 0.00000, 0.00000, 0.00000, 0.00000, 0.00000, 0.94766, -8.06739, 0.00000, 9.06739, 0.00000, 0.00000
-0.43811, -0.72621, 4.85499, 4.92852, -2.11363, 0.17295, 4.00000, 370982.00000, 203177.00000, 310893.50000, 4191590095.25000, 64742.49065, 0.91102, -0.13162, -0.18312, 1.31474, 0.00000, 1.00000
-1.70460, -1.50894, 4.37124, 4.92852, -2.41700, 0.48015, 1.00000, 485688.00000, 485688.00000, 485688.00000, 0.00000, 0.00000, 0.91102, -1.43665, -1.19997, 3.63662, 1.00000, 0.00000
-0.43315, -2.05481, 4.45876, 4.92853, -1.77855, 0.44016, 2.00000, 497486.00000, 279106.00000, 388296.00000, 11922456100.00000, 109190.00000, 0.90081, -0.24359, -0.98030, 2.22389, 0.50000, 0.50000
-0.87126, -1.44936, 4.62611, 4.92550, -2.11205, 0.35046, 1.00000, 488265.00000, 488265.00000, 488265.00000, 0.00000, 0.00000, 0.94766, -0.36416, -0.66465, 2.02881, 0.00000, 1.00000
-2.14766, 0.78579, 4.35121, 4.91558, 2.79084, 0.48390, 2.00000, 437858.00000, 258464.00000, 348161.00000, 8045551809.00000, 89697.00000, 1.08598, -0.71592, 0.25627, 1.45965, 0.50000, 0.50000
-2.14766, -0.78579, 4.35121, 4.91558, -2.79084, 0.48390, 0.00000, 0.00000, 0.00000, 0.00000, 0.00000, 0.00000, 1.08598, -1.46868, -0.52573, 2.99442, 0.00000, 0.00000
-0.87622, 0.00000, 4.83686, 4.91558, 3.14159, 0.17921, 1.00000, 357095.00000, 357095.00000, 357095.00000, 0.00000, 0.00000, 1.08598, -0.22879, 0.00000, 1.22879, 1.00000, 0.00000
-1.75244, 0.00000, 4.58794, 4.91123, 3.14159, 0.36486, 2.00000, 356386.00000, 343789.00000, 350087.50000, 39671102.25000, 6298.50000, 1.14286, -0.61803, 0.00000, 1.61803, 0.50000, 0.50000
-4.45876, -0.43315, 2.05481, 4.92853, -3.04475, 1.14074, 0.00000, 0.00000, 0.00000, 0.00000, 0.00000, 0.00000, 0.90081, 1.49537, 0.16379, -0.65917, 0.00000, 0.00000
-4.85499, -0.43811, 0.72621, 4.92852, -3.05160, 1.42291, 0.00000, 0.00000, 0.00000, 0.00000, 0.00000, 0.00000, 0.91102, 1.04077, 0.10419, -0.14496, 0.00000, 0.00000
-4.37124, -1.70460, 1.50894, 4.92852, -2.76977, 1.25963, 0.00000, 0.00000, 0.00000, 0.00000, 0.00000, 0.00000, 0.91102, 0.93889, 0.37091, -0.30980, 0.00000, 0.00000
-4.62611, -0.87126, 1.44936, 4.92550, -2.95544, 1.27212, 0.00000, 0.00000, 0.00000, 0.00000, 0.00000, 0.00000, 0.94766, 1.17386, 0.21070, -0.38457, 0.00000, 0.00000
-4.85499, -0.43811, -0.72621, 4.92852, -3.05160, 1.71868, 0.00000, 0.00000, 0.00000, 0.00000, 0.00000, 0.00000, 0.91102, 0.80685, 0.08077, 0.11238, 0.00000, 0.00000
-4.45876, -0.43315, -2.05481, 4.92853, -3.04475, 2.00085, 0.00000, 0.00000, 0.00000, 0.00000, 0.00000, 0.00000, 0.90081, 0.64502, 0.07065, 0.28433, 0.00000, 0.00000
-4.37124, -1.70460, -1.50894, 4.92852, -2.76977, 1.88196, 0.00000, 0.00000, 0.00000, 0.00000, 0.00000, 0.00000, 0.91102, 0.57970, 0.22901, 0.19128, 0.00000, 0.00000
-4.62611, -0.87126, -1.44936, 4.92550, -2.95544, 1.86947, 0.00000, 0.00000, 0.00000, 0.00000, 0.00000, 0.00000, 0.94766, 0.66353, 0.11910, 0.21738, 0.00000, 0.00000
-3.92241, -2.87963, 0.78273, 4.92852, -2.50831, 1.41130, 0.00000, 0.00000, 0.00000, 0.00000, 0.00000, 0.00000, 0.91102, 0.65841, 0.46938, -0.12779, 0.00000, 0.00000
-3.92241, -2.87963, -0.78273, 4.92852, -2.50831, 1.73029, 0.00000, 0.00000, 0.00000, 0.00000, 0.00000, 0.00000, 0.91102, 0.52439, 0.37383, 0.10178, 0.00000, 0.00000
-3.18882, -3.75791, 0.00000, 4.92853, -2.27446, 1.57080, 0.00000, 0.00000, 0.00000, 0.00000, 0.00000, 0.00000, 0.90081, 0.46930, 0.53070, 0.00000, 0.00000, 0.00000
-3.73035, -3.21637, 0.00000, 4.92550, -2.43005, 1.57080, 0.00000, 0.00000, 0.00000, 0.00000, 0.00000, 0.00000, 0.94766, 0.52918, 0.47082, -0.00000, 0.00000, 0.00000
-4.83686, -0.87622, 0.00000, 4.91558, -2.96238, 1.57080, 0.00000, 0.00000, 0.00000, 0.00000, 0.00000, 0.00000, 1.08598, 0.84303, 0.15697, -0.00000, 0.00000, 0.00000
-4.35121, -2.14766, -0.78579, 4.91558, -2.68310, 1.73134, 0.00000, 0.00000, 0.00000, 0.00000, 0.00000, 0.00000, 1.08598, 0.60022, 0.29439, 0.10538, 0.00000, 0.00000
-4.35121, -2.14766, 0.78579, 4.91558, -2.68310, 1.41025, 0.00000, 0.00000, 0.00000, 0.00000, 0.00000, 0.00000, 1.08598, 0.76051, 0.37301, -0.13352, 0.00000, 0.00000
-4.58794, -1.75244, 0.00000, 4.91123, -2.77673, 1.57080, 0.00000, 0.00000, 0.00000, 0.00000, 0.00000, 0.00000, 1.14286, 0.72361, 0.27639, -0.00000, 0.00000, 0.00000
-3.75791, 0.00000, -3.18882, 4.92853, 3.14159, 2.27446, 0.00000, 0.00000, 0.00000, 0.00000, 0.00000, 0.00000, 0.90081, 0.53070, -0.00000, 0.46930, 0.00000, 0.00000
-2.87963, 0.78273, -3.92241, 4.92852, 2.87619, 2.49122, 1.00000, 173101.00000, 173101.00000, 173101.00000, 0.00000, 0.00000, 0.91102, 0.46938, -0.12779, 0.65841, 0.00000, 1.00000
-2.87963, -0.78273, -3.92241, 4.92852, -2.87619, 2.49122, 1.00000, 433681.00000, 433681.00000, 433681.00000, 0.00000, 0.00000, 0.91102, 0.37383, 0.10178, 0.52439, 1.00000, 0.00000
-3.21637, 0.00000, -3.73035, 4.92550, 3.14159, 2.43005, 2.00000, 412835.00000, 357551.00000, 385193.00000, 764080164.00000, 27642.00000, 0.94766, 0.47082, 0.00000, 0.52918, 0.50000, 0.50000
-1.70460, 1.50894, -4.37124, 4.92852, 2.41700, 2.66145, 1.00000, 349446.00000, 349446.00000, 349446.00000, 0.00000, 0.00000, 0.91102, 0.37091, -0.30980, 0.93889, 1.00000, 0.00000
-0.43315, 2.05481, -4.45876, 4.92853, 1.77855, 2.70143, 5.00000, 495165.00000, 207044.00000, 299671.60000, 11752735239.44000, 108410.03293, 0.90081, 0.16379, -0.65917, 1.49537, 0.40000, 0.60000
-0.43811, 0.72621, -4.85499, 4.92852, 2.11363, 2.96865, 3.00000, 407103.00000, 185694.00000, 259929.66667, 10830275822.88889, 104068.61113, 0.91102, 0.10419, -0.14496, 1.04077, 0.66667, 0.33333
-0.87126, 1.44936, -4.62611, 4.92550, 2.11205, 2.79113, 2.00000, 451026.00000, 171658.00000, 311342.00000, 19511619856.00000, 139684.00000, 0.94766, 0.21070, -0.38457, 1.17386, 1.00000, 0.00000
-1.70460, -1.50894, -4.37124, 4.92852, -2.41700, 2.66145, 0.00000, 0.00000, 0.00000, 0.00000, 0.00000, 0.00000, 0.91102, 0.22901, 0.19128, 0.57970, 0.00000, 0.00000
-0.43811, -0.72621, -4.85499, 4.92852, -2.11363, 2.96865, 1.00000, 344727.00000, 344727.00000, 344727.00000, 0.00000, 0.00000, 0.91102, 0.08077, 0.11238, 0.80685, 1.00000, 0.00000
-0.43315, -2.05481, -4.45876, 4.92853, -1.77855, 2.70143, 2.00000, 451988.00000, 207171.00000, 329579.50000, 14983840872.25000, 122408.50000, 0.90081, 0.07065, 0.28433, 0.64502, 1.00000, 0.00000
-0.87126, -1.44936, -4.62611, 4.92550, -2.11205, 2.79113, 0.00000, 0.00000, 0.00000, 0.00000, 0.00000, 0.00000, 0.94766, 0.11910, 0.21738, 0.66353, 0.00000, 0.00000
-2.14766, 0.78579, -4.35121, 4.91558, 2.79084, 2.65769, 0.00000, 0.00000, 0.00000, 0.00000, 0.00000, 0.00000, 1.08598, 0.37301, -0.13352, 0.76051, 0.00000, 0.00000
-0.87622, 0.00000, -4.83686, 4.91558, 3.14159, 2.96238, 3.00000, 486904.00000, 347439.00000, 427913.00000, 3472507348.66667, 58927.98443, 1.08598, 0.15697, 0.00000, 0.84303, 0.66667, 0.33333
-2.14766, -0.78579, -4.35121, 4.91558, -2.79084, 2.65769, 0.00000, 0.00000, 0.00000, 0.00000, 0.00000, 0.00000, 1.08598, 0.29439, 0.10538, 0.60022, 0.00000, 0.00000
-1.75244, 0.00000, -4.58794, 4.91123, 3.14159, 2.77673, 3.00000, 399988.00000, 220055.00000, 287301.00000, 6428422988.66667, 80177.44688, 1.14286, 0.27639, 0.00000, 0.72361, 0.66667, 0.33333
0.70086, 2.75567, -4.02561, 4.92853, 1.32174, 2.52663, 6.00000, 411993.00000, 161166.00000, 315790.16667, 10379429588.80556, 101879.48561, 0.90081, -1.86160, -6.49176, 9.35336, 0.66667, 0.33333
1.49161, 3.48430, -3.15040, 4.92852, 1.16631, 2.26428, 5.00000, 469010.00000, 176957.00000, 284738.80000, 12698841100.56000, 112689.13479, 0.91102, 0.81587, 1.82322, -1.63909, 0.40000, 0.60000
1.97536, 2.21782, -3.93313, 4.92852, 0.84316, 2.49482, 7.00000, 317575.00000, 82722.00000, 205820.57143, 8121030411.10204, 90116.75988, 0.91102, 5.51065, 6.05607, -10.56672, 0.57143, 0.42857
1.40973, 2.85909, -3.75484, 4.92550, 1.11271, 2.43770, 6.00000, 412609.00000, 133062.00000, 263631.00000, 11642143011.33333, 107898.76279, 0.94766, 3.30198, 7.02665, -9.32863, 0.50000, 0.50000
2.21782, 3.93313, -1.97536, 4.92852, 1.05736, 1.98319, 21.00000, 495645.00000, 80495.00000, 267627.57143, 20230289694.14966, 142233.22289, 0.91102, 0.54500, 0.95092, -0.49591, 0.33333, 0.66667
2.75567, 4.02561, -0.70086, 4.92853, 0.97053, 1.71348, 34.00000, 444200.00000, 57666.00000, 213883.55882, 13924022679.48183, 118000.09610, 0.90081, 0.46424, 0.66888, -0.13313, 0.23529, 0.76471
3.48430, 3.15040, -1.49161, 4.92852, 0.73511, 1.87827, 44.00000, 481366.00000, 26037.00000, 173930.04545, 16000652289.67975, 126493.68478, 0.91102, 0.68893, 0.61936, -0.30829, 0.20455, 0.79545
2.85909, 3.75484, -1.40973, 4.92550, 0.92001, 1.86107, 34.00000, 474842.00000, 38602.00000, 210116.02941, 16487065365.96972, 128401.96792, 0.94766, 0.53830, 0.71466, -0.25296, 0.11765, 0.88235
3.15040, 1.49161, -3.48430, 4.92852, 0.44220, 2.35600, 15.00000, 495098.00000, 55814.00000, 263785.26667, 13275281995.92889, 115218.40997, 0.91102, 2.59457, 1.29147, -2.88604, 0.40000, 0.60000
3.93313, 1.97536, -2.21782, 4.92852, 0.46544, 2.03756, 30.00000, 470485.00000, 45336.00000, 227167.76667, 10640675896.24555, 103153.65188, 0.91102, 1.05443, 0.54989, -0.60432, 0.60000, 0.40000
4.02561, 0.70086, -2.75567, 4.92853, 0.17237, 2.16413, 35.00000, 488019.00000, 32998.00000, 209117.51429, 14036887548.47837, 118477.37146, 0.90081, 1.98030, 0.39414, -1.37444, 0.82857, 0.17143
3.75484, 1.40973, -2.85909, 4.92550, 0.35916, 2.19010, 25.00000, 479997.00000, 61654.00000, 228436.64000, 11302209052.95040, 106311.84813, 0.94766, 1.66465, 0.58922, -1.25387, 0.72000, 0.28000
2.20355, 3.47499, -2.68919, 4.91558, 1.00567, 2.14966, 25.00000, 494234.00000, 77328.00000, 236372.36000, 11444121405.27040, 106977.20040, 1.08598, 0.74373, 1.15838, -0.90211, 0.40000, 0.60000
3.47499, 2.68919, -2.20355, 4.91558, 0.65860, 2.03563, 29.00000, 498360.00000, 63236.00000, 240104.34483, 11975728738.57075, 109433.67278, 1.08598, 0.87972, 0.68510, -0.56481, 0.41379, 0.58621
2.68919, 2.20355, -3.47499, 4.91558, 0.68646, 2.35595, 18.00000, 487189.00000, 76359.00000, 287422.16667, 15185412189.47222, 123229.10447, 1.08598, 1.85065, 1.52573, -2.37638, 0.50000, 0.50000
2.83550, 2.83550, -2.83550, 4.91123, 0.78540, 2.18628, 24.00000, 434501.00000, 91660.00000, 232624.70833, 7114630827.62326, 84348.27104, 1.14286, 1.00000, 1.00000, -1.00000, 0.33333, 0.66667
2.75567, -4.02561, 0.70086, 4.92853, -0.97053, 1.42811, 11.00000, 470750.00000, 129782.00000, 247372.36364, 14405768047.14050, 120024.03112, 0.90081, -6.49176, 9.35336, -1.86160, 1.00000, 0.00000
3.48430, -3.15040, 1.49161, 4.92852, -0.73511, 1.26333, 30.00000, 482748.00000, 53040.00000, 202820.90000, 13529718735.02333, 116317.31915, 0.91102, 1.82322, -1.63909, 0.81587, 0.96667, 0.03333
2.21782, -3.93313, 1.97536, 4.92852, -1.05736, 1.15840, 3.00000, 424451.00000, 77620.00000, 211510.66667, 23173048660.22223, 152226.96430, 0.91102, 6.05607, -10.56672, 5.51065, 1.00000, 0.00000
2.85909, -3.75484, 1.40973, 4.92550, -0.92001, 1.28053, 8.00000, 368542.00000, 153064.00000, 245999.62500, 6339524488.73438, 79621.13092, 0.94766, 7.02665, -9.32863, 3.30198, 0.75000, 0.25000
3.93313, -1.97536, 2.21782, 4.92852, -0.46544, 1.10403, 28.00000, 495884.00000, 79630.00000, 218867.82143, 13871913178.71811, 117779.08634, 0.91102, 0.95092, -0.49591, 0.54500, 0.75000, 0.25000
4.02561, -0.70086, 2.75567, 4.92853, -0.17237, 0.97747, 17.00000, 465816.00000, 43327.00000, 229770.70588, 23017559702.20761, 151715.39046, 0.90081, 0.66888, -0.13313, 0.46424, 0.47059, 0.52941
3.15040, -1.49161, 3.48430, 4.92852, -0.44220, 0.78559, 17.00000, 416944.00000, 45965.00000, 240539.47059, 10830260317.30796, 104068.53663, 0.91102, 0.61936, -0.30829, 0.68893, 0.64706, 0.35294
3.75484, -1.40973, 2.85909, 4.92550, -0.35916, 0.95149, 15.00000, 494519.00000, 68092.00000, 239681.33333, 15971189580.75556, 126377.17191, 0.94766, 0.71466, -0.25296, 0.53830, 0.73333, 0.26667
1.49161, -3.48430, 3.15040, 4.92852, -1.16631, 0.87732, 4.00000, 359878.00000, 162605.00000, 226370.75000, 6082186821.68750, 77988.37620, 0.91102, 1.29147, -2.88604, 2.59457, 1.00000, 0.00000
1.97536, -2.21782, 3.93313, 4.92852, -0.84316, 0.64677, 9.00000, 418808.00000, 153979.00000, 253532.44444, 8035756443.80247, 89642.38085, 0.91102, 0.54989, -0.60432, 1.05443, 0.55556, 0.44444
0.70086, -2.75567, 4.02561, 4.92853, -1.32174, 0.61496, 4.00000, 256604.00000, 160058.00000, 220815.00000, 1322834720.50000, 36370.79488, 0.90081, 0.39414, -1.37444, 1.98030, 1.00000, 0.00000
1.40973, -2.85909, 3.75484, 4.92550, -1.11271, 0.70390, 9.00000, 482924.00000, 117907.00000, 284397.88889, 14630218394.54321, 120955.43971, 0.94766, 0.58922, -1.25387, 1.66465, 0.77778, 0.22222
3.47499, -2.68919, 2.20355, 4.91558, -0.65860, 1.10596, 18.00000, 499390.00000, 54424.00000, 270550.72222, 16455684982.86728, 128279.71384, 1.08598, 1.15838, -0.90211, 0.74373, 0.83333, 0.16667
2.68919, -2.20355, 3.47499, 4.91558, -0.68646, 0.78564, 9.00000, 409137.00000, 71267.00000, 255473.33333, 12822750836.88889, 113237.58580, 1.08598, 0.68510, -0.56481, 0.87972, 0.88889, 0.11111
2.20355, -3.47499, 2.68919, 4.91558, -1.00567, 0.99193, 8.00000, 481604.00000, 153298.00000, 322715.25000, 14212711692.43750, 119217.07802, 1.08598, 1.52573, -2.37638, 1.85065, 0.87500, 0.12500
2.83550, -2.83550, 2.83550, 4.91123, -0.78540, 0.95532, 17.00000, 417590.00000, 96209.00000, 226918.41176, 10988676680.59516, 104826.88911, 1.14286, 1.00000, -1.00000, 1.00000, 1.00000, 0.00000
2.05481, -4.45876, 0.43315, 4.92853, -1.13896, 1.48280, 8.00000, 489141.00000, 87833.00000, 249771.00000, 21105625849.25000, 145277.75414, 0.90081, -0.98030, 2.22389, -0.24359, 0.87500, 0.12500
1.50894, -4.37124, 1.70460, 4.92852, -1.23841, 1.21764, 6.00000, 422263.00000, 142630.00000, 278310.00000, 9608344690.66667, 98022.16428, 0.91102, -1.19997, 3.63662, -1.43665, 0.83333, 0.16667
0.72621, -4.85499, 0.43811, 4.92852, -1.42232, 1.48179, 5.00000, 464672.00000, 193850.00000, 356087.60000, 12438993769.84000, 111530.23702, 0.91102, -0.18312, 1.31474, -0.13162, 1.00000, 0.00000
1.44936, -4.62611, 0.87126, 4.92550, -1.26718, 1.39297, 7.00000, 410968.00000, 140286.00000, 274769.00000, 8287579249.42857, 91036.14254, 0.94766, -0.66465, 2.02881, -0.36416, 0.85714, 0.14286
0.78273, -3.92241, 2.87963, 4.92852, -1.37383, 0.94680, 3.00000, 490587.00000, 200318.00000, 380675.00000, 16523931072.66667, 128545.44361, 0.91102, -2.08678, 10.75154, -7.66476, 0.66667, 0.33333
0.00000, -3.18882, 3.75791, 4.92853, -1.57080, 0.70366, 4.00000, 398331.00000, 170684.00000, 264292.50000, 7329622597.25000, 85613.21509, 0.90081, 0.00000, -7.64229, 8.64229, 0.75000, 0.25000
-0.78273, -3.92241, 2.87963, 4.92852, -1.76776, 0.94680, 1.00000, 282105.00000, 282105.00000, 282105.00000, 0.00000, 0.00000, 0.91102, 0.40335, 2.07817, -1.48153, 1.00000, 0.00000
0.00000, -3.73035, 3.21637, 4.92550, -1.57080, 0.85925, 1.00000, 292829.00000, 292829.00000, 292829.00000, 0.00000, 0.00000, 0.94766, -0.00000, 9.06739, -8.06739, 1.00000, 0.00000
-0.72621, -4.85499, 0.43811, 4.92852, -1.71928, 1.48179, 2.00000, 496780.00000, 235518.00000, 366149.00000, 17064458161.00000, 130631.00000, 0.91102, 0.13403, 0.96230, -0.09634, 0.50000, 0.50000
-1.50894, -4.37124, 1.70460, 4.92852, -1.90319, 1.21764, 1.00000, 190791.00000, 190791.00000, 190791.00000, 0.00000, 0.00000, 0.91102, 0.35294, 1.06961, -0.42255, 1.00000, 0.00000
-2.05481, -4.45876, 0.43315, 4.92853, -2.00263, 1.48280, 1.00000, 361313.00000, 361313.00000, 361313.00000, 0.00000, 0.00000, 0.90081, 0.33112, 0.75116, -0.08228, 1.00000, 0.00000
-1.44936, -4.62611, 0.87126, 4.92550, -1.87441, 1.39297, 0.00000, 0.00000, 0.00000, 0.00000, 0.00000, 0.00000, 0.94766, 0.28534, 0.87099, -0.15634, 0.00000, 0.00000
0.78579, -4.35121, 2.14766, 4.91558, -1.39213, 1.11864, 4.00000, 473092.00000, 149500.00000, 316349.25000, 24215529649.68750, 155613.39804, 1.08598, -0.52573, 2.99442, -1.46868, 0.75000, 0.25000
-0.78579, -4.35121, 2.14766, 4.91558, -1.74946, 1.11864, 0.00000, 0.00000, 0.00000, 0.00000, 0.00000, 0.00000, 1.08598, 0.25627, 1.45965, -0.71592, 0.00000, 0.00000
0.00000, -4.83686, 0.87622, 4.91558, -1.57080, 1.39159, 3.00000, 399228.00000, 311776.00000, 360582.66667, 1326268398.22222, 36417.96807, 1.08598, -0.00000, 1.22879, -0.22879, 1.00000, 0.00000
0.00000, -4.58794, 1.75244, 4.91123, -1.57080, 1.20593, 3.00000, 254673.00000, 157747.00000, 211964.00000, 1631991944.66667, 40397.92005, 1.14286, -0.00000, 1.61803, -0.61803, 0.66667, 0.33333
2.05481, -4.45876, -0.43315, 4.92853, -1.13896, 1.65880, 8.00000, 454579.00000, 157018.00000, 288965.75000, 9141414615.93750, 95610.74530, 0.90081, -0.65917, 1.49537, 0.16379, 1.00000, 0.00000
0.72621, -4.85499, -0.43811, 4.92852, -1.42232, 1.65981, 6.00000, 492217.00000, 138506.00000, 271761.50000, 20281185898.91667, 142412.02863, 0.91102, -0.14496, 1.04077, 0.10419, 1.00000, 0.00000
1.50894, -4.37124, -1.70460, 4.92852, -1.23841, 1.92396, 9.00000, 498870.00000, 90683.00000, 262983.88889, 16436818802.09876, 128206.15743, 0.91102, -0.30980, 0.93889, 0.37091, 1.00000, 0.00000
1.44936, -4.62611, -0.87126, 4.92550, -1.26718, 1.74862, 3.00000, 217822.00000, 121743.00000, 184191.33333, 1953757996.22222, 44201.33478, 0.94766, -0.38457, 1.17386, 0.21070, 1.00000, 0.00000
-0.72621, -4.85499, -0.43811, 4.92852, -1.71928, 1.65981, 1.00000, 303267.00000, 303267.00000, 303267.00000, 0.00000, 0.00000, 0.91102, 0.11238, 0.80685, 0.08077, 1.00000, 0.00000
-2.05481, -4.45876, -0.43315, 4.92853, -2.00263, 1.65880, 1.00000, 354634.00000, 354634.00000, 354634.00000, 0.00000, 0.00000, 0.90081, 0.28433, 0.64502, 0.07065, 1.00000, 0.00000
-1.50894, -4.37124, -1.70460, 4.92852, -1.90319, 1.92396, 0.00000, 0.00000, 0.00000, 0.00000, 0.00000, 0.00000, 0.91102, 0.19128, 0.57970, 0.22901, 0.00000, 0.00000
-1.44936, -4.62611, -0.87126, 4.92550, -1.87441, 1.74862, 1.00000, 436269.00000, 436269.00000, 436269.00000, 0.00000, 0.00000, 0.94766, 0.21738, 0.66353, 0.11910, 1.00000, 0.00000
0.78273, -3.92241, -2.87963, 4.92852, -1.37383, 2.19479, 1.00000, 396409.00000, 396409.00000, 396409.00000, 0.00000, 0.00000, 0.91102, -0.12779, 0.65841, 0.46938, 1.00000, 0.00000
-0.78273, -3.92241, -2.87963, 4.92852, -1.76776, 2.19479, 1.00000, 212687.00000, 212687.00000, 212687.00000, 0.00000, 0.00000, 0.91102, 0.10178, 0.52439, 0.37383, 1.00000, 0.00000
0.00000, -3.18882, -3.75791, 4.92853, -1.57080, 2.43793, 6.00000, 462742.00000, 185501.00000, 329686.00000, 11451525370.00000, 107011.80014, 0.90081, 0.00000, 0.46930, 0.53070, 1.00000, 0.00000
0.00000, -3.73035, -3.21637, 4.92550, -1.57080, 2.28234, 3.00000, 362142.00000, 139116.00000, 271894.00000, 9194499896.00000, 95887.95491, 0.94766, -0.00000, 0.52918, 0.47082, 1.00000, 0.00000
0.00000, -4.83686, -0.87622, 4.91558, -1.57080, 1.75001, 2.00000, 356181.00000, 157228.00000, 256704.50000, 9895574052.25000, 99476.50000, 1.08598, -0.00000, 0.84303, 0.15697, 1.00000, 0.00000
-0.78579, -4.35121, -2.14766, 4.91558, -1.74946, 2.02296, 0.00000, 0.00000, 0.00000, 0.00000, 0.00000, 0.00000, 1.08598, 0.10538, 0.60022, 0.29439, 0.00000, 0.00000
0.78579, -4.35121, -2.14766, 4.91558, -1.39213, 2.02296, 3.00000, 392097.00000, 152509.00000, 233123.00000, 12637213090.66667, 112415.35967, 1.08598, -0.13352, 0.76051, 0.37301, 1.00000, 0.00000
0.00000, -4.58794, -1.75244, 4.91123, -1.57080, 1.93566, 4.00000, 359718.00000, 192307.00000, 289767.00000, 4781652763.50000, 69149.49576, 1.14286, -0.00000, 0.72361, 0.27639, 1.00000, 0.00000
2.75567, -4.02561, -0.70086, 4.92853, -0.97053, 1.71348, 10.00000, 456403.00000, 55052.00000, 230738.60000, 17030978789.44000, 130502.79227, 0.90081, -1.37444, 1.98030, 0.39414, 0.90000, 0.10000
2.21782, -3.93313, -1.97536, 4.92852, -1.05736, 1.98319, 10.00000, 494535.00000, 142781.00000, 318021.70000, 12323650272.81000, 111011.93752, 0.91102, -0.60432, 1.05443, 0.54989, 0.80000, 0.20000
3.48430, -3.15040, -1.49161, 4.92852, -0.73511, 1.87827, 17.00000, 358770.00000, 80273.00000, 207814.52941, 8123970788.01384, 90133.07266, 0.91102, -2.88604, 2.59457, 1.29147, 0.94118, 0.05882
2.85909, -3.75484, -1.40973, 4.92550, -0.92001, 1.86107, 9.00000, 484578.00000, 88316.00000, 230367.88889, 13154105397.20988, 114691.34840, 0.94766, -1.25387, 1.66465, 0.58922, 0.77778, 0.22222
1.49161, -3.48430, -3.15040, 4.92852, -1.16631, 2.26428, 9.00000, 414727.00000, 90699.00000, 285956.11111, 10600409871.43210, 102958.29190, 0.91102, -0.30829, 0.68893, 0.61936, 1.00000, 0.00000
0.70086, -2.75567, -4.02561, 4.92853, -1.32174, 2.52663, 2.00000, 393051.00000, 306849.00000, 349950.00000, 1857696201.00000, 43101.00000, 0.90081, -0.13313, 0.46424, 0.66888, 1.00000, 0.00000
1.97536, -2.21782, -3.93313, 4.92852, -0.84316, 2.49482, 14.00000, 475173.00000, 89113.00000, 276399.85714, 12965652654.69388, 113866.81981, 0.91102, -0.49591, 0.54500, 0.95092, 0.92857, 0.07143
1.40973, -2.85909, -3.75484, 4.92550, -1.11271, 2.43770, 5.00000, 407860.00000, 83744.00000, 262331.20000, 14335585410.96000, 119731.30506, 0.94766, -0.25296, 0.53830, 0.71466, 1.00000, 0.00000
3.93313, -1.97536, -2.21782, 4.92852, -0.46544, 2.03756, 27.00000, 428061.00000, 37997.00000, 176506.48148, 14542280293.87929, 120591.37736, 0.91102, -10.56672, 5.51065, 6.05607, 0.85185, 0.14815
3.15040, -1.49161, -3.48430, 4.92852, -0.44220, 2.35600, 23.00000, 444486.00000, 31320.00000, 211794.43478, 15492308695.28922, 124468.10312, 0.91102, -1.63909, 0.81587, 1.82322, 0.91304, 0.08696
4.02561, -0.70086, -2.75567, 4.92853, -0.17237, 2.16413, 29.00000, 492502.00000, 30788.00000, 193526.62069, 16342737797.89060, 127838.71791, 0.90081, 9.35336, -1.86160, -6.49176, 0.86207, 0.13793
3.75484, -1.40973, -2.85909, 4.92550, -0.35916, 2.19010, 30.00000, 479536.00000, 37582.00000, 206420.06667, 13260493887.39556, 115154.21784, 0.94766, -9.32863, 3.30198, 7.02665, 0.93333, 0.06667
2.20355, -3.47499, -2.68919, 4.91558, -1.00567, 2.14966, 2.00000, 196527.00000, 143695.00000, 170111.00000, 697805056.00000, 26416.00000, 1.08598, -0.56481, 0.87972, 0.68510, 1.00000, 0.00000
2.68919, -2.20355, -3.47499, 4.91558, -0.68646, 2.35595, 9.00000, 403449.00000, 36969.00000, 211670.77778, 14239652923.28395, 119330.01686, 1.08598, -0.90211, 0.74373, 1.15838, 1.00000, 0.00000
3.47499, -2.68919, -2.20355, 4.91558, -0.65860, 2.03563, 28.00000, 494236.00000, 73667.00000, 224859.28571, 14972058417.91837, 122360.36294, 1.08598, -2.37638, 1.85065, 1.52573, 0.96429, 0.03571
2.83550, -2.83550, -2.83550, 4.91123, -0.78540, 2.18628, 11.00000, 475906.00000, 45393.00000, 252196.54545, 19481185748.79339, 139575.01835, 1.14286, -1.00000, 1.00000, 1.00000, 0.90909, 0.09091
3.18882, -3.75791, 0.00000, 4.92853, -0.86714, 1.57080, 15.00000, 458078.00000, 78758.00000, 222424.13333, 16298195204.38222, 127664.38503, 0.90081, -7.64229, 8.64229, -0.00000, 0.93333, 0.06667
3.92241, -2.87963, -0.78273, 4.92852, -0.63328, 1.73029, 25.00000, 482203.00000, 31998.00000, 200314.80000, 16669004320.88000, 129108.49825, 0.91102, 10.75154, -7.66476, -2.08678, 0.92000, 0.08000
3.92241, -2.87963, 0.78273, 4.92852, -0.63328, 1.41130, 28.00000, 412695.00000, 58840.00000, 205136.17857, 11237546638.07525, 106007.29521, 0.91102, 2.07817, -1.48153, 0.40335, 0.92857, 0.07143
3.73035, -3.21637, 0.00000, 4.92550, -0.71154, 1.57080, 12.00000, 417187.00000, 47625.00000, 173873.58333, 11657840281.40972, 107971.47902, 0.94766, 9.06739, -8.06739, 0.00000, 1.00000, 0.00000
4.37124, -1.70460, -1.50894, 4.92852, -0.37182, 1.88196, 32.00000, 496108.00000, 43149.00000, 184672.75000, 17588351779.06250, 132621.08346, 0.91102, 3.63662, -1.43665, -1.19997, 0.93750, 0.06250
4.45876, -0.43315, -2.05481, 4.92853, -0.09684, 2.00085, 41.00000, 462022.00000, 26979.00000, 183933.85366, 18935570190.22249, 137606.57757, 0.90081, 2.22389, -0.24359, -0.98030, 0.82927, 0.17073
4.85499, -0.43811, -0.72621, 4.92852, -0.09000, 1.71868, 49.00000, 472186.00000, 25790.00000, 183695.08163, 12607449245.09538, 112282.89828, 0.91102, 1.31474, -0.13162, -0.18312, 0.79592, 0.20408
4.62611, -0.87126, -1.44936, 4.92550, -0.18616, 1.86947, 42.00000, 466450.00000, 35605.00000, 150912.83333, 12924860561.85318, 113687.55676, 0.94766, 2.02881, -0.36416, -0.66465, 1.00000, 0.00000
4.37124, -1.70460, 1.50894, 4.92852, -0.37182, 1.25963, 29.00000, 459328.00000, 29656.00000, 195964.44828, 14342962148.45422, 119762.10648, 0.91102, 1.06961, -0.42255, 0.35294, 0.89655, 0.10345
4.85499, -0.43811, 0.72621, 4.92852, -0.09000, 1.42291, 66.00000, 441544.00000, 41222.00000, 177348.96970, 10626175390.81726, 103083.34197, 0.91102, 0.96230, -0.09634, 0.13403, 0.81818, 0.18182
4.45876, -0.43315, 2.05481, 4.92853, -0.09684, 1.14074, 29.00000, 453628.00000, 63133.00000, 206476.03448, 14077788310.37812, 118649.85592, 0.90081, 0.75116, -0.08228, 0.33112, 0.58621, 0.41379
4.62611, -0.87126, 1.44936, 4.92550, -0.18616, 1.27212, 39.00000, 459679.00000, 24900.00000, 212312.48718, 13327757892.91650, 115445.90895, 0.94766, 0.87099, -0.15634, 0.28534, 0.76923, 0.23077
4.35121, -2.14766, -0.78579, 4.91558, -0.45850, 1.73134, 34.00000, 486197.00000, 26148.00000, 212688.47059, 18447439347.07266, 135821.35085, 1.08598, 2.99442, -1.46868, -0.52573, 0.91176, 0.08824
4.83686, -0.87622, 0.00000, 4.91558, -0.17921, 1.57080, 46.00000, 483752.00000, 52802.00000, 199481.41304, 14255392428.41635, 119395.94812, 1.08598, 1.22879, -0.22879, 0.00000, 0.82609, 0.17391
4.35121, -2.14766, 0.78579, 4.91558, -0.45850, 1.41025, 37.00000, 482141.00000, 33791.00000, 228936.40541, 19374413788.78159, 139192.00332, 1.08598, 1.45965, -0.71592, 0.25627, 0.89189, 0.10811
4.58794, -1.75244, 0.00000, 4.91123, -0.36486, 1.57080, 47.00000, 496413.00000, 26246.00000, 201037.87234, 18622036773.00498, 136462.58378, 1.14286, 1.61803, -0.61803, 0.00000, 0.87234, 0.12766
0.43315, -2.05481, 4.45876, 4.92853, -1.36304, 0.44016, 7.00000, 384632.00000, 140092.00000, 277162.14286, 7608047924.40816, 87224.12467, 0.90081, 0.16379, -0.65917, 1.49537, 0.42857, 0.57143
1.70460, -1.50894, 4.37124, 4.92852, -0.72459, 0.48015, 6.00000, 472878.00000, 253640.00000, 370630.50000, 5693458518.91667, 75455.00990, 0.91102, 0.37091, -0.30980, 0.93889, 0.83333, 0.16667
0.43811, -0.72621, 4.85499, 4.92852, -1.02797, 0.17295, 4.00000, 267110.00000, 162540.00000, 220224.75000, 1397741208.68750, 37386.37731, 0.91102, 0.10419, -0.14496, 1.04077, 0.25000, 0.75000
0.87126, -1.44936, 4.62611, 4.92550, -1.02954, 0.35046, 7.00000, 493005.00000, 181180.00000, 369166.28571, 11082817564.20408, 105274.96172, 0.94766, 0.21070, -0.38457, 1.17386, 0.71429, 0.28571
2.87963, -0.78273, 3.92241, 4.92852, -0.26540, 0.65037, 14.00000, 495352.00000, 72299.00000, 248339.35714, 15086200602.80102, 122825.89549, 0.91102, 0.46938, -0.12779, 0.65841, 0.42857, 0.57143
3.75791, 0.00000, 3.18882, 4.92853, 0.00000, 0.86714, 24.00000, 494546.00000, 48092.00000, 219217.00000, 16646472808.08333, 129021.21069, 0.90081, 0.53070, -0.00000, 0.46930, 0.62500, 0.37500
2.87963, 0.78273, 3.92241, 4.92852, 0.26540, 0.65037, 18.00000, 498159.00000, 103222.00000, 252828.38889, 9976081225.79321, 99880.33453, 0.91102, 0.37383, 0.10178, 0.52439, 0.44444, 0.55556
3.21637, 0.00000, 3.73035, 4.92550, 0.00000, 0.71154, 9.00000, 355714.00000, 56441.00000, 198210.00000, 7931319697.55556, 89057.95696, 0.94766, 0.47082, -0.00000, 0.52918, 0.33333, 0.66667
0.43811, 0.72621, 4.85499, 4.92852, 1.02797, 0.17295, 5.00000, 443497.00000, 171532.00000, 318095.00000, 9760601685.20000, 98795.75743, 0.91102, 0.08077, 0.11238, 0.80685, 0.40000, 0.60000
1.70460, 1.50894, 4.37124, 4.92852, 0.72459, 0.48015, 13.00000, 365602.00000, 41154.00000, 224402.76923, 9248478784.79290, 96169.01156, 0.91102, 0.22901, 0.19128, 0.57970, 0.07692, 0.92308
0.43315, 2.05481, 4.45876, 4.92853, 1.36304, 0.44016, 7.00000, 289132.00000, 65600.00000, 171154.28571, 4286736253.34694, 65473.17201, 0.90081, 0.07065, 0.28433, 0.64502, 0.42857, 0.57143
0.87126, 1.44936, 4.62611, 4.92550, 1.02954, 0.35046, 12.00000, 361326.00000, 143727.00000, 260331.25000, 4536073676.68750, 67350.37993, 0.94766, 0.11910, 0.21738, 0.66353, 0.16667, 0.83333
2.14766, -0.78579, 4.35121, 4.91558, -0.35075, 0.48390, 4.00000, 381330.00000, 152954.00000, 247700.75000, 7021262064.68750, 83792.97145, 1.08598, 0.37301, -0.13352, 0.76051, 0.75000, 0.25000
2.14766, 0.78579, 4.35121, 4.91558, 0.35075, 0.48390, 4.00000, 323888.00000, 163140.00000, 240487.75000, 3593234093.18750, 59943.59093, 1.08598, 0.29439, 0.10538, 0.60022, 0.25000, 0.75000
0.87622, 0.00000, 4.83686, 4.91558, 0.00000, 0.17921, 10.00000, 489050.00000, 104821.00000, 280346.30000, 16364498621.61000, 127923.80006, 1.08598, 0.15697, -0.00000, 0.84303, 0.40000, 0.60000
1.75244, 0.00000, 4.58794, 4.91123, 0.00000, 0.36486, 11.00000, 475655.00000, 111253.00000, 254130.18182, 12998368050.69422, 114010.38571, 1.14286, 0.27639, 0.00000, 0.72361, 0.63636, 0.36364
-2.75567, -4.02561, 0.70086, 4.92853, -2.17107, 1.42811, 1.00000, 198788.00000, 198788.00000, 198788.00000, 0.00000, 0.00000, 0.90081, 0.46424, 0.66888, -0.13313, 1.00000, 0.00000
-2.21782, -3.93313, 1.97536, 4.92852, -2.08423, 1.15840, 2.00000, 487688.00000, 433238.00000, 460463.00000, 741200625.00000, 27225.00000, 0.91102, 0.54500, 0.95092, -0.49591, 0.50000, 0.50000
-3.48430, -3.15040, 1.49161, 4.92852, -2.40648, 1.26333, 0.00000, 0.00000, 0.00000, 0.00000, 0.00000, 0.00000, 0.91102, 0.68893, 0.61936, -0.30829, 0.00000, 0.00000
-2.85909, -3.75484, 1.40973, 4.92550, -2.22158, 1.28053, 0.00000, 0.00000, 0.00000, 0.00000, 0.00000, 0.00000, 0.94766, 0.53830, 0.71466, -0.25296, 0.00000, 0.00000
-1.49161, -3.48430, 3.15040, 4.92852, -1.97528, 0.87732, 1.00000, 493978.00000, 493978.00000, 493978.00000, 0.00000, 0.00000, 0.91102, 0.81587, 1.82322, -1.63909, 1.00000, 0.00000
-0.70086, -2.75567, 4.02561, 4.92853, -1.81985, 0.61496, 0.00000, 0.00000, 0.00000, 0.00000, 0.00000, 0.00000, 0.90081, -1.86160, -6.49176, 9.35336, 0.00000, 0.00000
-1.97536, -2.21782, 3.93313, 4.92852, -2.29844, 0.64677, 0.00000, 0.00000, 0.00000, 0.00000, 0.00000, 0.00000, 0.91102, 5.51065, 6.05607, -10.56672, 0.00000, 0.00000
-1.40973, -2.85909, 3.75484, 4.92550, -2.02888, 0.70390, 0.00000, 0.00000, 0.00000, 0.00000, 0.00000, 0.00000, 0.94766, 3.30198, 7.02665, -9.32863, 0.00000, 0.00000
-3.93313, -1.97536, 2.21782, 4.92852, -2.67616, 1.10403, 0.00000, 0.00000, 0.00000, 0.00000, 0.00000, 0.00000, 0.91102, 1.05443, 0.54989, -0.60432, 0.00000, 0.00000
-3.15040, -1.49161, 3.48430, 4.92852, -2.69940, 0.78559, 2.00000, 461812.00000, 458589.00000, 460200.50000, 2596932.25000, 1611.50000, 0.91102, 2.59457, 1.29147, -2.88604, 0.50000, 0.50000
-4.02561, -0.70086, 2.75567, 4.92853, -2.96922, 0.97747, 1.00000, 372928.00000, 372928.00000, 372928.00000, 0.00000, 0.00000, 0.90081, 1.98030, 0.39414, -1.37444, 0.00000, 1.00000
-3.75484, -1.40973, 2.85909, 4.92550, -2.78243, 0.95149, 0.00000, 0.00000, 0.00000, 0.00000, 0.00000, 0.00000, 0.94766, 1.66465, 0.58922, -1.25387, 0.00000, 0.00000
-2.20355, -3.47499, 2.68919, 4.91558, -2.13592, 0.99193, 1.00000, 357743.00000, 357743.00000, 357743.00000, 0.00000, 0.00000, 1.08598, 0.74373, 1.15838, -0.90211, 0.00000, 1.00000
-2.68919, -2.20355, 3.47499, 4.91558, -2.45513, 0.78564, 0.00000, 0.00000, 0.00000, 0.00000, 0.00000, 0.00000, 1.08598, 1.85065, 1.52573, -2.37638, 0.00000, 0.00000
-3.47499, -2.68919, 2.20355, 4.91558, -2.48299, 1.10596, 0.00000, 0.00000, 0.00000, 0.00000, 0.00000, 0.00000, 1.08598, 0.87972, 0.68510, -0.56481, 0.00000, 0.00000
-2.83550, -2.83550, 2.83550, 4.91123, -2.35619, 0.95532, 0.00000, 0.00000, 0.00000, 0.00000, 0.00000, 0.00000, 1.14286, 1.00000, 1.00000, -1.00000, 0.00000, 0.00000
-0.70086, -2.75567, -4.02561, 4.92853, -1.81985, 2.52663, 3.00000, 476379.00000, 351727.00000, 409852.00000, 2624983652.66667, 51234.59430, 0.90081, 0.10514, 0.36663, 0.52824, 1.00000, 0.00000
-1.49161, -3.48430, -3.15040, 4.92852, -1.97528, 2.26428, 0.00000, 0.00000, 0.00000, 0.00000, 0.00000, 0.00000, 0.91102, 0.19070, 0.42617, 0.38313, 0.00000, 0.00000
-1.97536, -2.21782, -3.93313, 4.92852, -2.29844, 2.49482, 0.00000, 0.00000, 0.00000, 0.00000, 0.00000, 0.00000, 0.91102, 0.24897, 0.27362, 0.47741, 0.00000, 0.00000
-1.40973, -2.85909, -3.75484, 4.92550, -2.02888, 2.43770, 1.00000, 489624.00000, 489624.00000, 489624.00000, 0.00000, 0.00000, 0.94766, 0.16798, 0.35746, 0.47456, 1.00000, 0.00000
-2.21782, -3.93313, -1.97536, 4.92852, -2.08423, 1.98319, 0.00000, 0.00000, 0.00000, 0.00000, 0.00000, 0.00000, 0.91102, 0.27362, 0.47741, 0.24897, 0.00000, 0.00000
-2.75567, -4.02561, -0.70086, 4.92853, -2.17107, 1.71348, 0.00000, 0.00000, 0.00000, 0.00000, 0.00000, 0.00000, 0.90081, 0.36663, 0.52824, 0.10514, 0.00000, 0.00000
-3.48430, -3.15040, -1.49161, 4.92852, -2.40648, 1.87827, 0.00000, 0.00000, 0.00000, 0.00000, 0.00000, 0.00000, 0.91102, 0.42617, 0.38313, 0.19070, 0.00000, 0.00000
-2.85909, -3.75484, -1.40973, 4.92550, -2.22158, 1.86107, 2.00000, 304037.00000, 275423.00000, 289730.00000, 204690249.00000, 14307.00000, 0.94766, 0.35746, 0.47456, 0.16798, 1.00000, 0.00000
-3.15040, -1.49161, -3.48430, 4.92852, -2.69940, 2.35600, 1.00000, 380661.00000, 380661.00000, 380661.00000, 0.00000, 0.00000, 0.91102, 0.38313, 0.19070, 0.42617, 1.00000, 0.00000
-3.93313, -1.97536, -2.21782, 4.92852, -2.67616, 2.03756, 0.00000, 0.00000, 0.00000, 0.00000, 0.00000, 0.00000, 0.91102, 0.47741, 0.24897, 0.27362, 0.00000, 0.00000
-4.02561, -0.70086, -2.75567, 4.92853, -2.96922, 2.16413, 0.00000, 0.00000, 0.00000, 0.00000, 0.00000, 0.00000, 0.90081, 0.52824, 0.10514, 0.36663, 0.00000, 0.00000
-3.75484, -1.40973, -2.85909, 4.92550, -2.78243, 2.19010, 1.00000, 243177.00000, 243177.00000, 243177.00000, 0.00000, 0.00000, 0.94766, 0.47456, 0.16798, 0.35746, 1.00000, 0.00000
-2.20355, -3.47499, -2.68919, 4.91558, -2.13592, 2.14966, 0.00000, 0.00000, 0.00000, 0.00000, 0.00000, 0.00000, 1.08598, 0.26522, 0.41309, 0.32170, 0.00000, 0.00000
-3.47499, -2.68919, -2.20355, 4.91558, -2.48299, 2.03563, 0.00000, 0.00000, 0.00000, 0.00000, 0.00000, 0.00000, 1.08598, 0.41309, 0.32170, 0.26522, 0.00000, 0.00000
-2.68919, -2.20355, -3.47499, 4.91558, -2.45513, 2.35595, 0.00000, 0.00000, 0.00000, 0.00000, 0.00000, 0.00000, 1.08598, 0.32170, 0.26522, 0.41309, 0.00000, 0.00000
-2.83550, -2.83550, -2.83550, 4.91123, -2.35619, 2.18628, 1.00000, 459030.00000, 459030.00000, 459030.00000, 0.00000, 0.00000, 1.14286, 0.33333, 0.33333, 0.33333, 1.00000, 0.00000
3.75791, 0.00000, -3.18882, 4.92853, 0.00000, 2.27446, 27.00000, 486886.00000, 41833.00000, 265754.44444, 14916312686.76543, 122132.35725, 0.90081, 8.64229, 0.00000, -7.64229, 0.62963, 0.37037
2.87963, -0.78273, -3.92241, 4.92852, -0.26540, 2.49122, 31.00000, 491528.00000, 87404.00000, 238408.77419, 11589100987.78772, 107652.68686, 0.91102, -1.48153, 0.40335, 2.07817, 0.83871, 0.16129
2.87963, 0.78273, -3.92241, 4.92852, 0.26540, 2.49122, 11.00000, 499233.00000, 80251.00000, 238781.27273, 19545269402.01653, 139804.39693, 0.91102, -7.66476, -2.08678, 10.75154, 0.81818, 0.18182
3.21637, 0.00000, -3.73035, 4.92550, 0.00000, 2.43005, 11.00000, 495379.00000, 75367.00000, 245525.63636, 14782589781.14050, 121583.67399, 0.94766, -8.06739, -0.00000, 9.06739, 0.81818, 0.18182
1.70460, -1.50894, -4.37124, 4.92852, -0.72459, 2.66145, 8.00000, 488349.00000, 85618.00000, 253965.00000, 12687522682.00000, 112638.90395, 0.91102, -0.42255, 0.35294, 1.06961, 1.00000, 0.00000
0.43315, -2.05481, -4.45876, 4.92853, -1.36304, 2.70143, 2.00000, 342271.00000, 201529.00000, 271900.00000, 4952077641.00000, 70371.00000, 0.90081, -0.08228, 0.33112, 0.75116, 0.50000, 0.50000
0.43811, -0.72621, -4.85499, 4.92852, -1.02797, 2.96865, 3.00000, 453226.00000, 193935.00000, 344391.00000, 12071457600.66667, 109870.18522, 0.91102, -0.09634, 0.13403, 0.96230, 0.66667, 0.33333
0.87126, -1.44936, -4.62611, 4.92550, -1.02954, 2.79113, 3.00000, 360816.00000, 87657.00000, 249834.33333, 13746471356.22222, 117245.34684, 0.94766, -0.15634, 0.28534, 0.87099, 0.66667, 0.33333
1.70460, 1.50894, -4.37124, 4.92852, 0.72459, 2.66145, 7.00000, 462685.00000, 111392.00000, 320912.14286, 17654457095.26531, 132870.07600, 0.91102, -1.43665, -1.19997, 3.63662, 0.57143, 0.42857
0.43811, 0.72621, -4.85499, 4.92852, 1.02797, 2.96865, 3.00000, 275482.00000, 110487.00000, 217542.66667, 5743432104.22222, 75785.43464, 0.91102, -0.13162, -0.18312, 1.31474, 0.66667, 0.33333
0.43315, 2.05481, -4.45876, 4.92853, 1.36304, 2.70143, 5.00000, 481817.00000, 237061.00000, 330369.60000, 8246303701.04000, 90809.16089, 0.90081, -0.24359, -0.98030, 2.22389, 0.20000, 0.80000
0.87126, 1.44936, -4.62611, 4.92550, 1.02954, 2.79113, 5.00000, 415763.00000, 222639.00000, 304886.60000, 5442287738.64000, 73771.86278, 0.94766, -0.36416, -0.66465, 2.02881, 0.60000, 0.40000
2.14766, -0.78579, -4.35121, 4.91558, -0.35075, 2.65769, 7.00000, 358858.00000, 87000.00000, 200775.28571, 9346854104.20408, 96679.12962, 1.08598, -0.71592, 0.25627, 1.45965, 1.00000, 0.00000
0.87622, 0.00000, -4.83686, 4.91558, 0.00000, 2.96238, 1.00000, 84758.00000, 84758.00000, 84758.00000, 0.00000, 0.00000, 1.08598, -0.22879, -0.00000, 1.22879, 1.00000, 0.00000
2.14766, 0.78579, -4.35121, 4.91558, 0.35075, 2.65769, 10.00000, 489756.00000, 171753.00000, 268504.20000, 9084203246.36000, 95311.08669, 1.08598, -1.46868, -0.52573, 2.99442, 0.60000, 0.40000
1.75244, 0.00000, -4.58794, 4.91123, 0.00000, 2.77673, 11.00000, 434076.00000, 63785.00000, 287812.09091, 11116056241.17356, 105432.70954, 1.14286, -0.61803, -0.00000, 1.61803, 0.72727, 0.27273
4.45876, 0.43315, 2.05481, 4.92853, 0.09684, 1.14074, 32.00000, 496389.00000, 38245.00000, 184615.78125, 12987573261.92090, 113963.03463, 0.90081, 0.64502, 0.07065, 0.28433, 0.65625, 0.34375
4.85499, 0.43811, 0.72621, 4.92852, 0.09000, 1.42291, 39.00000, 484876.00000, 46384.00000, 182107.46154, 14885201623.68442, 122004.92459, 0.91102, 0.80685, 0.08077, 0.11238, 0.61538, 0.38462
4.37124, 1.70460, 1.50894, 4.92852, 0.37182, 1.25963, 44.00000, 497926.00000, 42636.00000, 205866.47727, 13083053531.43130, 114381.17647, 0.91102, 0.57970, 0.22901, 0.19128, 0.47727, 0.52273
4.62611, 0.87126, 1.44936, 4.92550, 0.18616, 1.27212, 43.00000, 469710.00000, 50380.00000, 219891.58140, 13594239249.63872, 116594.33627, 0.94766, 0.66353, 0.11910, 0.21738, 0.51163, 0.48837
4.85499, 0.43811, -0.72621, 4.92852, 0.09000, 1.71868, 66.00000, 495799.00000, 14242.00000, 185965.51515, 12528391489.43159, 111930.29746, 0.91102, 1.04077, 0.10419, -0.14496, 0.71212, 0.28788
4.45876, 0.43315, -2.05481, 4.92853, 0.09684, 2.00085, 36.00000, 495190.00000, 33618.00000, 224678.50000, 16740059487.69444, 129383.38181, 0.90081, 1.49537, 0.16379, -0.65917, 0.66667, 0.33333
4.37124, 1.70460, -1.50894, 4.92852, 0.37182, 1.88196, 53.00000, 480001.00000, 26157.00000, 187498.43396, 13894434031.94375, 117874.65390, 0.91102, 0.93889, 0.37091, -0.30980, 0.64151, 0.35849
4.62611, 0.87126, -1.44936, 4.92550, 0.18616, 1.86947, 37.00000, 470379.00000, 40700.00000, 191752.67568, 13159180712.05697, 114713.47223, 0.94766, 1.17386, 0.21070, -0.38457, 0.72973, 0.27027
3.92241, 2.87963, 0.78273, 4.92852, 0.63328, 1.41130, 58.00000, 450971.00000, 31606.00000, 173956.43103, 12421406518.62455, 111451.36392, 0.91102, 0.52439, 0.37383, 0.10178, 0.31034, 0.68966
3.92241, 2.87963, -0.78273, 4.92852, 0.63328, 1.73029, 51.00000, 496160.00000, 38417.00000, 204372.56863, 15124794902.40215, 122982.90492, 0.91102, 0.65841, 0.46938, -0.12779, 0.29412, 0.70588
3.18882, 3.75791, 0.00000, 4.92853, 0.86714, 1.57080, 34.00000, 484922.00000, 17716.00000, 157022.67647, 19502593528.86592, 139651.68645, 0.90081, 0.46930, 0.53070, 0.00000, 0.14706, 0.85294
3.73035, 3.21637, 0.00000, 4.92550, 0.71154, 1.57080, 47.00000, 490322.00000, 28625.00000, 166703.34043, 12153108976.05432, 110241.14012, 0.94766, 0.52918, 0.47082, 0.00000, 0.23404, 0.76596
4.83686, 0.87622, 0.00000, 4.91558, 0.17921, 1.57080, 47.00000, 417282.00000, 22253.00000, 168884.27660, 12772724287.64690, 113016.47795, 1.08598, 0.84303, 0.15697, 0.00000, 0.61702, 0.38298
4.35121, 2.14766, -0.78579, 4.91558, 0.45850, 1.73134, 48.00000, 446764.00000, 34544.00000, 181720.45833, 15056352191.16493, 122704.32833, 1.08598, 0.76051, 0.37301, -0.13352, 0.45833, 0.54167
4.35121, 2.14766, 0.78579, 4.91558, 0.45850, 1.41025, 48.00000, 491946.00000, 27746.00000, 199738.58333, 18071326674.78473, 134429.63466, 1.08598, 0.60022, 0.29439, 0.10538, 0.33333, 0.66667
4.58794, 1.75244, 0.00000, 4.91123, 0.36486, 1.57080, 72.00000, 439260.00000, 44347.00000, 178020.47222, 9126493413.41590, 95532.68244, 1.14286, 0.72361, 0.27639, -0.00000, 0.54167, 0.45833
