-2.75567, 4.02561, 0.70086, 4.92853, 2.17107, 1.42811, 2.00000, 498569.00000, 173459.00000, 336014.00000, 26424128025.00000, 162555.00000, 0.90081, -1.37444, 1.98030, 0.39414, 0.00000, 1.00000
-3.48430, 3.15040, 1.49161, 4.92852, 2.40648, 1.26333, 4.00000, 237796.00000, 191854.00000, 217236.00000, 270054046.00000, 16433.32121, 0.91102, -2.88604, 2.59457, 1.29147, 0.25000, 0.75000
-2.21782, 3.93313, 1.97536, 4.92852, 2.08423, 1.15840, 1.00000, 204013.00000, 204013.00000, 204013.00000, 0.00000, 0.00000, 0.91102, -0.60432, 1.05443, 0.54989, 0.00000, 1.00000
-2.85909, 3.75484, 1.40973, 4.92550, 2.22158, 1.28053, 2.00000, 268407.00000, 165140.00000, 216773.50000, 2666018322.25000, 51633.50000, 0.94766, -1.25387, 1.66465, 0.58922, 0.00000, 1.00000
-3.93313, 1.97536, 2.21782, 4.92852, 2.67616, 1.10403, 8.00000, 492018.00000, 120297.00000, 278741.75000, 12415413068.93750, 111424.47249, 0.91102, -10.56672, 5.51065, 6.05607, 0.12500, 0.87500
-4.02561, 0.70086, 2.75567, 4.92853, 2.96922, 0.97747, 11.00000, 492098.00000, 101399.00000, 303371.18182, 12070264006.51240, 109864.75325, 0.90081, 9.35336, -1.86160, -6.49176, 0.45455, 0.54545
-3.15040, 1.49161, 3.48430, 4.92852, 2.69940, 0.78559, 7.00000, 425525.00000, 141296.00000, 315343.42857, 9271146973.95918, 96286.79543, 0.91102, -1.63909, 0.81587, 1.82322, 0.71429, 0.28571
-3.75484, 1.40973, 2.85909, 4.92550, 2.78243, 0.95149, 1.00000, 154602.00000, 154602.00000, 154602.00000, 0.00000, 0.00000, 0.94766, -9.32863, 3.30198, 7.02665, 1.00000, 0.00000
-1.49161, 3.48430, 3.15040, 4.92852, 1.97528, 0.87732, 1.00000, 350955.00000, 350955.00000, 350955.00000, 0.00000, 0.00000, 0.91102, -0.30829, 0.68893, 0.61936, 1.00000, 0.00000
-1.97536, 2.21782, 3.93313, 4.92852, 2.29844, 0.64677, 4.00000, 303951.00000, 186352.00000, 245222.00000, 2226034061.50000, 47180.86542, 0.91102, -0.49591, 0.54500, 0.95092, 1.00000, 0.00000
-0.70086, 2.75567, 4.02561, 4.92853, 1.81985, 0.61496, 1.00000, 142758.00000, 142758.00000, 142758.00000, 0.00000, 0.00000, 0.90081, -0.13313, 0.46424, 0.66888, 0.00000, 1.00000
-1.40973, 2.85909, 3.75484, 4.92550, 2.02888, 0.70390, 3.00000, 454848.00000, 364529.00000, 416804.33333, 1460857128.22222, 38221.16074, 0.94766, -0.25296, 0.53830, 0.71466, 0.66667, 0.33333
-3.47499, 2.68919, 2.20355, 4.91558, 2.48299, 1.10596, 0.00000, 0.00000, 0.00000, 0.00000, 0.00000, 0.00000, 1.08598, -2.37638, 1.85065, 1.52573, 0.00000, 0.00000
-2.68919, 2.20355, 3.47499, 4.91558, 2.45513, 0.78564, 6.00000, 489338.00000, 187330.00000, 382433.00000, 9595228835.66667, 97955.23894, 1.08598, -0.90211, 0.74373, 1.15838, 0.50000, 0.50000
-2.20355, 3.47499, 2.68919, 4.91558, 2.13592, 0.99193, 1.00000, 342139.00000, 342139.00000, 342139.00000, 0.00000, 0.00000, 1.08598, -0.56481, 0.87972, 0.68510, 1.00000, 0.00000
-2.83550, 2.83550, 2.83550, 4.91123, 2.35619, 0.95532, 2.00000, 436401.00000, 179120.00000, 307760.50000, 16548378240.25000, 128640.50000, 1.14286, -1.00000, 1.00000, 1.00000, 0.50000, 0.50000
-2.05481, 4.45876, 0.43315, 4.92853, 2.00263, 1.48280, 0.00000, 0.00000, 0.00000, 0.00000, 0.00000, 0.00000, 0.90081, -0.65917, 1.49537, 0.16379, 0.00000, 0.00000
-1.50894, 4.37124, 1.70460, 4.92852, 1.90319, 1.21764, 0.00000, 0.00000, 0.00000, 0.00000, 0.00000, 0.00000, 0.91102, -0.30980, 0.93889, 0.37091, 0.00000, 0.00000
-0.72621, 4.85499, 0.43811, 4.92852, 1.71928, 1.48179, 3.00000, 425705.00000, 196673.00000, 317452.66667, 8821076544.22222, 93920.58637, 0.91102, -0.14496, 1.04077, 0.10419, 0.00000, 1.00000
-1.44936, 4.62611, 0.87126, 4.92550, 1.87441, 1.39297, 2.00000, 444114.00000, 311654.00000, 377884.00000, 4386412900.00000, 66230.00000, 0.94766, -0.38457, 1.17386, 0.21070, 0.00000, 1.00000
-0.78273, 3.92241, 2.87963, 4.92852, 1.76776, 0.94680, 3.00000, 493982.00000, 324412.00000, 432343.66667, 5863867172.22222, 76575.89159, 0.91102, -0.12779, 0.65841, 0.46938, 0.66667, 0.33333
0.00000, 3.18882, 3.75791, 4.92853, 1.57080, 0.70366, 2.00000, 335285.00000, 199728.00000, 267506.50000, 4593925062.25000, 67778.50000, 0.90081, -0.00000, 0.46930, 0.53070, 0.50000, 0.50000
0.78273, 3.92241, 2.87963, 4.92852, 1.37383, 0.94680, 1.00000, 313512.00000, 313512.00000, 313512.00000, 0.00000, 0.00000, 0.91102, 0.10178, 0.52439, 0.37383, 1.00000, 0.00000
0.00000, 3.73035, 3.21637, 4.92550, 1.57080, 0.85925, 0.00000, 0.00000, 0.00000, 0.00000, 0.00000, 0.00000, 0.94766, -0.00000, 0.52918, 0.47082, 0.00000, 0.00000
0.72621, 4.85499, 0.43811, 4.92852, 1.42232, 1.48179, 0.00000, 0.00000, 0.00000, 0.00000, 0.00000, 0.00000, 0.91102, 0.11238, 0.80685, 0.08077, 0.00000, 0.00000
1.50894, 4.37124, 1.70460, 4.92852, 1.23841, 1.21764, 0.00000, 0.00000, 0.00000, 0.00000, 0.00000, 0.00000, 0.91102, 0.19128, 0.57970, 0.22901, 0.00000, 0.00000
2.05481, 4.45876, 0.43315, 4.92853, 1.13896, 1.48280, 0.00000, 0.00000, 0.00000, 0.00000, 0.00000, 0.00000, 0.90081, 0.28433, 0.64502, 0.07065, 0.00000, 0.00000
1.44936, 4.62611, 0.87126, 4.92550, 1.26718, 1.39297, 0.00000, 0.00000, 0.00000, 0.00000, 0.00000, 0.00000, 0.94766, 0.21738, 0.66353, 0.11910, 0.00000, 0.00000
-0.78579, 4.35121, 2.14766, 4.91558, 1.74946, 1.11864, 2.00000, 486924.00000, 413871.00000, 450397.50000, 1334185202.25000, 36526.50000, 1.08598, -0.13352, 0.76051, 0.37301, 0.50000, 0.50000
0.78579, 4.35121, 2.14766, 4.91558, 1.39213, 1.11864, 1.00000, 137681.00000, 137681.00000, 137681.00000, 0.00000, 0.00000, 1.08598, 0.10538, 0.60022, 0.29439, 1.00000, 0.00000
0.00000, 4.83686, 0.87622, 4.91558, 1.57080, 1.39159, 0.00000, 0.00000, 0.00000, 0.00000, 0.00000, 0.00000, 1.08598, -0.00000, 0.84303, 0.15697, 0.00000, 0.00000
0.00000, 4.58794, 1.75244, 4.91123, 1.57080, 1.20593, 0.00000, 0.00000, 0.00000, 0.00000, 0.00000, 0.00000, 1.14286, 0.00000, 0.72361, 0.27639, 0.00000, 0.00000
-2.05481, 4.45876, -0.43315, 4.92853, 2.00263, 1.65880, 0.00000, 0.00000, 0.00000, 0.00000, 0.00000, 0.00000, 0.90081, -0.98030, 2.22389, -0.24359, 0.00000, 0.00000
-0.72621, 4.85499, -0.43811, 4.92852, 1.71928, 1.65981, 2.00000, 246184.00000, 150351.00000, 198267.50000, 2295990972.25000, 47916.50000, 0.91102, -0.18312, 1.31474, -0.13162, 0.00000, 1.00000
-1.50894, 4.37124, -1.70460, 4.92852, 1.90319, 1.92396, 1.00000, 207261.00000, 207261.00000, 207261.00000, 0.00000, 0.00000, 0.91102, -1.19997, 3.63662, -1.43665, 0.00000, 1.00000
-1.44936, 4.62611, -0.87126, 4.92550, 1.87441, 1.74862, 0.00000, 0.00000, 0.00000, 0.00000, 0.00000, 0.00000, 0.94766, -0.66465, 2.02881, -0.36416, 0.00000, 0.00000
0.72621, 4.85499, -0.43811, 4.92852, 1.42232, 1.65981, 0.00000, 0.00000, 0.00000, 0.00000, 0.00000, 0.00000, 0.91102, 0.13403, 0.96230, -0.09634, 0.00000, 0.00000
2.05481, 4.45876, -0.43315, 4.92853, 1.13896, 1.65880, 0.00000, 0.00000, 0.00000, 0.00000, 0.00000, 0.00000, 0.90081, 0.33112, 0.75116, -0.08228, 0.00000, 0.00000
1.50894, 4.37124, -1.70460, 4.92852, 1.23841, 1.92396, 1.00000, 332239.00000, 332239.00000, 332239.00000, 0.00000, 0.00000, 0.91102, 0.35294, 1.06961, -0.42255, 0.00000, 1.00000
1.44936, 4.62611, -0.87126, 4.92550, 1.26718, 1.74862, 1.00000, 378151.00000, 378151.00000, 378151.00000, 0.00000, 0.00000, 0.94766, 0.28534, 0.87099, -0.15634, 0.00000, 1.00000
-0.78273, 3.92241, -2.87963, 4.92852, 1.76776, 2.19479, 2.00000, 430277.00000, 210939.00000, 320608.00000, 12027289561.00000, 109669.00000, 0.91102, -2.08678, 10.75154, -7.66476, 0.50000, 0.50000
0.78273, 3.92241, -2.87963, 4.92852, 1.37383, 2.19479, 1.00000, 262937.00000, 262937.00000, 262937.00000, 0.00000, 0.00000, 0.91102, 0.40335, 2.07817, -1.48153, 0.00000, 1.00000
0.00000, 3.18882, -3.75791, 4.92853, 1.57080, 2.43793, 2.00000, 287401.00000, 190154.00000, 238777.50000, 2364244752.25000, 48623.50000, 0.90081, -0.00000, -7.64229, 8.64229, 0.50000, 0.50000
0.00000, 3.73035, -3.21637, 4.92550, 1.57080, 2.28234, 0.00000, 0.00000, 0.00000, 0.00000, 0.00000, 0.00000, 0.94766, 0.00000, 9.06739, -8.06739, 0.00000, 0.00000
0.00000, 4.83686, -0.87622, 4.91558, 1.57080, 1.75001, 0.00000, 0.00000, 0.00000, 0.00000, 0.00000, 0.00000, 1.08598, 0.00000, 1.22879, -0.22879, 0.00000, 0.00000
0.78579, 4.35121, -2.14766, 4.91558, 1.39213, 2.02296, 1.00000, 287647.00000, 287647.00000, 287647.00000, 0.00000, 0.00000, 1.08598, 0.25627, 1.45965, -0.71592, 0.00000, 1.00000
-0.78579, 4.35121, -2.14766, 4.91558, 1.74946, 2.02296, 0.00000, 0.00000, 0.00000, 0.00000, 0.00000, 0.00000, 1.08598, -0.52573, 2.99442, -1.46868, 0.00000, 0.00000
0.00000, 4.58794, -1.75244, 4.91123, 1.57080, 1.93566, 1.00000, 477958.00000, 477958.00000, 477958.00000, 0.00000, 0.00000, 1.14286, 0.00000, 1.61803, -0.61803, 0.00000, 1.00000
-2.75567, 4.02561, -0.70086, 4.92853, 2.17107, 1.71348, 1.00000, 103178.00000, 103178.00000, 103178.00000, 0.00000, 0.00000, 0.90081, -6.49176, 9.35336, -1.86160, 0.00000, 1.00000
-2.21782, 3.93313, -1.97536, 4.92852, 2.08423, 1.98319, 4.00000, 421684.00000, 222916.00000, 346838.00000, 6589706380.00000, 81177.00647, 0.91102, 6.05607, -10.56672, 5.51065, 0.00000, 1.00000
-3.48430, 3.15040, -1.49161, 4.92852, 2.40648, 1.87827, 1.00000, 283940.00000, 283940.00000, 283940.00000, 0.00000, 0.00000, 0.91102, 1.82322, -1.63909, 0.81587, 0.00000, 1.00000
-2.85909, 3.75484, -1.40973, 4.92550, 2.22158, 1.86107, 1.00000, 251522.00000, 251522.00000, 251522.00000, 0.00000, 0.00000, 0.94766, 7.02665, -9.32863, 3.30198, 0.00000, 1.00000
-1.49161, 3.48430, -3.15040, 4.92852, 1.97528, 2.26428, 1.00000, 131603.00000, 131603.00000, 131603.00000, 0.00000, 0.00000, 0.91102, 1.29147, -2.88604, 2.59457, 0.00000, 1.00000
-0.70086, 2.75567, -4.02561, 4.92853, 1.81985, 2.52663, 1.00000, 386814.00000, 386814.00000, 386814.00000, 0.00000, 0.00000, 0.90081, 0.39414, -1.37444, 1.98030, 0.00000, 1.00000
-1.97536, 2.21782, -3.93313, 4.92852, 2.29844, 2.49482, 4.00000, 487123.00000, 121510.00000, 297964.50000, 17975298980.25000, 134071.99178, 0.91102, 0.54989, -0.60432, 1.05443, 0.00000, 1.00000
-1.40973, 2.85909, -3.75484, 4.92550, 2.02888, 2.43770, 6.00000, 269676.00000, 73082.00000, 166591.16667, 5907003179.47222, 76857.03077, 0.94766, 0.58922, -1.25387, 1.66465, 0.00000, 1.00000
-3.93313, 1.97536, -2.21782, 4.92852, 2.67616, 2.03756, 11.00000, 439451.00000, 42694.00000, 277716.54545, 19378337982.61157, 139206.09894, 0.91102, 0.95092, -0.49591, 0.54500, 0.00000, 1.00000
-3.15040, 1.49161, -3.48430, 4.92852, 2.69940, 2.35600, 19.00000, 392605.00000, 55311.00000, 191923.73684, 12676552899.98338, 112590.19895, 0.91102, 0.61936, -0.30829, 0.68893, 0.05263, 0.94737
-4.02561, 0.70086, -2.75567, 4.92853, 2.96922, 2.16413, 22.00000, 484803.00000, 42918.00000, 179935.81818, 15739660319.14876, 125457.80294, 0.90081, 0.66888, -0.13313, 0.46424, 0.04545, 0.95455
-3.75484, 1.40973, -2.85909, 4.92550, 2.78243, 2.19010, 14.00000, 484431.00000, 41634.00000, 151612.50000, 11774163825.96428, 108508.81912, 0.94766, 0.71466, -0.25296, 0.53830, 0.00000, 1.00000
-2.20355, 3.47499, -2.68919, 4.91558, 2.13592, 2.14966, 4.00000, 285633.00000, 105041.00000, 218551.00000, 4618538216.50000, 67959.82796, 1.08598, 1.52573, -2.37638, 1.85065, 0.00000, 1.00000
-2.68919, 2.20355, -3.47499, 4.91558, 2.45513, 2.35595, 5.00000, 498051.00000, 68655.00000, 268202.00000, 34443121020.00000, 185588.57998, 1.08598, 0.68510, -0.56481, 0.87972, 0.20000, 0.80000
-3.47499, 2.68919, -2.20355, 4.91558, 2.48299, 2.03563, 1.00000, 437188.00000, 437188.00000, 437188.00000, 0.00000, 0.00000, 1.08598, 1.15838, -0.90211, 0.74373, 0.00000, 1.00000
-2.83550, 2.83550, -2.83550, 4.91123, 2.35619, 2.18628, 8.00000, 419197.00000, 87571.00000, 270615.87500, 10326082318.10938, 101617.33276, 1.14286, 1.00000, -1.00000, 1.00000, 0.12500, 0.87500
-3.18882, 3.75791, 0.00000, 4.92853, 2.27446, 1.57080, 1.00000, 216424.00000, 216424.00000, 216424.00000, 0.00000, 0.00000, 0.90081, -7.64229, 8.64229, 0.00000, 0.00000, 1.00000
-3.92241, 2.87963, -0.78273, 4.92852, 2.50831, 1.73029, 2.00000, 315461.00000, 176794.00000, 246127.50000, 4807134222.25000, 69333.50000, 0.91102, 2.07817, -1.48153, 0.40335, 0.00000, 1.00000
-3.92241, 2.87963, 0.78273, 4.92852, 2.50831, 1.41130, 6.00000, 486334.00000, 104028.00000, 284953.66667, 15470502175.55556, 124380.47345, 0.91102, 10.75154, -7.66476, -2.08678, 0.00000, 1.00000
-3.73035, 3.21637, 0.00000, 4.92550, 2.43005, 1.57080, 4.00000, 498336.00000, 162954.00000, 374867.75000, 16120760163.18750, 126967.55555, 0.94766, 9.06739, -8.06739, -0.00000, 0.25000, 0.75000
-4.37124, 1.70460, -1.50894, 4.92852, 2.76977, 1.88196, 13.00000, 375881.00000, 71818.00000, 211864.92308, 9425348633.76331, 97084.23473, 0.91102, 1.06961, -0.42255, 0.35294, 0.07692, 0.92308
-4.45876, 0.43315, -2.05481, 4.92853, 3.04475, 2.00085, 28.00000, 484842.00000, 26515.00000, 201658.28571, 17393818036.91837, 131885.62483, 0.90081, 0.75116, -0.08228, 0.33112, 0.03571, 0.96429
-4.85499, 0.43811, -0.72621, 4.92852, 3.05160, 1.71868, 18.00000, 458240.00000, 63172.00000, 187348.83333, 17762462340.25000, 133275.88807, 0.91102, 0.96230, -0.09634, 0.13403, 0.00000, 1.00000
-4.62611, 0.87126, -1.44936, 4.92550, 2.95544, 1.86947, 9.00000, 349510.00000, 66206.00000, 186767.22222, 9634787241.72839, 98156.95208, 0.94766, 0.87099, -0.15634, 0.28534, 0.11111, 0.88889
-4.37124, 1.70460, 1.50894, 4.92852, 2.76977, 1.25963, 6.00000, 442927.00000, 70301.00000, 254464.66667, 18471088939.55556, 135908.38436, 0.91102, 3.63662, -1.43665, -1.19997, 0.33333, 0.66667
-4.85499, 0.43811, 0.72621, 4.92852, 3.05160, 1.42291, 15.00000, 475504.00000, 93696.00000, 237566.40000, 11629465173.04000, 107839.99802, 0.91102, 1.31474, -0.13162, -0.18312, 0.20000, 0.80000
-4.45876, 0.43315, 2.05481, 4.92853, 3.04475, 1.14074, 5.00000, 351572.00000, 34834.00000, 202853.80000, 10287724627.36000, 101428.42120, 0.90081, 2.22389, -0.24359, -0.98030, 0.60000, 0.40000
-4.62611, 0.87126, 1.44936, 4.92550, 2.95544, 1.27212, 11.00000, 429593.00000, 105772.00000, 246435.36364, 10219934390.59504, 101093.69115, 0.94766, 2.02881, -0.36416, -0.66465, 0.45455, 0.54545
-4.35121, 2.14766, -0.78579, 4.91558, 2.68310, 1.73134, 10.00000, 407187.00000, 74323.00000, 232892.60000, 14611808372.64000, 120879.31325, 1.08598, 1.45965, -0.71592, 0.25627, 0.00000, 1.00000
-4.83686, 0.87622, 0.00000, 4.91558, 2.96238, 1.57080, 8.00000, 313830.00000, 54806.00000, 195455.00000, 7767240654.25000, 88131.95025, 1.08598, 1.22879, -0.22879, -0.00000, 0.00000, 1.00000
-4.35121, 2.14766, 0.78579, 4.91558, 2.68310, 1.41025, 4.00000, 352992.00000, 194017.00000, 267910.25000, 3354503573.68750, 57918.07640, 1.08598, 2.99442, -1.46868, -0.52573, 0.25000, 0.75000
-4.58794, 1.75244, 0.00000, 4.91123, 2.77673, 1.57080, 5.00000, 452410.00000, 108536.00000, 299793.20000, 20693664351.76000, 143852.92611, 1.14286, 1.61803, -0.61803, -0.00000, 0.20000, 0.80000
2.75567, 4.02561, 0.70086, 4.92853, 0.97053, 1.42811, 0.00000, 0.00000, 0.00000, 0.00000, 0.00000, 0.00000, 0.90081, 0.36663, 0.52824, 0.10514, 0.00000, 0.00000
2.21782, 3.93313, 1.97536, 4.92852, 1.05736, 1.15840, 0.00000, 0.00000, 0.00000, 0.00000, 0.00000, 0.00000, 0.91102, 0.27362, 0.47741, 0.24897, 0.00000, 0.00000
3.48430, 3.15040, 1.49161, 4.92852, 0.73511, 1.26333, 0.00000, 0.00000, 0.00000, 0.00000, 0.00000, 0.00000, 0.91102, 0.42617, 0.38313, 0.19070, 0.00000, 0.00000
2.85909, 3.75484, 1.40973, 4.92550, 0.92001, 1.28053, 0.00000, 0.00000, 0.00000, 0.00000, 0.00000, 0.00000, 0.94766, 0.35746, 0.47456, 0.16798, 0.00000, 0.00000
1.49161, 3.48430, 3.15040, 4.92852, 1.16631, 0.87732, 0.00000, 0.00000, 0.00000, 0.00000, 0.00000, 0.00000, 0.91102, 0.19070, 0.42617, 0.38313, 0.00000, 0.00000
0.70086, 2.75567, 4.02561, 4.92853, 1.32174, 0.61496, 2.00000, 413714.00000, 206138.00000, 309926.00000, 10771948944.00000, 103788.00000, 0.90081, 0.10514, 0.36663, 0.52824, 1.00000, 0.00000
1.97536, 2.21782, 3.93313, 4.92852, 0.84316, 0.64677, 1.00000, 429829.00000, 429829.00000, 429829.00000, 0.00000, 0.00000, 0.91102, 0.24897, 0.27362, 0.47741, 0.00000, 1.00000
1.40973, 2.85909, 3.75484, 4.92550, 1.11271, 0.70390, 0.00000, 0.00000, 0.00000, 0.00000, 0.00000, 0.00000, 0.94766, 0.16798, 0.35746, 0.47456, 0.00000, 0.00000
3.93313, 1.97536, 2.21782, 4.92852, 0.46544, 1.10403, 1.00000, 237736.00000, 237736.00000, 237736.00000, 0.00000, 0.00000, 0.91102, 0.47741, 0.24897, 0.27362, 1.00000, 0.00000
3.15040, 1.49161, 3.48430, 4.92852, 0.44220, 0.78559, 1.00000, 433536.00000, 433536.00000, 433536.00000, 0.00000, 0.00000, 0.91102, 0.38313, 0.19070, 0.42617, 1.00000, 0.00000
4.02561, 0.70086, 2.75567, 4.92853, 0.17237, 0.97747, 1.00000, 115444.00000, 115444.00000, 115444.00000, 0.00000, 0.00000, 0.90081, 0.52824, 0.10514, 0.36663, 1.00000, 0.00000
3.75484, 1.40973, 2.85909, 4.92550, 0.35916, 0.95149, 1.00000, 99701.00000, 99701.00000, 99701.00000, 0.00000, 0.00000, 0.94766, 0.47456, 0.16798, 0.35746, 1.00000, 0.00000
2.20355, 3.47499, 2.68919, 4.91558, 1.00567, 0.99193, 1.00000, 236385.00000, 236385.00000, 236385.00000, 0.00000, 0.00000, 1.08598, 0.26522, 0.41309, 0.32170, 1.00000, 0.00000
2.68919, 2.20355, 3.47499, 4.91558, 0.68646, 0.78564, 3.00000, 394986.00000, 274822.00000, 347065.66667, 2702376754.88889, 51984.38953, 1.08598, 0.32170, 0.26522, 0.41309, 1.00000, 0.00000
3.47499, 2.68919, 2.20355, 4.91558, 0.65860, 1.10596, 1.00000, 275245.00000, 275245.00000, 275245.00000, 0.00000, 0.00000, 1.08598, 0.41309, 0.32170, 0.26522, 1.00000, 0.00000
2.83550, 2.83550, 2.83550, 4.91123, 0.78540, 0.95532, 0.00000, 0.00000, 0.00000, 0.00000, 0.00000, 0.00000, 1.14286, 0.33333, 0.33333, 0.33333, 0.00000, 0.00000
-0.43315, 2.05481, 4.45876, 4.92853, 1.77855, 0.44016, 1.00000, 127794.00000, 127794.00000, 127794.00000, 0.00000, 0.00000, 0.90081, -0.08228, 0.33112, 0.75116, 1.00000, 0.00000
-1.70460, 1.50894, 4.37124, 4.92852, 2.41700, 0.48015, 3.00000, 404336.00000, 315869.00000, 351452.00000, 1454063982.00000, 38132.19089, 0.91102, -0.42255, 0.35294, 1.06961, 0.66667, 0.33333
-0.43811, 0.72621, 4.85499, 4.92852, 2.11363, 0.17295, 8.00000, 418701.00000, 169437.00000, 276941.75000, 7402285296.93750, 86036.53466, 0.91102, -0.09634, 0.13403, 0.96230, 0.87500, 0.12500
-0.87126, 1.44936, 4.62611, 4.92550, 2.11205, 0.35046, 3.00000, 499540.00000, 160826.00000, 286172.00000, 22995131874.66667, 151641.45830, 0.94766, -0.15634, 0.28534, 0.87099, 1.00000, 0.00000
-2.87963, 0.78273, 3.92241, 4.92852, 2.87619, 0.65037, 6.00000, 453929.00000, 111429.00000, 288499.00000, 14040973692.00000, 118494.61461, 0.91102, -1.48153, 0.40335, 2.07817, 0.83333, 0.16667
-3.75791, 0.00000, 3.18882, 4.92853, 3.14159, 0.86714, 8.00000, 306825.00000, 99376.00000, 210868.50000, 5664151937.75000, 75260.56031, 0.90081, 8.64229, -0.00000, -7.64229, 0.62500, 0.37500
-2.87963, -0.78273, 3.92241, 4.92852, -2.87619, 0.65037, 12.00000, 462514.00000, 93719.00000, 220731.08333, 13242557960.24306, 115076.31364, 0.91102, -7.66476, -2.08678, 10.75154, 0.58333, 0.41667
-3.21637, 0.00000, 3.73035, 4.92550, 3.14159, 0.71154, 6.00000, 296737.00000, 141008.00000, 219591.16667, 2106321691.80556, 45894.68043, 0.94766, -8.06739, 0.00000, 9.06739, 0.83333, 0.16667
-0.43811, -0.72621, 4.85499, 4.92852, -2.11363, 0.17295, 11.00000, 349615.00000, 87332.00000, 178452.09091, 4607779519.35537, 67880.62698, 0.91102, -0.13162, -0.18312, 1.31474, 0.90909, 0.09091
-1.70460, -1.50894, 4.37124, 4.92852, -2.41700, 0.48015, 22.00000, 383557.00000, 53565.00000, 196506.50000, 11295101797.25000, 106278.41642, 0.91102, -1.43665, -1.19997, 3.63662, 0.81818, 0.18182
-0.43315, -2.05481, 4.45876, 4.92853, -1.77855, 0.44016, 24.00000, 394493.00000, 75107.00000, 217257.16667, 10198037483.97222, 100985.33301, 0.90081, -0.24359, -0.98030, 2.22389, 0.91667, 0.08333
-0.87126, -1.44936, 4.62611, 4.92550, -2.11205, 0.35046, 15.00000, 493878.00000, 65333.00000, 204400.33333, 11275546212.75555, 106186.37489, 0.94766, -0.36416, -0.66465, 2.02881, 0.86667, 0.13333
-2.14766, 0.78579, 4.35121, 4.91558, 2.79084, 0.48390, 5.00000, 391916.00000, 149996.00000, 294102.40000, 8235177141.04000, 90747.87679, 1.08598, -0.71592, 0.25627, 1.45965, 1.00000, 0.00000
-2.14766, -0.78579, 4.35121, 4.91558, -2.79084, 0.48390, 11.00000, 374221.00000, 77319.00000, 254860.90909, 10214201116.26446, 101065.33093, 1.08598, -1.46868, -0.52573, 2.99442, 0.72727, 0.27273
-0.87622, 0.00000, 4.83686, 4.91558, 3.14159, 0.17921, 7.00000, 484802.00000, 107827.00000, 325600.85714, 15601343901.83673, 124905.33977, 1.08598, -0.22879, 0.00000, 1.22879, 0.71429, 0.28571
-1.75244, 0.00000, 4.58794, 4.91123, 3.14159, 0.36486, 6.00000, 450039.00000, 88416.00000, 302456.16667, 19335399975.13889, 139051.78882, 1.14286, -0.61803, 0.00000, 1.61803, 0.83333, 0.16667
-4.45876, -0.43315, 2.05481, 4.92853, -3.04475, 1.14074, 14.00000, 485718.00000, 71510.00000, 256344.07143, 15200332783.35204, 123289.62967, 0.90081, 1.49537, 0.16379, -0.65917, 0.42857, 0.57143
-4.85499, -0.43811, 0.72621, 4.92852, -3.05160, 1.42291, 29.00000, 415130.00000, 38296.00000, 177055.06897, 10367321778.61593, 101820.04605, 0.91102, 1.04077, 0.10419, -0.14496, 0.06897, 0.93103
-4.37124, -1.70460, 1.50894, 4.92852, -2.76977, 1.25963, 45.00000, 484224.00000, 19339.00000, 181016.64444, 16729202806.71803, 129341.41953, 0.91102, 0.93889, 0.37091, -0.30980, 0.24444, 0.75556
-4.62611, -0.87126, 1.44936, 4.92550, -2.95544, 1.27212, 16.00000, 437785.00000, 65547.00000, 205256.87500, 9692741120.98438, 98451.71975, 0.94766, 1.17386, 0.21070, -0.38457, 0.31250, 0.68750
-4.85499, -0.43811, -0.72621, 4.92852, -3.05160, 1.71868, 33.00000, 487585.00000, 14098.00000, 160393.69697, 13413677926.69605, 115817.43360, 0.91102, 0.80685, 0.08077, 0.11238, 0.03030, 0.96970
-4.45876, -0.43315, -2.05481, 4.92853, -3.04475, 2.00085, 42.00000, 397996.00000, 19121.00000, 127342.90476, 11432100738.60998, 106921.00233, 0.90081, 0.64502, 0.07065, 0.28433, 0.00000, 1.00000
-4.37124, -1.70460, -1.50894, 4.92852, -2.76977, 1.88196, 98.00000, 432670.00000, 13093.00000, 110688.71429, 10606019814.02040, 102985.53206, 0.91102, 0.57970, 0.22901, 0.19128, 0.08163, 0.91837
-4.62611, -0.87126, -1.44936, 4.92550, -2.95544, 1.86947, 27.00000, 491936.00000, 22937.00000, 175690.00000, 20896123460.00000, 144554.91503, 0.94766, 0.66353, 0.11910, 0.21738, 0.11111, 0.88889
-3.92241, -2.87963, 0.78273, 4.92852, -2.50831, 1.41130, 58.00000, 493795.00000, 36419.00000, 175411.41379, 12155597158.48395, 110252.42473, 0.91102, 0.65841, 0.46938, -0.12779, 0.41379, 0.58621
-3.92241, -2.87963, -0.78273, 4.92852, -2.50831, 1.73029, 99.00000, 465857.00000, 13244.00000, 95627.21212, 8835942886.24793, 93999.69620, 0.91102, 0.52439, 0.37383, 0.10178, 0.11111, 0.88889
-3.18882, -3.75791, 0.00000, 4.92853, -2.27446, 1.57080, 103.00000, 477598.00000, 13815.00000, 117058.32039, 10717802491.57696, 103526.82016, 0.90081, 0.46930, 0.53070, 0.00000, 0.24272, 0.75728
-3.73035, -3.21637, 0.00000, 4.92550, -2.43005, 1.57080, 73.00000, 454484.00000, 11684.00000, 147441.43836, 12343616642.02702, 111101.83006, 0.94766, 0.52918, 0.47082, -0.00000, 0.28767, 0.71233
-4.83686, -0.87622, 0.00000, 4.91558, -2.96238, 1.57080, 33.00000, 469816.00000, 35822.00000, 170052.87879, 15052033503.13682, 122686.72912, 1.08598, 0.84303, 0.15697, -0.00000, 0.18182, 0.81818
-4.35121, -2.14766, -0.78579, 4.91558, -2.68310, 1.73134, 76.00000, 436842.00000, 14880.00000, 127612.07895, 10718956820.94114, 103532.39503, 1.08598, 0.60022, 0.29439, 0.10538, 0.11842, 0.88158
-4.35121, -2.14766, 0.78579, 4.91558, -2.68310, 1.41025, 35.00000, 479881.00000, 25125.00000, 150223.57143, 13272304798.30204, 115205.48945, 1.08598, 0.76051, 0.37301, -0.13352, 0.22857, 0.77143
-4.58794, -1.75244, 0.00000, 4.91123, -2.77673, 1.57080, 41.00000, 496396.00000, 22496.00000, 145058.41463, 17149249548.63296, 130955.14327, 1.14286, 0.72361, 0.27639, -0.00000, 0.14634, 0.85366
-3.75791, 0.00000, -3.18882, 4.92853, 3.14159, 2.27446, 40.00000, 484280.00000, 33307.00000, 159189.00000, 13113149787.40000, 114512.66213, 0.90081, 0.53070, -0.00000, 0.46930, 0.07500, 0.92500
-2.87963, 0.78273, -3.92241, 4.92852, 2.87619, 2.49122, 28.00000, 412289.00000, 28999.00000, 157519.64286, 10233022791.37245, 101158.40445, 0.91102, 0.46938, -0.12779, 0.65841, 0.00000, 1.00000
-2.87963, -0.78273, -3.92241, 4.92852, -2.87619, 2.49122, 39.00000, 335379.00000, 23662.00000, 97815.25641, 7066907291.62656, 84064.89928, 0.91102, 0.37383, 0.10178, 0.52439, 0.02564, 0.97436
-3.21637, 0.00000, -3.73035, 4.92550, 3.14159, 2.43005, 23.00000, 498053.00000, 38396.00000, 169500.73913, 18804328867.14934, 137128.87685, 0.94766, 0.47082, 0.00000, 0.52918, 0.00000, 1.00000
-1.70460, 1.50894, -4.37124, 4.92852, 2.41700, 2.66145, 7.00000, 291125.00000, 36711.00000, 147644.57143, 5499189571.95918, 74156.52076, 0.91102, 0.37091, -0.30980, 0.93889, 0.00000, 1.00000
-0.43315, 2.05481, -4.45876, 4.92853, 1.77855, 2.70143, 3.00000, 428898.00000, 78569.00000, 238431.66667, 20923360246.88889, 144649.09349, 0.90081, 0.16379, -0.65917, 1.49537, 0.00000, 1.00000
-0.43811, 0.72621, -4.85499, 4.92852, 2.11363, 2.96865, 10.00000, 486802.00000, 28122.00000, 199530.20000, 19200450306.36000, 138565.68950, 0.91102, 0.10419, -0.14496, 1.04077, 0.00000, 1.00000
-0.87126, 1.44936, -4.62611, 4.92550, 2.11205, 2.79113, 4.00000, 243858.00000, 74736.00000, 158562.75000, 4757699754.68750, 68976.08103, 0.94766, 0.21070, -0.38457, 1.17386, 0.00000, 1.00000
-1.70460, -1.50894, -4.37124, 4.92852, -2.41700, 2.66145, 44.00000, 494004.00000, 25347.00000, 177903.68182, 22905953890.67149, 151347.13043, 0.91102, 0.22901, 0.19128, 0.57970, 0.09091, 0.90909
-0.43811, -0.72621, -4.85499, 4.92852, -2.11363, 2.96865, 17.00000, 449970.00000, 69556.00000, 215095.70588, 13739910959.73702, 117217.36629, 0.91102, 0.08077, 0.11238, 0.80685, 0.11765, 0.88235
-0.43315, -2.05481, -4.45876, 4.92853, -1.77855, 2.70143, 26.00000, 499238.00000, 33695.00000, 169980.34615, 19602236199.61095, 140007.98620, 0.90081, 0.07065, 0.28433, 0.64502, 0.19231, 0.80769
-0.87126, -1.44936, -4.62611, 4.92550, -2.11205, 2.79113, 26.00000, 455643.00000, 36450.00000, 164823.69231, 12891588006.21301, 113541.12914, 0.94766, 0.11910, 0.21738, 0.66353, 0.11538, 0.88462
-2.14766, 0.78579, -4.35121, 4.91558, 2.79084, 2.65769, 18.00000, 487131.00000, 65279.00000, 207757.33333, 19296216051.00000, 138910.82050, 1.08598, 0.37301, -0.13352, 0.76051, 0.11111, 0.88889
-0.87622, 0.00000, -4.83686, 4.91558, 3.14159, 2.96238, 6.00000, 232051.00000, 74810.00000, 165559.50000, 3989027422.91667, 63158.74779, 1.08598, 0.15697, 0.00000, 0.84303, 0.00000, 1.00000
-2.14766, -0.78579, -4.35121, 4.91558, -2.79084, 2.65769, 23.00000, 461311.00000, 26024.00000, 192557.26087, 11132787793.41021, 105512.02677, 1.08598, 0.29439, 0.10538, 0.60022, 0.08696, 0.91304
-1.75244, 0.00000, -4.58794, 4.91123, 3.14159, 2.77673, 17.00000, 436473.00000, 26778.00000, 160419.94118, 12649421067.82007, 112469.64510, 1.14286, 0.27639, 0.00000, 0.72361, 0.05882, 0.94118
0.70086, 2.75567, -4.02561, 4.92853, 1.32174, 2.52663, 5.00000, 471576.00000, 171062.00000, 345874.80000, 9513430485.36000, 97536.81605, 0.90081, -1.86160, -6.49176, 9.35336, 0.00000, 1.00000
1.49161, 3.48430, -3.15040, 4.92852, 1.16631, 2.26428, 0.00000, 0.00000, 0.00000, 0.00000, 0.00000, 0.00000, 0.91102, 0.81587, 1.82322, -1.63909, 0.00000, 0.00000
1.97536, 2.21782, -3.93313, 4.92852, 0.84316, 2.49482, 1.00000, 423363.00000, 423363.00000, 423363.00000, 0.00000, 0.00000, 0.91102, 5.51065, 6.05607, -10.56672, 0.00000, 1.00000
1.40973, 2.85909, -3.75484, 4.92550, 1.11271, 2.43770, 0.00000, 0.00000, 0.00000, 0.00000, 0.00000, 0.00000, 0.94766, 3.30198, 7.02665, -9.32863, 0.00000, 0.00000
2.21782, 3.93313, -1.97536, 4.92852, 1.05736, 1.98319, 1.00000, 458100.00000, 458100.00000, 458100.00000, 0.00000, 0.00000, 0.91102, 0.54500, 0.95092, -0.49591, 0.00000, 1.00000
2.75567, 4.02561, -0.70086, 4.92853, 0.97053, 1.71348, 0.00000, 0.00000, 0.00000, 0.00000, 0.00000, 0.00000, 0.90081, 0.46424, 0.66888, -0.13313, 0.00000, 0.00000
3.48430, 3.15040, -1.49161, 4.92852, 0.73511, 1.87827, 0.00000, 0.00000, 0.00000, 0.00000, 0.00000, 0.00000, 0.91102, 0.68893, 0.61936, -0.30829, 0.00000, 0.00000
2.85909, 3.75484, -1.40973, 4.92550, 0.92001, 1.86107, 1.00000, 450968.00000, 450968.00000, 450968.00000, 0.00000, 0.00000, 0.94766, 0.53830, 0.71466, -0.25296, 1.00000, 0.00000
3.15040, 1.49161, -3.48430, 4.92852, 0.44220, 2.35600, 3.00000, 483554.00000, 268539.00000, 354786.66667, 8609202730.88889, 92785.78949, 0.91102, 2.59457, 1.29147, -2.88604, 0.00000, 1.00000
3.93313, 1.97536, -2.21782, 4.92852, 0.46544, 2.03756, 0.00000, 0.00000, 0.00000, 0.00000, 0.00000, 0.00000, 0.91102, 1.05443, 0.54989, -0.60432, 0.00000, 0.00000
4.02561, 0.70086, -2.75567, 4.92853, 0.17237, 2.16413, 1.00000, 211164.00000, 211164.00000, 211164.00000, 0.00000, 0.00000, 0.90081, 1.98030, 0.39414, -1.37444, 0.00000, 1.00000
3.75484, 1.40973, -2.85909, 4.92550, 0.35916, 2.19010, 0.00000, 0.00000, 0.00000, 0.00000, 0.00000, 0.00000, 0.94766, 1.66465, 0.58922, -1.25387, 0.00000, 0.00000
2.20355, 3.47499, -2.68919, 4.91558, 1.00567, 2.14966, 1.00000, 457577.00000, 457577.00000, 457577.00000, 0.00000, 0.00000, 1.08598, 0.74373, 1.15838, -0.90211, 0.00000, 1.00000
3.47499, 2.68919, -2.20355, 4.91558, 0.65860, 2.03563, 2.00000, 449216.00000, 381168.00000, 415192.00000, 1157632576.00000, 34024.00000, 1.08598, 0.87972, 0.68510, -0.56481, 1.00000, 0.00000
2.68919, 2.20355, -3.47499, 4.91558, 0.68646, 2.35595, 0.00000, 0.00000, 0.00000, 0.00000, 0.00000, 0.00000, 1.08598, 1.85065, 1.52573, -2.37638, 0.00000, 0.00000
2.83550, 2.83550, -2.83550, 4.91123, 0.78540, 2.18628, 1.00000, 466300.00000, 466300.00000, 466300.00000, 0.00000, 0.00000, 1.14286, 1.00000, 1.00000, -1.00000, 1.00000, 0.00000
2.75567, -4.02561, 0.70086, 4.92853, -0.97053, 1.42811, 15.00000, 480708.00000, 45867.00000, 179971.53333, 13706300542.91556, 117073.91060, 0.90081, -6.49176, 9.35336, -1.86160, 0.93333, 0.06667
3.48430, -3.15040, 1.49161, 4.92852, -0.73511, 1.26333, 17.00000, 498627.00000, 58014.00000, 226997.35294, 12421829957.16955, 111453.26356, 0.91102, 1.82322, -1.63909, 0.81587, 1.00000, 0.00000
2.21782, -3.93313, 1.97536, 4.92852, -1.05736, 1.15840, 42.00000, 492502.00000, 30647.00000, 152880.76190, 12310562432.37188, 110952.97397, 0.91102, 6.05607, -10.56672, 5.51065, 0.97619, 0.02381
2.85909, -3.75484, 1.40973, 4.92550, -0.92001, 1.28053, 13.00000, 342976.00000, 36044.00000, 172436.00000, 7616363909.53846, 87271.78186, 0.94766, 7.02665, -9.32863, 3.30198, 0.84615, 0.15385
3.93313, -1.97536, 2.21782, 4.92852, -0.46544, 1.10403, 7.00000, 304391.00000, 70998.00000, 198395.28571, 5609054402.77551, 74893.62057, 0.91102, 0.95092, -0.49591, 0.54500, 1.00000, 0.00000
4.02561, -0.70086, 2.75567, 4.92853, -0.17237, 0.97747, 4.00000, 429449.00000, 119474.00000, 318235.25000, 14340473911.68750, 119751.71778, 0.90081, 0.66888, -0.13313, 0.46424, 1.00000, 0.00000
3.15040, -1.49161, 3.48430, 4.92852, -0.44220, 0.78559, 11.00000, 448534.00000, 71002.00000, 241083.36364, 17955388850.23140, 133997.71957, 0.91102, 0.61936, -0.30829, 0.68893, 1.00000, 0.00000
3.75484, -1.40973, 2.85909, 4.92550, -0.35916, 0.95149, 9.00000, 459824.00000, 54119.00000, 228859.88889, 22702134236.54321, 150672.27428, 0.94766, 0.71466, -0.25296, 0.53830, 1.00000, 0.00000
1.49161, -3.48430, 3.15040, 4.92852, -1.16631, 0.87732, 35.00000, 442609.00000, 28066.00000, 158773.51429, 10181965501.22122, 100905.72581, 0.91102, 1.29147, -2.88604, 2.59457, 0.94286, 0.05714
1.97536, -2.21782, 3.93313, 4.92852, -0.84316, 0.64677, 16.00000, 499838.00000, 38674.00000, 226232.87500, 19556869886.60938, 139845.87905, 0.91102, 0.54989, -0.60432, 1.05443, 0.93750, 0.06250
0.70086, -2.75567, 4.02561, 4.92853, -1.32174, 0.61496, 29.00000, 478375.00000, 40607.00000, 164977.75862, 14641744872.66587, 121003.07795, 0.90081, 0.39414, -1.37444, 1.98030, 0.93103, 0.06897
1.40973, -2.85909, 3.75484, 4.92550, -1.11271, 0.70390, 26.00000, 464531.00000, 36652.00000, 190734.23077, 14463532539.79290, 120264.42757, 0.94766, 0.58922, -1.25387, 1.66465, 0.96154, 0.03846
3.47499, -2.68919, 2.20355, 4.91558, -0.65860, 1.10596, 14.00000, 448578.00000, 126540.00000, 268438.28571, 12403085695.20408, 111369.14158, 1.08598, 1.15838, -0.90211, 0.74373, 0.78571, 0.21429
2.68919, -2.20355, 3.47499, 4.91558, -0.68646, 0.78564, 9.00000, 475127.00000, 95368.00000, 258518.88889, 15593730728.09876, 124874.86027, 1.08598, 0.68510, -0.56481, 0.87972, 1.00000, 0.00000
2.20355, -3.47499, 2.68919, 4.91558, -1.00567, 0.99193, 28.00000, 483870.00000, 34100.00000, 191751.21429, 14085339454.16837, 118681.67278, 1.08598, 1.52573, -2.37638, 1.85065, 0.89286, 0.10714
2.83550, -2.83550, 2.83550, 4.91123, -0.78540, 0.95532, 14.00000, 477942.00000, 75646.00000, 176334.64286, 10616790439.51531, 103037.81073, 1.14286, 1.00000, -1.00000, 1.00000, 0.92857, 0.07143
2.05481, -4.45876, 0.43315, 4.92853, -1.13896, 1.48280, 40.00000, 456121.00000, 48262.00000, 188823.97500, 9907439632.57438, 99536.12225, 0.90081, -0.98030, 2.22389, -0.24359, 0.77500, 0.22500
1.50894, -4.37124, 1.70460, 4.92852, -1.23841, 1.21764, 46.00000, 495932.00000, 32022.00000, 166571.00000, 10969089723.00000, 104733.42219, 0.91102, -1.19997, 3.63662, -1.43665, 0.86957, 0.13043
0.72621, -4.85499, 0.43811, 4.92852, -1.42232, 1.48179, 43.00000, 477707.00000, 27713.00000, 180171.30233, 16462906431.74581, 128307.85803, 0.91102, -0.18312, 1.31474, -0.13162, 0.81395, 0.18605
1.44936, -4.62611, 0.87126, 4.92550, -1.26718, 1.39297, 36.00000, 453583.00000, 36457.00000, 187393.63889, 12487118245.28626, 111745.77507, 0.94766, -0.66465, 2.02881, -0.36416, 0.94444, 0.05556
0.78273, -3.92241, 2.87963, 4.92852, -1.37383, 0.94680, 44.00000, 453006.00000, 18356.00000, 150250.29545, 13165843816.29907, 114742.51094, 0.91102, -2.08678, 10.75154, -7.66476, 0.93182, 0.06818
0.00000, -3.18882, 3.75791, 4.92853, -1.57080, 0.70366, 34.00000, 454523.00000, 32141.00000, 160222.61765, 12357750130.88322, 111165.41787, 0.90081, 0.00000, -7.64229, 8.64229, 0.97059, 0.02941
-0.78273, -3.92241, 2.87963, 4.92852, -1.76776, 0.94680, 74.00000, 498826.00000, 10745.00000, 158483.21622, 14807160077.98028, 121684.67479, 0.91102, 0.40335, 2.07817, -1.48153, 0.87838, 0.12162
0.00000, -3.73035, 3.21637, 4.92550, -1.57080, 0.85925, 51.00000, 477581.00000, 36388.00000, 152900.58824, 14884877901.18339, 122003.59790, 0.94766, -0.00000, 9.06739, -8.06739, 0.98039, 0.01961
-0.72621, -4.85499, 0.43811, 4.92852, -1.71928, 1.48179, 75.00000, 494007.00000, 21308.00000, 145785.21333, 11134385241.87449, 105519.59648, 0.91102, 0.13403, 0.96230, -0.09634, 0.69333, 0.30667
-1.50894, -4.37124, 1.70460, 4.92852, -1.90319, 1.21764, 91.00000, 487227.00000, 13625.00000, 142424.84615, 12268643544.83348, 110763.90904, 0.91102, 0.35294, 1.06961, -0.42255, 0.79121, 0.20879
-2.05481, -4.45876, 0.43315, 4.92853, -2.00263, 1.48280, 85.00000, 467532.00000, 14857.00000, 130571.88235, 11828151618.62145, 108757.30605, 0.90081, 0.33112, 0.75116, -0.08228, 0.48235, 0.51765
-1.44936, -4.62611, 0.87126, 4.92550, -1.87441, 1.39297, 66.00000, 490059.00000, 14986.00000, 149694.00000, 13632801659.60606, 116759.58915, 0.94766, 0.28534, 0.87099, -0.15634, 0.62121, 0.37879
0.78579, -4.35121, 2.14766, 4.91558, -1.39213, 1.11864, 41.00000, 476660.00000, 15942.00000, 177706.97561, 20344816072.90185, 142635.25536, 1.08598, -0.52573, 2.99442, -1.46868, 0.87805, 0.12195
-0.78579, -4.35121, 2.14766, 4.91558, -1.74946, 1.11864, 57.00000, 477100.00000, 24111.00000, 162129.47368, 15699406452.35457, 125297.27233, 1.08598, 0.25627, 1.45965, -0.71592, 0.84211, 0.15789
0.00000, -4.83686, 0.87622, 4.91558, -1.57080, 1.39159, 60.00000, 469197.00000, 25551.00000, 151828.90000, 12509375541.02333, 111845.31971, 1.08598, -0.00000, 1.22879, -0.22879, 0.83333, 0.16667
0.00000, -4.58794, 1.75244, 4.91123, -1.57080, 1.20593, 62.00000, 475475.00000, 16645.00000, 120287.67742, 9691258619.86368, 98444.19038, 1.14286, -0.00000, 1.61803, -0.61803, 0.93548, 0.06452
2.05481, -4.45876, -0.43315, 4.92853, -1.13896, 1.65880, 28.00000, 410637.00000, 27306.00000, 193434.67857, 11832879392.07525, 108779.03930, 0.90081, -0.65917, 1.49537, 0.16379, 0.78571, 0.21429
0.72621, -4.85499, -0.43811, 4.92852, -1.42232, 1.65981, 64.00000, 493529.00000, 30912.00000, 185111.01562, 16104100904.82788, 126901.93420, 0.91102, -0.14496, 1.04077, 0.10419, 0.81250, 0.18750
1.50894, -4.37124, -1.70460, 4.92852, -1.23841, 1.92396, 32.00000, 432519.00000, 38804.00000, 205125.46875, 12875629684.24902, 113470.83187, 0.91102, -0.30980, 0.93889, 0.37091, 0.59375, 0.40625
1.44936, -4.62611, -0.87126, 4.92550, -1.26718, 1.74862, 34.00000, 456175.00000, 50212.00000, 156990.32353, 11604829530.63062, 107725.71434, 0.94766, -0.38457, 1.17386, 0.21070, 0.64706, 0.35294
-0.72621, -4.85499, -0.43811, 4.92852, -1.71928, 1.65981, 76.00000, 480265.00000, 20896.00000, 152653.81579, 13246049473.36080, 115091.48306, 0.91102, 0.11238, 0.80685, 0.08077, 0.63158, 0.36842
-2.05481, -4.45876, -0.43315, 4.92853, -2.00263, 1.65880, 94.00000, 476268.00000, 21173.00000, 139348.54255, 11156434485.95032, 105624.02419, 0.90081, 0.28433, 0.64502, 0.07065, 0.43617, 0.56383
-1.50894, -4.37124, -1.70460, 4.92852, -1.90319, 1.92396, 79.00000, 470201.00000, 15055.00000, 124473.10127, 11669982089.71127, 108027.69131, 0.91102, 0.19128, 0.57970, 0.22901, 0.17722, 0.82278
-1.44936, -4.62611, -0.87126, 4.92550, -1.87441, 1.74862, 88.00000, 493338.00000, 12002.00000, 151267.84091, 18078577002.54287, 134456.59895, 0.94766, 0.21738, 0.66353, 0.11910, 0.32955, 0.67045
0.78273, -3.92241, -2.87963, 4.92852, -1.37383, 2.19479, 32.00000, 443356.00000, 45677.00000, 193069.28125, 12316362713.88965, 110979.10936, 0.91102, -0.12779, 0.65841, 0.46938, 0.34375, 0.65625
-0.78273, -3.92241, -2.87963, 4.92852, -1.76776, 2.19479, 63.00000, 493826.00000, 26544.00000, 135694.00000, 13550379106.92064, 116406.09566, 0.91102, 0.10178, 0.52439, 0.37383, 0.19048, 0.80952
0.00000, -3.18882, -3.75791, 4.92853, -1.57080, 2.43793, 28.00000, 479473.00000, 37989.00000, 213505.64286, 17030390910.37245, 130500.53989, 0.90081, 0.00000, 0.46930, 0.53070, 0.14286, 0.85714
0.00000, -3.73035, -3.21637, 4.92550, -1.57080, 2.28234, 30.00000, 496176.00000, 36040.00000, 175167.03333, 15334859142.96556, 123833.99833, 0.94766, -0.00000, 0.52918, 0.47082, 0.30000, 0.70000
0.00000, -4.83686, -0.87622, 4.91558, -1.57080, 1.75001, 38.00000, 451845.00000, 33228.00000, 168337.34211, 11139073749.75138, 105541.81043, 1.08598, -0.00000, 0.84303, 0.15697, 0.34211, 0.65789
-0.78579, -4.35121, -2.14766, 4.91558, -1.74946, 2.02296, 67.00000, 494306.00000, 10379.00000, 139380.23881, 14082290104.83850, 118668.82533, 1.08598, 0.10538, 0.60022, 0.29439, 0.28358, 0.71642
0.78579, -4.35121, -2.14766, 4.91558, -1.39213, 2.02296, 33.00000, 486539.00000, 33153.00000, 191932.42424, 14604807268.42608, 120850.35072, 1.08598, -0.13352, 0.76051, 0.37301, 0.36364, 0.63636
0.00000, -4.58794, -1.75244, 4.91123, -1.57080, 1.93566, 44.00000, 470287.00000, 49644.00000, 149200.68182, 8226582901.76240, 90700.51214, 1.14286, -0.00000, 0.72361, 0.27639, 0.47727, 0.52273
2.75567, -4.02561, -0.70086, 4.92853, -0.97053, 1.71348, 15.00000, 465523.00000, 58873.00000, 211348.66667, 14007821401.55556, 118354.64250, 0.90081, -1.37444, 1.98030, 0.39414, 0.86667, 0.13333
2.21782, -3.93313, -1.97536, 4.92852, -1.05736, 1.98319, 21.00000, 498219.00000, 62355.00000, 257380.95238, 19243792039.56916, 138721.99551, 0.91102, -0.60432, 1.05443, 0.54989, 0.66667, 0.33333
3.48430, -3.15040, -1.49161, 4.92852, -0.73511, 1.87827, 10.00000, 368554.00000, 167082.00000, 297866.40000, 3864090995.04000, 62161.81300, 0.91102, -2.88604, 2.59457, 1.29147, 0.50000, 0.50000
2.85909, -3.75484, -1.40973, 4.92550, -0.92001, 1.86107, 11.00000, 418973.00000, 149209.00000, 240373.63636, 8507954148.04959, 92238.57191, 0.94766, -1.25387, 1.66465, 0.58922, 0.63636, 0.36364
1.49161, -3.48430, -3.15040, 4.92852, -1.16631, 2.26428, 27.00000, 496102.00000, 52068.00000, 215100.37037, 13371287284.08505, 115634.28248, 0.91102, -0.30829, 0.68893, 0.61936, 0.51852, 0.48148
0.70086, -2.75567, -4.02561, 4.92853, -1.32174, 2.52663, 17.00000, 456645.00000, 48254.00000, 204125.64706, 13556607010.81661, 116432.84335, 0.90081, -0.13313, 0.46424, 0.66888, 0.11765, 0.88235
1.97536, -2.21782, -3.93313, 4.92852, -0.84316, 2.49482, 11.00000, 405346.00000, 64454.00000, 189533.54545, 12016206087.15702, 109618.45687, 0.91102, -0.49591, 0.54500, 0.95092, 0.27273, 0.72727
1.40973, -2.85909, -3.75484, 4.92550, -1.11271, 2.43770, 15.00000, 464906.00000, 62099.00000, 208998.93333, 15728592934.19555, 125413.68719, 0.94766, -0.25296, 0.53830, 0.71466, 0.26667, 0.73333
3.93313, -1.97536, -2.21782, 4.92852, -0.46544, 2.03756, 4.00000, 432661.00000, 300511.00000, 387421.00000, 2647579335.50000, 51454.63376, 0.91102, -10.56672, 5.51065, 6.05607, 1.00000, 0.00000
3.15040, -1.49161, -3.48430, 4.92852, -0.44220, 2.35600, 8.00000, 354768.00000, 117477.00000, 227523.87500, 7452819727.10938, 86329.71520, 0.91102, -1.63909, 0.81587, 1.82322, 0.12500, 0.87500
4.02561, -0.70086, -2.75567, 4.92853, -0.17237, 2.16413, 2.00000, 456109.00000, 354779.00000, 405444.00000, 2566942225.00000, 50665.00000, 0.90081, 9.35336, -1.86160, -6.49176, 0.50000, 0.50000
3.75484, -1.40973, -2.85909, 4.92550, -0.35916, 2.19010, 7.00000, 443844.00000, 109656.00000, 249586.28571, 13474502254.20408, 116079.72370, 0.94766, -9.32863, 3.30198, 7.02665, 0.28571, 0.71429
2.20355, -3.47499, -2.68919, 4.91558, -1.00567, 2.14966, 11.00000, 472664.00000, 49208.00000, 222679.90909, 18569505736.44628, 136269.97372, 1.08598, -0.56481, 0.87972, 0.68510, 0.27273, 0.72727
2.68919, -2.20355, -3.47499, 4.91558, -0.68646, 2.35595, 4.00000, 397137.00000, 164683.00000, 258394.75000, 7429004702.18750, 86191.67420, 1.08598, -0.90211, 0.74373, 1.15838, 0.25000, 0.75000
3.47499, -2.68919, -2.20355, 4.91558, -0.65860, 2.03563, 1.00000, 163552.00000, 163552.00000, 163552.00000, 0.00000, 0.00000, 1.08598, -2.37638, 1.85065, 1.52573, 0.00000, 1.00000
2.83550, -2.83550, -2.83550, 4.91123, -0.78540, 2.18628, 7.00000, 486980.00000, 109030.00000, 290220.00000, 21365794706.57143, 146170.43034, 1.14286, -1.00000, 1.00000, 1.00000, 0.85714, 0.14286
3.18882, -3.75791, 0.00000, 4.92853, -0.86714, 1.57080, 19.00000, 460932.00000, 45124.00000, 249143.89474, 15870709077.35734, 125979.00253, 0.90081, -7.64229, 8.64229, -0.00000, 0.84211, 0.15789
3.92241, -2.87963, -0.78273, 4.92852, -0.63328, 1.73029, 10.00000, 396930.00000, 112790.00000, 257169.50000, 5888890259.05000, 76739.10515, 0.91102, 10.75154, -7.66476, -2.08678, 0.60000, 0.40000
3.92241, -2.87963, 0.78273, 4.92852, -0.63328, 1.41130, 14.00000, 311544.00000, 65378.00000, 165294.64286, 4936753007.08674, 70262.03105, 0.91102, 2.07817, -1.48153, 0.40335, 0.85714, 0.14286
3.73035, -3.21637, 0.00000, 4.92550, -0.71154, 1.57080, 8.00000, 363721.00000, 106597.00000, 243546.50000, 9034931602.25000, 95052.25722, 0.94766, 9.06739, -8.06739, 0.00000, 0.75000, 0.25000
4.37124, -1.70460, -1.50894, 4.92852, -0.37182, 1.88196, 4.00000, 422950.00000, 184576.00000, 334218.00000, 8684086470.00000, 93188.44601, 0.91102, 3.63662, -1.43665, -1.19997, 0.25000, 0.75000
4.45876, -0.43315, -2.05481, 4.92853, -0.09684, 2.00085, 0.00000, 0.00000, 0.00000, 0.00000, 0.00000, 0.00000, 0.90081, 2.22389, -0.24359, -0.98030, 0.00000, 0.00000
4.85499, -0.43811, -0.72621, 4.92852, -0.09000, 1.71868, 0.00000, 0.00000, 0.00000, 0.00000, 0.00000, 0.00000, 0.91102, 1.31474, -0.13162, -0.18312, 0.00000, 0.00000
4.62611, -0.87126, -1.44936, 4.92550, -0.18616, 1.86947, 1.00000, 329016.00000, 329016.00000, 329016.00000, 0.00000, 0.00000, 0.94766, 2.02881, -0.36416, -0.66465, 1.00000, 0.00000
4.37124, -1.70460, 1.50894, 4.92852, -0.37182, 1.25963, 4.00000, 287188.00000, 126575.00000, 177447.75000, 4120951610.68750, 64194.63849, 0.91102, 1.06961, -0.42255, 0.35294, 1.00000, 0.00000
4.85499, -0.43811, 0.72621, 4.92852, -0.09000, 1.42291, 2.00000, 282762.00000, 235723.00000, 259242.50000, 553166880.25000, 23519.50000, 0.91102, 0.96230, -0.09634, 0.13403, 1.00000, 0.00000
4.45876, -0.43315, 2.05481, 4.92853, -0.09684, 1.14074, 1.00000, 171190.00000, 171190.00000, 171190.00000, 0.00000, 0.00000, 0.90081, 0.75116, -0.08228, 0.33112, 1.00000, 0.00000
4.62611, -0.87126, 1.44936, 4.92550, -0.18616, 1.27212, 6.00000, 453959.00000, 87493.00000, 323114.33333, 17071060416.55556, 130656.26819, 0.94766, 0.87099, -0.15634, 0.28534, 1.00000, 0.00000
4.35121, -2.14766, -0.78579, 4.91558, -0.45850, 1.73134, 4.00000, 498517.00000, 206669.00000, 366348.00000, 11656677473.50000, 107966.09409, 1.08598, 2.99442, -1.46868, -0.52573, 0.25000, 0.75000
4.83686, -0.87622, 0.00000, 4.91558, -0.17921, 1.57080, 3.00000, 384580.00000, 277835.00000, 342491.00000, 2153717248.66667, 46408.15929, 1.08598, 1.22879, -0.22879, 0.00000, 0.66667, 0.33333
4.35121, -2.14766, 0.78579, 4.91558, -0.45850, 1.41025, 4.00000, 352388.00000, 200248.00000, 268088.00000, 3432146862.50000, 58584.52750, 1.08598, 1.45965, -0.71592, 0.25627, 1.00000, 0.00000
4.58794, -1.75244, 0.00000, 4.91123, -0.36486, 1.57080, 1.00000, 414138.00000, 414138.00000, 414138.00000, 0.00000, 0.00000, 1.14286, 1.61803, -0.61803, 0.00000, 1.00000, 0.00000
0.43315, -2.05481, 4.45876, 4.92853, -1.36304, 0.44016, 21.00000, 494208.00000, 60625.00000, 218189.95238, 13900503652.71202, 117900.39717, 0.90081, 0.16379, -0.65917, 1.49537, 0.95238, 0.04762
1.70460, -1.50894, 4.37124, 4.92852, -0.72459, 0.48015, 10.00000, 318441.00000, 65694.00000, 204843.90000, 5506280440.49000, 74204.31551, 0.91102, 0.37091, -0.30980, 0.93889, 0.90000, 0.10000
0.43811, -0.72621, 4.85499, 4.92852, -1.02797, 0.17295, 11.00000, 423965.00000, 70092.00000, 241712.90909, 12580744258.62810, 112163.91692, 0.91102, 0.10419, -0.14496, 1.04077, 1.00000, 0.00000
0.87126, -1.44936, 4.62611, 4.92550, -1.02954, 0.35046, 11.00000, 463942.00000, 79155.00000, 224960.63636, 13729284243.32232, 117172.02842, 0.94766, 0.21070, -0.38457, 1.17386, 1.00000, 0.00000
2.87963, -0.78273, 3.92241, 4.92852, -0.26540, 0.65037, 5.00000, 393396.00000, 104181.00000, 213462.80000, 12898221503.76000, 113570.33725, 0.91102, 0.46938, -0.12779, 0.65841, 1.00000, 0.00000
3.75791, 0.00000, 3.18882, 4.92853, 0.00000, 0.86714, 6.00000, 456106.00000, 186834.00000, 348198.50000, 7618539678.91667, 87284.24645, 0.90081, 0.53070, -0.00000, 0.46930, 0.83333, 0.16667
2.87963, 0.78273, 3.92241, 4.92852, 0.26540, 0.65037, 3.00000, 390501.00000, 323118.00000, 345838.66667, 997463149.55556, 31582.64000, 0.91102, 0.37383, 0.10178, 0.52439, 0.66667, 0.33333
3.21637, 0.00000, 3.73035, 4.92550, 0.00000, 0.71154, 4.00000, 363714.00000, 120907.00000, 264376.00000, 7992177051.50000, 89398.97679, 0.94766, 0.47082, -0.00000, 0.52918, 1.00000, 0.00000
0.43811, 0.72621, 4.85499, 4.92852, 1.02797, 0.17295, 5.00000, 464136.00000, 159271.00000, 331020.80000, 16906745755.76000, 130025.94263, 0.91102, 0.08077, 0.11238, 0.80685, 1.00000, 0.00000
1.70460, 1.50894, 4.37124, 4.92852, 0.72459, 0.48015, 3.00000, 489294.00000, 154878.00000, 299269.00000, 19680241154.00000, 140286.28284, 0.91102, 0.22901, 0.19128, 0.57970, 1.00000, 0.00000
0.43315, 2.05481, 4.45876, 4.92853, 1.36304, 0.44016, 1.00000, 398291.00000, 398291.00000, 398291.00000, 0.00000, 0.00000, 0.90081, 0.07065, 0.28433, 0.64502, 1.00000, 0.00000
0.87126, 1.44936, 4.62611, 4.92550, 1.02954, 0.35046, 2.00000, 452284.00000, 131902.00000, 292093.00000, 25661156481.00000, 160191.00000, 0.94766, 0.11910, 0.21738, 0.66353, 1.00000, 0.00000
2.14766, -0.78579, 4.35121, 4.91558, -0.35075, 0.48390, 5.00000, 354084.00000, 60048.00000, 234799.80000, 10108152713.76000, 100539.30930, 1.08598, 0.37301, -0.13352, 0.76051, 1.00000, 0.00000
2.14766, 0.78579, 4.35121, 4.91558, 0.35075, 0.48390, 1.00000, 154811.00000, 154811.00000, 154811.00000, 0.00000, 0.00000, 1.08598, 0.29439, 0.10538, 0.60022, 1.00000, 0.00000
0.87622, 0.00000, 4.83686, 4.91558, 0.00000, 0.17921, 6.00000, 489705.00000, 146784.00000, 361471.00000, 16869914692.66667, 129884.23574, 1.08598, 0.15697, -0.00000, 0.84303, 0.83333, 0.16667
1.75244, 0.00000, 4.58794, 4.91123, 0.00000, 0.36486, 6.00000, 445034.00000, 205682.00000, 334969.33333, 9630289347.22222, 98134.03766, 1.14286, 0.27639, 0.00000, 0.72361, 0.83333, 0.16667
-2.75567, -4.02561, 0.70086, 4.92853, -2.17107, 1.42811, 62.00000, 476102.00000, 28786.00000, 169423.12903, 12135501709.04787, 110161.25321, 0.90081, 0.46424, 0.66888, -0.13313, 0.38710, 0.61290
-2.21782, -3.93313, 1.97536, 4.92852, -2.08423, 1.15840, 67.00000, 481605.00000, 26675.00000, 141014.56716, 11498960557.46937, 107233.20641, 0.91102, 0.54500, 0.95092, -0.49591, 0.82090, 0.17910
-3.48430, -3.15040, 1.49161, 4.92852, -2.40648, 1.26333, 49.00000, 456538.00000, 32624.00000, 163046.18367, 12736216555.66014, 112854.84728, 0.91102, 0.68893, 0.61936, -0.30829, 0.53061, 0.46939
-2.85909, -3.75484, 1.40973, 4.92550, -2.22158, 1.28053, 55.00000, 488528.00000, 31880.00000, 165942.09091, 14328437846.70083, 119701.45298, 0.94766, 0.53830, 0.71466, -0.25296, 0.61818, 0.38182
-1.49161, -3.48430, 3.15040, 4.92852, -1.97528, 0.87732, 55.00000, 457332.00000, 27780.00000, 163175.40000, 10666644414.02182, 103279.44817, 0.91102, 0.81587, 1.82322, -1.63909, 0.80000, 0.20000
-0.70086, -2.75567, 4.02561, 4.92853, -1.81985, 0.61496, 36.00000, 388869.00000, 20061.00000, 144959.05556, 7046971866.71914, 83946.24391, 0.90081, -1.86160, -6.49176, 9.35336, 0.97222, 0.02778
-1.97536, -2.21782, 3.93313, 4.92852, -2.29844, 0.64677, 30.00000, 488742.00000, 36332.00000, 213037.96667, 18420310262.23222, 135721.44363, 0.91102, 5.51065, 6.05607, -10.56672, 0.76667, 0.23333
-1.40973, -2.85909, 3.75484, 4.92550, -2.02888, 0.70390, 28.00000, 351832.00000, 21196.00000, 151624.60714, 7598189770.95281, 87167.59588, 0.94766, 3.30198, 7.02665, -9.32863, 0.85714, 0.14286
-3.93313, -1.97536, 2.21782, 4.92852, -2.67616, 1.10403, 34.00000, 472103.00000, 27756.00000, 201487.32353, 16098814941.21886, 126881.10553, 0.91102, 1.05443, 0.54989, -0.60432, 0.41176, 0.58824
-3.15040, -1.49161, 3.48430, 4.92852, -2.69940, 0.78559, 29.00000, 474390.00000, 71775.00000, 220911.58621, 10024623550.03567, 100123.04205, 0.91102, 2.59457, 1.29147, -2.88604, 0.62069, 0.37931
-4.02561, -0.70086, 2.75567, 4.92853, -2.96922, 0.97747, 11.00000, 483024.00000, 71857.00000, 262379.72727, 15884174003.83471, 126032.43235, 0.90081, 1.98030, 0.39414, -1.37444, 0.45455, 0.54545
-3.75484, -1.40973, 2.85909, 4.92550, -2.78243, 0.95149, 19.00000, 413457.00000, 50891.00000, 211369.21053, 9217947193.42936, 96010.14110, 0.94766, 1.66465, 0.58922, -1.25387, 0.68421, 0.31579
-2.20355, -3.47499, 2.68919, 4.91558, -2.13592, 0.99193, 45.00000, 495854.00000, 21855.00000, 160834.75556, 10426036952.49580, 102107.96714, 1.08598, 0.74373, 1.15838, -0.90211, 0.73333, 0.26667
-2.68919, -2.20355, 3.47499, 4.91558, -2.45513, 0.78564, 22.00000, 495351.00000, 48349.00000, 251961.00000, 19547512981.45454, 139812.42070, 1.08598, 1.85065, 1.52573, -2.37638, 0.77273, 0.22727
-3.47499, -2.68919, 2.20355, 4.91558, -2.48299, 1.10596, 34.00000, 459549.00000, 34997.00000, 199082.32353, 15183077372.98356, 123219.63063, 1.08598, 0.87972, 0.68510, -0.56481, 0.47059, 0.52941
-2.83550, -2.83550, 2.83550, 4.91123, -2.35619, 0.95532, 45.00000, 491838.00000, 34158.00000, 185335.48889, 14865481226.42765, 121924.07976, 1.14286, 1.00000, 1.00000, -1.00000, 0.68889, 0.31111
-0.70086, -2.75567, -4.02561, 4.92853, -1.81985, 2.52663, 40.00000, 422728.00000, 17794.00000, 132335.37500, 14134893098.98438, 118890.25654, 0.90081, 0.10514, 0.36663, 0.52824, 0.02500, 0.97500
-1.49161, -3.48430, -3.15040, 4.92852, -1.97528, 2.26428, 106.00000, 449186.00000, 14255.00000, 126966.57547, 13624434591.65940, 116723.75333, 0.91102, 0.19070, 0.42617, 0.38313, 0.09434, 0.90566
-1.97536, -2.21782, -3.93313, 4.92852, -2.29844, 2.49482, 72.00000, 470662.00000, 11598.00000, 125726.50000, 12896971178.50000, 113564.83249, 0.91102, 0.24897, 0.27362, 0.47741, 0.09722, 0.90278
-1.40973, -2.85909, -3.75484, 4.92550, -2.02888, 2.43770, 53.00000, 442908.00000, 17399.00000, 112102.05660, 11613641435.97793, 107766.60631, 0.94766, 0.16798, 0.35746, 0.47456, 0.00000, 1.00000
-2.21782, -3.93313, -1.97536, 4.92852, -2.08423, 1.98319, 148.00000, 492163.00000, 10406.00000, 103534.68919, 10912473940.33583, 104462.78735, 0.91102, 0.27362, 0.47741, 0.24897, 0.15541, 0.84459
-2.75567, -4.02561, -0.70086, 4.92853, -2.17107, 1.71348, 101.00000, 495314.00000, 8715.00000, 105275.13861, 11490876037.78277, 107195.50381, 0.90081, 0.36663, 0.52824, 0.10514, 0.16832, 0.83168
-3.48430, -3.15040, -1.49161, 4.92852, -2.40648, 1.87827, 141.00000, 465330.00000, 6097.00000, 108010.28369, 11106332398.03300, 105386.58547, 0.91102, 0.42617, 0.38313, 0.19070, 0.10638, 0.89362
-2.85909, -3.75484, -1.40973, 4.92550, -2.22158, 1.86107, 130.00000, 499186.00000, 10749.00000, 100315.54615, 12093352980.47864, 109969.78212, 0.94766, 0.35746, 0.47456, 0.16798, 0.05385, 0.94615
-3.15040, -1.49161, -3.48430, 4.92852, -2.69940, 2.35600, 89.00000, 462881.00000, 16367.00000, 124678.06742, 10075588857.88309, 100377.23277, 0.91102, 0.38313, 0.19070, 0.42617, 0.02247, 0.97753
-3.93313, -1.97536, -2.21782, 4.92852, -2.67616, 2.03756, 100.00000, 496733.00000, 7250.00000, 106590.08000, 11037964966.55360, 105061.71980, 0.91102, 0.47741, 0.24897, 0.27362, 0.06000, 0.94000
-4.02561, -0.70086, -2.75567, 4.92853, -2.96922, 2.16413, 55.00000, 399382.00000, 18242.00000, 142916.09091, 12067350721.75537, 109851.49394, 0.90081, 0.52824, 0.10514, 0.36663, 0.07273, 0.92727
-3.75484, -1.40973, -2.85909, 4.92550, -2.78243, 2.19010, 60.00000, 479895.00000, 14137.00000, 121490.61667, 12667681423.76972, 112550.79486, 0.94766, 0.47456, 0.16798, 0.35746, 0.06667, 0.93333
-2.20355, -3.47499, -2.68919, 4.91558, -2.13592, 2.14966, 104.00000, 493138.00000, 12703.00000, 98869.94231, 11456856817.01590, 107036.70780, 1.08598, 0.26522, 0.41309, 0.32170, 0.06731, 0.93269
-3.47499, -2.68919, -2.20355, 4.91558, -2.48299, 2.03563, 100.00000, 405366.00000, 9097.00000, 73715.95000, 5873269556.24750, 76637.25958, 1.08598, 0.41309, 0.32170, 0.26522, 0.04000, 0.96000
-2.68919, -2.20355, -3.47499, 4.91558, -2.45513, 2.35595, 73.00000, 483118.00000, 9280.00000, 131382.91781, 13734892255.41790, 117195.95665, 1.08598, 0.32170, 0.26522, 0.41309, 0.06849, 0.93151
-2.83550, -2.83550, -2.83550, 4.91123, -2.35619, 2.18628, 99.00000, 473120.00000, 10482.00000, 100803.63636, 11220588201.14050, 105927.27789, 1.14286, 0.33333, 0.33333, 0.33333, 0.06061, 0.93939
3.75791, 0.00000, -3.18882, 4.92853, 0.00000, 2.27446, 3.00000, 360427.00000, 114957.00000, 258823.66667, 10935681488.88889, 104573.80881, 0.90081, 8.64229, 0.00000, -7.64229, 0.66667, 0.33333
2.87963, -0.78273, -3.92241, 4.92852, -0.26540, 2.49122, 3.00000, 451398.00000, 78125.00000, 233869.33333, 25130774010.88889, 158526.88734, 0.91102, -1.48153, 0.40335, 2.07817, 0.00000, 1.00000
2.87963, 0.78273, -3.92241, 4.92852, 0.26540, 2.49122, 0.00000, 0.00000, 0.00000, 0.00000, 0.00000, 0.00000, 0.91102, -7.66476, -2.08678, 10.75154, 0.00000, 0.00000
3.21637, 0.00000, -3.73035, 4.92550, 0.00000, 2.43005, 2.00000, 287663.00000, 186295.00000, 236979.00000, 2568867856.00000, 50684.00000, 0.94766, -8.06739, -0.00000, 9.06739, 0.00000, 1.00000
1.70460, -1.50894, -4.37124, 4.92852, -0.72459, 2.66145, 8.00000, 334624.00000, 72928.00000, 195817.87500, 7664320795.60938, 87546.10668, 0.91102, -0.42255, 0.35294, 1.06961, 0.12500, 0.87500
0.43315, -2.05481, -4.45876, 4.92853, -1.36304, 2.70143, 25.00000, 495519.00000, 64879.00000, 217647.08000, 12824364696.47360, 113244.71156, 0.90081, -0.08228, 0.33112, 0.75116, 0.32000, 0.68000
0.43811, -0.72621, -4.85499, 4.92852, -1.02797, 2.96865, 12.00000, 399631.00000, 73029.00000, 215809.66667, 10990010273.05556, 104833.24984, 0.91102, -0.09634, 0.13403, 0.96230, 0.08333, 0.91667
0.87126, -1.44936, -4.62611, 4.92550, -1.02954, 2.79113, 13.00000, 499364.00000, 66904.00000, 257518.38462, 23289930917.77515, 152610.38929, 0.94766, -0.15634, 0.28534, 0.87099, 0.07692, 0.92308
1.70460, 1.50894, -4.37124, 4.92852, 0.72459, 2.66145, 0.00000, 0.00000, 0.00000, 0.00000, 0.00000, 0.00000, 0.91102, -1.43665, -1.19997, 3.63662, 0.00000, 0.00000
0.43811, 0.72621, -4.85499, 4.92852, 1.02797, 2.96865, 8.00000, 469693.00000, 114932.00000, 292869.50000, 15031567177.75000, 122603.29187, 0.91102, -0.13162, -0.18312, 1.31474, 0.12500, 0.87500
0.43315, 2.05481, -4.45876, 4.92853, 1.36304, 2.70143, 3.00000, 413289.00000, 162460.00000, 283040.00000, 10532609320.66667, 102628.50150, 0.90081, -0.24359, -0.98030, 2.22389, 0.33333, 0.66667
0.87126, 1.44936, -4.62611, 4.92550, 1.02954, 2.79113, 1.00000, 334565.00000, 334565.00000, 334565.00000, 0.00000, 0.00000, 0.94766, -0.36416, -0.66465, 2.02881, 0.00000, 1.00000
2.14766, -0.78579, -4.35121, 4.91558, -0.35075, 2.65769, 4.00000, 279214.00000, 221188.00000, 236356.00000, 612917277.50000, 24757.16618, 1.08598, -0.71592, 0.25627, 1.45965, 0.25000, 0.75000
0.87622, 0.00000, -4.83686, 4.91558, 0.00000, 2.96238, 6.00000, 457766.00000, 76122.00000, 214784.00000, 18241981583.66667, 135062.88011, 1.08598, -0.22879, -0.00000, 1.22879, 0.00000, 1.00000
2.14766, 0.78579, -4.35121, 4.91558, 0.35075, 2.65769, 3.00000, 304227.00000, 133869.00000, 195508.66667, 5945175121.55556, 77104.96172, 1.08598, -1.46868, -0.52573, 2.99442, 0.00000, 1.00000
1.75244, 0.00000, -4.58794, 4.91123, 0.00000, 2.77673, 6.00000, 460034.00000, 47590.00000, 296998.83333, 19363361590.47223, 139152.29639, 1.14286, -0.61803, -0.00000, 1.61803, 0.00000, 1.00000
4.45876, 0.43315, 2.05481, 4.92853, 0.09684, 1.14074, 2.00000, 420233.00000, 159031.00000, 289632.00000, 17056621201.00000, 130601.00000, 0.90081, 0.64502, 0.07065, 0.28433, 1.00000, 0.00000
4.85499, 0.43811, 0.72621, 4.92852, 0.09000, 1.42291, 1.00000, 248618.00000, 248618.00000, 248618.00000, 0.00000, 0.00000, 0.91102, 0.80685, 0.08077, 0.11238, 0.00000, 1.00000
4.37124, 1.70460, 1.50894, 4.92852, 0.37182, 1.25963, 2.00000, 359283.00000, 201545.00000, 280414.00000, 6220319161.00000, 78869.00000, 0.91102, 0.57970, 0.22901, 0.19128, 1.00000, 0.00000
4.62611, 0.87126, 1.44936, 4.92550, 0.18616, 1.27212, 2.00000, 365032.00000, 330133.00000, 347582.50000, 304485050.25000, 17449.50000, 0.94766, 0.66353, 0.11910, 0.21738, 1.00000, 0.00000
4.85499, 0.43811, -0.72621, 4.92852, 0.09000, 1.71868, 4.00000, 465825.00000, 205673.00000, 357029.25000, 10086457403.18750, 100431.35667, 0.91102, 1.04077, 0.10419, -0.14496, 0.75000, 0.25000
4.45876, 0.43315, -2.05481, 4.92853, 0.09684, 2.00085, 0.00000, 0.00000, 0.00000, 0.00000, 0.00000, 0.00000, 0.90081, 1.49537, 0.16379, -0.65917, 0.00000, 0.00000
4.37124, 1.70460, -1.50894, 4.92852, 0.37182, 1.88196, 0.00000, 0.00000, 0.00000, 0.00000, 0.00000, 0.00000, 0.91102, 0.93889, 0.37091, -0.30980, 0.00000, 0.00000
4.62611, 0.87126, -1.44936, 4.92550, 0.18616, 1.86947, 0.00000, 0.00000, 0.00000, 0.00000, 0.00000, 0.00000, 0.94766, 1.17386, 0.21070, -0.38457, 0.00000, 0.00000
3.92241, 2.87963, 0.78273, 4.92852, 0.63328, 1.41130, 0.00000, 0.00000, 0.00000, 0.00000, 0.00000, 0.00000, 0.91102, 0.52439, 0.37383, 0.10178, 0.00000, 0.00000
3.92241, 2.87963, -0.78273, 4.92852, 0.63328, 1.73029, 1.00000, 365415.00000, 365415.00000, 365415.00000, 0.00000, 0.00000, 0.91102, 0.65841, 0.46938, -0.12779, 1.00000, 0.00000
3.18882, 3.75791, 0.00000, 4.92853, 0.86714, 1.57080, 0.00000, 0.00000, 0.00000, 0.00000, 0.00000, 0.00000, 0.90081, 0.46930, 0.53070, 0.00000, 0.00000, 0.00000
3.73035, 3.21637, 0.00000, 4.92550, 0.71154, 1.57080, 1.00000, 494962.00000, 494962.00000, 494962.00000, 0.00000, 0.00000, 0.94766, 0.52918, 0.47082, 0.00000, 1.00000, 0.00000
4.83686, 0.87622, 0.00000, 4.91558, 0.17921, 1.57080, 0.00000, 0.00000, 0.00000, 0.00000, 0.00000, 0.00000, 1.08598, 0.84303, 0.15697, 0.00000, 0.00000, 0.00000
4.35121, 2.14766, -0.78579, 4.91558, 0.45850, 1.73134, 1.00000, 376719.00000, 376719.00000, 376719.00000, 0.00000, 0.00000, 1.08598, 0.76051, 0.37301, -0.13352, 1.00000, 0.00000
4.35121, 2.14766, 0.78579, 4.91558, 0.45850, 1.41025, 0.00000, 0.00000, 0.00000, 0.00000, 0.00000, 0.00000, 1.08598, 0.60022, 0.29439, 0.10538, 0.00000, 0.00000
4.58794, 1.75244, 0.00000, 4.91123, 0.36486, 1.57080, 1.00000, 349446.00000, 349446.00000, 349446.00000, 0.00000, 0.00000, 1.14286, 0.72361, 0.27639, -0.00000, 0.00000, 1.00000
