-2.75567, 4.02561, 0.70086, 4.92853, 2.17107, 1.42811, 3.00000, 429709.00000, 105080.00000, 270057.33333, 17578179302.88889, 132582.72626, 0.90081, -1.37444, 1.98030, 0.39414, 0.33333, 0.66667
-3.48430, 3.15040, 1.49161, 4.92852, 2.40648, 1.26333, 8.00000, 453252.00000, 173253.00000, 321648.00000, 10905850482.00000, 104431.08006, 0.91102, -2.88604, 2.59457, 1.29147, 0.12500, 0.87500
-2.21782, 3.93313, 1.97536, 4.92852, 2.08423, 1.15840, 6.00000, 497320.00000, 104976.00000, 277008.16667, 18795660748.13889, 137097.26747, 0.91102, -0.60432, 1.05443, 0.54989, 0.33333, 0.66667
-2.85909, 3.75484, 1.40973, 4.92550, 2.22158, 1.28053, 6.00000, 323925.00000, 98999.00000, 193035.50000, 7236006983.91667, 85064.72232, 0.94766, -1.25387, 1.66465, 0.58922, 0.00000, 1.00000
-3.93313, 1.97536, 2.21782, 4.92852, 2.67616, 1.10403, 6.00000, 285714.00000, 101882.00000, 143430.66667, 4208333503.88889, 64871.66950, 0.91102, -10.56672, 5.51065, 6.05607, 0.00000, 1.00000
-4.02561, 0.70086, 2.75567, 4.92853, 2.96922, 0.97747, 17.00000, 408366.00000, 64519.00000, 159169.05882, 7921297500.40830, 89001.67133, 0.90081, 9.35336, -1.86160, -6.49176, 0.00000, 1.00000
-3.15040, 1.49161, 3.48430, 4.92852, 2.69940, 0.78559, 31.00000, 445467.00000, 49044.00000, 217535.87097, 12867382431.14464, 113434.48519, 0.91102, -1.63909, 0.81587, 1.82322, 0.00000, 1.00000
-3.75484, 1.40973, 2.85909, 4.92550, 2.78243, 0.95149, 24.00000, 470175.00000, 23596.00000, 156680.04167, 14368130800.12327, 119867.13812, 0.94766, -9.32863, 3.30198, 7.02665, 0.04167, 0.95833
-1.49161, 3.48430, 3.15040, 4.92852, 1.97528, 0.87732, 7.00000, 440420.00000, 124632.00000, 225913.57143, 11939604061.67347, 109268.49528, 0.91102, -0.30829, 0.68893, 0.61936, 0.00000, 1.00000
-1.97536, 2.21782, 3.93313, 4.92852, 2.29844, 0.64677, 16.00000, 447859.00000, 33699.00000, 132673.62500, 10697156397.48438, 103427.05834, 0.91102, -0.49591, 0.54500, 0.95092, 0.00000, 1.00000
-0.70086, 2.75567, 4.02561, 4.92853, 1.81985, 0.61496, 17.00000, 492928.00000, 49932.00000, 211528.17647, 14494751876.85121, 120394.15217, 0.90081, -0.13313, 0.46424, 0.66888, 0.00000, 1.00000
-1.40973, 2.85909, 3.75484, 4.92550, 2.02888, 0.70390, 13.00000, 447356.00000, 92446.00000, 248720.84615, 12395557652.89941, 111335.33874, 0.94766, -0.25296, 0.53830, 0.71466, 0.00000, 1.00000
-3.47499, 2.68919, 2.20355, 4.91558, 2.48299, 1.10596, 6.00000, 375901.00000, 134919.00000, 234423.00000, 6677683649.33333, 81717.09521, 1.08598, -2.37638, 1.85065, 1.52573, 0.00000, 1.00000
-2.68919, 2.20355, 3.47499, 4.91558, 2.45513, 0.78564, 13.00000, 499388.00000, 56630.00000, 167920.30769, 12328660876.05917, 111034.50309, 1.08598, -0.90211, 0.74373, 1.15838, 0.00000, 1.00000
-2.20355, 3.47499, 2.68919, 4.91558, 2.13592, 0.99193, 14.00000, 418924.00000, 65998.00000, 193734.42857, 13430167897.95918, 115888.60124, 1.08598, -0.56481, 0.87972, 0.68510, 0.00000, 1.00000
-2.83550, 2.83550, 2.83550, 4.91123, 2.35619, 0.95532, 12.00000, 462007.00000, 59062.00000, 165637.25000, 12126397747.52083, 110119.92439, 1.14286, -1.00000, 1.00000, 1.00000, 0.00000, 1.00000
-2.05481, 4.45876, 0.43315, 4.92853, 2.00263, 1.48280, 5.00000, 410848.00000, 226499.00000, 300584.80000, 4670638007.76000, 68342.06617, 0.90081, -0.65917, 1.49537, 0.16379, 0.80000, 0.20000
-1.50894, 4.37124, 1.70460, 4.92852, 1.90319, 1.21764, 5.00000, 417753.00000, 155422.00000, 300622.40000, 9359457259.84000, 96744.28800, 0.91102, -0.30980, 0.93889, 0.37091, 0.40000, 0.60000
-0.72621, 4.85499, 0.43811, 4.92852, 1.71928, 1.48179, 2.00000, 497277.00000, 364586.00000, 430931.50000, 4401725370.25000, 66345.50000, 0.91102, -0.14496, 1.04077, 0.10419, 0.00000, 1.00000
-1.44936, 4.62611, 0.87126, 4.92550, 1.87441, 1.39297, 4.00000, 306726.00000, 246753.00000, 269922.00000, 572773702.50000, 23932.69108, 0.94766, -0.38457, 1.17386, 0.21070, 0.00000, 1.00000
-0.78273, 3.92241, 2.87963, 4.92852, 1.76776, 0.94680, 8.00000, 413231.00000, 176002.00000, 271677.50000, 4867640828.00000, 69768.48019, 0.91102, -0.12779, 0.65841, 0.46938, 0.00000, 1.00000
0.00000, 3.18882, 3.75791, 4.92853, 1.57080, 0.70366, 4.00000, 484280.00000, 62655.00000, 340085.00000, 27162576054.50000, 164810.72797, 0.90081, -0.00000, 0.46930, 0.53070, 0.00000, 1.00000
0.78273, 3.92241, 2.87963, 4.92852, 1.37383, 0.94680, 1.00000, 47493.00000, 47493.00000, 47493.00000, 0.00000, 0.00000, 0.91102, 0.10178, 0.52439, 0.37383, 0.00000, 1.00000
0.00000, 3.73035, 3.21637, 4.92550, 1.57080, 0.85925, 5.00000, 490518.00000, 97443.00000, 240396.40000, 19548041311.44000, 139814.31011, 0.94766, -0.00000, 0.52918, 0.47082, 0.00000, 1.00000
0.72621, 4.85499, 0.43811, 4.92852, 1.42232, 1.48179, 0.00000, 0.00000, 0.00000, 0.00000, 0.00000, 0.00000, 0.91102, 0.11238, 0.80685, 0.08077, 0.00000, 0.00000
1.50894, 4.37124, 1.70460, 4.92852, 1.23841, 1.21764, 1.00000, 387564.00000, 387564.00000, 387564.00000, 0.00000, 0.00000, 0.91102, 0.19128, 0.57970, 0.22901, 1.00000, 0.00000
2.05481, 4.45876, 0.43315, 4.92853, 1.13896, 1.48280, 1.00000, 192401.00000, 192401.00000, 192401.00000, 0.00000, 0.00000, 0.90081, 0.28433, 0.64502, 0.07065, 0.00000, 1.00000
1.44936, 4.62611, 0.87126, 4.92550, 1.26718, 1.39297, 2.00000, 479524.00000, 357613.00000, 418568.50000, 3715572980.25000, 60955.50000, 0.94766, 0.21738, 0.66353, 0.11910, 1.00000, 0.00000
-0.78579, 4.35121, 2.14766, 4.91558, 1.74946, 1.11864, 1.00000, 445642.00000, 445642.00000, 445642.00000, 0.00000, 0.00000, 1.08598, -0.13352, 0.76051, 0.37301, 0.00000, 1.00000
0.78579, 4.35121, 2.14766, 4.91558, 1.39213, 1.11864, 1.00000, 469958.00000, 469958.00000, 469958.00000, 0.00000, 0.00000, 1.08598, 0.10538, 0.60022, 0.29439, 0.00000, 1.00000
0.00000, 4.83686, 0.87622, 4.91558, 1.57080, 1.39159, 4.00000, 432447.00000, 222984.00000, 313360.00000, 8041586377.50000, 89674.89268, 1.08598, -0.00000, 0.84303, 0.15697, 0.25000, 0.75000
0.00000, 4.58794, 1.75244, 4.91123, 1.57080, 1.20593, 0.00000, 0.00000, 0.00000, 0.00000, 0.00000, 0.00000, 1.14286, 0.00000, 0.72361, 0.27639, 0.00000, 0.00000
-2.05481, 4.45876, -0.43315, 4.92853, 2.00263, 1.65880, 2.00000, 494078.00000, 232560.00000, 363319.00000, 17097916081.00000, 130759.00000, 0.90081, -0.98030, 2.22389, -0.24359, 0.50000, 0.50000
-0.72621, 4.85499, -0.43811, 4.92852, 1.71928, 1.65981, 3.00000, 260627.00000, 168866.00000, 221764.00000, 1501837466.00000, 38753.54779, 0.91102, -0.18312, 1.31474, -0.13162, 0.66667, 0.33333
-1.50894, 4.37124, -1.70460, 4.92852, 1.90319, 1.92396, 4.00000, 483900.00000, 303523.00000, 400340.75000, 4310749762.18750, 65656.30025, 0.91102, -1.19997, 3.63662, -1.43665, 0.75000, 0.25000
-1.44936, 4.62611, -0.87126, 4.92550, 1.87441, 1.74862, 5.00000, 473038.00000, 146181.00000, 331058.00000, 14070280190.80000, 118618.21189, 0.94766, -0.66465, 2.02881, -0.36416, 0.60000, 0.40000
0.72621, 4.85499, -0.43811, 4.92852, 1.42232, 1.65981, 5.00000, 458763.00000, 220377.00000, 328831.20000, 5963461200.16000, 77223.44981, 0.91102, 0.13403, 0.96230, -0.09634, 1.00000, 0.00000
2.05481, 4.45876, -0.43315, 4.92853, 1.13896, 1.65880, 1.00000, 192476.00000, 192476.00000, 192476.00000, 0.00000, 0.00000, 0.90081, 0.33112, 0.75116, -0.08228, 1.00000, 0.00000
1.50894, 4.37124, -1.70460, 4.92852, 1.23841, 1.92396, 2.00000, 487012.00000, 296008.00000, 391510.00000, 9120632004.00000, 95502.00000, 0.91102, 0.35294, 1.06961, -0.42255, 1.00000, 0.00000
1.44936, 4.62611, -0.87126, 4.92550, 1.26718, 1.74862, 3.00000, 424534.00000, 188007.00000, 284162.33333, 10301712354.88889, 101497.35147, 0.94766, 0.28534, 0.87099, -0.15634, 1.00000, 0.00000
-0.78273, 3.92241, -2.87963, 4.92852, 1.76776, 2.19479, 8.00000, 443177.00000, 160062.00000, 288108.62500, 10372490009.23438, 101845.42213, 0.91102, -2.08678, 10.75154, -7.66476, 1.00000, 0.00000
0.78273, 3.92241, -2.87963, 4.92852, 1.37383, 2.19479, 8.00000, 491513.00000, 121594.00000, 278094.12500, 13636064111.60938, 116773.55913, 0.91102, 0.40335, 2.07817, -1.48153, 1.00000, 0.00000
0.00000, 3.18882, -3.75791, 4.92853, 1.57080, 2.43793, 11.00000, 397581.00000, 90126.00000, 240139.00000, 10661636662.54545, 103255.20162, 0.90081, -0.00000, -7.64229, 8.64229, 1.00000, 0.00000
0.00000, 3.73035, -3.21637, 4.92550, 1.57080, 2.28234, 5.00000, 462699.00000, 133676.00000, 259847.40000, 13221655001.84000, 114985.45561, 0.94766, 0.00000, 9.06739, -8.06739, 1.00000, 0.00000
0.00000, 4.83686, -0.87622, 4.91558, 1.57080, 1.75001, 3.00000, 422097.00000, 124314.00000, 281507.66667, 14916971124.22222, 122135.05281, 1.08598, 0.00000, 1.22879, -0.22879, 0.66667, 0.33333
0.78579, 4.35121, -2.14766, 4.91558, 1.39213, 2.02296, 4.00000, 479103.00000, 137266.00000, 367170.50000, 18086321368.25000, 134485.39463, 1.08598, 0.25627, 1.45965, -0.71592, 1.00000, 0.00000
-0.78579, 4.35121, -2.14766, 4.91558, 1.74946, 2.02296, 6.00000, 413577.00000, 106373.00000, 288730.00000, 11915023509.00000, 109155.95957, 1.08598, -0.52573, 2.99442, -1.46868, 1.00000, 0.00000
0.00000, 4.58794, -1.75244, 4.91123, 1.57080, 1.93566, 5.00000, 437043.00000, 151378.00000, 293729.40000, 9161886231.44000, 95717.74251, 1.14286, 0.00000, 1.61803, -0.61803, 0.60000, 0.40000
-2.75567, 4.02561, -0.70086, 4.92853, 2.17107, 1.71348, 4.00000, 458454.00000, 114416.00000, 295931.75000, 15340344644.18750, 123856.14496, 0.90081, -6.49176, 9.35336, -1.86160, 0.75000, 0.25000
-2.21782, 3.93313, -1.97536, 4.92852, 2.08423, 1.98319, 3.00000, 378597.00000, 158996.00000, 270469.00000, 8043027712.66667, 89682.92877, 0.91102, 6.05607, -10.56672, 5.51065, 0.66667, 0.33333
-3.48430, 3.15040, -1.49161, 4.92852, 2.40648, 1.87827, 7.00000, 321976.00000, 174021.00000, 251390.85714, 2422972790.40816, 49223.70151, 0.91102, 1.82322, -1.63909, 0.81587, 0.57143, 0.42857
-2.85909, 3.75484, -1.40973, 4.92550, 2.22158, 1.86107, 4.00000, 449769.00000, 68264.00000, 250674.75000, 23511766261.68750, 153335.46968, 0.94766, 7.02665, -9.32863, 3.30198, 0.75000, 0.25000
-1.49161, 3.48430, -3.15040, 4.92852, 1.97528, 2.26428, 7.00000, 499322.00000, 264609.00000, 384018.28571, 5532749956.48980, 74382.45732, 0.91102, 1.29147, -2.88604, 2.59457, 0.85714, 0.14286
-0.70086, 2.75567, -4.02561, 4.92853, 1.81985, 2.52663, 10.00000, 444291.00000, 83381.00000, 288325.00000, 11188535832.60000, 105775.87548, 0.90081, 0.39414, -1.37444, 1.98030, 1.00000, 0.00000
-1.97536, 2.21782, -3.93313, 4.92852, 2.29844, 2.49482, 8.00000, 346635.00000, 34951.00000, 196705.25000, 10671843206.68750, 103304.61368, 0.91102, 0.54989, -0.60432, 1.05443, 1.00000, 0.00000
-1.40973, 2.85909, -3.75484, 4.92550, 2.02888, 2.43770, 12.00000, 367754.00000, 62134.00000, 205449.33333, 12517074880.72222, 111879.73400, 0.94766, 0.58922, -1.25387, 1.66465, 1.00000, 0.00000
-3.93313, 1.97536, -2.21782, 4.92852, 2.67616, 2.03756, 7.00000, 430618.00000, 118446.00000, 289384.57143, 10697318055.67347, 103427.83985, 0.91102, 0.95092, -0.49591, 0.54500, 0.85714, 0.14286
-3.15040, 1.49161, -3.48430, 4.92852, 2.69940, 2.35600, 24.00000, 485319.00000, 72458.00000, 253371.70833, 12524545614.62327, 111913.11637, 0.91102, 0.61936, -0.30829, 0.68893, 0.95833, 0.04167
-4.02561, 0.70086, -2.75567, 4.92853, 2.96922, 2.16413, 11.00000, 443787.00000, 65228.00000, 290427.90909, 19251818167.53719, 138750.92132, 0.90081, 0.66888, -0.13313, 0.46424, 1.00000, 0.00000
-3.75484, 1.40973, -2.85909, 4.92550, 2.78243, 2.19010, 9.00000, 471106.00000, 177399.00000, 305802.44444, 7363402143.35802, 85810.26829, 0.94766, 0.71466, -0.25296, 0.53830, 0.55556, 0.44444
-2.20355, 3.47499, -2.68919, 4.91558, 2.13592, 2.14966, 4.00000, 353535.00000, 156393.00000, 260295.75000, 4886657856.68750, 69904.63401, 1.08598, 1.52573, -2.37638, 1.85065, 1.00000, 0.00000
-2.68919, 2.20355, -3.47499, 4.91558, 2.45513, 2.35595, 8.00000, 329581.00000, 59597.00000, 220913.37500, 8880971518.73438, 94238.90661, 1.08598, 0.68510, -0.56481, 0.87972, 1.00000, 0.00000
-3.47499, 2.68919, -2.20355, 4.91558, 2.48299, 2.03563, 10.00000, 486665.00000, 90800.00000, 254510.70000, 13440502678.01000, 115933.18195, 1.08598, 1.15838, -0.90211, 0.74373, 0.70000, 0.30000
-2.83550, 2.83550, -2.83550, 4.91123, 2.35619, 2.18628, 7.00000, 469239.00000, 129744.00000, 288123.00000, 19597050950.28571, 139989.46728, 1.14286, 1.00000, -1.00000, 1.00000, 0.85714, 0.14286
-3.18882, 3.75791, 0.00000, 4.92853, 2.27446, 1.57080, 7.00000, 297567.00000, 144572.00000, 236750.85714, 2661319289.83673, 51587.97621, 0.90081, -7.64229, 8.64229, 0.00000, 0.14286, 0.85714
-3.92241, 2.87963, -0.78273, 4.92852, 2.50831, 1.73029, 3.00000, 472413.00000, 254848.00000, 340639.33333, 8946275693.55556, 94584.75402, 0.91102, 2.07817, -1.48153, 0.40335, 0.66667, 0.33333
-3.92241, 2.87963, 0.78273, 4.92852, 2.50831, 1.41130, 11.00000, 404279.00000, 109420.00000, 247800.81818, 6112677431.42149, 78183.61357, 0.91102, 10.75154, -7.66476, -2.08678, 0.00000, 1.00000
-3.73035, 3.21637, 0.00000, 4.92550, 2.43005, 1.57080, 5.00000, 387425.00000, 158612.00000, 278654.60000, 5957715805.84000, 77186.24104, 0.94766, 9.06739, -8.06739, -0.00000, 0.20000, 0.80000
-4.37124, 1.70460, -1.50894, 4.92852, 2.76977, 1.88196, 6.00000, 460010.00000, 217141.00000, 331661.33333, 7897341041.88889, 88866.98511, 0.91102, 1.06961, -0.42255, 0.35294, 1.00000, 0.00000
-4.45876, 0.43315, -2.05481, 4.92853, 3.04475, 2.00085, 6.00000, 386814.00000, 81728.00000, 228979.33333, 11638646912.55556, 107882.56074, 0.90081, 0.75116, -0.08228, 0.33112, 0.50000, 0.50000
-4.85499, 0.43811, -0.72621, 4.92852, 3.05160, 1.71868, 7.00000, 499795.00000, 87801.00000, 284821.85714, 26959868802.69388, 164194.60650, 0.91102, 0.96230, -0.09634, 0.13403, 0.57143, 0.42857
-4.62611, 0.87126, -1.44936, 4.92550, 2.95544, 1.86947, 6.00000, 425065.00000, 114496.00000, 268580.50000, 11390534331.58333, 106726.44626, 0.94766, 0.87099, -0.15634, 0.28534, 0.66667, 0.33333
-4.37124, 1.70460, 1.50894, 4.92852, 2.76977, 1.25963, 19.00000, 417547.00000, 48301.00000, 235392.47368, 15140463002.24931, 123046.58875, 0.91102, 3.63662, -1.43665, -1.19997, 0.15789, 0.84211
-4.85499, 0.43811, 0.72621, 4.92852, 3.05160, 1.42291, 13.00000, 490058.00000, 44081.00000, 218145.53846, 13101758983.94082, 114462.91532, 0.91102, 1.31474, -0.13162, -0.18312, 0.15385, 0.84615
-4.45876, 0.43315, 2.05481, 4.92853, 3.04475, 1.14074, 20.00000, 420108.00000, 24876.00000, 134254.80000, 12653899027.76000, 112489.55075, 0.90081, 2.22389, -0.24359, -0.98030, 0.00000, 1.00000
-4.62611, 0.87126, 1.44936, 4.92550, 2.95544, 1.27212, 11.00000, 482929.00000, 54171.00000, 196320.45455, 18964940799.70248, 137713.25572, 0.94766, 2.02881, -0.36416, -0.66465, 0.00000, 1.00000
-4.35121, 2.14766, -0.78579, 4.91558, 2.68310, 1.73134, 4.00000, 429898.00000, 49651.00000, 198276.25000, 19816852143.68750, 140772.34154, 1.08598, 1.45965, -0.71592, 0.25627, 0.25000, 0.75000
-4.83686, 0.87622, 0.00000, 4.91558, 2.96238, 1.57080, 10.00000, 498812.00000, 139799.00000, 293442.50000, 16320058510.45000, 127749.98439, 1.08598, 1.22879, -0.22879, -0.00000, 0.10000, 0.90000
-4.35121, 2.14766, 0.78579, 4.91558, 2.68310, 1.41025, 9.00000, 382096.00000, 82986.00000, 212816.44444, 8631810180.46914, 92907.53565, 1.08598, 2.99442, -1.46868, -0.52573, 0.22222, 0.77778
-4.58794, 1.75244, 0.00000, 4.91123, 2.77673, 1.57080, 5.00000, 470942.00000, 109047.00000, 244315.40000, 14520705945.84000, 120501.89188, 1.14286, 1.61803, -0.61803, -0.00000, 0.20000, 0.80000
2.75567, 4.02561, 0.70086, 4.92853, 0.97053, 1.42811, 3.00000, 442673.00000, 173201.00000, 299906.33333, 12231509678.22222, 110596.15580, 0.90081, 0.36663, 0.52824, 0.10514, 0.33333, 0.66667
2.21782, 3.93313, 1.97536, 4.92852, 1.05736, 1.15840, 0.00000, 0.00000, 0.00000, 0.00000, 0.00000, 0.00000, 0.91102, 0.27362, 0.47741, 0.24897, 0.00000, 0.00000
3.48430, 3.15040, 1.49161, 4.92852, 0.73511, 1.26333, 1.00000, 150801.00000, 150801.00000, 150801.00000, 0.00000, 0.00000, 0.91102, 0.42617, 0.38313, 0.19070, 1.00000, 0.00000
2.85909, 3.75484, 1.40973, 4.92550, 0.92001, 1.28053, 1.00000, 192461.00000, 192461.00000, 192461.00000, 0.00000, 0.00000, 0.94766, 0.35746, 0.47456, 0.16798, 0.00000, 1.00000
1.49161, 3.48430, 3.15040, 4.92852, 1.16631, 0.87732, 5.00000, 449004.00000, 161266.00000, 258279.40000, 10890015569.04000, 104355.23738, 0.91102, 0.19070, 0.42617, 0.38313, 0.00000, 1.00000
0.70086, 2.75567, 4.02561, 4.92853, 1.32174, 0.61496, 10.00000, 353939.00000, 80758.00000, 199121.70000, 6909898818.21000, 83125.80116, 0.90081, 0.10514, 0.36663, 0.52824, 0.00000, 1.00000
1.97536, 2.21782, 3.93313, 4.92852, 0.84316, 0.64677, 6.00000, 375121.00000, 165445.00000, 298938.16667, 6392384990.80556, 79952.39203, 0.91102, 0.24897, 0.27362, 0.47741, 0.00000, 1.00000
1.40973, 2.85909, 3.75484, 4.92550, 1.11271, 0.70390, 8.00000, 444976.00000, 94569.00000, 228345.12500, 15600704856.35938, 124902.78162, 0.94766, 0.16798, 0.35746, 0.47456, 0.00000, 1.00000
3.93313, 1.97536, 2.21782, 4.92852, 0.46544, 1.10403, 0.00000, 0.00000, 0.00000, 0.00000, 0.00000, 0.00000, 0.91102, 0.47741, 0.24897, 0.27362, 0.00000, 0.00000
3.15040, 1.49161, 3.48430, 4.92852, 0.44220, 0.78559, 1.00000, 476094.00000, 476094.00000, 476094.00000, 0.00000, 0.00000, 0.91102, 0.38313, 0.19070, 0.42617, 0.00000, 1.00000
4.02561, 0.70086, 2.75567, 4.92853, 0.17237, 0.97747, 5.00000, 431636.00000, 88769.00000, 268844.40000, 17379204413.44000, 131830.21055, 0.90081, 0.52824, 0.10514, 0.36663, 0.20000, 0.80000
3.75484, 1.40973, 2.85909, 4.92550, 0.35916, 0.95149, 0.00000, 0.00000, 0.00000, 0.00000, 0.00000, 0.00000, 0.94766, 0.47456, 0.16798, 0.35746, 0.00000, 0.00000
2.20355, 3.47499, 2.68919, 4.91558, 1.00567, 0.99193, 0.00000, 0.00000, 0.00000, 0.00000, 0.00000, 0.00000, 1.08598, 0.26522, 0.41309, 0.32170, 0.00000, 0.00000
2.68919, 2.20355, 3.47499, 4.91558, 0.68646, 0.78564, 1.00000, 435086.00000, 435086.00000, 435086.00000, 0.00000, 0.00000, 1.08598, 0.32170, 0.26522, 0.41309, 0.00000, 1.00000
3.47499, 2.68919, 2.20355, 4.91558, 0.65860, 1.10596, 4.00000, 450964.00000, 193667.00000, 379521.50000, 11552872715.25000, 107484.29055, 1.08598, 0.41309, 0.32170, 0.26522, 0.25000, 0.75000
2.83550, 2.83550, 2.83550, 4.91123, 0.78540, 0.95532, 2.00000, 299850.00000, 145718.00000, 222784.00000, 5939168356.00000, 77066.00000, 1.14286, 0.33333, 0.33333, 0.33333, 0.00000, 1.00000
-0.43315, 2.05481, 4.45876, 4.92853, 1.77855, 0.44016, 17.00000, 399424.00000, 32374.00000, 195783.52941, 13374628196.95502, 115648.72761, 0.90081, -0.08228, 0.33112, 0.75116, 0.00000, 1.00000
-1.70460, 1.50894, 4.37124, 4.92852, 2.41700, 0.48015, 43.00000, 450601.00000, 28793.00000, 167953.65116, 14709182355.38994, 121281.41801, 0.91102, -0.42255, 0.35294, 1.06961, 0.02326, 0.97674
-0.43811, 0.72621, 4.85499, 4.92852, 2.11363, 0.17295, 37.00000, 434906.00000, 28294.00000, 142435.13514, 7637871503.84660, 87394.91692, 0.91102, -0.09634, 0.13403, 0.96230, 0.00000, 1.00000
-0.87126, 1.44936, 4.62611, 4.92550, 2.11205, 0.35046, 29.00000, 490454.00000, 17933.00000, 230825.31034, 24782328967.59334, 157424.04190, 0.94766, -0.15634, 0.28534, 0.87099, 0.00000, 1.00000
-2.87963, 0.78273, 3.92241, 4.92852, 2.87619, 0.65037, 45.00000, 443757.00000, 21867.00000, 146441.17778, 12131324597.16839, 110142.29250, 0.91102, -1.48153, 0.40335, 2.07817, 0.00000, 1.00000
-3.75791, 0.00000, 3.18882, 4.92853, 3.14159, 0.86714, 43.00000, 442030.00000, 15972.00000, 124054.72093, 9513380865.68956, 97536.56169, 0.90081, 8.64229, -0.00000, -7.64229, 0.00000, 1.00000
-2.87963, -0.78273, 3.92241, 4.92852, -2.87619, 0.65037, 85.00000, 407188.00000, 9386.00000, 82982.38824, 6097377534.47280, 78085.70634, 0.91102, -7.66476, -2.08678, 10.75154, 0.00000, 1.00000
-3.21637, 0.00000, 3.73035, 4.92550, 3.14159, 0.71154, 50.00000, 313993.00000, 22604.00000, 93253.58000, 5065732203.36360, 71173.95734, 0.94766, -8.06739, 0.00000, 9.06739, 0.00000, 1.00000
-0.43811, -0.72621, 4.85499, 4.92852, -2.11363, 0.17295, 53.00000, 496445.00000, 20033.00000, 117222.22642, 11935812596.66572, 109251.14460, 0.91102, -0.13162, -0.18312, 1.31474, 0.00000, 1.00000
-1.70460, -1.50894, 4.37124, 4.92852, -2.41700, 0.48015, 103.00000, 497031.00000, 10584.00000, 93505.72816, 9483415296.33387, 97382.82855, 0.91102, -1.43665, -1.19997, 3.63662, 0.00000, 1.00000
-0.43315, -2.05481, 4.45876, 4.92853, -1.77855, 0.44016, 60.00000, 329388.00000, 13762.00000, 88452.03333, 5796537591.86556, 76134.99584, 0.90081, -0.24359, -0.98030, 2.22389, 0.00000, 1.00000
-0.87126, -1.44936, 4.62611, 4.92550, -2.11205, 0.35046, 80.00000, 494962.00000, 11427.00000, 116143.13750, 11848070922.54359, 108848.84438, 0.94766, -0.36416, -0.66465, 2.02881, 0.01250, 0.98750
-2.14766, 0.78579, 4.35121, 4.91558, 2.79084, 0.48390, 36.00000, 483694.00000, 13808.00000, 127229.69444, 10846931988.32330, 104148.60531, 1.08598, -0.71592, 0.25627, 1.45965, 0.00000, 1.00000
-2.14766, -0.78579, 4.35121, 4.91558, -2.79084, 0.48390, 82.00000, 441603.00000, 13238.00000, 105533.02439, 8932947665.56038, 94514.27228, 1.08598, -1.46868, -0.52573, 2.99442, 0.00000, 1.00000
-0.87622, 0.00000, 4.83686, 4.91558, 3.14159, 0.17921, 44.00000, 456607.00000, 20504.00000, 108102.72727, 9018921389.15289, 94968.00192, 1.08598, -0.22879, 0.00000, 1.22879, 0.00000, 1.00000
-1.75244, 0.00000, 4.58794, 4.91123, 3.14159, 0.36486, 67.00000, 454563.00000, 16448.00000, 138395.64179, 13664104817.18512, 116893.56192, 1.14286, -0.61803, 0.00000, 1.61803, 0.00000, 1.00000
-4.45876, -0.43315, 2.05481, 4.92853, -3.04475, 1.14074, 29.00000, 477388.00000, 35181.00000, 175663.96552, 14241766713.55053, 119338.87344, 0.90081, 1.49537, 0.16379, -0.65917, 0.00000, 1.00000
-4.85499, -0.43811, 0.72621, 4.92852, -3.05160, 1.42291, 16.00000, 411308.00000, 42325.00000, 197270.87500, 12756852889.98438, 112946.23894, 0.91102, 1.04077, 0.10419, -0.14496, 0.12500, 0.87500
-4.37124, -1.70460, 1.50894, 4.92852, -2.76977, 1.25963, 37.00000, 390394.00000, 22610.00000, 136570.10811, 9542822784.63696, 97687.37270, 0.91102, 0.93889, 0.37091, -0.30980, 0.02703, 0.97297
-4.62611, -0.87126, 1.44936, 4.92550, -2.95544, 1.27212, 16.00000, 394727.00000, 25112.00000, 165995.37500, 13629936232.23438, 116747.31788, 0.94766, 1.17386, 0.21070, -0.38457, 0.00000, 1.00000
-4.85499, -0.43811, -0.72621, 4.92852, -3.05160, 1.71868, 10.00000, 383259.00000, 63923.00000, 215174.60000, 10034170192.44000, 100170.70526, 0.91102, 0.80685, 0.08077, 0.11238, 0.40000, 0.60000
-4.45876, -0.43315, -2.05481, 4.92853, -3.04475, 2.00085, 12.00000, 449867.00000, 81620.00000, 254019.75000, 12927227706.85417, 113697.96703, 0.90081, 0.64502, 0.07065, 0.28433, 0.58333, 0.41667
-4.37124, -1.70460, -1.50894, 4.92852, -2.76977, 1.88196, 14.00000, 497183.00000, 58425.00000, 261905.35714, 19785521024.22959, 140661.01459, 0.91102, 0.57970, 0.22901, 0.19128, 0.21429, 0.78571
-4.62611, -0.87126, -1.44936, 4.92550, -2.95544, 1.86947, 5.00000, 248648.00000, 95582.00000, 195961.80000, 3422150207.36000, 58499.14707, 0.94766, 0.66353, 0.11910, 0.21738, 0.60000, 0.40000
-3.92241, -2.87963, 0.78273, 4.92852, -2.50831, 1.41130, 27.00000, 428936.00000, 34846.00000, 157248.85185, 15681406052.49657, 125225.42095, 0.91102, 0.65841, 0.46938, -0.12779, 0.03704, 0.96296
-3.92241, -2.87963, -0.78273, 4.92852, -2.50831, 1.73029, 12.00000, 453741.00000, 98560.00000, 277306.83333, 10154369857.13889, 100768.89330, 0.91102, 0.52439, 0.37383, 0.10178, 0.08333, 0.91667
-3.18882, -3.75791, 0.00000, 4.92853, -2.27446, 1.57080, 13.00000, 416434.00000, 78349.00000, 214584.23077, 13314687581.56213, 115389.28712, 0.90081, 0.46930, 0.53070, 0.00000, 0.07692, 0.92308
-3.73035, -3.21637, 0.00000, 4.92550, -2.43005, 1.57080, 20.00000, 371263.00000, 63820.00000, 202479.65000, 8032765618.72750, 89625.69731, 0.94766, 0.52918, 0.47082, -0.00000, 0.20000, 0.80000
-4.83686, -0.87622, 0.00000, 4.91558, -2.96238, 1.57080, 14.00000, 355998.00000, 50818.00000, 189840.71429, 6162198484.06122, 78499.67187, 1.08598, 0.84303, 0.15697, -0.00000, 0.14286, 0.85714
-4.35121, -2.14766, -0.78579, 4.91558, -2.68310, 1.73134, 16.00000, 469522.00000, 57548.00000, 245244.37500, 15329994273.60938, 123814.35407, 1.08598, 0.60022, 0.29439, 0.10538, 0.31250, 0.68750
-4.35121, -2.14766, 0.78579, 4.91558, -2.68310, 1.41025, 19.00000, 380517.00000, 44925.00000, 187096.21053, 10934018352.90305, 104565.85654, 1.08598, 0.76051, 0.37301, -0.13352, 0.05263, 0.94737
-4.58794, -1.75244, 0.00000, 4.91123, -2.77673, 1.57080, 17.00000, 479067.00000, 82040.00000, 268648.70588, 15492469371.26644, 124468.74857, 1.14286, 0.72361, 0.27639, -0.00000, 0.17647, 0.82353
-3.75791, 0.00000, -3.18882, 4.92853, 3.14159, 2.27446, 18.00000, 433849.00000, 74684.00000, 237504.33333, 12659521980.00000, 112514.54119, 0.90081, 0.53070, -0.00000, 0.46930, 0.94444, 0.05556
-2.87963, 0.78273, -3.92241, 4.92852, 2.87619, 2.49122, 28.00000, 497281.00000, 48425.00000, 215721.46429, 14609633790.60587, 120870.31807, 0.91102, 0.46938, -0.12779, 0.65841, 0.96429, 0.03571
-2.87963, -0.78273, -3.92241, 4.92852, -2.87619, 2.49122, 19.00000, 492667.00000, 41011.00000, 208507.00000, 19510418535.68421, 139679.69980, 0.91102, 0.37383, 0.10178, 0.52439, 1.00000, 0.00000
-3.21637, 0.00000, -3.73035, 4.92550, 3.14159, 2.43005, 17.00000, 471546.00000, 68974.00000, 175566.76471, 11576852797.59170, 107595.78429, 0.94766, 0.47082, 0.00000, 0.52918, 1.00000, 0.00000
-1.70460, 1.50894, -4.37124, 4.92852, 2.41700, 2.66145, 24.00000, 480725.00000, 33957.00000, 184959.16667, 15006865706.88889, 122502.51306, 0.91102, 0.37091, -0.30980, 0.93889, 1.00000, 0.00000
-0.43315, 2.05481, -4.45876, 4.92853, 1.77855, 2.70143, 25.00000, 496518.00000, 61710.00000, 223060.28000, 12856609338.36160, 113386.98928, 0.90081, 0.16379, -0.65917, 1.49537, 1.00000, 0.00000
-0.43811, 0.72621, -4.85499, 4.92852, 2.11363, 2.96865, 33.00000, 389454.00000, 27796.00000, 168453.33333, 11878936807.73737, 108990.53540, 0.91102, 0.10419, -0.14496, 1.04077, 1.00000, 0.00000
-0.87126, 1.44936, -4.62611, 4.92550, 2.11205, 2.79113, 26.00000, 482558.00000, 43185.00000, 211944.30769, 18389286369.05917, 135607.10294, 0.94766, 0.21070, -0.38457, 1.17386, 0.96154, 0.03846
-1.70460, -1.50894, -4.37124, 4.92852, -2.41700, 2.66145, 40.00000, 464855.00000, 26550.00000, 184406.72500, 21388597194.39938, 146248.40920, 0.91102, 0.22901, 0.19128, 0.57970, 0.95000, 0.05000
-0.43811, -0.72621, -4.85499, 4.92852, -2.11363, 2.96865, 55.00000, 455802.00000, 36445.00000, 133980.38182, 7830202327.36331, 88488.43047, 0.91102, 0.08077, 0.11238, 0.80685, 1.00000, 0.00000
-0.43315, -2.05481, -4.45876, 4.92853, -1.77855, 2.70143, 32.00000, 433596.00000, 20414.00000, 149672.12500, 13442739362.35938, 115942.82799, 0.90081, 0.07065, 0.28433, 0.64502, 1.00000, 0.00000
-0.87126, -1.44936, -4.62611, 4.92550, -2.11205, 2.79113, 49.00000, 458676.00000, 29303.00000, 156237.91837, 12587505955.05456, 112194.05490, 0.94766, 0.11910, 0.21738, 0.66353, 0.97959, 0.02041
-2.14766, 0.78579, -4.35121, 4.91558, 2.79084, 2.65769, 24.00000, 453267.00000, 52139.00000, 155191.25000, 15445706507.60417, 124280.75679, 1.08598, 0.37301, -0.13352, 0.76051, 0.95833, 0.04167
-0.87622, 0.00000, -4.83686, 4.91558, 3.14159, 2.96238, 37.00000, 357186.00000, 44155.00000, 160506.78378, 9294827283.35866, 96409.68459, 1.08598, 0.15697, 0.00000, 0.84303, 1.00000, 0.00000
-2.14766, -0.78579, -4.35121, 4.91558, -2.79084, 2.65769, 25.00000, 492208.00000, 34965.00000, 186984.44000, 17033897308.48640, 130513.97361, 1.08598, 0.29439, 0.10538, 0.60022, 1.00000, 0.00000
-1.75244, 0.00000, -4.58794, 4.91123, 3.14159, 2.77673, 35.00000, 499203.00000, 43228.00000, 169326.94286, 16133052756.85388, 127015.95473, 1.14286, 0.27639, 0.00000, 0.72361, 1.00000, 0.00000
0.70086, 2.75567, -4.02561, 4.92853, 1.32174, 2.52663, 14.00000, 468165.00000, 87707.00000, 239993.35714, 13178721630.51530, 114798.61336, 0.90081, -1.86160, -6.49176, 9.35336, 1.00000, 0.00000
1.49161, 3.48430, -3.15040, 4.92852, 1.16631, 2.26428, 8.00000, 404458.00000, 127480.00000, 263587.12500, 10164842988.85938, 100820.84600, 0.91102, 0.81587, 1.82322, -1.63909, 1.00000, 0.00000
1.97536, 2.21782, -3.93313, 4.92852, 0.84316, 2.49482, 15.00000, 372657.00000, 55229.00000, 206175.86667, 9250426502.91556, 96179.13757, 0.91102, 5.51065, 6.05607, -10.56672, 1.00000, 0.00000
1.40973, 2.85909, -3.75484, 4.92550, 1.11271, 2.43770, 7.00000, 483546.00000, 60511.00000, 287531.57143, 16326545112.53061, 127775.36974, 0.94766, 3.30198, 7.02665, -9.32863, 0.85714, 0.14286
2.21782, 3.93313, -1.97536, 4.92852, 1.05736, 1.98319, 4.00000, 401304.00000, 242668.00000, 327785.00000, 5238067075.00000, 72374.49188, 0.91102, 0.54500, 0.95092, -0.49591, 1.00000, 0.00000
2.75567, 4.02561, -0.70086, 4.92853, 0.97053, 1.71348, 3.00000, 321678.00000, 301070.00000, 311730.66667, 71036032.88889, 8428.28766, 0.90081, 0.46424, 0.66888, -0.13313, 0.66667, 0.33333
3.48430, 3.15040, -1.49161, 4.92852, 0.73511, 1.87827, 3.00000, 399315.00000, 137023.00000, 239237.66667, 13140226307.55556, 114630.82617, 0.91102, 0.68893, 0.61936, -0.30829, 1.00000, 0.00000
2.85909, 3.75484, -1.40973, 4.92550, 0.92001, 1.86107, 1.00000, 260663.00000, 260663.00000, 260663.00000, 0.00000, 0.00000, 0.94766, 0.53830, 0.71466, -0.25296, 1.00000, 0.00000
3.15040, 1.49161, -3.48430, 4.92852, 0.44220, 2.35600, 18.00000, 438691.00000, 56876.00000, 224403.94444, 9770499829.05247, 98845.83870, 0.91102, 2.59457, 1.29147, -2.88604, 1.00000, 0.00000
3.93313, 1.97536, -2.21782, 4.92852, 0.46544, 2.03756, 7.00000, 464089.00000, 159949.00000, 334123.28571, 10492866903.63265, 102434.69580, 0.91102, 1.05443, 0.54989, -0.60432, 1.00000, 0.00000
4.02561, 0.70086, -2.75567, 4.92853, 0.17237, 2.16413, 12.00000, 470712.00000, 100585.00000, 298700.66667, 15880062238.38889, 126016.11896, 0.90081, 1.98030, 0.39414, -1.37444, 1.00000, 0.00000
3.75484, 1.40973, -2.85909, 4.92550, 0.35916, 2.19010, 10.00000, 440247.00000, 102282.00000, 235190.10000, 17208912052.89000, 131182.74297, 0.94766, 1.66465, 0.58922, -1.25387, 1.00000, 0.00000
2.20355, 3.47499, -2.68919, 4.91558, 1.00567, 2.14966, 7.00000, 386473.00000, 96814.00000, 194470.14286, 7932599972.40816, 89065.14454, 1.08598, 0.74373, 1.15838, -0.90211, 1.00000, 0.00000
3.47499, 2.68919, -2.20355, 4.91558, 0.65860, 2.03563, 4.00000, 383355.00000, 218097.00000, 305791.75000, 3459323614.68750, 58816.01495, 1.08598, 0.87972, 0.68510, -0.56481, 1.00000, 0.00000
2.68919, 2.20355, -3.47499, 4.91558, 0.68646, 2.35595, 7.00000, 374760.00000, 46482.00000, 219892.57143, 16886514945.95918, 129948.12406, 1.08598, 1.85065, 1.52573, -2.37638, 1.00000, 0.00000
2.83550, 2.83550, -2.83550, 4.91123, 0.78540, 2.18628, 8.00000, 446504.00000, 90153.00000, 226618.50000, 11038971234.25000, 105066.50862, 1.14286, 1.00000, 1.00000, -1.00000, 1.00000, 0.00000
2.75567, -4.02561, 0.70086, 4.92853, -0.97053, 1.42811, 5.00000, 455896.00000, 96092.00000, 314583.00000, 17420385375.20000, 131986.30753, 0.90081, -6.49176, 9.35336, -1.86160, 0.20000, 0.80000
3.48430, -3.15040, 1.49161, 4.92852, -0.73511, 1.26333, 2.00000, 283234.00000, 157252.00000, 220243.00000, 3967866081.00000, 62991.00000, 0.91102, 1.82322, -1.63909, 0.81587, 0.00000, 1.00000
2.21782, -3.93313, 1.97536, 4.92852, -1.05736, 1.15840, 11.00000, 426528.00000, 90185.00000, 237062.27273, 10804119390.19835, 103942.86599, 0.91102, 6.05607, -10.56672, 5.51065, 0.18182, 0.81818
2.85909, -3.75484, 1.40973, 4.92550, -0.92001, 1.28053, 9.00000, 496376.00000, 166114.00000, 315076.44444, 13109893891.13580, 114498.44493, 0.94766, 7.02665, -9.32863, 3.30198, 0.11111, 0.88889
3.93313, -1.97536, 2.21782, 4.92852, -0.46544, 1.10403, 3.00000, 371727.00000, 69700.00000, 206566.66667, 15603650574.88889, 124914.57311, 0.91102, 0.95092, -0.49591, 0.54500, 0.00000, 1.00000
4.02561, -0.70086, 2.75567, 4.92853, -0.17237, 0.97747, 2.00000, 315192.00000, 245117.00000, 280154.50000, 1227626406.25000, 35037.50000, 0.90081, 0.66888, -0.13313, 0.46424, 0.00000, 1.00000
3.15040, -1.49161, 3.48430, 4.92852, -0.44220, 0.78559, 14.00000, 427139.00000, 72608.00000, 209982.00000, 9994910457.71428, 99974.54905, 0.91102, 0.61936, -0.30829, 0.68893, 0.07143, 0.92857
3.75484, -1.40973, 2.85909, 4.92550, -0.35916, 0.95149, 3.00000, 263995.00000, 84656.00000, 195895.33333, 6290928240.22222, 79315.37203, 0.94766, 0.71466, -0.25296, 0.53830, 0.00000, 1.00000
1.49161, -3.48430, 3.15040, 4.92852, -1.16631, 0.87732, 29.00000, 470211.00000, 50617.00000, 220149.93103, 19045337571.65042, 138004.84619, 0.91102, 1.29147, -2.88604, 2.59457, 0.00000, 1.00000
1.97536, -2.21782, 3.93313, 4.92852, -0.84316, 0.64677, 24.00000, 370957.00000, 54742.00000, 169652.04167, 9705324187.53993, 98515.60378, 0.91102, 0.54989, -0.60432, 1.05443, 0.00000, 1.00000
0.70086, -2.75567, 4.02561, 4.92853, -1.32174, 0.61496, 35.00000, 493652.00000, 28654.00000, 154448.14286, 15742184406.80816, 125467.86205, 0.90081, 0.39414, -1.37444, 1.98030, 0.00000, 1.00000
1.40973, -2.85909, 3.75484, 4.92550, -1.11271, 0.70390, 20.00000, 492226.00000, 62878.00000, 247936.80000, 19771524360.96000, 140611.25261, 0.94766, 0.58922, -1.25387, 1.66465, 0.00000, 1.00000
3.47499, -2.68919, 2.20355, 4.91558, -0.65860, 1.10596, 4.00000, 395794.00000, 91490.00000, 268085.25000, 14744287925.68750, 121426.05950, 1.08598, 1.15838, -0.90211, 0.74373, 0.00000, 1.00000
2.68919, -2.20355, 3.47499, 4.91558, -0.68646, 0.78564, 8.00000, 495226.00000, 96704.00000, 258060.75000, 17159749237.68750, 130995.22601, 1.08598, 0.68510, -0.56481, 0.87972, 0.00000, 1.00000
2.20355, -3.47499, 2.68919, 4.91558, -1.00567, 0.99193, 9.00000, 365942.00000, 52662.00000, 173393.88889, 7702248795.87654, 87762.45664, 1.08598, 1.52573, -2.37638, 1.85065, 0.11111, 0.88889
2.83550, -2.83550, 2.83550, 4.91123, -0.78540, 0.95532, 9.00000, 342606.00000, 144254.00000, 231626.77778, 4792046247.50617, 69224.60724, 1.14286, 1.00000, -1.00000, 1.00000, 0.11111, 0.88889
2.05481, -4.45876, 0.43315, 4.92853, -1.13896, 1.48280, 9.00000, 432576.00000, 87898.00000, 262315.00000, 14584306730.00000, 120765.50306, 0.90081, -0.98030, 2.22389, -0.24359, 0.22222, 0.77778
1.50894, -4.37124, 1.70460, 4.92852, -1.23841, 1.21764, 13.00000, 416900.00000, 49965.00000, 191474.15385, 10609516147.05325, 103002.50554, 0.91102, -1.19997, 3.63662, -1.43665, 0.07692, 0.92308
0.72621, -4.85499, 0.43811, 4.92852, -1.42232, 1.48179, 19.00000, 422151.00000, 60145.00000, 258205.63158, 10894265331.18006, 104375.59739, 0.91102, -0.18312, 1.31474, -0.13162, 0.31579, 0.68421
1.44936, -4.62611, 0.87126, 4.92550, -1.26718, 1.39297, 8.00000, 416353.00000, 62850.00000, 262862.50000, 14060513215.25000, 118577.03494, 0.94766, -0.66465, 2.02881, -0.36416, 0.25000, 0.75000
0.78273, -3.92241, 2.87963, 4.92852, -1.37383, 0.94680, 20.00000, 427153.00000, 58623.00000, 222055.55000, 14101334156.24750, 118749.03855, 0.91102, -2.08678, 10.75154, -7.66476, 0.15000, 0.85000
0.00000, -3.18882, 3.75791, 4.92853, -1.57080, 0.70366, 41.00000, 490680.00000, 18429.00000, 117140.36585, 13639859747.30518, 116789.81012, 0.90081, 0.00000, -7.64229, 8.64229, 0.02439, 0.97561
-0.78273, -3.92241, 2.87963, 4.92852, -1.76776, 0.94680, 44.00000, 433074.00000, 18534.00000, 122628.81818, 7505243412.19421, 86632.80794, 0.91102, 0.40335, 2.07817, -1.48153, 0.00000, 1.00000
0.00000, -3.73035, 3.21637, 4.92550, -1.57080, 0.85925, 26.00000, 496026.00000, 22118.00000, 138361.42308, 13501409093.39793, 116195.56400, 0.94766, -0.00000, 9.06739, -8.06739, 0.00000, 1.00000
-0.72621, -4.85499, 0.43811, 4.92852, -1.71928, 1.48179, 13.00000, 388023.00000, 64426.00000, 213573.92308, 10141737651.45562, 100706.19470, 0.91102, 0.13403, 0.96230, -0.09634, 0.07692, 0.92308
-1.50894, -4.37124, 1.70460, 4.92852, -1.90319, 1.21764, 24.00000, 453396.00000, 35900.00000, 173105.37500, 18361032225.81771, 135502.88641, 0.91102, 0.35294, 1.06961, -0.42255, 0.16667, 0.83333
-2.05481, -4.45876, 0.43315, 4.92853, -2.00263, 1.48280, 19.00000, 453981.00000, 30249.00000, 202217.78947, 12036725672.48199, 109712.01243, 0.90081, 0.33112, 0.75116, -0.08228, 0.21053, 0.78947
-1.44936, -4.62611, 0.87126, 4.92550, -1.87441, 1.39297, 13.00000, 409554.00000, 45595.00000, 201548.46154, 11748811429.01775, 108391.93434, 0.94766, 0.28534, 0.87099, -0.15634, 0.23077, 0.76923
0.78579, -4.35121, 2.14766, 4.91558, -1.39213, 1.11864, 17.00000, 448538.00000, 57767.00000, 198669.17647, 17845272904.61592, 133586.20028, 1.08598, -0.52573, 2.99442, -1.46868, 0.00000, 1.00000
-0.78579, -4.35121, 2.14766, 4.91558, -1.74946, 1.11864, 21.00000, 498027.00000, 26077.00000, 200050.47619, 21465125494.34467, 146509.81365, 1.08598, 0.25627, 1.45965, -0.71592, 0.09524, 0.90476
0.00000, -4.83686, 0.87622, 4.91558, -1.57080, 1.39159, 19.00000, 462983.00000, 34774.00000, 200559.31579, 14198999198.32133, 119159.55353, 1.08598, -0.00000, 1.22879, -0.22879, 0.15789, 0.84211
0.00000, -4.58794, 1.75244, 4.91123, -1.57080, 1.20593, 14.00000, 426193.00000, 33140.00000, 170513.00000, 17938775438.57143, 133935.71383, 1.14286, -0.00000, 1.61803, -0.61803, 0.07143, 0.92857
2.05481, -4.45876, -0.43315, 4.92853, -1.13896, 1.65880, 5.00000, 466221.00000, 94500.00000, 274222.60000, 14424654908.64000, 120102.68485, 0.90081, -0.65917, 1.49537, 0.16379, 0.80000, 0.20000
0.72621, -4.85499, -0.43811, 4.92852, -1.42232, 1.65981, 9.00000, 413077.00000, 121929.00000, 251133.44444, 9894179372.91358, 99469.48966, 0.91102, -0.14496, 1.04077, 0.10419, 0.44444, 0.55556
1.50894, -4.37124, -1.70460, 4.92852, -1.23841, 1.92396, 10.00000, 487276.00000, 84307.00000, 292663.90000, 15882055804.09000, 126024.02868, 0.91102, -0.30980, 0.93889, 0.37091, 1.00000, 0.00000
1.44936, -4.62611, -0.87126, 4.92550, -1.26718, 1.74862, 12.00000, 427145.00000, 76705.00000, 221363.91667, 12193576331.07639, 110424.52776, 0.94766, -0.38457, 1.17386, 0.21070, 0.50000, 0.50000
-0.72621, -4.85499, -0.43811, 4.92852, -1.71928, 1.65981, 13.00000, 465370.00000, 47188.00000, 271004.07692, 16199410337.45562, 127276.90418, 0.91102, 0.11238, 0.80685, 0.08077, 0.38462, 0.61538
-2.05481, -4.45876, -0.43315, 4.92853, -2.00263, 1.65880, 8.00000, 366706.00000, 64544.00000, 217335.75000, 8473561321.93750, 92051.94904, 0.90081, 0.28433, 0.64502, 0.07065, 0.25000, 0.75000
-1.50894, -4.37124, -1.70460, 4.92852, -1.90319, 1.92396, 11.00000, 421626.00000, 114634.00000, 243165.54545, 11728665456.97521, 108298.96332, 0.91102, 0.19128, 0.57970, 0.22901, 0.45455, 0.54545
-1.44936, -4.62611, -0.87126, 4.92550, -1.87441, 1.74862, 12.00000, 438072.00000, 90844.00000, 262025.00000, 10082838299.50000, 100413.33726, 0.94766, 0.21738, 0.66353, 0.11910, 0.50000, 0.50000
0.78273, -3.92241, -2.87963, 4.92852, -1.37383, 2.19479, 17.00000, 435847.00000, 57081.00000, 234866.23529, 18340472405.59170, 135427.00028, 0.91102, -0.12779, 0.65841, 0.46938, 0.88235, 0.11765
-0.78273, -3.92241, -2.87963, 4.92852, -1.76776, 2.19479, 18.00000, 495956.00000, 41397.00000, 218258.33333, 17434735728.00000, 132040.65937, 0.91102, 0.10178, 0.52439, 0.37383, 0.94444, 0.05556
0.00000, -3.18882, -3.75791, 4.92853, -1.57080, 2.43793, 29.00000, 456170.00000, 31567.00000, 208190.17241, 14108129714.55648, 118777.64821, 0.90081, 0.00000, 0.46930, 0.53070, 0.96552, 0.03448
0.00000, -3.73035, -3.21637, 4.92550, -1.57080, 2.28234, 16.00000, 386171.00000, 67878.00000, 186212.00000, 9252947438.00000, 96192.24209, 0.94766, -0.00000, 0.52918, 0.47082, 0.93750, 0.06250
0.00000, -4.83686, -0.87622, 4.91558, -1.57080, 1.75001, 4.00000, 257920.00000, 131029.00000, 186217.00000, 2526796221.50000, 50267.24800, 1.08598, -0.00000, 0.84303, 0.15697, 1.00000, 0.00000
-0.78579, -4.35121, -2.14766, 4.91558, -1.74946, 2.02296, 8.00000, 356897.00000, 65299.00000, 228247.37500, 12178831853.23438, 110357.74487, 1.08598, 0.10538, 0.60022, 0.29439, 0.75000, 0.25000
0.78579, -4.35121, -2.14766, 4.91558, -1.39213, 2.02296, 7.00000, 370642.00000, 167701.00000, 292502.00000, 4906097051.14286, 70043.53683, 1.08598, -0.13352, 0.76051, 0.37301, 0.85714, 0.14286
0.00000, -4.58794, -1.75244, 4.91123, -1.57080, 1.93566, 9.00000, 483744.00000, 81418.00000, 249144.22222, 13536117730.61728, 116344.82253, 1.14286, -0.00000, 0.72361, 0.27639, 0.66667, 0.33333
2.75567, -4.02561, -0.70086, 4.92853, -0.97053, 1.71348, 5.00000, 467999.00000, 257492.00000, 343882.80000, 6325336566.16000, 79531.98455, 0.90081, -1.37444, 1.98030, 0.39414, 0.80000, 0.20000
2.21782, -3.93313, -1.97536, 4.92852, -1.05736, 1.98319, 6.00000, 272744.00000, 138616.00000, 202388.66667, 2506739950.55556, 50067.35414, 0.91102, -0.60432, 1.05443, 0.54989, 0.83333, 0.16667
3.48430, -3.15040, -1.49161, 4.92852, -0.73511, 1.87827, 7.00000, 253976.00000, 161100.00000, 192655.14286, 927498797.55102, 30454.86492, 0.91102, -2.88604, 2.59457, 1.29147, 0.85714, 0.14286
2.85909, -3.75484, -1.40973, 4.92550, -0.92001, 1.86107, 5.00000, 378479.00000, 260233.00000, 323556.40000, 1613912734.24000, 40173.53276, 0.94766, -1.25387, 1.66465, 0.58922, 0.20000, 0.80000
1.49161, -3.48430, -3.15040, 4.92852, -1.16631, 2.26428, 16.00000, 412119.00000, 54310.00000, 192453.62500, 10003953196.23438, 100019.76403, 0.91102, -0.30829, 0.68893, 0.61936, 0.93750, 0.06250
0.70086, -2.75567, -4.02561, 4.92853, -1.32174, 2.52663, 30.00000, 496380.00000, 39340.00000, 181065.16667, 14667517226.27222, 121109.52575, 0.90081, -0.13313, 0.46424, 0.66888, 1.00000, 0.00000
1.97536, -2.21782, -3.93313, 4.92852, -0.84316, 2.49482, 39.00000, 487276.00000, 31056.00000, 236749.82051, 18161695309.53189, 134765.33423, 0.91102, -0.49591, 0.54500, 0.95092, 0.97436, 0.02564
1.40973, -2.85909, -3.75484, 4.92550, -1.11271, 2.43770, 20.00000, 395967.00000, 53677.00000, 189528.05000, 14733559120.14750, 121381.87311, 0.94766, -0.25296, 0.53830, 0.71466, 1.00000, 0.00000
3.93313, -1.97536, -2.21782, 4.92852, -0.46544, 2.03756, 9.00000, 348454.00000, 113310.00000, 202043.11111, 6778824037.20988, 82333.61426, 0.91102, -10.56672, 5.51065, 6.05607, 0.88889, 0.11111
3.15040, -1.49161, -3.48430, 4.92852, -0.44220, 2.35600, 24.00000, 479374.00000, 28546.00000, 206455.04167, 14837821365.45660, 121810.59628, 0.91102, -1.63909, 0.81587, 1.82322, 1.00000, 0.00000
4.02561, -0.70086, -2.75567, 4.92853, -0.17237, 2.16413, 18.00000, 488459.00000, 69732.00000, 283025.11111, 15594580768.65432, 124878.26380, 0.90081, 9.35336, -1.86160, -6.49176, 0.94444, 0.05556
3.75484, -1.40973, -2.85909, 4.92550, -0.35916, 2.19010, 13.00000, 453605.00000, 79215.00000, 216891.38462, 12145267508.85207, 110205.56932, 0.94766, -9.32863, 3.30198, 7.02665, 1.00000, 0.00000
2.20355, -3.47499, -2.68919, 4.91558, -1.00567, 2.14966, 12.00000, 451331.00000, 85128.00000, 247226.58333, 15166493956.40972, 123152.32014, 1.08598, -0.56481, 0.87972, 0.68510, 0.91667, 0.08333
2.68919, -2.20355, -3.47499, 4.91558, -0.68646, 2.35595, 12.00000, 368799.00000, 98258.00000, 261502.91667, 8206907937.07639, 90591.98605, 1.08598, -0.90211, 0.74373, 1.15838, 1.00000, 0.00000
3.47499, -2.68919, -2.20355, 4.91558, -0.65860, 2.03563, 8.00000, 499289.00000, 45299.00000, 254001.25000, 24712165252.43750, 157201.03451, 1.08598, -2.37638, 1.85065, 1.52573, 1.00000, 0.00000
2.83550, -2.83550, -2.83550, 4.91123, -0.78540, 2.18628, 12.00000, 424937.00000, 80332.00000, 227259.25000, 9413853886.85417, 97025.01681, 1.14286, -1.00000, 1.00000, 1.00000, 0.83333, 0.16667
3.18882, -3.75791, 0.00000, 4.92853, -0.86714, 1.57080, 6.00000, 433194.00000, 86512.00000, 279073.16667, 14431586983.13889, 120131.54033, 0.90081, -7.64229, 8.64229, -0.00000, 0.66667, 0.33333
3.92241, -2.87963, -0.78273, 4.92852, -0.63328, 1.73029, 8.00000, 485548.00000, 231300.00000, 374299.00000, 5714075433.50000, 75591.50371, 0.91102, 10.75154, -7.66476, -2.08678, 0.75000, 0.25000
3.92241, -2.87963, 0.78273, 4.92852, -0.63328, 1.41130, 5.00000, 310100.00000, 211030.00000, 262626.40000, 1189548636.24000, 34489.83381, 0.91102, 2.07817, -1.48153, 0.40335, 0.20000, 0.80000
3.73035, -3.21637, 0.00000, 4.92550, -0.71154, 1.57080, 4.00000, 438665.00000, 194933.00000, 337099.75000, 10454283058.68750, 102246.18848, 0.94766, 9.06739, -8.06739, 0.00000, 0.25000, 0.75000
4.37124, -1.70460, -1.50894, 4.92852, -0.37182, 1.88196, 7.00000, 375438.00000, 92407.00000, 222973.14286, 10517279985.26531, 102553.79069, 0.91102, 3.63662, -1.43665, -1.19997, 1.00000, 0.00000
4.45876, -0.43315, -2.05481, 4.92853, -0.09684, 2.00085, 2.00000, 324015.00000, 300200.00000, 312107.50000, 141788556.25000, 11907.50000, 0.90081, 2.22389, -0.24359, -0.98030, 0.50000, 0.50000
4.85499, -0.43811, -0.72621, 4.92852, -0.09000, 1.71868, 0.00000, 0.00000, 0.00000, 0.00000, 0.00000, 0.00000, 0.91102, 1.31474, -0.13162, -0.18312, 0.00000, 0.00000
4.62611, -0.87126, -1.44936, 4.92550, -0.18616, 1.86947, 3.00000, 435080.00000, 268495.00000, 370913.00000, 5356663204.66667, 73189.22875, 0.94766, 2.02881, -0.36416, -0.66465, 1.00000, 0.00000
4.37124, -1.70460, 1.50894, 4.92852, -0.37182, 1.25963, 1.00000, 348544.00000, 348544.00000, 348544.00000, 0.00000, 0.00000, 0.91102, 1.06961, -0.42255, 0.35294, 1.00000, 0.00000
4.85499, -0.43811, 0.72621, 4.92852, -0.09000, 1.42291, 2.00000, 360610.00000, 344454.00000, 352532.00000, 65254084.00000, 8078.00000, 0.91102, 0.96230, -0.09634, 0.13403, 1.00000, 0.00000
4.45876, -0.43315, 2.05481, 4.92853, -0.09684, 1.14074, 2.00000, 436922.00000, 91400.00000, 264161.00000, 29846363121.00000, 172761.00000, 0.90081, 0.75116, -0.08228, 0.33112, 0.00000, 1.00000
4.62611, -0.87126, 1.44936, 4.92550, -0.18616, 1.27212, 2.00000, 399536.00000, 338865.00000, 369200.50000, 920242560.25000, 30335.50000, 0.94766, 0.87099, -0.15634, 0.28534, 0.50000, 0.50000
4.35121, -2.14766, -0.78579, 4.91558, -0.45850, 1.73134, 1.00000, 369451.00000, 369451.00000, 369451.00000, 0.00000, 0.00000, 1.08598, 2.99442, -1.46868, -0.52573, 1.00000, 0.00000
4.83686, -0.87622, 0.00000, 4.91558, -0.17921, 1.57080, 1.00000, 415584.00000, 415584.00000, 415584.00000, 0.00000, 0.00000, 1.08598, 1.22879, -0.22879, 0.00000, 1.00000, 0.00000
4.35121, -2.14766, 0.78579, 4.91558, -0.45850, 1.41025, 3.00000, 249236.00000, 206092.00000, 233610.66667, 380959811.55556, 19518.19181, 1.08598, 1.45965, -0.71592, 0.25627, 0.66667, 0.33333
4.58794, -1.75244, 0.00000, 4.91123, -0.36486, 1.57080, 4.00000, 424284.00000, 189046.00000, 321924.25000, 7259916326.18750, 85205.14260, 1.14286, 1.61803, -0.61803, 0.00000, 1.00000, 0.00000
0.43315, -2.05481, 4.45876, 4.92853, -1.36304, 0.44016, 29.00000, 462220.00000, 27704.00000, 163359.82759, 13582657706.76338, 116544.65971, 0.90081, 0.16379, -0.65917, 1.49537, 0.00000, 1.00000
1.70460, -1.50894, 4.37124, 4.92852, -0.72459, 0.48015, 21.00000, 372834.00000, 28450.00000, 153336.23810, 11901353157.51474, 109093.32316, 0.91102, 0.37091, -0.30980, 0.93889, 0.00000, 1.00000
0.43811, -0.72621, 4.85499, 4.92852, -1.02797, 0.17295, 45.00000, 458683.00000, 16223.00000, 149376.73333, 13656735894.81778, 116862.03787, 0.91102, 0.10419, -0.14496, 1.04077, 0.00000, 1.00000
0.87126, -1.44936, 4.62611, 4.92550, -1.02954, 0.35046, 28.00000, 431214.00000, 24740.00000, 161894.42857, 12628896926.67347, 112378.36503, 0.94766, 0.21070, -0.38457, 1.17386, 0.00000, 1.00000
2.87963, -0.78273, 3.92241, 4.92852, -0.26540, 0.65037, 10.00000, 394048.00000, 53514.00000, 167524.00000, 9776734475.40000, 98877.37090, 0.91102, 0.46938, -0.12779, 0.65841, 0.00000, 1.00000
3.75791, 0.00000, 3.18882, 4.92853, 0.00000, 0.86714, 4.00000, 291105.00000, 81762.00000, 203713.00000, 6037669552.50000, 77702.44238, 0.90081, 0.53070, -0.00000, 0.46930, 0.00000, 1.00000
2.87963, 0.78273, 3.92241, 4.92852, 0.26540, 0.65037, 5.00000, 439451.00000, 104973.00000, 286912.00000, 12328699057.60000, 111034.67502, 0.91102, 0.37383, 0.10178, 0.52439, 0.00000, 1.00000
3.21637, 0.00000, 3.73035, 4.92550, 0.00000, 0.71154, 6.00000, 335005.00000, 69298.00000, 181428.00000, 7630734899.33333, 87354.07775, 0.94766, 0.47082, -0.00000, 0.52918, 0.00000, 1.00000
0.43811, 0.72621, 4.85499, 4.92852, 1.02797, 0.17295, 25.00000, 397222.00000, 32380.00000, 155750.96000, 9520291310.43840, 97571.98015, 0.91102, 0.08077, 0.11238, 0.80685, 0.00000, 1.00000
1.70460, 1.50894, 4.37124, 4.92852, 0.72459, 0.48015, 12.00000, 323823.00000, 72197.00000, 173318.58333, 7906435868.90972, 88918.14139, 0.91102, 0.22901, 0.19128, 0.57970, 0.00000, 1.00000
0.43315, 2.05481, 4.45876, 4.92853, 1.36304, 0.44016, 7.00000, 331648.00000, 87781.00000, 144859.57143, 6500879583.95918, 80628.03225, 0.90081, 0.07065, 0.28433, 0.64502, 0.00000, 1.00000
0.87126, 1.44936, 4.62611, 4.92550, 1.02954, 0.35046, 12.00000, 477282.00000, 55089.00000, 260884.41667, 20579361039.90972, 143455.08370, 0.94766, 0.11910, 0.21738, 0.66353, 0.00000, 1.00000
2.14766, -0.78579, 4.35121, 4.91558, -0.35075, 0.48390, 10.00000, 320236.00000, 60155.00000, 190494.10000, 7934835564.29000, 89077.69398, 1.08598, 0.37301, -0.13352, 0.76051, 0.00000, 1.00000
2.14766, 0.78579, 4.35121, 4.91558, 0.35075, 0.48390, 4.00000, 192660.00000, 70046.00000, 124333.50000, 2022968786.75000, 44977.42530, 1.08598, 0.29439, 0.10538, 0.60022, 0.00000, 1.00000
0.87622, 0.00000, 4.83686, 4.91558, 0.00000, 0.17921, 16.00000, 417523.00000, 42217.00000, 198309.81250, 14201685109.27734, 119170.82323, 1.08598, 0.15697, -0.00000, 0.84303, 0.00000, 1.00000
1.75244, 0.00000, 4.58794, 4.91123, 0.00000, 0.36486, 10.00000, 252517.00000, 59241.00000, 121536.10000, 4222798223.09000, 64983.06105, 1.14286, 0.27639, 0.00000, 0.72361, 0.00000, 1.00000
-2.75567, -4.02561, 0.70086, 4.92853, -2.17107, 1.42811, 23.00000, 477450.00000, 47586.00000, 210553.04348, 21372864973.78072, 146194.61335, 0.90081, 0.46424, 0.66888, -0.13313, 0.08696, 0.91304
-2.21782, -3.93313, 1.97536, 4.92852, -2.08423, 1.15840, 42.00000, 421089.00000, 14048.00000, 132493.45238, 9512572885.48583, 97532.41966, 0.91102, 0.54500, 0.95092, -0.49591, 0.04762, 0.95238
-3.48430, -3.15040, 1.49161, 4.92852, -2.40648, 1.26333, 46.00000, 481668.00000, 19636.00000, 143075.58696, 13454498218.76418, 115993.52662, 0.91102, 0.68893, 0.61936, -0.30829, 0.04348, 0.95652
-2.85909, -3.75484, 1.40973, 4.92550, -2.22158, 1.28053, 30.00000, 426735.00000, 30168.00000, 192383.63333, 10348868766.63222, 101729.38989, 0.94766, 0.53830, 0.71466, -0.25296, 0.06667, 0.93333
-1.49161, -3.48430, 3.15040, 4.92852, -1.97528, 0.87732, 58.00000, 434598.00000, 15186.00000, 122096.29310, 10526667895.48306, 102599.55115, 0.91102, 0.81587, 1.82322, -1.63909, 0.01724, 0.98276
-0.70086, -2.75567, 4.02561, 4.92853, -1.81985, 0.61496, 71.00000, 487857.00000, 14823.00000, 99027.50704, 7225642648.86967, 85003.78020, 0.90081, -1.86160, -6.49176, 9.35336, 0.00000, 1.00000
-1.97536, -2.21782, 3.93313, 4.92852, -2.29844, 0.64677, 116.00000, 424322.00000, 10291.00000, 92177.95690, 8228895458.11021, 90713.25955, 0.91102, 5.51065, 6.05607, -10.56672, 0.00000, 1.00000
-1.40973, -2.85909, 3.75484, 4.92550, -2.02888, 0.70390, 73.00000, 461881.00000, 9062.00000, 114463.57534, 11623281941.17583, 107811.32566, 0.94766, 3.30198, 7.02665, -9.32863, 0.01370, 0.98630
-3.93313, -1.97536, 2.21782, 4.92852, -2.67616, 1.10403, 52.00000, 463772.00000, 14950.00000, 168010.44231, 14026206287.70821, 118432.28566, 0.91102, 1.05443, 0.54989, -0.60432, 0.05769, 0.94231
-3.15040, -1.49161, 3.48430, 4.92852, -2.69940, 0.78559, 81.00000, 475775.00000, 14054.00000, 90329.67901, 7421169707.40314, 86146.21122, 0.91102, 2.59457, 1.29147, -2.88604, 0.00000, 1.00000
-4.02561, -0.70086, 2.75567, 4.92853, -2.96922, 0.97747, 40.00000, 496817.00000, 30375.00000, 129989.15000, 14669941886.57750, 121119.53553, 0.90081, 1.98030, 0.39414, -1.37444, 0.02500, 0.97500
-3.75484, -1.40973, 2.85909, 4.92550, -2.78243, 0.95149, 60.00000, 498795.00000, 14604.00000, 109477.33333, 8919152081.85556, 94441.26260, 0.94766, 1.66465, 0.58922, -1.25387, 0.01667, 0.98333
-2.20355, -3.47499, 2.68919, 4.91558, -2.13592, 0.99193, 55.00000, 488694.00000, 17831.00000, 130439.78182, 10670760943.40694, 103299.37533, 1.08598, 0.74373, 1.15838, -0.90211, 0.01818, 0.98182
-2.68919, -2.20355, 3.47499, 4.91558, -2.45513, 0.78564, 86.00000, 441342.00000, 15875.00000, 98909.58140, 8618687899.84803, 92836.88868, 1.08598, 1.85065, 1.52573, -2.37638, 0.00000, 1.00000
-3.47499, -2.68919, 2.20355, 4.91558, -2.48299, 1.10596, 53.00000, 462604.00000, 13914.00000, 140467.05660, 13844958710.43076, 117664.60262, 1.08598, 0.87972, 0.68510, -0.56481, 0.00000, 1.00000
-2.83550, -2.83550, 2.83550, 4.91123, -2.35619, 0.95532, 61.00000, 349750.00000, 10459.00000, 101865.98361, 7017096434.34400, 83768.11108, 1.14286, 1.00000, 1.00000, -1.00000, 0.00000, 1.00000
-0.70086, -2.75567, -4.02561, 4.92853, -1.81985, 2.52663, 32.00000, 457487.00000, 36676.00000, 182935.25000, 12037065256.06250, 109713.56004, 0.90081, 0.10514, 0.36663, 0.52824, 0.96875, 0.03125
-1.49161, -3.48430, -3.15040, 4.92852, -1.97528, 2.26428, 24.00000, 490002.00000, 35174.00000, 275495.70833, 21587156896.95659, 146925.68495, 0.91102, 0.19070, 0.42617, 0.38313, 0.95833, 0.04167
-1.97536, -2.21782, -3.93313, 4.92852, -2.29844, 2.49482, 30.00000, 473989.00000, 48968.00000, 230575.43333, 15338127494.31222, 123847.19413, 0.91102, 0.24897, 0.27362, 0.47741, 0.96667, 0.03333
-1.40973, -2.85909, -3.75484, 4.92550, -2.02888, 2.43770, 19.00000, 407512.00000, 91504.00000, 213700.78947, 7780834511.74515, 88209.03872, 0.94766, 0.16798, 0.35746, 0.47456, 0.94737, 0.05263
-2.21782, -3.93313, -1.97536, 4.92852, -2.08423, 1.98319, 12.00000, 449185.00000, 76076.00000, 210298.91667, 11362331437.57639, 106594.23736, 0.91102, 0.27362, 0.47741, 0.24897, 0.66667, 0.33333
-2.75567, -4.02561, -0.70086, 4.92853, -2.17107, 1.71348, 13.00000, 464164.00000, 78647.00000, 213789.61538, 18529230425.62130, 136122.11586, 0.90081, 0.36663, 0.52824, 0.10514, 0.23077, 0.76923
-3.48430, -3.15040, -1.49161, 4.92852, -2.40648, 1.87827, 13.00000, 462357.00000, 77612.00000, 239771.23077, 15266418858.63906, 123557.35048, 0.91102, 0.42617, 0.38313, 0.19070, 0.69231, 0.30769
-2.85909, -3.75484, -1.40973, 4.92550, -2.22158, 1.86107, 17.00000, 483082.00000, 100964.00000, 268851.35294, 23351496589.52249, 152811.96481, 0.94766, 0.35746, 0.47456, 0.16798, 0.58824, 0.41176
-3.15040, -1.49161, -3.48430, 4.92852, -2.69940, 2.35600, 13.00000, 486702.00000, 37464.00000, 227016.30769, 21476453784.82840, 146548.46906, 0.91102, 0.38313, 0.19070, 0.42617, 0.92308, 0.07692
-3.93313, -1.97536, -2.21782, 4.92852, -2.67616, 2.03756, 11.00000, 300932.00000, 88299.00000, 194859.54545, 4004107525.52066, 63278.01771, 0.91102, 0.47741, 0.24897, 0.27362, 0.54545, 0.45455
-4.02561, -0.70086, -2.75567, 4.92853, -2.96922, 2.16413, 8.00000, 418983.00000, 89015.00000, 260109.12500, 17439680223.60938, 132059.38143, 0.90081, 0.52824, 0.10514, 0.36663, 0.87500, 0.12500
-3.75484, -1.40973, -2.85909, 4.92550, -2.78243, 2.19010, 15.00000, 489852.00000, 49459.00000, 250285.20000, 18832008860.69334, 137229.76667, 0.94766, 0.47456, 0.16798, 0.35746, 0.73333, 0.26667
-2.20355, -3.47499, -2.68919, 4.91558, -2.13592, 2.14966, 23.00000, 487019.00000, 56451.00000, 221668.13043, 16952809208.54820, 130202.95392, 1.08598, 0.26522, 0.41309, 0.32170, 0.82609, 0.17391
-3.47499, -2.68919, -2.20355, 4.91558, -2.48299, 2.03563, 5.00000, 463667.00000, 124899.00000, 237809.40000, 14298938564.24000, 119578.16926, 1.08598, 0.41309, 0.32170, 0.26522, 0.20000, 0.80000
-2.68919, -2.20355, -3.47499, 4.91558, -2.45513, 2.35595, 14.00000, 450173.00000, 64785.00000, 184534.78571, 12737120258.31122, 112858.85104, 1.08598, 0.32170, 0.26522, 0.41309, 1.00000, 0.00000
-2.83550, -2.83550, -2.83550, 4.91123, -2.35619, 2.18628, 12.00000, 468310.00000, 89880.00000, 274074.00000, 9868989104.16667, 99342.78587, 1.14286, 0.33333, 0.33333, 0.33333, 0.91667, 0.08333
3.75791, 0.00000, -3.18882, 4.92853, 0.00000, 2.27446, 14.00000, 372937.00000, 74767.00000, 201527.35714, 6062781019.22959, 77863.86209, 0.90081, 8.64229, 0.00000, -7.64229, 1.00000, 0.00000
2.87963, -0.78273, -3.92241, 4.92852, -0.26540, 2.49122, 13.00000, 465343.00000, 39106.00000, 257783.84615, 21253224939.36094, 145784.85840, 0.91102, -1.48153, 0.40335, 2.07817, 1.00000, 0.00000
2.87963, 0.78273, -3.92241, 4.92852, 0.26540, 2.49122, 11.00000, 457342.00000, 27913.00000, 247234.27273, 17983945694.19835, 134104.23444, 0.91102, -7.66476, -2.08678, 10.75154, 1.00000, 0.00000
3.21637, 0.00000, -3.73035, 4.92550, 0.00000, 2.43005, 16.00000, 397799.00000, 50619.00000, 208298.00000, 7701261619.37500, 87756.83232, 0.94766, -8.06739, -0.00000, 9.06739, 1.00000, 0.00000
1.70460, -1.50894, -4.37124, 4.92852, -0.72459, 2.66145, 31.00000, 490787.00000, 32553.00000, 184021.48387, 14667745005.92716, 121110.46613, 0.91102, -0.42255, 0.35294, 1.06961, 0.96774, 0.03226
0.43315, -2.05481, -4.45876, 4.92853, -1.36304, 2.70143, 28.00000, 365631.00000, 39848.00000, 159890.57143, 10120216571.45918, 100599.28713, 0.90081, -0.08228, 0.33112, 0.75116, 1.00000, 0.00000
0.43811, -0.72621, -4.85499, 4.92852, -1.02797, 2.96865, 52.00000, 453257.00000, 21207.00000, 178045.13462, 16315356315.88573, 127731.57916, 0.91102, -0.09634, 0.13403, 0.96230, 0.96154, 0.03846
0.87126, -1.44936, -4.62611, 4.92550, -1.02954, 2.79113, 40.00000, 496623.00000, 26207.00000, 170657.20000, 16091729053.51000, 126853.17912, 0.94766, -0.15634, 0.28534, 0.87099, 0.97500, 0.02500
1.70460, 1.50894, -4.37124, 4.92852, 0.72459, 2.66145, 16.00000, 463130.00000, 37325.00000, 234854.37500, 18141110468.98438, 134688.93967, 0.91102, -1.43665, -1.19997, 3.63662, 1.00000, 0.00000
0.43811, 0.72621, -4.85499, 4.92852, 1.02797, 2.96865, 37.00000, 473163.00000, 36175.00000, 165766.51351, 13066824428.19576, 114310.21139, 0.91102, -0.13162, -0.18312, 1.31474, 1.00000, 0.00000
0.43315, 2.05481, -4.45876, 4.92853, 1.36304, 2.70143, 12.00000, 379134.00000, 49785.00000, 205585.25000, 14198924054.68750, 119159.23823, 0.90081, -0.24359, -0.98030, 2.22389, 1.00000, 0.00000
0.87126, 1.44936, -4.62611, 4.92550, 1.02954, 2.79113, 18.00000, 483569.00000, 25134.00000, 195621.05556, 14639906521.38580, 120995.48141, 0.94766, -0.36416, -0.66465, 2.02881, 1.00000, 0.00000
2.14766, -0.78579, -4.35121, 4.91558, -0.35075, 2.65769, 22.00000, 470239.00000, 60650.00000, 206355.68182, 12118999262.21694, 110086.32641, 1.08598, -0.71592, 0.25627, 1.45965, 1.00000, 0.00000
0.87622, 0.00000, -4.83686, 4.91558, 0.00000, 2.96238, 25.00000, 364961.00000, 43585.00000, 146148.44000, 8269896352.72640, 90938.97048, 1.08598, -0.22879, -0.00000, 1.22879, 1.00000, 0.00000
2.14766, 0.78579, -4.35121, 4.91558, 0.35075, 2.65769, 12.00000, 478535.00000, 42843.00000, 196894.00000, 17984685737.66667, 134106.99362, 1.08598, -1.46868, -0.52573, 2.99442, 1.00000, 0.00000
1.75244, 0.00000, -4.58794, 4.91123, 0.00000, 2.77673, 35.00000, 483982.00000, 35766.00000, 180683.97143, 12716630749.57061, 112768.03957, 1.14286, -0.61803, -0.00000, 1.61803, 1.00000, 0.00000
4.45876, 0.43315, 2.05481, 4.92853, 0.09684, 1.14074, 1.00000, 215729.00000, 215729.00000, 215729.00000, 0.00000, 0.00000, 0.90081, 0.64502, 0.07065, 0.28433, 1.00000, 0.00000
4.85499, 0.43811, 0.72621, 4.92852, 0.09000, 1.42291, 2.00000, 427262.00000, 112854.00000, 270058.00000, 24713097616.00000, 157204.00000, 0.91102, 0.80685, 0.08077, 0.11238, 0.50000, 0.50000
4.37124, 1.70460, 1.50894, 4.92852, 0.37182, 1.25963, 0.00000, 0.00000, 0.00000, 0.00000, 0.00000, 0.00000, 0.91102, 0.57970, 0.22901, 0.19128, 0.00000, 0.00000
4.62611, 0.87126, 1.44936, 4.92550, 0.18616, 1.27212, 0.00000, 0.00000, 0.00000, 0.00000, 0.00000, 0.00000, 0.94766, 0.66353, 0.11910, 0.21738, 0.00000, 0.00000
4.85499, 0.43811, -0.72621, 4.92852, 0.09000, 1.71868, 3.00000, 413114.00000, 153397.00000, 263407.66667, 12030026324.22222, 109681.47667, 0.91102, 1.04077, 0.10419, -0.14496, 1.00000, 0.00000
4.45876, 0.43315, -2.05481, 4.92853, 0.09684, 2.00085, 5.00000, 376025.00000, 192828.00000, 291535.80000, 4837598421.36000, 69552.84625, 0.90081, 1.49537, 0.16379, -0.65917, 1.00000, 0.00000
4.37124, 1.70460, -1.50894, 4.92852, 0.37182, 1.88196, 2.00000, 222063.00000, 60286.00000, 141174.50000, 6542949432.25000, 80888.50000, 0.91102, 0.93889, 0.37091, -0.30980, 1.00000, 0.00000
4.62611, 0.87126, -1.44936, 4.92550, 0.18616, 1.86947, 4.00000, 495169.00000, 218231.00000, 331930.00000, 10346624082.50000, 101718.35666, 0.94766, 1.17386, 0.21070, -0.38457, 1.00000, 0.00000
3.92241, 2.87963, 0.78273, 4.92852, 0.63328, 1.41130, 1.00000, 245223.00000, 245223.00000, 245223.00000, 0.00000, 0.00000, 0.91102, 0.52439, 0.37383, 0.10178, 0.00000, 1.00000
3.92241, 2.87963, -0.78273, 4.92852, 0.63328, 1.73029, 3.00000, 444845.00000, 253213.00000, 347207.66667, 6127105080.88889, 78275.82693, 0.91102, 0.65841, 0.46938, -0.12779, 1.00000, 0.00000
3.18882, 3.75791, 0.00000, 4.92853, 0.86714, 1.57080, 1.00000, 252528.00000, 252528.00000, 252528.00000, 0.00000, 0.00000, 0.90081, 0.46930, 0.53070, 0.00000, 1.00000, 0.00000
3.73035, 3.21637, 0.00000, 4.92550, 0.71154, 1.57080, 0.00000, 0.00000, 0.00000, 0.00000, 0.00000, 0.00000, 0.94766, 0.52918, 0.47082, 0.00000, 0.00000, 0.00000
4.83686, 0.87622, 0.00000, 4.91558, 0.17921, 1.57080, 1.00000, 294695.00000, 294695.00000, 294695.00000, 0.00000, 0.00000, 1.08598, 0.84303, 0.15697, 0.00000, 1.00000, 0.00000
4.35121, 2.14766, -0.78579, 4.91558, 0.45850, 1.73134, 2.00000, 443354.00000, 256064.00000, 349709.00000, 8769386025.00000, 93645.00000, 1.08598, 0.76051, 0.37301, -0.13352, 1.00000, 0.00000
4.35121, 2.14766, 0.78579, 4.91558, 0.45850, 1.41025, 1.00000, 291003.00000, 291003.00000, 291003.00000, 0.00000, 0.00000, 1.08598, 0.60022, 0.29439, 0.10538, 0.00000, 1.00000
4.58794, 1.75244, 0.00000, 4.91123, 0.36486, 1.57080, 5.00000, 490979.00000, 234053.00000, 383724.20000, 7854098868.16000, 88623.35397, 1.14286, 0.72361, 0.27639, -0.00000, 0.80000, 0.20000
