-2.75567, 4.02561, 0.70086, 4.92853, 2.17107, 1.42811, 35.00000, 393803.00000, 31215.00000, 207784.02857, 12884303535.05633, 113509.04605, 0.90081, -1.37444, 1.98030, 0.39414, 0.11429, 0.88571
-3.48430, 3.15040, 1.49161, 4.92852, 2.40648, 1.26333, 33.00000, 483473.00000, 34273.00000, 224807.84848, 17810519381.82553, 133456.05787, 0.91102, -2.88604, 2.59457, 1.29147, 0.42424, 0.57576
-2.21782, 3.93313, 1.97536, 4.92852, 2.08423, 1.15840, 53.00000, 492465.00000, 32146.00000, 193333.05660, 16410175409.60057, 128102.20689, 0.91102, -0.60432, 1.05443, 0.54989, 0.24528, 0.75472
-2.85909, 3.75484, 1.40973, 4.92550, 2.22158, 1.28053, 40.00000, 480012.00000, 46190.00000, 193366.07500, 15787185824.21937, 125647.06851, 0.94766, -1.25387, 1.66465, 0.58922, 0.22500, 0.77500
-3.93313, 1.97536, 2.21782, 4.92852, 2.67616, 1.10403, 15.00000, 482272.00000, 76179.00000, 227823.86667, 15707668686.24889, 125330.23852, 0.91102, -10.56672, 5.51065, 6.05607, 0.40000, 0.60000
-4.02561, 0.70086, 2.75567, 4.92853, 2.96922, 0.97747, 17.00000, 489022.00000, 99713.00000, 259931.88235, 14366740104.80969, 119861.33699, 0.90081, 9.35336, -1.86160, -6.49176, 0.47059, 0.52941
-3.15040, 1.49161, 3.48430, 4.92852, 2.69940, 0.78559, 40.00000, 488942.00000, 28747.00000, 227399.40000, 17350568867.14000, 131721.55810, 0.91102, -1.63909, 0.81587, 1.82322, 0.52500, 0.47500
-3.75484, 1.40973, 2.85909, 4.92550, 2.78243, 0.95149, 16.00000, 487641.00000, 114610.00000, 270895.56250, 14633865194.74609, 120970.51374, 0.94766, -9.32863, 3.30198, 7.02665, 0.68750, 0.31250
-1.49161, 3.48430, 3.15040, 4.92852, 1.97528, 0.87732, 51.00000, 494248.00000, 38607.00000, 211205.98039, 17874296284.99961, 133694.78780, 0.91102, -0.30829, 0.68893, 0.61936, 0.41176, 0.58824
-1.97536, 2.21782, 3.93313, 4.92852, 2.29844, 0.64677, 58.00000, 467002.00000, 22931.00000, 183843.81034, 14646600063.98127, 121023.13855, 0.91102, -0.49591, 0.54500, 0.95092, 0.70690, 0.29310
-0.70086, 2.75567, 4.02561, 4.92853, 1.81985, 0.61496, 55.00000, 489363.00000, 29257.00000, 204241.70909, 15343787811.84265, 123870.04405, 0.90081, -0.13313, 0.46424, 0.66888, 0.78182, 0.21818
-1.40973, 2.85909, 3.75484, 4.92550, 2.02888, 0.70390, 39.00000, 446580.00000, 31702.00000, 163042.84615, 14439945250.23274, 120166.32328, 0.94766, -0.25296, 0.53830, 0.71466, 0.82051, 0.17949
-3.47499, 2.68919, 2.20355, 4.91558, 2.48299, 1.10596, 26.00000, 409628.00000, 33386.00000, 180032.15385, 10463441959.36095, 102290.96714, 1.08598, -2.37638, 1.85065, 1.52573, 0.34615, 0.65385
-2.68919, 2.20355, 3.47499, 4.91558, 2.45513, 0.78564, 43.00000, 499127.00000, 36191.00000, 196648.69767, 11577881023.69930, 107600.56238, 1.08598, -0.90211, 0.74373, 1.15838, 0.53488, 0.46512
-2.20355, 3.47499, 2.68919, 4.91558, 2.13592, 0.99193, 31.00000, 487774.00000, 53964.00000, 245093.61290, 17414488649.33403, 131963.96724, 1.08598, -0.56481, 0.87972, 0.68510, 0.32258, 0.67742
-2.83550, 2.83550, 2.83550, 4.91123, 2.35619, 0.95532, 36.00000, 497663.00000, 33043.00000, 185076.77778, 13988831933.89506, 118274.39255, 1.14286, -1.00000, 1.00000, 1.00000, 0.50000, 0.50000
-2.05481, 4.45876, 0.43315, 4.92853, 2.00263, 1.48280, 50.00000, 469460.00000, 32121.00000, 190783.00000, 16607691327.72000, 128870.83195, 0.90081, -0.65917, 1.49537, 0.16379, 0.10000, 0.90000
-1.50894, 4.37124, 1.70460, 4.92852, 1.90319, 1.21764, 55.00000, 450077.00000, 30388.00000, 175561.40000, 14325499424.27637, 119689.17839, 0.91102, -0.30980, 0.93889, 0.37091, 0.21818, 0.78182
-0.72621, 4.85499, 0.43811, 4.92852, 1.71928, 1.48179, 46.00000, 475632.00000, 21282.00000, 193042.32609, 10690695452.21975, 103395.81932, 0.91102, -0.14496, 1.04077, 0.10419, 0.13043, 0.86957
-1.44936, 4.62611, 0.87126, 4.92550, 1.87441, 1.39297, 53.00000, 489162.00000, 26150.00000, 161426.58491, 12355319092.65789, 111154.48301, 0.94766, -0.38457, 1.17386, 0.21070, 0.13208, 0.86792
-0.78273, 3.92241, 2.87963, 4.92852, 1.76776, 0.94680, 68.00000, 493578.00000, 34169.00000, 183176.64706, 11486380738.11073, 107174.53400, 0.91102, -0.12779, 0.65841, 0.46938, 0.45588, 0.54412
0.00000, 3.18882, 3.75791, 4.92853, 1.57080, 0.70366, 51.00000, 482150.00000, 26536.00000, 193613.00000, 14738338102.00000, 121401.55725, 0.90081, -0.00000, 0.46930, 0.53070, 0.68627, 0.31373
0.78273, 3.92241, 2.87963, 4.92852, 1.37383, 0.94680, 63.00000, 497060.00000, 32886.00000, 202578.01587, 15887451606.96800, 126045.43469, 0.91102, 0.10178, 0.52439, 0.37383, 0.47619, 0.52381
0.00000, 3.73035, 3.21637, 4.92550, 1.57080, 0.85925, 46.00000, 471338.00000, 34005.00000, 184004.76087, 15874894887.48629, 125995.61456, 0.94766, -0.00000, 0.52918, 0.47082, 0.56522, 0.43478
0.72621, 4.85499, 0.43811, 4.92852, 1.42232, 1.48179, 53.00000, 453478.00000, 37648.00000, 187573.96226, 11800582548.67782, 108630.48628, 0.91102, 0.11238, 0.80685, 0.08077, 0.09434, 0.90566
1.50894, 4.37124, 1.70460, 4.92852, 1.23841, 1.21764, 52.00000, 495477.00000, 30768.00000, 183129.84615, 11491916458.39941, 107200.35662, 0.91102, 0.19128, 0.57970, 0.22901, 0.26923, 0.73077
2.05481, 4.45876, 0.43315, 4.92853, 1.13896, 1.48280, 24.00000, 435096.00000, 56828.00000, 234546.75000, 12221326367.93750, 110550.10795, 0.90081, 0.28433, 0.64502, 0.07065, 0.20833, 0.79167
1.44936, 4.62611, 0.87126, 4.92550, 1.26718, 1.39297, 28.00000, 393299.00000, 47638.00000, 166154.53571, 9936425224.46301, 99681.61929, 0.94766, 0.21738, 0.66353, 0.11910, 0.07143, 0.92857
-0.78579, 4.35121, 2.14766, 4.91558, 1.74946, 1.11864, 42.00000, 499530.00000, 51581.00000, 194545.14286, 13773058158.40816, 117358.67313, 1.08598, -0.13352, 0.76051, 0.37301, 0.42857, 0.57143
0.78579, 4.35121, 2.14766, 4.91558, 1.39213, 1.11864, 45.00000, 388005.00000, 35954.00000, 162092.82222, 8583682916.19062, 92648.16737, 1.08598, 0.10538, 0.60022, 0.29439, 0.35556, 0.64444
0.00000, 4.83686, 0.87622, 4.91558, 1.57080, 1.39159, 32.00000, 471066.00000, 27370.00000, 183163.84375, 16898081393.63184, 129992.62054, 1.08598, -0.00000, 0.84303, 0.15697, 0.21875, 0.78125
0.00000, 4.58794, 1.75244, 4.91123, 1.57080, 1.20593, 48.00000, 455064.00000, 28420.00000, 184214.31250, 14904095825.21484, 122082.33216, 1.14286, 0.00000, 0.72361, 0.27639, 0.22917, 0.77083
-2.05481, 4.45876, -0.43315, 4.92853, 2.00263, 1.65880, 39.00000, 495640.00000, 48809.00000, 202008.92308, 14991183312.58382, 122438.48787, 0.90081, -0.98030, 2.22389, -0.24359, 0.15385, 0.84615
-0.72621, 4.85499, -0.43811, 4.92852, 1.71928, 1.65981, 48.00000, 479777.00000, 31601.00000, 195889.87500, 15769420704.85938, 125576.35408, 0.91102, -0.18312, 1.31474, -0.13162, 0.14583, 0.85417
-1.50894, 4.37124, -1.70460, 4.92852, 1.90319, 1.92396, 16.00000, 434354.00000, 85548.00000, 234257.00000, 12202766720.75000, 110466.13382, 0.91102, -1.19997, 3.63662, -1.43665, 0.06250, 0.93750
-1.44936, 4.62611, -0.87126, 4.92550, 1.87441, 1.74862, 28.00000, 433516.00000, 24705.00000, 189934.82143, 17906243922.28954, 133814.21420, 0.94766, -0.66465, 2.02881, -0.36416, 0.07143, 0.92857
0.72621, 4.85499, -0.43811, 4.92852, 1.42232, 1.65981, 36.00000, 495189.00000, 37147.00000, 213369.05556, 17031408337.16358, 130504.43800, 0.91102, 0.13403, 0.96230, -0.09634, 0.08333, 0.91667
2.05481, 4.45876, -0.43315, 4.92853, 1.13896, 1.65880, 9.00000, 331255.00000, 69659.00000, 154137.33333, 8758758765.33333, 93588.24053, 0.90081, 0.33112, 0.75116, -0.08228, 0.11111, 0.88889
1.50894, 4.37124, -1.70460, 4.92852, 1.23841, 1.92396, 15.00000, 492684.00000, 84355.00000, 271417.86667, 17754679205.71556, 133246.68553, 0.91102, 0.35294, 1.06961, -0.42255, 0.06667, 0.93333
1.44936, 4.62611, -0.87126, 4.92550, 1.26718, 1.74862, 19.00000, 458137.00000, 41690.00000, 224066.15789, 15464018186.97507, 124354.40558, 0.94766, 0.28534, 0.87099, -0.15634, 0.15789, 0.84211
-0.78273, 3.92241, -2.87963, 4.92852, 1.76776, 2.19479, 5.00000, 459980.00000, 100763.00000, 287794.20000, 16776520324.96000, 129524.20749, 0.91102, -2.08678, 10.75154, -7.66476, 0.00000, 1.00000
0.78273, 3.92241, -2.87963, 4.92852, 1.37383, 2.19479, 16.00000, 489030.00000, 58887.00000, 249730.81250, 13166895236.90234, 114747.09250, 0.91102, 0.40335, 2.07817, -1.48153, 0.06250, 0.93750
0.00000, 3.18882, -3.75791, 4.92853, 1.57080, 2.43793, 6.00000, 497837.00000, 155570.00000, 346042.83333, 13197171279.80556, 114878.94185, 0.90081, -0.00000, -7.64229, 8.64229, 0.16667, 0.83333
0.00000, 3.73035, -3.21637, 4.92550, 1.57080, 2.28234, 14.00000, 482060.00000, 89513.00000, 236385.50000, 13517787993.53572, 116266.02252, 0.94766, 0.00000, 9.06739, -8.06739, 0.14286, 0.85714
0.00000, 4.83686, -0.87622, 4.91558, 1.57080, 1.75001, 23.00000, 499273.00000, 51441.00000, 226877.60870, 20885504047.97732, 144518.17895, 1.08598, 0.00000, 1.22879, -0.22879, 0.13043, 0.86957
0.78579, 4.35121, -2.14766, 4.91558, 1.39213, 2.02296, 14.00000, 358065.00000, 64470.00000, 232122.57143, 9974743317.95918, 99873.63675, 1.08598, 0.25627, 1.45965, -0.71592, 0.14286, 0.85714
-0.78579, 4.35121, -2.14766, 4.91558, 1.74946, 2.02296, 18.00000, 494386.00000, 51795.00000, 230562.72222, 21357827107.97839, 146143.17332, 1.08598, -0.52573, 2.99442, -1.46868, 0.11111, 0.88889
0.00000, 4.58794, -1.75244, 4.91123, 1.57080, 1.93566, 27.00000, 476254.00000, 68164.00000, 233642.55556, 14310159258.91358, 119625.07788, 1.14286, 0.00000, 1.61803, -0.61803, 0.03704, 0.96296
-2.75567, 4.02561, -0.70086, 4.92853, 2.17107, 1.71348, 19.00000, 492961.00000, 60087.00000, 211935.31579, 14731761119.16343, 121374.46650, 0.90081, -6.49176, 9.35336, -1.86160, 0.10526, 0.89474
-2.21782, 3.93313, -1.97536, 4.92852, 2.08423, 1.98319, 14.00000, 435589.00000, 78888.00000, 220760.57143, 12524216656.81633, 111911.64665, 0.91102, 6.05607, -10.56672, 5.51065, 0.07143, 0.92857
-3.48430, 3.15040, -1.49161, 4.92852, 2.40648, 1.87827, 11.00000, 420622.00000, 42088.00000, 236001.54545, 16207755576.97520, 127309.68375, 0.91102, 1.82322, -1.63909, 0.81587, 0.00000, 1.00000
-2.85909, 3.75484, -1.40973, 4.92550, 2.22158, 1.86107, 16.00000, 483533.00000, 61271.00000, 213707.62500, 19289196760.73438, 138885.55274, 0.94766, 7.02665, -9.32863, 3.30198, 0.06250, 0.93750
-1.49161, 3.48430, -3.15040, 4.92852, 1.97528, 2.26428, 9.00000, 457154.00000, 99405.00000, 272012.11111, 13760904432.32099, 117306.88144, 0.91102, 1.29147, -2.88604, 2.59457, 0.11111, 0.88889
-0.70086, 2.75567, -4.02561, 4.92853, 1.81985, 2.52663, 6.00000, 399502.00000, 84823.00000, 212370.50000, 10651532190.91667, 103206.26043, 0.90081, 0.39414, -1.37444, 1.98030, 0.00000, 1.00000
-1.97536, 2.21782, -3.93313, 4.92852, 2.29844, 2.49482, 6.00000, 439813.00000, 47675.00000, 263433.66667, 21235169471.88889, 145722.92020, 0.91102, 0.54989, -0.60432, 1.05443, 0.00000, 1.00000
-1.40973, 2.85909, -3.75484, 4.92550, 2.02888, 2.43770, 4.00000, 333393.00000, 241331.00000, 290701.25000, 1071588824.18750, 32735.13135, 0.94766, 0.58922, -1.25387, 1.66465, 0.00000, 1.00000
-3.93313, 1.97536, -2.21782, 4.92852, 2.67616, 2.03756, 9.00000, 469807.00000, 105081.00000, 280418.00000, 13711578870.44444, 117096.45114, 0.91102, 0.95092, -0.49591, 0.54500, 0.11111, 0.88889
-3.15040, 1.49161, -3.48430, 4.92852, 2.69940, 2.35600, 4.00000, 381393.00000, 178877.00000, 269602.25000, 7480924740.68750, 86492.33920, 0.91102, 0.61936, -0.30829, 0.68893, 0.25000, 0.75000
-4.02561, 0.70086, -2.75567, 4.92853, 2.96922, 2.16413, 3.00000, 454219.00000, 196257.00000, 321358.00000, 11120841040.66667, 105455.39835, 0.90081, 0.66888, -0.13313, 0.46424, 0.00000, 1.00000
-3.75484, 1.40973, -2.85909, 4.92550, 2.78243, 2.19010, 3.00000, 255761.00000, 91124.00000, 162066.66667, 4776376129.55556, 69111.33141, 0.94766, 0.71466, -0.25296, 0.53830, 0.00000, 1.00000
-2.20355, 3.47499, -2.68919, 4.91558, 2.13592, 2.14966, 9.00000, 395044.00000, 122381.00000, 264866.55556, 6774281437.13580, 82306.02309, 1.08598, 1.52573, -2.37638, 1.85065, 0.00000, 1.00000
-2.68919, 2.20355, -3.47499, 4.91558, 2.45513, 2.35595, 7.00000, 491605.00000, 150630.00000, 278873.28571, 16712493306.77551, 129276.80885, 1.08598, 0.68510, -0.56481, 0.87972, 0.14286, 0.85714
-3.47499, 2.68919, -2.20355, 4.91558, 2.48299, 2.03563, 7.00000, 485886.00000, 82545.00000, 263531.14286, 16959522508.40816, 130228.73150, 1.08598, 1.15838, -0.90211, 0.74373, 0.28571, 0.71429
-2.83550, 2.83550, -2.83550, 4.91123, 2.35619, 2.18628, 8.00000, 233219.00000, 65035.00000, 127504.50000, 4170867708.50000, 64582.25537, 1.14286, 1.00000, -1.00000, 1.00000, 0.00000, 1.00000
-3.18882, 3.75791, 0.00000, 4.92853, 2.27446, 1.57080, 27.00000, 483457.00000, 31677.00000, 239704.07407, 11111710031.17970, 105412.09623, 0.90081, -7.64229, 8.64229, 0.00000, 0.07407, 0.92593
-3.92241, 2.87963, -0.78273, 4.92852, 2.50831, 1.73029, 13.00000, 441892.00000, 103291.00000, 217636.61538, 8419238084.23669, 91756.40623, 0.91102, 2.07817, -1.48153, 0.40335, 0.30769, 0.69231
-3.92241, 2.87963, 0.78273, 4.92852, 2.50831, 1.41130, 25.00000, 477536.00000, 77182.00000, 234073.84000, 13547238155.57440, 116392.60353, 0.91102, 10.75154, -7.66476, -2.08678, 0.24000, 0.76000
-3.73035, 3.21637, 0.00000, 4.92550, 2.43005, 1.57080, 23.00000, 420699.00000, 63338.00000, 220882.34783, 12395873660.31380, 111336.75790, 0.94766, 9.06739, -8.06739, -0.00000, 0.08696, 0.91304
-4.37124, 1.70460, -1.50894, 4.92852, 2.76977, 1.88196, 13.00000, 439725.00000, 174452.00000, 338842.23077, 7587973202.17752, 87108.97314, 0.91102, 1.06961, -0.42255, 0.35294, 0.00000, 1.00000
-4.45876, 0.43315, -2.05481, 4.92853, 3.04475, 2.00085, 4.00000, 488426.00000, 355134.00000, 431664.50000, 3286460000.25000, 57327.65476, 0.90081, 0.75116, -0.08228, 0.33112, 0.00000, 1.00000
-4.85499, 0.43811, -0.72621, 4.92852, 3.05160, 1.71868, 8.00000, 472657.00000, 123532.00000, 282366.00000, 12997570740.00000, 114006.88900, 0.91102, 0.96230, -0.09634, 0.13403, 0.25000, 0.75000
-4.62611, 0.87126, -1.44936, 4.92550, 2.95544, 1.86947, 5.00000, 490855.00000, 192839.00000, 340624.00000, 9706601115.20000, 98522.08440, 0.94766, 0.87099, -0.15634, 0.28534, 0.20000, 0.80000
-4.37124, 1.70460, 1.50894, 4.92852, 2.76977, 1.25963, 15.00000, 490635.00000, 68212.00000, 238520.20000, 18818990958.16000, 137182.32743, 0.91102, 3.63662, -1.43665, -1.19997, 0.26667, 0.73333
-4.85499, 0.43811, 0.72621, 4.92852, 3.05160, 1.42291, 7.00000, 434174.00000, 89244.00000, 274110.14286, 15863474468.12245, 125950.28570, 0.91102, 1.31474, -0.13162, -0.18312, 0.28571, 0.71429
-4.45876, 0.43315, 2.05481, 4.92853, 3.04475, 1.14074, 12.00000, 419823.00000, 82677.00000, 191352.83333, 9907985356.30556, 99538.86355, 0.90081, 2.22389, -0.24359, -0.98030, 0.66667, 0.33333
-4.62611, 0.87126, 1.44936, 4.92550, 2.95544, 1.27212, 12.00000, 474828.00000, 121997.00000, 301367.16667, 12488940787.47222, 111753.92963, 0.94766, 2.02881, -0.36416, -0.66465, 0.50000, 0.50000
-4.35121, 2.14766, -0.78579, 4.91558, 2.68310, 1.73134, 7.00000, 495163.00000, 83856.00000, 305735.28571, 21342196215.34694, 146089.68552, 1.08598, 1.45965, -0.71592, 0.25627, 0.42857, 0.57143
-4.83686, 0.87622, 0.00000, 4.91558, 2.96238, 1.57080, 4.00000, 422782.00000, 275175.00000, 319376.75000, 3607245847.18750, 60060.35171, 1.08598, 1.22879, -0.22879, -0.00000, 0.25000, 0.75000
-4.35121, 2.14766, 0.78579, 4.91558, 2.68310, 1.41025, 14.00000, 487536.00000, 87266.00000, 259450.85714, 21133828996.26531, 145374.78804, 1.08598, 2.99442, -1.46868, -0.52573, 0.35714, 0.64286
-4.58794, 1.75244, 0.00000, 4.91123, 2.77673, 1.57080, 11.00000, 467290.00000, 81995.00000, 239990.09091, 15127055077.53719, 122992.09356, 1.14286, 1.61803, -0.61803, -0.00000, 0.63636, 0.36364
2.75567, 4.02561, 0.70086, 4.92853, 0.97053, 1.42811, 8.00000, 237413.00000, 29120.00000, 148312.25000, 4303768052.68750, 65603.11008, 0.90081, 0.36663, 0.52824, 0.10514, 0.25000, 0.75000
2.21782, 3.93313, 1.97536, 4.92852, 1.05736, 1.15840, 35.00000, 469620.00000, 47923.00000, 198460.62857, 14118642601.83347, 118821.89445, 0.91102, 0.27362, 0.47741, 0.24897, 0.42857, 0.57143
3.48430, 3.15040, 1.49161, 4.92852, 0.73511, 1.26333, 19.00000, 483798.00000, 48241.00000, 292437.94737, 16045915974.26039, 126672.47520, 0.91102, 0.42617, 0.38313, 0.19070, 0.36842, 0.63158
2.85909, 3.75484, 1.40973, 4.92550, 0.92001, 1.28053, 27.00000, 484810.00000, 52703.00000, 237144.44444, 12938341608.24691, 113746.83120, 0.94766, 0.35746, 0.47456, 0.16798, 0.51852, 0.48148
1.49161, 3.48430, 3.15040, 4.92852, 1.16631, 0.87732, 50.00000, 495110.00000, 40363.00000, 219719.12000, 17492876385.58560, 132260.63808, 0.91102, 0.19070, 0.42617, 0.38313, 0.50000, 0.50000
0.70086, 2.75567, 4.02561, 4.92853, 1.32174, 0.61496, 50.00000, 421972.00000, 27629.00000, 170487.14000, 10598826038.76040, 102950.59999, 0.90081, 0.10514, 0.36663, 0.52824, 0.74000, 0.26000
1.97536, 2.21782, 3.93313, 4.92852, 0.84316, 0.64677, 30.00000, 489100.00000, 52452.00000, 210723.50000, 16948657553.11667, 130187.00992, 0.91102, 0.24897, 0.27362, 0.47741, 0.83333, 0.16667
1.40973, 2.85909, 3.75484, 4.92550, 1.11271, 0.70390, 36.00000, 472339.00000, 35028.00000, 187144.58333, 14051417693.79861, 118538.67594, 0.94766, 0.16798, 0.35746, 0.47456, 0.63889, 0.36111
3.93313, 1.97536, 2.21782, 4.92852, 0.46544, 1.10403, 16.00000, 244418.00000, 59023.00000, 160806.50000, 2223111140.75000, 47149.87954, 0.91102, 0.47741, 0.24897, 0.27362, 0.75000, 0.25000
3.15040, 1.49161, 3.48430, 4.92852, 0.44220, 0.78559, 33.00000, 491476.00000, 36332.00000, 220440.75758, 13353729888.48669, 115558.33976, 0.91102, 0.38313, 0.19070, 0.42617, 0.81818, 0.18182
4.02561, 0.70086, 2.75567, 4.92853, 0.17237, 0.97747, 10.00000, 379274.00000, 54650.00000, 231115.40000, 12403887996.44000, 111372.74351, 0.90081, 0.52824, 0.10514, 0.36663, 0.70000, 0.30000
3.75484, 1.40973, 2.85909, 4.92550, 0.35916, 0.95149, 17.00000, 387986.00000, 26924.00000, 207392.70588, 13672542456.56055, 116929.64747, 0.94766, 0.47456, 0.16798, 0.35746, 0.94118, 0.05882
2.20355, 3.47499, 2.68919, 4.91558, 1.00567, 0.99193, 24.00000, 378228.00000, 34392.00000, 167010.79167, 9499971716.66493, 97467.79836, 1.08598, 0.26522, 0.41309, 0.32170, 0.58333, 0.41667
2.68919, 2.20355, 3.47499, 4.91558, 0.68646, 0.78564, 29.00000, 491388.00000, 29423.00000, 214755.06897, 11888486621.85732, 109034.33689, 1.08598, 0.32170, 0.26522, 0.41309, 0.86207, 0.13793
3.47499, 2.68919, 2.20355, 4.91558, 0.65860, 1.10596, 12.00000, 400353.00000, 137352.00000, 253460.91667, 8700754213.57639, 93277.83345, 1.08598, 0.41309, 0.32170, 0.26522, 0.50000, 0.50000
2.83550, 2.83550, 2.83550, 4.91123, 0.78540, 0.95532, 22.00000, 451864.00000, 44162.00000, 189120.13636, 13776341713.11777, 117372.66169, 1.14286, 0.33333, 0.33333, 0.33333, 0.54545, 0.45455
-0.43315, 2.05481, 4.45876, 4.92853, 1.77855, 0.44016, 55.00000, 483085.00000, 24171.00000, 163005.18182, 13495490510.51240, 116170.09301, 0.90081, -0.08228, 0.33112, 0.75116, 0.76364, 0.23636
-1.70460, 1.50894, 4.37124, 4.92852, 2.41700, 0.48015, 45.00000, 498271.00000, 33115.00000, 210819.53333, 18400316897.98222, 135647.76776, 0.91102, -0.42255, 0.35294, 1.06961, 0.82222, 0.17778
-0.43811, 0.72621, 4.85499, 4.92852, 2.11363, 0.17295, 66.00000, 494883.00000, 21637.00000, 156937.87879, 13473892197.16713, 116077.09592, 0.91102, -0.09634, 0.13403, 0.96230, 0.95455, 0.04545
-0.87126, 1.44936, 4.62611, 4.92550, 2.11205, 0.35046, 66.00000, 397324.00000, 32867.00000, 156180.69697, 8625620371.21120, 92874.21801, 0.94766, -0.15634, 0.28534, 0.87099, 0.89394, 0.10606
-2.87963, 0.78273, 3.92241, 4.92852, 2.87619, 0.65037, 29.00000, 473403.00000, 34451.00000, 192482.79310, 13850494299.75030, 117688.12302, 0.91102, -1.48153, 0.40335, 2.07817, 0.86207, 0.13793
-3.75791, 0.00000, 3.18882, 4.92853, 3.14159, 0.86714, 12.00000, 476933.00000, 111652.00000, 238412.58333, 10631251592.90972, 103107.96086, 0.90081, 8.64229, -0.00000, -7.64229, 0.75000, 0.25000
-2.87963, -0.78273, 3.92241, 4.92852, -2.87619, 0.65037, 14.00000, 394689.00000, 35012.00000, 190178.64286, 13191254610.37245, 114853.18720, 0.91102, -7.66476, -2.08678, 10.75154, 0.92857, 0.07143
-3.21637, 0.00000, 3.73035, 4.92550, 3.14159, 0.71154, 17.00000, 384028.00000, 45888.00000, 180216.76471, 7911779413.35640, 88948.18387, 0.94766, -8.06739, 0.00000, 9.06739, 0.94118, 0.05882
-0.43811, -0.72621, 4.85499, 4.92852, -2.11363, 0.17295, 42.00000, 499578.00000, 33092.00000, 169278.38095, 17661385477.37868, 132896.14546, 0.91102, -0.13162, -0.18312, 1.31474, 0.90476, 0.09524
-1.70460, -1.50894, 4.37124, 4.92852, -2.41700, 0.48015, 29.00000, 485293.00000, 47248.00000, 241042.75862, 18042867365.97622, 134323.74089, 0.91102, -1.43665, -1.19997, 3.63662, 0.93103, 0.06897
-0.43315, -2.05481, 4.45876, 4.92853, -1.77855, 0.44016, 23.00000, 433833.00000, 45551.00000, 207260.91304, 15119660365.99244, 122962.02815, 0.90081, -0.24359, -0.98030, 2.22389, 0.95652, 0.04348
-0.87126, -1.44936, 4.62611, 4.92550, -2.11205, 0.35046, 16.00000, 492685.00000, 90577.00000, 249767.12500, 13086820491.35938, 114397.64198, 0.94766, -0.36416, -0.66465, 2.02881, 0.87500, 0.12500
-2.14766, 0.78579, 4.35121, 4.91558, 2.79084, 0.48390, 26.00000, 448871.00000, 23200.00000, 168535.96154, 12613113268.34468, 112308.11755, 1.08598, -0.71592, 0.25627, 1.45965, 0.88462, 0.11538
-2.14766, -0.78579, 4.35121, 4.91558, -2.79084, 0.48390, 22.00000, 451798.00000, 25351.00000, 166966.50000, 13132980803.70455, 114599.21816, 1.08598, -1.46868, -0.52573, 2.99442, 0.95455, 0.04545
-0.87622, 0.00000, 4.83686, 4.91558, 3.14159, 0.17921, 54.00000, 458888.00000, 34061.00000, 224202.14815, 16726120734.01509, 129329.50450, 1.08598, -0.22879, 0.00000, 1.22879, 0.90741, 0.09259
-1.75244, 0.00000, 4.58794, 4.91123, 3.14159, 0.36486, 29.00000, 499571.00000, 31106.00000, 167268.75862, 8934686595.01070, 94523.47113, 1.14286, -0.61803, 0.00000, 1.61803, 0.93103, 0.06897
-4.45876, -0.43315, 2.05481, 4.92853, -3.04475, 1.14074, 5.00000, 339134.00000, 111623.00000, 243915.60000, 10957155130.64000, 104676.43064, 0.90081, 1.49537, 0.16379, -0.65917, 0.80000, 0.20000
-4.85499, -0.43811, 0.72621, 4.92852, -3.05160, 1.42291, 5.00000, 397665.00000, 105156.00000, 223240.80000, 9897435070.96000, 99485.85362, 0.91102, 1.04077, 0.10419, -0.14496, 0.60000, 0.40000
-4.37124, -1.70460, 1.50894, 4.92852, -2.76977, 1.25963, 4.00000, 279279.00000, 101583.00000, 196388.00000, 4491561541.50000, 67019.11326, 0.91102, 0.93889, 0.37091, -0.30980, 1.00000, 0.00000
-4.62611, -0.87126, 1.44936, 4.92550, -2.95544, 1.27212, 3.00000, 492810.00000, 367205.00000, 422264.33333, 2749349264.22222, 52434.23752, 0.94766, 1.17386, 0.21070, -0.38457, 0.66667, 0.33333
-4.85499, -0.43811, -0.72621, 4.92852, -3.05160, 1.71868, 2.00000, 182861.00000, 132270.00000, 157565.50000, 639862320.25000, 25295.50000, 0.91102, 0.80685, 0.08077, 0.11238, 0.00000, 1.00000
-4.45876, -0.43315, -2.05481, 4.92853, -3.04475, 2.00085, 2.00000, 167042.00000, 142715.00000, 154878.50000, 147950732.25000, 12163.50000, 0.90081, 0.64502, 0.07065, 0.28433, 0.00000, 1.00000
-4.37124, -1.70460, -1.50894, 4.92852, -2.76977, 1.88196, 0.00000, 0.00000, 0.00000, 0.00000, 0.00000, 0.00000, 0.91102, 0.57970, 0.22901, 0.19128, 0.00000, 0.00000
-4.62611, -0.87126, -1.44936, 4.92550, -2.95544, 1.86947, 2.00000, 456734.00000, 297302.00000, 377018.00000, 6354640656.00000, 79716.00000, 0.94766, 0.66353, 0.11910, 0.21738, 0.50000, 0.50000
-3.92241, -2.87963, 0.78273, 4.92852, -2.50831, 1.41130, 3.00000, 301975.00000, 148338.00000, 220043.66667, 3986336757.55556, 63137.44339, 0.91102, 0.65841, 0.46938, -0.12779, 0.66667, 0.33333
-3.92241, -2.87963, -0.78273, 4.92852, -2.50831, 1.73029, 2.00000, 277272.00000, 259699.00000, 268485.50000, 77202582.25000, 8786.50000, 0.91102, 0.52439, 0.37383, 0.10178, 1.00000, 0.00000
-3.18882, -3.75791, 0.00000, 4.92853, -2.27446, 1.57080, 1.00000, 401645.00000, 401645.00000, 401645.00000, 0.00000, 0.00000, 0.90081, 0.46930, 0.53070, 0.00000, 0.00000, 1.00000
-3.73035, -3.21637, 0.00000, 4.92550, -2.43005, 1.57080, 1.00000, 422610.00000, 422610.00000, 422610.00000, 0.00000, 0.00000, 0.94766, 0.52918, 0.47082, -0.00000, 1.00000, 0.00000
-4.83686, -0.87622, 0.00000, 4.91558, -2.96238, 1.57080, 3.00000, 426314.00000, 324907.00000, 359714.33333, 2219272837.55556, 47109.15874, 1.08598, 0.84303, 0.15697, -0.00000, 0.33333, 0.66667
-4.35121, -2.14766, -0.78579, 4.91558, -2.68310, 1.73134, 1.00000, 237055.00000, 237055.00000, 237055.00000, 0.00000, 0.00000, 1.08598, 0.60022, 0.29439, 0.10538, 0.00000, 1.00000
-4.35121, -2.14766, 0.78579, 4.91558, -2.68310, 1.41025, 3.00000, 415424.00000, 235652.00000, 330450.33333, 5434590701.55556, 73719.67649, 1.08598, 0.76051, 0.37301, -0.13352, 0.66667, 0.33333
-4.58794, -1.75244, 0.00000, 4.91123, -2.77673, 1.57080, 2.00000, 407189.00000, 388968.00000, 398078.50000, 83001210.25000, 9110.50000, 1.14286, 0.72361, 0.27639, -0.00000, 0.50000, 0.50000
-3.75791, 0.00000, -3.18882, 4.92853, 3.14159, 2.27446, 1.00000, 308445.00000, 308445.00000, 308445.00000, 0.00000, 0.00000, 0.90081, 0.53070, -0.00000, 0.46930, 1.00000, 0.00000
-2.87963, 0.78273, -3.92241, 4.92852, 2.87619, 2.49122, 4.00000, 476597.00000, 270675.00000, 369205.00000, 6142958266.00000, 78377.02639, 0.91102, 0.46938, -0.12779, 0.65841, 0.00000, 1.00000
-2.87963, -0.78273, -3.92241, 4.92852, -2.87619, 2.49122, 0.00000, 0.00000, 0.00000, 0.00000, 0.00000, 0.00000, 0.91102, 0.37383, 0.10178, 0.52439, 0.00000, 0.00000
-3.21637, 0.00000, -3.73035, 4.92550, 3.14159, 2.43005, 3.00000, 442822.00000, 288915.00000, 359322.00000, 4033607432.66667, 63510.68755, 0.94766, 0.47082, 0.00000, 0.52918, 0.00000, 1.00000
-1.70460, 1.50894, -4.37124, 4.92852, 2.41700, 2.66145, 3.00000, 321793.00000, 270516.00000, 293549.00000, 451799048.66667, 21255.56512, 0.91102, 0.37091, -0.30980, 0.93889, 0.00000, 1.00000
-0.43315, 2.05481, -4.45876, 4.92853, 1.77855, 2.70143, 5.00000, 437695.00000, 217713.00000, 321469.00000, 6325209302.80000, 79531.18447, 0.90081, 0.16379, -0.65917, 1.49537, 0.00000, 1.00000
-0.43811, 0.72621, -4.85499, 4.92852, 2.11363, 2.96865, 2.00000, 281727.00000, 278693.00000, 280210.00000, 2301289.00000, 1517.00000, 0.91102, 0.10419, -0.14496, 1.04077, 0.00000, 1.00000
-0.87126, 1.44936, -4.62611, 4.92550, 2.11205, 2.79113, 3.00000, 463855.00000, 206394.00000, 301786.66667, 13270516682.88889, 115197.72864, 0.94766, 0.21070, -0.38457, 1.17386, 0.33333, 0.66667
-1.70460, -1.50894, -4.37124, 4.92852, -2.41700, 2.66145, 2.00000, 436954.00000, 304882.00000, 370918.00000, 4360753296.00000, 66036.00000, 0.91102, 0.22901, 0.19128, 0.57970, 0.50000, 0.50000
-0.43811, -0.72621, -4.85499, 4.92852, -2.11363, 2.96865, 1.00000, 367674.00000, 367674.00000, 367674.00000, 0.00000, 0.00000, 0.91102, 0.08077, 0.11238, 0.80685, 0.00000, 1.00000
-0.43315, -2.05481, -4.45876, 4.92853, -1.77855, 2.70143, 0.00000, 0.00000, 0.00000, 0.00000, 0.00000, 0.00000, 0.90081, 0.07065, 0.28433, 0.64502, 0.00000, 0.00000
-0.87126, -1.44936, -4.62611, 4.92550, -2.11205, 2.79113, 2.00000, 479676.00000, 460412.00000, 470044.00000, 92775424.00000, 9632.00000, 0.94766, 0.11910, 0.21738, 0.66353, 0.00000, 1.00000
-2.14766, 0.78579, -4.35121, 4.91558, 2.79084, 2.65769, 0.00000, 0.00000, 0.00000, 0.00000, 0.00000, 0.00000, 1.08598, 0.37301, -0.13352, 0.76051, 0.00000, 0.00000
-0.87622, 0.00000, -4.83686, 4.91558, 3.14159, 2.96238, 0.00000, 0.00000, 0.00000, 0.00000, 0.00000, 0.00000, 1.08598, 0.15697, 0.00000, 0.84303, 0.00000, 0.00000
-2.14766, -0.78579, -4.35121, 4.91558, -2.79084, 2.65769, 1.00000, 410926.00000, 410926.00000, 410926.00000, 0.00000, 0.00000, 1.08598, 0.29439, 0.10538, 0.60022, 0.00000, 1.00000
-1.75244, 0.00000, -4.58794, 4.91123, 3.14159, 2.77673, 1.00000, 445592.00000, 445592.00000, 445592.00000, 0.00000, 0.00000, 1.14286, 0.27639, 0.00000, 0.72361, 0.00000, 1.00000
0.70086, 2.75567, -4.02561, 4.92853, 1.32174, 2.52663, 6.00000, 472808.00000, 147541.00000, 313670.33333, 15525918620.88889, 124603.04419, 0.90081, -1.86160, -6.49176, 9.35336, 0.00000, 1.00000
1.49161, 3.48430, -3.15040, 4.92852, 1.16631, 2.26428, 8.00000, 387424.00000, 193500.00000, 326220.62500, 3733899602.98438, 61105.64297, 0.91102, 0.81587, 1.82322, -1.63909, 0.12500, 0.87500
1.97536, 2.21782, -3.93313, 4.92852, 0.84316, 2.49482, 3.00000, 356196.00000, 282264.00000, 309278.33333, 1109061442.88889, 33302.57412, 0.91102, 5.51065, 6.05607, -10.56672, 0.33333, 0.66667
1.40973, 2.85909, -3.75484, 4.92550, 1.11271, 2.43770, 7.00000, 370449.00000, 81016.00000, 250046.42857, 9659041868.53061, 98280.42465, 0.94766, 3.30198, 7.02665, -9.32863, 0.28571, 0.71429
2.21782, 3.93313, -1.97536, 4.92852, 1.05736, 1.98319, 13.00000, 458941.00000, 86919.00000, 246897.84615, 11149762140.13018, 105592.43410, 0.91102, 0.54500, 0.95092, -0.49591, 0.15385, 0.84615
2.75567, 4.02561, -0.70086, 4.92853, 0.97053, 1.71348, 14.00000, 493682.00000, 70391.00000, 224378.14286, 18131006920.55102, 134651.42747, 0.90081, 0.46424, 0.66888, -0.13313, 0.21429, 0.78571
3.48430, 3.15040, -1.49161, 4.92852, 0.73511, 1.87827, 11.00000, 484950.00000, 77643.00000, 308248.72727, 16776622777.28925, 129524.60298, 0.91102, 0.68893, 0.61936, -0.30829, 0.27273, 0.72727
2.85909, 3.75484, -1.40973, 4.92550, 0.92001, 1.86107, 5.00000, 426219.00000, 140759.00000, 291576.20000, 9287513929.36000, 96371.74861, 0.94766, 0.53830, 0.71466, -0.25296, 0.00000, 1.00000
3.15040, 1.49161, -3.48430, 4.92852, 0.44220, 2.35600, 1.00000, 240022.00000, 240022.00000, 240022.00000, 0.00000, 0.00000, 0.91102, 2.59457, 1.29147, -2.88604, 0.00000, 1.00000
3.93313, 1.97536, -2.21782, 4.92852, 0.46544, 2.03756, 4.00000, 362490.00000, 170538.00000, 297799.75000, 6056860657.18750, 77825.83541, 0.91102, 1.05443, 0.54989, -0.60432, 0.25000, 0.75000
4.02561, 0.70086, -2.75567, 4.92853, 0.17237, 2.16413, 0.00000, 0.00000, 0.00000, 0.00000, 0.00000, 0.00000, 0.90081, 1.98030, 0.39414, -1.37444, 0.00000, 0.00000
3.75484, 1.40973, -2.85909, 4.92550, 0.35916, 2.19010, 0.00000, 0.00000, 0.00000, 0.00000, 0.00000, 0.00000, 0.94766, 1.66465, 0.58922, -1.25387, 0.00000, 0.00000
2.20355, 3.47499, -2.68919, 4.91558, 1.00567, 2.14966, 10.00000, 460541.00000, 133771.00000, 313270.50000, 11550011499.45000, 107470.97980, 1.08598, 0.74373, 1.15838, -0.90211, 0.20000, 0.80000
3.47499, 2.68919, -2.20355, 4.91558, 0.65860, 2.03563, 4.00000, 424189.00000, 140857.00000, 340111.00000, 13440919572.00000, 115934.97993, 1.08598, 0.87972, 0.68510, -0.56481, 0.25000, 0.75000
2.68919, 2.20355, -3.47499, 4.91558, 0.68646, 2.35595, 4.00000, 495296.00000, 82768.00000, 323116.25000, 22764721274.18750, 150879.82395, 1.08598, 1.85065, 1.52573, -2.37638, 0.00000, 1.00000
2.83550, 2.83550, -2.83550, 4.91123, 0.78540, 2.18628, 4.00000, 377842.00000, 150508.00000, 283630.50000, 6867065892.75000, 82867.76148, 1.14286, 1.00000, 1.00000, -1.00000, 0.25000, 0.75000
2.75567, -4.02561, 0.70086, 4.92853, -0.97053, 1.42811, 4.00000, 367885.00000, 154451.00000, 229010.00000, 6731192621.00000, 82043.84572, 0.90081, -6.49176, 9.35336, -1.86160, 1.00000, 0.00000
3.48430, -3.15040, 1.49161, 4.92852, -0.73511, 1.26333, 4.00000, 485779.00000, 125224.00000, 312602.50000, 23060641207.25000, 151857.30541, 0.91102, 1.82322, -1.63909, 0.81587, 0.75000, 0.25000
2.21782, -3.93313, 1.97536, 4.92852, -1.05736, 1.15840, 4.00000, 360384.00000, 185621.00000, 298198.75000, 4456146767.18750, 66754.37639, 0.91102, 6.05607, -10.56672, 5.51065, 1.00000, 0.00000
2.85909, -3.75484, 1.40973, 4.92550, -0.92001, 1.28053, 5.00000, 447135.00000, 205529.00000, 355899.00000, 9613864846.40000, 98050.31793, 0.94766, 7.02665, -9.32863, 3.30198, 0.60000, 0.40000
3.93313, -1.97536, 2.21782, 4.92852, -0.46544, 1.10403, 7.00000, 486928.00000, 105487.00000, 276017.57143, 16109082463.38776, 126921.56028, 0.91102, 0.95092, -0.49591, 0.54500, 0.85714, 0.14286
4.02561, -0.70086, 2.75567, 4.92853, -0.17237, 0.97747, 12.00000, 495277.00000, 106077.00000, 303439.50000, 16468022310.58333, 128327.79243, 0.90081, 0.66888, -0.13313, 0.46424, 0.91667, 0.08333
3.15040, -1.49161, 3.48430, 4.92852, -0.44220, 0.78559, 17.00000, 478373.00000, 98018.00000, 254368.94118, 13922138313.23183, 117992.11123, 0.91102, 0.61936, -0.30829, 0.68893, 0.94118, 0.05882
3.75484, -1.40973, 2.85909, 4.92550, -0.35916, 0.95149, 8.00000, 395306.00000, 65146.00000, 249466.25000, 13436750372.68750, 115916.99777, 0.94766, 0.71466, -0.25296, 0.53830, 1.00000, 0.00000
1.49161, -3.48430, 3.15040, 4.92852, -1.16631, 0.87732, 6.00000, 440125.00000, 151972.00000, 290059.33333, 11123889604.88889, 105469.85164, 0.91102, 1.29147, -2.88604, 2.59457, 0.83333, 0.16667
1.97536, -2.21782, 3.93313, 4.92852, -0.84316, 0.64677, 10.00000, 430712.00000, 78231.00000, 235794.70000, 9273637757.61000, 96299.72875, 0.91102, 0.54989, -0.60432, 1.05443, 0.90000, 0.10000
0.70086, -2.75567, 4.02561, 4.92853, -1.32174, 0.61496, 6.00000, 386919.00000, 96063.00000, 208691.00000, 10013626989.00000, 100068.11175, 0.90081, 0.39414, -1.37444, 1.98030, 1.00000, 0.00000
1.40973, -2.85909, 3.75484, 4.92550, -1.11271, 0.70390, 4.00000, 235896.00000, 110109.00000, 159427.25000, 2307417784.18750, 48035.58873, 0.94766, 0.58922, -1.25387, 1.66465, 1.00000, 0.00000
3.47499, -2.68919, 2.20355, 4.91558, -0.65860, 1.10596, 3.00000, 334196.00000, 190160.00000, 276072.33333, 3843833213.55556, 61998.65493, 1.08598, 1.15838, -0.90211, 0.74373, 1.00000, 0.00000
2.68919, -2.20355, 3.47499, 4.91558, -0.68646, 0.78564, 6.00000, 246840.00000, 95885.00000, 142210.16667, 2827775248.47222, 53176.83000, 1.08598, 0.68510, -0.56481, 0.87972, 1.00000, 0.00000
2.20355, -3.47499, 2.68919, 4.91558, -1.00567, 0.99193, 2.00000, 224532.00000, 196647.00000, 210589.50000, 194393306.25000, 13942.50000, 1.08598, 1.52573, -2.37638, 1.85065, 1.00000, 0.00000
2.83550, -2.83550, 2.83550, 4.91123, -0.78540, 0.95532, 7.00000, 433157.00000, 128834.00000, 284572.42857, 11447745087.67347, 106994.13576, 1.14286, 1.00000, -1.00000, 1.00000, 0.85714, 0.14286
2.05481, -4.45876, 0.43315, 4.92853, -1.13896, 1.48280, 2.00000, 395699.00000, 337972.00000, 366835.50000, 833101632.25000, 28863.50000, 0.90081, -0.98030, 2.22389, -0.24359, 1.00000, 0.00000
1.50894, -4.37124, 1.70460, 4.92852, -1.23841, 1.21764, 1.00000, 187007.00000, 187007.00000, 187007.00000, 0.00000, 0.00000, 0.91102, -1.19997, 3.63662, -1.43665, 1.00000, 0.00000
0.72621, -4.85499, 0.43811, 4.92852, -1.42232, 1.48179, 1.00000, 262168.00000, 262168.00000, 262168.00000, 0.00000, 0.00000, 0.91102, -0.18312, 1.31474, -0.13162, 1.00000, 0.00000
1.44936, -4.62611, 0.87126, 4.92550, -1.26718, 1.39297, 3.00000, 403431.00000, 289166.00000, 344654.66667, 2181486080.22222, 46706.38158, 0.94766, -0.66465, 2.02881, -0.36416, 1.00000, 0.00000
0.78273, -3.92241, 2.87963, 4.92852, -1.37383, 0.94680, 4.00000, 415221.00000, 261236.00000, 367325.50000, 3837727443.25000, 61949.39421, 0.91102, -2.08678, 10.75154, -7.66476, 0.75000, 0.25000
0.00000, -3.18882, 3.75791, 4.92853, -1.57080, 0.70366, 11.00000, 309528.00000, 88621.00000, 150636.90909, 4234248078.99174, 65071.10018, 0.90081, 0.00000, -7.64229, 8.64229, 1.00000, 0.00000
-0.78273, -3.92241, 2.87963, 4.92852, -1.76776, 0.94680, 7.00000, 451162.00000, 121362.00000, 316710.28571, 10668404538.20408, 103287.96899, 0.91102, 0.40335, 2.07817, -1.48153, 1.00000, 0.00000
0.00000, -3.73035, 3.21637, 4.92550, -1.57080, 0.85925, 2.00000, 271544.00000, 187813.00000, 229678.50000, 1752720090.25000, 41865.50000, 0.94766, -0.00000, 9.06739, -8.06739, 1.00000, 0.00000
-0.72621, -4.85499, 0.43811, 4.92852, -1.71928, 1.48179, 1.00000, 207995.00000, 207995.00000, 207995.00000, 0.00000, 0.00000, 0.91102, 0.13403, 0.96230, -0.09634, 1.00000, 0.00000
-1.50894, -4.37124, 1.70460, 4.92852, -1.90319, 1.21764, 3.00000, 448741.00000, 349926.00000, 391955.00000, 1736285228.66667, 41668.75602, 0.91102, 0.35294, 1.06961, -0.42255, 1.00000, 0.00000
-2.05481, -4.45876, 0.43315, 4.92853, -2.00263, 1.48280, 0.00000, 0.00000, 0.00000, 0.00000, 0.00000, 0.00000, 0.90081, 0.33112, 0.75116, -0.08228, 0.00000, 0.00000
-1.44936, -4.62611, 0.87126, 4.92550, -1.87441, 1.39297, 2.00000, 240840.00000, 134507.00000, 187673.50000, 2826676722.25000, 53166.50000, 0.94766, 0.28534, 0.87099, -0.15634, 1.00000, 0.00000
0.78579, -4.35121, 2.14766, 4.91558, -1.39213, 1.11864, 3.00000, 383018.00000, 149091.00000, 256086.33333, 9319035581.55556, 96535.15205, 1.08598, -0.52573, 2.99442, -1.46868, 1.00000, 0.00000
-0.78579, -4.35121, 2.14766, 4.91558, -1.74946, 1.11864, 1.00000, 218546.00000, 218546.00000, 218546.00000, 0.00000, 0.00000, 1.08598, 0.25627, 1.45965, -0.71592, 1.00000, 0.00000
0.00000, -4.83686, 0.87622, 4.91558, -1.57080, 1.39159, 0.00000, 0.00000, 0.00000, 0.00000, 0.00000, 0.00000, 1.08598, -0.00000, 1.22879, -0.22879, 0.00000, 0.00000
0.00000, -4.58794, 1.75244, 4.91123, -1.57080, 1.20593, 5.00000, 491548.00000, 163228.00000, 373034.20000, 13741003749.76000, 117222.02758, 1.14286, -0.00000, 1.61803, -0.61803, 1.00000, 0.00000
2.05481, -4.45876, -0.43315, 4.92853, -1.13896, 1.65880, 0.00000, 0.00000, 0.00000, 0.00000, 0.00000, 0.00000, 0.90081, -0.65917, 1.49537, 0.16379, 0.00000, 0.00000
0.72621, -4.85499, -0.43811, 4.92852, -1.42232, 1.65981, 0.00000, 0.00000, 0.00000, 0.00000, 0.00000, 0.00000, 0.91102, -0.14496, 1.04077, 0.10419, 0.00000, 0.00000
1.50894, -4.37124, -1.70460, 4.92852, -1.23841, 1.92396, 1.00000, 466299.00000, 466299.00000, 466299.00000, 0.00000, 0.00000, 0.91102, -0.30980, 0.93889, 0.37091, 1.00000, 0.00000
1.44936, -4.62611, -0.87126, 4.92550, -1.26718, 1.74862, 0.00000, 0.00000, 0.00000, 0.00000, 0.00000, 0.00000, 0.94766, -0.38457, 1.17386, 0.21070, 0.00000, 0.00000
-0.72621, -4.85499, -0.43811, 4.92852, -1.71928, 1.65981, 0.00000, 0.00000, 0.00000, 0.00000, 0.00000, 0.00000, 0.91102, 0.11238, 0.80685, 0.08077, 0.00000, 0.00000
-2.05481, -4.45876, -0.43315, 4.92853, -2.00263, 1.65880, 2.00000, 387233.00000, 294682.00000, 340957.50000, 2141421900.25000, 46275.50000, 0.90081, 0.28433, 0.64502, 0.07065, 1.00000, 0.00000
-1.50894, -4.37124, -1.70460, 4.92852, -1.90319, 1.92396, 2.00000, 213337.00000, 165161.00000, 189249.00000, 580231744.00000, 24088.00000, 0.91102, 0.19128, 0.57970, 0.22901, 1.00000, 0.00000
-1.44936, -4.62611, -0.87126, 4.92550, -1.87441, 1.74862, 0.00000, 0.00000, 0.00000, 0.00000, 0.00000, 0.00000, 0.94766, 0.21738, 0.66353, 0.11910, 0.00000, 0.00000
0.78273, -3.92241, -2.87963, 4.92852, -1.37383, 2.19479, 0.00000, 0.00000, 0.00000, 0.00000, 0.00000, 0.00000, 0.91102, -0.12779, 0.65841, 0.46938, 0.00000, 0.00000
-0.78273, -3.92241, -2.87963, 4.92852, -1.76776, 2.19479, 1.00000, 359965.00000, 359965.00000, 359965.00000, 0.00000, 0.00000, 0.91102, 0.10178, 0.52439, 0.37383, 1.00000, 0.00000
0.00000, -3.18882, -3.75791, 4.92853, -1.57080, 2.43793, 0.00000, 0.00000, 0.00000, 0.00000, 0.00000, 0.00000, 0.90081, 0.00000, 0.46930, 0.53070, 0.00000, 0.00000
0.00000, -3.73035, -3.21637, 4.92550, -1.57080, 2.28234, 1.00000, 398249.00000, 398249.00000, 398249.00000, 0.00000, 0.00000, 0.94766, -0.00000, 0.52918, 0.47082, 1.00000, 0.00000
0.00000, -4.83686, -0.87622, 4.91558, -1.57080, 1.75001, 2.00000, 348598.00000, 303515.00000, 326056.50000, 508119222.25000, 22541.50000, 1.08598, -0.00000, 0.84303, 0.15697, 1.00000, 0.00000
-0.78579, -4.35121, -2.14766, 4.91558, -1.74946, 2.02296, 0.00000, 0.00000, 0.00000, 0.00000, 0.00000, 0.00000, 1.08598, 0.10538, 0.60022, 0.29439, 0.00000, 0.00000
0.78579, -4.35121, -2.14766, 4.91558, -1.39213, 2.02296, 0.00000, 0.00000, 0.00000, 0.00000, 0.00000, 0.00000, 1.08598, -0.13352, 0.76051, 0.37301, 0.00000, 0.00000
0.00000, -4.58794, -1.75244, 4.91123, -1.57080, 1.93566, 0.00000, 0.00000, 0.00000, 0.00000, 0.00000, 0.00000, 1.14286, -0.00000, 0.72361, 0.27639, 0.00000, 0.00000
2.75567, -4.02561, -0.70086, 4.92853, -0.97053, 1.71348, 0.00000, 0.00000, 0.00000, 0.00000, 0.00000, 0.00000, 0.90081, -1.37444, 1.98030, 0.39414, 0.00000, 0.00000
2.21782, -3.93313, -1.97536, 4.92852, -1.05736, 1.98319, 0.00000, 0.00000, 0.00000, 0.00000, 0.00000, 0.00000, 0.91102, -0.60432, 1.05443, 0.54989, 0.00000, 0.00000
3.48430, -3.15040, -1.49161, 4.92852, -0.73511, 1.87827, 0.00000, 0.00000, 0.00000, 0.00000, 0.00000, 0.00000, 0.91102, -2.88604, 2.59457, 1.29147, 0.00000, 0.00000
2.85909, -3.75484, -1.40973, 4.92550, -0.92001, 1.86107, 0.00000, 0.00000, 0.00000, 0.00000, 0.00000, 0.00000, 0.94766, -1.25387, 1.66465, 0.58922, 0.00000, 0.00000
1.49161, -3.48430, -3.15040, 4.92852, -1.16631, 2.26428, 1.00000, 469938.00000, 469938.00000, 469938.00000, 0.00000, 0.00000, 0.91102, -0.30829, 0.68893, 0.61936, 0.00000, 1.00000
0.70086, -2.75567, -4.02561, 4.92853, -1.32174, 2.52663, 1.00000, 496949.00000, 496949.00000, 496949.00000, 0.00000, 0.00000, 0.90081, -0.13313, 0.46424, 0.66888, 1.00000, 0.00000
1.97536, -2.21782, -3.93313, 4.92852, -0.84316, 2.49482, 0.00000, 0.00000, 0.00000, 0.00000, 0.00000, 0.00000, 0.91102, -0.49591, 0.54500, 0.95092, 0.00000, 0.00000
1.40973, -2.85909, -3.75484, 4.92550, -1.11271, 2.43770, 0.00000, 0.00000, 0.00000, 0.00000, 0.00000, 0.00000, 0.94766, -0.25296, 0.53830, 0.71466, 0.00000, 0.00000
3.93313, -1.97536, -2.21782, 4.92852, -0.46544, 2.03756, 2.00000, 427574.00000, 179101.00000, 303337.50000, 15434707932.25000, 124236.50000, 0.91102, -10.56672, 5.51065, 6.05607, 1.00000, 0.00000
3.15040, -1.49161, -3.48430, 4.92852, -0.44220, 2.35600, 0.00000, 0.00000, 0.00000, 0.00000, 0.00000, 0.00000, 0.91102, -1.63909, 0.81587, 1.82322, 0.00000, 0.00000
4.02561, -0.70086, -2.75567, 4.92853, -0.17237, 2.16413, 0.00000, 0.00000, 0.00000, 0.00000, 0.00000, 0.00000, 0.90081, 9.35336, -1.86160, -6.49176, 0.00000, 0.00000
3.75484, -1.40973, -2.85909, 4.92550, -0.35916, 2.19010, 0.00000, 0.00000, 0.00000, 0.00000, 0.00000, 0.00000, 0.94766, -9.32863, 3.30198, 7.02665, 0.00000, 0.00000
2.20355, -3.47499, -2.68919, 4.91558, -1.00567, 2.14966, 0.00000, 0.00000, 0.00000, 0.00000, 0.00000, 0.00000, 1.08598, -0.56481, 0.87972, 0.68510, 0.00000, 0.00000
2.68919, -2.20355, -3.47499, 4.91558, -0.68646, 2.35595, 0.00000, 0.00000, 0.00000, 0.00000, 0.00000, 0.00000, 1.08598, -0.90211, 0.74373, 1.15838, 0.00000, 0.00000
3.47499, -2.68919, -2.20355, 4.91558, -0.65860, 2.03563, 1.00000, 469454.00000, 469454.00000, 469454.00000, 0.00000, 0.00000, 1.08598, -2.37638, 1.85065, 1.52573, 1.00000, 0.00000
2.83550, -2.83550, -2.83550, 4.91123, -0.78540, 2.18628, 1.00000, 448545.00000, 448545.00000, 448545.00000, 0.00000, 0.00000, 1.14286, -1.00000, 1.00000, 1.00000, 1.00000, 0.00000
3.18882, -3.75791, 0.00000, 4.92853, -0.86714, 1.57080, 0.00000, 0.00000, 0.00000, 0.00000, 0.00000, 0.00000, 0.90081, -7.64229, 8.64229, -0.00000, 0.00000, 0.00000
3.92241, -2.87963, -0.78273, 4.92852, -0.63328, 1.73029, 0.00000, 0.00000, 0.00000, 0.00000, 0.00000, 0.00000, 0.91102, 10.75154, -7.66476, -2.08678, 0.00000, 0.00000
3.92241, -2.87963, 0.78273, 4.92852, -0.63328, 1.41130, 3.00000, 387281.00000, 310146.00000, 348727.66667, 991635105.55556, 31490.23826, 0.91102, 2.07817, -1.48153, 0.40335, 0.66667, 0.33333
3.73035, -3.21637, 0.00000, 4.92550, -0.71154, 1.57080, 0.00000, 0.00000, 0.00000, 0.00000, 0.00000, 0.00000, 0.94766, 9.06739, -8.06739, 0.00000, 0.00000, 0.00000
4.37124, -1.70460, -1.50894, 4.92852, -0.37182, 1.88196, 0.00000, 0.00000, 0.00000, 0.00000, 0.00000, 0.00000, 0.91102, 3.63662, -1.43665, -1.19997, 0.00000, 0.00000
4.45876, -0.43315, -2.05481, 4.92853, -0.09684, 2.00085, 2.00000, 498248.00000, 257808.00000, 378028.00000, 14452848400.00000, 120220.00000, 0.90081, 2.22389, -0.24359, -0.98030, 0.50000, 0.50000
4.85499, -0.43811, -0.72621, 4.92852, -0.09000, 1.71868, 2.00000, 466086.00000, 306792.00000, 386439.00000, 6343644609.00000, 79647.00000, 0.91102, 1.31474, -0.13162, -0.18312, 1.00000, 0.00000
4.62611, -0.87126, -1.44936, 4.92550, -0.18616, 1.86947, 1.00000, 361080.00000, 361080.00000, 361080.00000, 0.00000, 0.00000, 0.94766, 2.02881, -0.36416, -0.66465, 1.00000, 0.00000
4.37124, -1.70460, 1.50894, 4.92852, -0.37182, 1.25963, 4.00000, 319960.00000, 116689.00000, 231906.25000, 5354215443.68750, 73172.50470, 0.91102, 1.06961, -0.42255, 0.35294, 1.00000, 0.00000
4.85499, -0.43811, 0.72621, 4.92852, -0.09000, 1.42291, 4.00000, 493580.00000, 252795.00000, 368201.25000, 7639814037.68750, 87406.02976, 0.91102, 0.96230, -0.09634, 0.13403, 1.00000, 0.00000
4.45876, -0.43315, 2.05481, 4.92853, -0.09684, 1.14074, 12.00000, 465847.00000, 108176.00000, 282106.91667, 15884052228.07639, 126031.94924, 0.90081, 0.75116, -0.08228, 0.33112, 0.83333, 0.16667
4.62611, -0.87126, 1.44936, 4.92550, -0.18616, 1.27212, 5.00000, 333429.00000, 167364.00000, 219495.80000, 3974425338.96000, 63043.04354, 0.94766, 0.87099, -0.15634, 0.28534, 1.00000, 0.00000
4.35121, -2.14766, -0.78579, 4.91558, -0.45850, 1.73134, 1.00000, 158285.00000, 158285.00000, 158285.00000, 0.00000, 0.00000, 1.08598, 2.99442, -1.46868, -0.52573, 1.00000, 0.00000
4.83686, -0.87622, 0.00000, 4.91558, -0.17921, 1.57080, 0.00000, 0.00000, 0.00000, 0.00000, 0.00000, 0.00000, 1.08598, 1.22879, -0.22879, 0.00000, 0.00000, 0.00000
4.35121, -2.14766, 0.78579, 4.91558, -0.45850, 1.41025, 1.00000, 232982.00000, 232982.00000, 232982.00000, 0.00000, 0.00000, 1.08598, 1.45965, -0.71592, 0.25627, 1.00000, 0.00000
4.58794, -1.75244, 0.00000, 4.91123, -0.36486, 1.57080, 0.00000, 0.00000, 0.00000, 0.00000, 0.00000, 0.00000, 1.14286, 1.61803, -0.61803, 0.00000, 0.00000, 0.00000
0.43315, -2.05481, 4.45876, 4.92853, -1.36304, 0.44016, 19.00000, 329038.00000, 52842.00000, 171203.47368, 5813014987.61773, 76243.13076, 0.90081, 0.16379, -0.65917, 1.49537, 1.00000, 0.00000
1.70460, -1.50894, 4.37124, 4.92852, -0.72459, 0.48015, 26.00000, 491985.00000, 37699.00000, 201026.84615, 16198863542.13018, 127274.75611, 0.91102, 0.37091, -0.30980, 0.93889, 0.96154, 0.03846
0.43811, -0.72621, 4.85499, 4.92852, -1.02797, 0.17295, 30.00000, 362075.00000, 27384.00000, 147064.70000, 9211241249.61000, 95975.21164, 0.91102, 0.10419, -0.14496, 1.04077, 0.96667, 0.03333
0.87126, -1.44936, 4.62611, 4.92550, -1.02954, 0.35046, 16.00000, 433881.00000, 61176.00000, 204544.37500, 15970617793.73438, 126374.90967, 0.94766, 0.21070, -0.38457, 1.17386, 0.93750, 0.06250
2.87963, -0.78273, 3.92241, 4.92852, -0.26540, 0.65037, 23.00000, 418060.00000, 57523.00000, 214167.00000, 13317960824.78261, 115403.46973, 0.91102, 0.46938, -0.12779, 0.65841, 0.91304, 0.08696
3.75791, 0.00000, 3.18882, 4.92853, 0.00000, 0.86714, 15.00000, 410468.00000, 55205.00000, 244251.86667, 12252010952.11556, 110688.80229, 0.90081, 0.53070, -0.00000, 0.46930, 0.73333, 0.26667
2.87963, 0.78273, 3.92241, 4.92852, 0.26540, 0.65037, 39.00000, 479879.00000, 28534.00000, 207668.46154, 19352776196.35109, 139114.25591, 0.91102, 0.37383, 0.10178, 0.52439, 0.89744, 0.10256
3.21637, 0.00000, 3.73035, 4.92550, 0.00000, 0.71154, 13.00000, 452529.00000, 62129.00000, 183957.00000, 16185318528.76923, 127221.53327, 0.94766, 0.47082, -0.00000, 0.52918, 0.76923, 0.23077
0.43811, 0.72621, 4.85499, 4.92852, 1.02797, 0.17295, 60.00000, 448033.00000, 18402.00000, 162156.11667, 14576571843.73639, 120733.47441, 0.91102, 0.08077, 0.11238, 0.80685, 0.86667, 0.13333
1.70460, 1.50894, 4.37124, 4.92852, 0.72459, 0.48015, 42.00000, 433852.00000, 39356.00000, 180059.76190, 10669332627.99093, 103292.46162, 0.91102, 0.22901, 0.19128, 0.57970, 0.85714, 0.14286
0.43315, 2.05481, 4.45876, 4.92853, 1.36304, 0.44016, 63.00000, 448124.00000, 22712.00000, 127416.68254, 7866912039.32779, 88695.61454, 0.90081, 0.07065, 0.28433, 0.64502, 0.85714, 0.14286
0.87126, 1.44936, 4.62611, 4.92550, 1.02954, 0.35046, 52.00000, 491501.00000, 24921.00000, 168886.46154, 15257492142.40237, 123521.22143, 0.94766, 0.11910, 0.21738, 0.66353, 0.94231, 0.05769
2.14766, -0.78579, 4.35121, 4.91558, -0.35075, 0.48390, 20.00000, 434303.00000, 54101.00000, 187574.00000, 9315580216.70000, 96517.25347, 1.08598, 0.37301, -0.13352, 0.76051, 0.95000, 0.05000
2.14766, 0.78579, 4.35121, 4.91558, 0.35075, 0.48390, 35.00000, 346040.00000, 36449.00000, 139348.97143, 7567057730.14204, 86988.83681, 1.08598, 0.29439, 0.10538, 0.60022, 0.94286, 0.05714
0.87622, 0.00000, 4.83686, 4.91558, 0.00000, 0.17921, 27.00000, 450899.00000, 17520.00000, 170574.92593, 11866611256.21673, 108933.97659, 1.08598, 0.15697, -0.00000, 0.84303, 1.00000, 0.00000
1.75244, 0.00000, 4.58794, 4.91123, 0.00000, 0.36486, 33.00000, 488390.00000, 36312.00000, 174905.63636, 13873844375.62534, 117787.28444, 1.14286, 0.27639, 0.00000, 0.72361, 0.96970, 0.03030
-2.75567, -4.02561, 0.70086, 4.92853, -2.17107, 1.42811, 2.00000, 260465.00000, 238194.00000, 249329.50000, 123999360.25000, 11135.50000, 0.90081, 0.46424, 0.66888, -0.13313, 0.50000, 0.50000
-2.21782, -3.93313, 1.97536, 4.92852, -2.08423, 1.15840, 3.00000, 425224.00000, 296468.00000, 372526.00000, 3035862722.66667, 55098.66353, 0.91102, 0.54500, 0.95092, -0.49591, 1.00000, 0.00000
-3.48430, -3.15040, 1.49161, 4.92852, -2.40648, 1.26333, 4.00000, 467973.00000, 102837.00000, 258560.50000, 21469623312.75000, 146525.16273, 0.91102, 0.68893, 0.61936, -0.30829, 1.00000, 0.00000
-2.85909, -3.75484, 1.40973, 4.92550, -2.22158, 1.28053, 1.00000, 414217.00000, 414217.00000, 414217.00000, 0.00000, 0.00000, 0.94766, 0.53830, 0.71466, -0.25296, 1.00000, 0.00000
-1.49161, -3.48430, 3.15040, 4.92852, -1.97528, 0.87732, 6.00000, 301296.00000, 93831.00000, 233628.83333, 4838350282.80556, 69558.25100, 0.91102, 0.81587, 1.82322, -1.63909, 0.83333, 0.16667
-0.70086, -2.75567, 4.02561, 4.92853, -1.81985, 0.61496, 14.00000, 393107.00000, 103375.00000, 224178.50000, 6415613399.67857, 80097.52430, 0.90081, -1.86160, -6.49176, 9.35336, 0.92857, 0.07143
-1.97536, -2.21782, 3.93313, 4.92852, -2.29844, 0.64677, 14.00000, 494964.00000, 68286.00000, 299586.92857, 21141501873.35204, 145401.17563, 0.91102, 5.51065, 6.05607, -10.56672, 0.71429, 0.28571
-1.40973, -2.85909, 3.75484, 4.92550, -2.02888, 0.70390, 6.00000, 475063.00000, 133922.00000, 251039.66667, 11786436202.88889, 108565.35452, 0.94766, 3.30198, 7.02665, -9.32863, 1.00000, 0.00000
-3.93313, -1.97536, 2.21782, 4.92852, -2.67616, 1.10403, 12.00000, 498438.00000, 188703.00000, 342637.91667, 6675663167.90972, 81704.73161, 0.91102, 1.05443, 0.54989, -0.60432, 0.75000, 0.25000
-3.15040, -1.49161, 3.48430, 4.92852, -2.69940, 0.78559, 18.00000, 384253.00000, 72493.00000, 217223.33333, 11700429639.66667, 108168.52426, 0.91102, 2.59457, 1.29147, -2.88604, 0.88889, 0.11111
-4.02561, -0.70086, 2.75567, 4.92853, -2.96922, 0.97747, 9.00000, 494091.00000, 70204.00000, 210022.55556, 17024711436.69136, 130478.77773, 0.90081, 1.98030, 0.39414, -1.37444, 0.77778, 0.22222
-3.75484, -1.40973, 2.85909, 4.92550, -2.78243, 0.95149, 8.00000, 458251.00000, 148159.00000, 338375.25000, 8668547253.68750, 93105.03345, 0.94766, 1.66465, 0.58922, -1.25387, 0.87500, 0.12500
-2.20355, -3.47499, 2.68919, 4.91558, -2.13592, 0.99193, 6.00000, 488684.00000, 104296.00000, 285406.50000, 16590957503.58333, 128805.89080, 1.08598, 0.74373, 1.15838, -0.90211, 1.00000, 0.00000
-2.68919, -2.20355, 3.47499, 4.91558, -2.45513, 0.78564, 4.00000, 394519.00000, 50492.00000, 153708.75000, 19869304606.18750, 140958.52087, 1.08598, 1.85065, 1.52573, -2.37638, 0.75000, 0.25000
-3.47499, -2.68919, 2.20355, 4.91558, -2.48299, 1.10596, 3.00000, 459828.00000, 173309.00000, 338712.00000, 14662858744.66667, 121090.29170, 1.08598, 0.87972, 0.68510, -0.56481, 1.00000, 0.00000
-2.83550, -2.83550, 2.83550, 4.91123, -2.35619, 0.95532, 7.00000, 440806.00000, 118555.00000, 283114.14286, 10624125988.97959, 103073.40098, 1.14286, 1.00000, 1.00000, -1.00000, 1.00000, 0.00000
-0.70086, -2.75567, -4.02561, 4.92853, -1.81985, 2.52663, 1.00000, 385843.00000, 385843.00000, 385843.00000, 0.00000, 0.00000, 0.90081, 0.10514, 0.36663, 0.52824, 0.00000, 1.00000
-1.49161, -3.48430, -3.15040, 4.92852, -1.97528, 2.26428, 0.00000, 0.00000, 0.00000, 0.00000, 0.00000, 0.00000, 0.91102, 0.19070, 0.42617, 0.38313, 0.00000, 0.00000
-1.97536, -2.21782, -3.93313, 4.92852, -2.29844, 2.49482, 0.00000, 0.00000, 0.00000, 0.00000, 0.00000, 0.00000, 0.91102, 0.24897, 0.27362, 0.47741, 0.00000, 0.00000
-1.40973, -2.85909, -3.75484, 4.92550, -2.02888, 2.43770, 0.00000, 0.00000, 0.00000, 0.00000, 0.00000, 0.00000, 0.94766, 0.16798, 0.35746, 0.47456, 0.00000, 0.00000
-2.21782, -3.93313, -1.97536, 4.92852, -2.08423, 1.98319, 0.00000, 0.00000, 0.00000, 0.00000, 0.00000, 0.00000, 0.91102, 0.27362, 0.47741, 0.24897, 0.00000, 0.00000
-2.75567, -4.02561, -0.70086, 4.92853, -2.17107, 1.71348, 0.00000, 0.00000, 0.00000, 0.00000, 0.00000, 0.00000, 0.90081, 0.36663, 0.52824, 0.10514, 0.00000, 0.00000
-3.48430, -3.15040, -1.49161, 4.92852, -2.40648, 1.87827, 0.00000, 0.00000, 0.00000, 0.00000, 0.00000, 0.00000, 0.91102, 0.42617, 0.38313, 0.19070, 0.00000, 0.00000
-2.85909, -3.75484, -1.40973, 4.92550, -2.22158, 1.86107, 0.00000, 0.00000, 0.00000, 0.00000, 0.00000, 0.00000, 0.94766, 0.35746, 0.47456, 0.16798, 0.00000, 0.00000
-3.15040, -1.49161, -3.48430, 4.92852, -2.69940, 2.35600, 0.00000, 0.00000, 0.00000, 0.00000, 0.00000, 0.00000, 0.91102, 0.38313, 0.19070, 0.42617, 0.00000, 0.00000
-3.93313, -1.97536, -2.21782, 4.92852, -2.67616, 2.03756, 0.00000, 0.00000, 0.00000, 0.00000, 0.00000, 0.00000, 0.91102, 0.47741, 0.24897, 0.27362, 0.00000, 0.00000
-4.02561, -0.70086, -2.75567, 4.92853, -2.96922, 2.16413, 2.00000, 481913.00000, 421673.00000, 451793.00000, 907214400.00000, 30120.00000, 0.90081, 0.52824, 0.10514, 0.36663, 0.00000, 1.00000
-3.75484, -1.40973, -2.85909, 4.92550, -2.78243, 2.19010, 0.00000, 0.00000, 0.00000, 0.00000, 0.00000, 0.00000, 0.94766, 0.47456, 0.16798, 0.35746, 0.00000, 0.00000
-2.20355, -3.47499, -2.68919, 4.91558, -2.13592, 2.14966, 0.00000, 0.00000, 0.00000, 0.00000, 0.00000, 0.00000, 1.08598, 0.26522, 0.41309, 0.32170, 0.00000, 0.00000
-3.47499, -2.68919, -2.20355, 4.91558, -2.48299, 2.03563, 0.00000, 0.00000, 0.00000, 0.00000, 0.00000, 0.00000, 1.08598, 0.41309, 0.32170, 0.26522, 0.00000, 0.00000
-2.68919, -2.20355, -3.47499, 4.91558, -2.45513, 2.35595, 0.00000, 0.00000, 0.00000, 0.00000, 0.00000, 0.00000, 1.08598, 0.32170, 0.26522, 0.41309, 0.00000, 0.00000
-2.83550, -2.83550, -2.83550, 4.91123, -2.35619, 2.18628, 1.00000, 403895.00000, 403895.00000, 403895.00000, 0.00000, 0.00000, 1.14286, 0.33333, 0.33333, 0.33333, 0.00000, 1.00000
3.75791, 0.00000, -3.18882, 4.92853, 0.00000, 2.27446, 1.00000, 256676.00000, 256676.00000, 256676.00000, 0.00000, 0.00000, 0.90081, 8.64229, 0.00000, -7.64229, 1.00000, 0.00000
2.87963, -0.78273, -3.92241, 4.92852, -0.26540, 2.49122, 1.00000, 288878.00000, 288878.00000, 288878.00000, 0.00000, 0.00000, 0.91102, -1.48153, 0.40335, 2.07817, 0.00000, 1.00000
2.87963, 0.78273, -3.92241, 4.92852, 0.26540, 2.49122, 0.00000, 0.00000, 0.00000, 0.00000, 0.00000, 0.00000, 0.91102, -7.66476, -2.08678, 10.75154, 0.00000, 0.00000
3.21637, 0.00000, -3.73035, 4.92550, 0.00000, 2.43005, 1.00000, 446816.00000, 446816.00000, 446816.00000, 0.00000, 0.00000, 0.94766, -8.06739, -0.00000, 9.06739, 0.00000, 1.00000
1.70460, -1.50894, -4.37124, 4.92852, -0.72459, 2.66145, 0.00000, 0.00000, 0.00000, 0.00000, 0.00000, 0.00000, 0.91102, -0.42255, 0.35294, 1.06961, 0.00000, 0.00000
0.43315, -2.05481, -4.45876, 4.92853, -1.36304, 2.70143, 0.00000, 0.00000, 0.00000, 0.00000, 0.00000, 0.00000, 0.90081, -0.08228, 0.33112, 0.75116, 0.00000, 0.00000
0.43811, -0.72621, -4.85499, 4.92852, -1.02797, 2.96865, 0.00000, 0.00000, 0.00000, 0.00000, 0.00000, 0.00000, 0.91102, -0.09634, 0.13403, 0.96230, 0.00000, 0.00000
0.87126, -1.44936, -4.62611, 4.92550, -1.02954, 2.79113, 0.00000, 0.00000, 0.00000, 0.00000, 0.00000, 0.00000, 0.94766, -0.15634, 0.28534, 0.87099, 0.00000, 0.00000
1.70460, 1.50894, -4.37124, 4.92852, 0.72459, 2.66145, 3.00000, 298145.00000, 186663.00000, 238260.66667, 2105707142.88889, 45887.98473, 0.91102, -1.43665, -1.19997, 3.63662, 0.00000, 1.00000
0.43811, 0.72621, -4.85499, 4.92852, 1.02797, 2.96865, 2.00000, 410736.00000, 403170.00000, 406953.00000, 14311089.00000, 3783.00000, 0.91102, -0.13162, -0.18312, 1.31474, 0.00000, 1.00000
0.43315, 2.05481, -4.45876, 4.92853, 1.36304, 2.70143, 4.00000, 383231.00000, 159629.00000, 312094.00000, 8324895418.50000, 91240.86485, 0.90081, -0.24359, -0.98030, 2.22389, 0.25000, 0.75000
0.87126, 1.44936, -4.62611, 4.92550, 1.02954, 2.79113, 0.00000, 0.00000, 0.00000, 0.00000, 0.00000, 0.00000, 0.94766, -0.36416, -0.66465, 2.02881, 0.00000, 0.00000
2.14766, -0.78579, -4.35121, 4.91558, -0.35075, 2.65769, 1.00000, 410874.00000, 410874.00000, 410874.00000, 0.00000, 0.00000, 1.08598, -0.71592, 0.25627, 1.45965, 0.00000, 1.00000
0.87622, 0.00000, -4.83686, 4.91558, 0.00000, 2.96238, 3.00000, 363025.00000, 213868.00000, 294738.00000, 3787134386.00000, 61539.69764, 1.08598, -0.22879, -0.00000, 1.22879, 0.00000, 1.00000
2.14766, 0.78579, -4.35121, 4.91558, 0.35075, 2.65769, 0.00000, 0.00000, 0.00000, 0.00000, 0.00000, 0.00000, 1.08598, -1.46868, -0.52573, 2.99442, 0.00000, 0.00000
1.75244, 0.00000, -4.58794, 4.91123, 0.00000, 2.77673, 3.00000, 468184.00000, 301306.00000, 377654.33333, 4741932921.55556, 68861.69415, 1.14286, -0.61803, -0.00000, 1.61803, 0.00000, 1.00000
4.45876, 0.43315, 2.05481, 4.92853, 0.09684, 1.14074, 9.00000, 295982.00000, 52101.00000, 171671.22222, 5884488179.50617, 76710.41767, 0.90081, 0.64502, 0.07065, 0.28433, 0.88889, 0.11111
4.85499, 0.43811, 0.72621, 4.92852, 0.09000, 1.42291, 8.00000, 448772.00000, 98610.00000, 305027.50000, 11957229693.75000, 109349.11839, 0.91102, 0.80685, 0.08077, 0.11238, 0.62500, 0.37500
4.37124, 1.70460, 1.50894, 4.92852, 0.37182, 1.25963, 14.00000, 475944.00000, 54323.00000, 342286.57143, 15205630913.95918, 123311.11432, 0.91102, 0.57970, 0.22901, 0.19128, 0.64286, 0.35714
4.62611, 0.87126, 1.44936, 4.92550, 0.18616, 1.27212, 5.00000, 368184.00000, 105748.00000, 229053.60000, 11072162718.64000, 105224.34471, 0.94766, 0.66353, 0.11910, 0.21738, 0.60000, 0.40000
4.85499, 0.43811, -0.72621, 4.92852, 0.09000, 1.71868, 3.00000, 376106.00000, 240905.00000, 304106.00000, 3085262934.00000, 55545.14321, 0.91102, 1.04077, 0.10419, -0.14496, 0.33333, 0.66667
4.45876, 0.43315, -2.05481, 4.92853, 0.09684, 2.00085, 2.00000, 393129.00000, 374050.00000, 383589.50000, 91002060.25000, 9539.50000, 0.90081, 1.49537, 0.16379, -0.65917, 1.00000, 0.00000
4.37124, 1.70460, -1.50894, 4.92852, 0.37182, 1.88196, 3.00000, 393418.00000, 278188.00000, 317774.00000, 2863081832.00000, 53507.77357, 0.91102, 0.93889, 0.37091, -0.30980, 0.33333, 0.66667
4.62611, 0.87126, -1.44936, 4.92550, 0.18616, 1.86947, 3.00000, 279516.00000, 193353.00000, 228719.33333, 1356391354.88889, 36829.21877, 0.94766, 1.17386, 0.21070, -0.38457, 0.33333, 0.66667
3.92241, 2.87963, 0.78273, 4.92852, 0.63328, 1.41130, 20.00000, 498948.00000, 67388.00000, 285908.95000, 13546511455.94750, 116389.48172, 0.91102, 0.52439, 0.37383, 0.10178, 0.50000, 0.50000
3.92241, 2.87963, -0.78273, 4.92852, 0.63328, 1.73029, 8.00000, 471126.00000, 139905.00000, 309242.37500, 15945574685.73438, 126275.78820, 0.91102, 0.65841, 0.46938, -0.12779, 0.50000, 0.50000
3.18882, 3.75791, 0.00000, 4.92853, 0.86714, 1.57080, 13.00000, 474884.00000, 79682.00000, 242776.84615, 16793668871.97633, 129590.38881, 0.90081, 0.46930, 0.53070, 0.00000, 0.23077, 0.76923
3.73035, 3.21637, 0.00000, 4.92550, 0.71154, 1.57080, 7.00000, 364693.00000, 151021.00000, 227042.71429, 6780639639.91837, 82344.63941, 0.94766, 0.52918, 0.47082, 0.00000, 0.14286, 0.85714
4.83686, 0.87622, 0.00000, 4.91558, 0.17921, 1.57080, 4.00000, 475319.00000, 297128.00000, 370835.75000, 5348398118.18750, 73132.74313, 1.08598, 0.84303, 0.15697, 0.00000, 0.25000, 0.75000
4.35121, 2.14766, -0.78579, 4.91558, 0.45850, 1.73134, 5.00000, 488769.00000, 222757.00000, 326469.40000, 7715595778.64000, 87838.46412, 1.08598, 0.76051, 0.37301, -0.13352, 0.40000, 0.60000
4.35121, 2.14766, 0.78579, 4.91558, 0.45850, 1.41025, 6.00000, 491693.00000, 310675.00000, 379720.16667, 5354452080.47222, 73174.12166, 1.08598, 0.60022, 0.29439, 0.10538, 0.33333, 0.66667
4.58794, 1.75244, 0.00000, 4.91123, 0.36486, 1.57080, 5.00000, 499320.00000, 120264.00000, 251261.40000, 17693391784.24000, 133016.50944, 1.14286, 0.72361, 0.27639, -0.00000, 0.60000, 0.40000
