-2.75567, 4.02561, 0.70086, 4.92853, 2.17107, 1.42811, 7.00000, 470834.00000, 119128.00000, 275634.28571, 15471192116.48980, 124383.24693, 0.90081, -1.37444, 1.98030, 0.39414, 0.14286, 0.85714
-3.48430, 3.15040, 1.49161, 4.92852, 2.40648, 1.26333, 18.00000, 490891.00000, 74712.00000, 314048.05556, 17158003117.94136, 130988.56102, 0.91102, -2.88604, 2.59457, 1.29147, 0.00000, 1.00000
-2.21782, 3.93313, 1.97536, 4.92852, 2.08423, 1.15840, 8.00000, 466923.00000, 86266.00000, 298033.87500, 12183791635.35938, 110380.21397, 0.91102, -0.60432, 1.05443, 0.54989, 0.12500, 0.87500
-2.85909, 3.75484, 1.40973, 4.92550, 2.22158, 1.28053, 4.00000, 441573.00000, 161351.00000, 327110.75000, 13179640202.18750, 114802.61409, 0.94766, -1.25387, 1.66465, 0.58922, 0.25000, 0.75000
-3.93313, 1.97536, 2.21782, 4.92852, 2.67616, 1.10403, 36.00000, 479217.00000, 61905.00000, 217235.05556, 15372722551.55247, 123986.78378, 0.91102, -10.56672, 5.51065, 6.05607, 0.05556, 0.94444
-4.02561, 0.70086, 2.75567, 4.92853, 2.96922, 0.97747, 36.00000, 492505.00000, 21196.00000, 175175.97222, 17003332978.08256, 130396.82887, 0.90081, 9.35336, -1.86160, -6.49176, 0.11111, 0.88889
-3.15040, 1.49161, 3.48430, 4.92852, 2.69940, 0.78559, 48.00000, 476376.00000, 24791.00000, 176228.93750, 12493304776.76693, 111773.45292, 0.91102, -1.63909, 0.81587, 1.82322, 0.14583, 0.85417
-3.75484, 1.40973, 2.85909, 4.92550, 2.78243, 0.95149, 32.00000, 465935.00000, 30814.00000, 148068.87500, 12034530831.79688, 109702.00924, 0.94766, -9.32863, 3.30198, 7.02665, 0.03125, 0.96875
-1.49161, 3.48430, 3.15040, 4.92852, 1.97528, 0.87732, 15.00000, 442308.00000, 68395.00000, 260816.46667, 12297018375.44889, 110891.92205, 0.91102, -0.30829, 0.68893, 0.61936, 0.53333, 0.46667
-1.97536, 2.21782, 3.93313, 4.92852, 2.29844, 0.64677, 30.00000, 489896.00000, 47393.00000, 241297.43333, 19420151567.64555, 139356.20391, 0.91102, -0.49591, 0.54500, 0.95092, 0.10000, 0.90000
-0.70086, 2.75567, 4.02561, 4.92853, 1.81985, 0.61496, 19.00000, 445764.00000, 100529.00000, 235099.36842, 9812381126.44321, 99057.46376, 0.90081, -0.13313, 0.46424, 0.66888, 0.31579, 0.68421
-1.40973, 2.85909, 3.75484, 4.92550, 2.02888, 0.70390, 14.00000, 467476.00000, 82157.00000, 212897.21429, 18331357841.73980, 135393.34489, 0.94766, -0.25296, 0.53830, 0.71466, 0.35714, 0.64286
-3.47499, 2.68919, 2.20355, 4.91558, 2.48299, 1.10596, 24.00000, 496497.00000, 63024.00000, 216602.62500, 17806242717.81771, 133440.03416, 1.08598, -2.37638, 1.85065, 1.52573, 0.08333, 0.91667
-2.68919, 2.20355, 3.47499, 4.91558, 2.45513, 0.78564, 23.00000, 419007.00000, 39288.00000, 227034.95652, 13593805649.78072, 116592.47681, 1.08598, -0.90211, 0.74373, 1.15838, 0.13043, 0.86957
-2.20355, 3.47499, 2.68919, 4.91558, 2.13592, 0.99193, 9.00000, 395404.00000, 135208.00000, 236801.00000, 5088461314.00000, 71333.45158, 1.08598, -0.56481, 0.87972, 0.68510, 0.22222, 0.77778
-2.83550, 2.83550, 2.83550, 4.91123, 2.35619, 0.95532, 16.00000, 356178.00000, 26792.00000, 189424.62500, 10466718839.35938, 102306.98334, 1.14286, -1.00000, 1.00000, 1.00000, 0.06250, 0.93750
-2.05481, 4.45876, 0.43315, 4.92853, 2.00263, 1.48280, 5.00000, 427353.00000, 220216.00000, 313435.20000, 6108946233.76000, 78159.74817, 0.90081, -0.65917, 1.49537, 0.16379, 0.40000, 0.60000
-1.50894, 4.37124, 1.70460, 4.92852, 1.90319, 1.21764, 6.00000, 429017.00000, 156988.00000, 323588.50000, 9126811128.91667, 95534.34528, 0.91102, -0.30980, 0.93889, 0.37091, 0.16667, 0.83333
-0.72621, 4.85499, 0.43811, 4.92852, 1.71928, 1.48179, 5.00000, 326433.00000, 182425.00000, 289079.20000, 2919236010.16000, 54029.95475, 0.91102, -0.14496, 1.04077, 0.10419, 0.00000, 1.00000
-1.44936, 4.62611, 0.87126, 4.92550, 1.87441, 1.39297, 1.00000, 270072.00000, 270072.00000, 270072.00000, 0.00000, 0.00000, 0.94766, -0.38457, 1.17386, 0.21070, 0.00000, 1.00000
-0.78273, 3.92241, 2.87963, 4.92852, 1.76776, 0.94680, 10.00000, 472486.00000, 73185.00000, 248411.90000, 19039885882.09000, 137985.09297, 0.91102, -0.12779, 0.65841, 0.46938, 0.40000, 0.60000
0.00000, 3.18882, 3.75791, 4.92853, 1.57080, 0.70366, 8.00000, 461747.00000, 99177.00000, 290318.62500, 14930785496.73438, 122191.59340, 0.90081, -0.00000, 0.46930, 0.53070, 0.50000, 0.50000
0.78273, 3.92241, 2.87963, 4.92852, 1.37383, 0.94680, 11.00000, 499050.00000, 61300.00000, 266301.00000, 20687605608.00000, 143831.86576, 0.91102, 0.10178, 0.52439, 0.37383, 0.18182, 0.81818
0.00000, 3.73035, 3.21637, 4.92550, 1.57080, 0.85925, 7.00000, 493179.00000, 175887.00000, 339963.14286, 12017603227.83673, 109624.82943, 0.94766, -0.00000, 0.52918, 0.47082, 0.28571, 0.71429
0.72621, 4.85499, 0.43811, 4.92852, 1.42232, 1.48179, 1.00000, 299898.00000, 299898.00000, 299898.00000, 0.00000, 0.00000, 0.91102, 0.11238, 0.80685, 0.08077, 0.00000, 1.00000
1.50894, 4.37124, 1.70460, 4.92852, 1.23841, 1.21764, 3.00000, 427325.00000, 123751.00000, 301884.33333, 16747787472.88889, 129413.24304, 0.91102, 0.19128, 0.57970, 0.22901, 0.66667, 0.33333
2.05481, 4.45876, 0.43315, 4.92853, 1.13896, 1.48280, 2.00000, 416378.00000, 315423.00000, 365900.50000, 2547978006.25000, 50477.50000, 0.90081, 0.28433, 0.64502, 0.07065, 0.00000, 1.00000
1.44936, 4.62611, 0.87126, 4.92550, 1.26718, 1.39297, 2.00000, 495087.00000, 402878.00000, 448982.50000, 2125624920.25000, 46104.50000, 0.94766, 0.21738, 0.66353, 0.11910, 0.50000, 0.50000
-0.78579, 4.35121, 2.14766, 4.91558, 1.74946, 1.11864, 4.00000, 382497.00000, 227034.00000, 284671.50000, 3531449182.25000, 59425.99753, 1.08598, -0.13352, 0.76051, 0.37301, 0.50000, 0.50000
0.78579, 4.35121, 2.14766, 4.91558, 1.39213, 1.11864, 5.00000, 460117.00000, 169766.00000, 274123.60000, 12101896434.64000, 110008.61982, 1.08598, 0.10538, 0.60022, 0.29439, 0.00000, 1.00000
0.00000, 4.83686, 0.87622, 4.91558, 1.57080, 1.39159, 0.00000, 0.00000, 0.00000, 0.00000, 0.00000, 0.00000, 1.08598, -0.00000, 0.84303, 0.15697, 0.00000, 0.00000
0.00000, 4.58794, 1.75244, 4.91123, 1.57080, 1.20593, 3.00000, 490103.00000, 202431.00000, 380188.33333, 16093843640.88889, 126861.51363, 1.14286, 0.00000, 0.72361, 0.27639, 0.66667, 0.33333
-2.05481, 4.45876, -0.43315, 4.92853, 2.00263, 1.65880, 3.00000, 378064.00000, 294557.00000, 329130.00000, 1265355668.66667, 35571.83814, 0.90081, -0.98030, 2.22389, -0.24359, 0.00000, 1.00000
-0.72621, 4.85499, -0.43811, 4.92852, 1.71928, 1.65981, 3.00000, 392630.00000, 181210.00000, 309686.66667, 8486378288.88889, 92121.54085, 0.91102, -0.18312, 1.31474, -0.13162, 0.33333, 0.66667
-1.50894, 4.37124, -1.70460, 4.92852, 1.90319, 1.92396, 4.00000, 471449.00000, 250684.00000, 353494.25000, 8819245715.18750, 93910.83918, 0.91102, -1.19997, 3.63662, -1.43665, 0.00000, 1.00000
-1.44936, 4.62611, -0.87126, 4.92550, 1.87441, 1.74862, 0.00000, 0.00000, 0.00000, 0.00000, 0.00000, 0.00000, 0.94766, -0.66465, 2.02881, -0.36416, 0.00000, 0.00000
0.72621, 4.85499, -0.43811, 4.92852, 1.42232, 1.65981, 1.00000, 478102.00000, 478102.00000, 478102.00000, 0.00000, 0.00000, 0.91102, 0.13403, 0.96230, -0.09634, 1.00000, 0.00000
2.05481, 4.45876, -0.43315, 4.92853, 1.13896, 1.65880, 1.00000, 402326.00000, 402326.00000, 402326.00000, 0.00000, 0.00000, 0.90081, 0.33112, 0.75116, -0.08228, 0.00000, 1.00000
1.50894, 4.37124, -1.70460, 4.92852, 1.23841, 1.92396, 0.00000, 0.00000, 0.00000, 0.00000, 0.00000, 0.00000, 0.91102, 0.35294, 1.06961, -0.42255, 0.00000, 0.00000
1.44936, 4.62611, -0.87126, 4.92550, 1.26718, 1.74862, 0.00000, 0.00000, 0.00000, 0.00000, 0.00000, 0.00000, 0.94766, 0.28534, 0.87099, -0.15634, 0.00000, 0.00000
-0.78273, 3.92241, -2.87963, 4.92852, 1.76776, 2.19479, 2.00000, 361018.00000, 344650.00000, 352834.00000, 66977856.00000, 8184.00000, 0.91102, -2.08678, 10.75154, -7.66476, 0.00000, 1.00000
0.78273, 3.92241, -2.87963, 4.92852, 1.37383, 2.19479, 0.00000, 0.00000, 0.00000, 0.00000, 0.00000, 0.00000, 0.91102, 0.40335, 2.07817, -1.48153, 0.00000, 0.00000
0.00000, 3.18882, -3.75791, 4.92853, 1.57080, 2.43793, 0.00000, 0.00000, 0.00000, 0.00000, 0.00000, 0.00000, 0.90081, -0.00000, -7.64229, 8.64229, 0.00000, 0.00000
0.00000, 3.73035, -3.21637, 4.92550, 1.57080, 2.28234, 2.00000, 382017.00000, 224603.00000, 303310.00000, 6194791849.00000, 78707.00000, 0.94766, 0.00000, 9.06739, -8.06739, 0.00000, 1.00000
0.00000, 4.83686, -0.87622, 4.91558, 1.57080, 1.75001, 0.00000, 0.00000, 0.00000, 0.00000, 0.00000, 0.00000, 1.08598, 0.00000, 1.22879, -0.22879, 0.00000, 0.00000
0.78579, 4.35121, -2.14766, 4.91558, 1.39213, 2.02296, 1.00000, 345945.00000, 345945.00000, 345945.00000, 0.00000, 0.00000, 1.08598, 0.25627, 1.45965, -0.71592, 0.00000, 1.00000
-0.78579, 4.35121, -2.14766, 4.91558, 1.74946, 2.02296, 0.00000, 0.00000, 0.00000, 0.00000, 0.00000, 0.00000, 1.08598, -0.52573, 2.99442, -1.46868, 0.00000, 0.00000
0.00000, 4.58794, -1.75244, 4.91123, 1.57080, 1.93566, 2.00000, 416079.00000, 263823.00000, 339951.00000, 5795472384.00000, 76128.00000, 1.14286, 0.00000, 1.61803, -0.61803, 0.00000, 1.00000
-2.75567, 4.02561, -0.70086, 4.92853, 2.17107, 1.71348, 2.00000, 176098.00000, 156094.00000, 166096.00000, 100040004.00000, 10002.00000, 0.90081, -6.49176, 9.35336, -1.86160, 0.00000, 1.00000
-2.21782, 3.93313, -1.97536, 4.92852, 2.08423, 1.98319, 3.00000, 402232.00000, 197187.00000, 267424.33333, 9091905977.55556, 95351.48650, 0.91102, 6.05607, -10.56672, 5.51065, 0.00000, 1.00000
-3.48430, 3.15040, -1.49161, 4.92852, 2.40648, 1.87827, 5.00000, 432002.00000, 220414.00000, 334281.40000, 4598245040.24000, 67810.36086, 0.91102, 1.82322, -1.63909, 0.81587, 0.00000, 1.00000
-2.85909, 3.75484, -1.40973, 4.92550, 2.22158, 1.86107, 4.00000, 483524.00000, 138236.00000, 280465.25000, 17097180156.68750, 130756.18592, 0.94766, 7.02665, -9.32863, 3.30198, 0.00000, 1.00000
-1.49161, 3.48430, -3.15040, 4.92852, 1.97528, 2.26428, 1.00000, 494567.00000, 494567.00000, 494567.00000, 0.00000, 0.00000, 0.91102, 1.29147, -2.88604, 2.59457, 0.00000, 1.00000
-0.70086, 2.75567, -4.02561, 4.92853, 1.81985, 2.52663, 1.00000, 431137.00000, 431137.00000, 431137.00000, 0.00000, 0.00000, 0.90081, 0.39414, -1.37444, 1.98030, 0.00000, 1.00000
-1.97536, 2.21782, -3.93313, 4.92852, 2.29844, 2.49482, 0.00000, 0.00000, 0.00000, 0.00000, 0.00000, 0.00000, 0.91102, 0.54989, -0.60432, 1.05443, 0.00000, 0.00000
-1.40973, 2.85909, -3.75484, 4.92550, 2.02888, 2.43770, 1.00000, 426662.00000, 426662.00000, 426662.00000, 0.00000, 0.00000, 0.94766, 0.58922, -1.25387, 1.66465, 1.00000, 0.00000
-3.93313, 1.97536, -2.21782, 4.92852, 2.67616, 2.03756, 6.00000, 485862.00000, 132001.00000, 354920.66667, 16688278936.55556, 129183.12172, 0.91102, 0.95092, -0.49591, 0.54500, 0.16667, 0.83333
-3.15040, 1.49161, -3.48430, 4.92852, 2.69940, 2.35600, 3.00000, 451265.00000, 378431.00000, 424235.66667, 1060388496.88889, 32563.60694, 0.91102, 0.61936, -0.30829, 0.68893, 0.33333, 0.66667
-4.02561, 0.70086, -2.75567, 4.92853, 2.96922, 2.16413, 4.00000, 407171.00000, 176690.00000, 282359.25000, 6831440091.18750, 82652.52622, 0.90081, 0.66888, -0.13313, 0.46424, 0.25000, 0.75000
-3.75484, 1.40973, -2.85909, 4.92550, 2.78243, 2.19010, 2.00000, 205664.00000, 197109.00000, 201386.50000, 18297006.25000, 4277.50000, 0.94766, 0.71466, -0.25296, 0.53830, 0.00000, 1.00000
-2.20355, 3.47499, -2.68919, 4.91558, 2.13592, 2.14966, 2.00000, 392551.00000, 147952.00000, 270251.50000, 14957167700.25000, 122299.50000, 1.08598, 1.52573, -2.37638, 1.85065, 0.00000, 1.00000
-2.68919, 2.20355, -3.47499, 4.91558, 2.45513, 2.35595, 1.00000, 373159.00000, 373159.00000, 373159.00000, 0.00000, 0.00000, 1.08598, 0.68510, -0.56481, 0.87972, 0.00000, 1.00000
-3.47499, 2.68919, -2.20355, 4.91558, 2.48299, 2.03563, 4.00000, 427925.00000, 282408.00000, 372868.00000, 3040983041.50000, 55145.10895, 1.08598, 1.15838, -0.90211, 0.74373, 0.00000, 1.00000
-2.83550, 2.83550, -2.83550, 4.91123, 2.35619, 2.18628, 2.00000, 449917.00000, 244405.00000, 347161.00000, 10558795536.00000, 102756.00000, 1.14286, 1.00000, -1.00000, 1.00000, 0.00000, 1.00000
-3.18882, 3.75791, 0.00000, 4.92853, 2.27446, 1.57080, 3.00000, 186709.00000, 135668.00000, 164035.33333, 450406200.22222, 21222.77551, 0.90081, -7.64229, 8.64229, 0.00000, 0.00000, 1.00000
-3.92241, 2.87963, -0.78273, 4.92852, 2.50831, 1.73029, 6.00000, 454114.00000, 102286.00000, 268596.50000, 13634923819.58333, 116768.67653, 0.91102, 2.07817, -1.48153, 0.40335, 0.00000, 1.00000
-3.92241, 2.87963, 0.78273, 4.92852, 2.50831, 1.41130, 10.00000, 454891.00000, 80646.00000, 269799.00000, 17831780333.00000, 133535.68936, 0.91102, 10.75154, -7.66476, -2.08678, 0.30000, 0.70000
-3.73035, 3.21637, 0.00000, 4.92550, 2.43005, 1.57080, 6.00000, 491083.00000, 138218.00000, 339931.66667, 17742338274.22223, 133200.36890, 0.94766, 9.06739, -8.06739, -0.00000, 0.16667, 0.83333
-4.37124, 1.70460, -1.50894, 4.92852, 2.76977, 1.88196, 13.00000, 343726.00000, 119697.00000, 238377.30769, 5853548030.98225, 76508.48339, 0.91102, 1.06961, -0.42255, 0.35294, 0.00000, 1.00000
-4.45876, 0.43315, -2.05481, 4.92853, 3.04475, 2.00085, 2.00000, 313649.00000, 135685.00000, 224667.00000, 7917796324.00000, 88982.00000, 0.90081, 0.75116, -0.08228, 0.33112, 0.00000, 1.00000
-4.85499, 0.43811, -0.72621, 4.92852, 3.05160, 1.71868, 16.00000, 446304.00000, 108457.00000, 249173.87500, 10838247718.73438, 104106.90524, 0.91102, 0.96230, -0.09634, 0.13403, 0.18750, 0.81250
-4.62611, 0.87126, -1.44936, 4.92550, 2.95544, 1.86947, 8.00000, 454310.00000, 96015.00000, 271981.00000, 8840948387.00000, 94026.31752, 0.94766, 0.87099, -0.15634, 0.28534, 0.12500, 0.87500
-4.37124, 1.70460, 1.50894, 4.92852, 2.76977, 1.25963, 18.00000, 476610.00000, 18482.00000, 205705.61111, 22203670698.34877, 149008.96181, 0.91102, 3.63662, -1.43665, -1.19997, 0.00000, 1.00000
-4.85499, 0.43811, 0.72621, 4.92852, 3.05160, 1.42291, 21.00000, 475047.00000, 41863.00000, 231308.09524, 16016747662.46712, 126557.29004, 0.91102, 1.31474, -0.13162, -0.18312, 0.00000, 1.00000
-4.45876, 0.43315, 2.05481, 4.92853, 3.04475, 1.14074, 28.00000, 486541.00000, 31028.00000, 170354.67857, 14292656071.50383, 119551.89698, 0.90081, 2.22389, -0.24359, -0.98030, 0.10714, 0.89286
-4.62611, 0.87126, 1.44936, 4.92550, 2.95544, 1.27212, 29.00000, 497307.00000, 35950.00000, 221266.96552, 21995793617.06778, 148309.78935, 0.94766, 2.02881, -0.36416, -0.66465, 0.13793, 0.86207
-4.35121, 2.14766, -0.78579, 4.91558, 2.68310, 1.73134, 5.00000, 279637.00000, 122709.00000, 214824.60000, 3543989304.24000, 59531.41443, 1.08598, 1.45965, -0.71592, 0.25627, 0.00000, 1.00000
-4.83686, 0.87622, 0.00000, 4.91558, 2.96238, 1.57080, 12.00000, 491786.00000, 81984.00000, 276683.75000, 14046244887.68750, 118516.85487, 1.08598, 1.22879, -0.22879, -0.00000, 0.00000, 1.00000
-4.35121, 2.14766, 0.78579, 4.91558, 2.68310, 1.41025, 11.00000, 485523.00000, 59187.00000, 242249.45455, 26684193951.70248, 163352.97350, 1.08598, 2.99442, -1.46868, -0.52573, 0.09091, 0.90909
-4.58794, 1.75244, 0.00000, 4.91123, 2.77673, 1.57080, 11.00000, 492364.00000, 93432.00000, 258074.18182, 17399631568.33058, 131907.66304, 1.14286, 1.61803, -0.61803, -0.00000, 0.09091, 0.90909
2.75567, 4.02561, 0.70086, 4.92853, 0.97053, 1.42811, 2.00000, 412100.00000, 327487.00000, 369793.50000, 1789839942.25000, 42306.50000, 0.90081, 0.36663, 0.52824, 0.10514, 1.00000, 0.00000
2.21782, 3.93313, 1.97536, 4.92852, 1.05736, 1.15840, 8.00000, 486958.00000, 188682.00000, 332883.75000, 10414069367.43750, 102049.34771, 0.91102, 0.27362, 0.47741, 0.24897, 0.50000, 0.50000
3.48430, 3.15040, 1.49161, 4.92852, 0.73511, 1.26333, 3.00000, 313242.00000, 116357.00000, 201612.33333, 6808419933.55556, 82513.15006, 0.91102, 0.42617, 0.38313, 0.19070, 1.00000, 0.00000
2.85909, 3.75484, 1.40973, 4.92550, 0.92001, 1.28053, 2.00000, 489007.00000, 249040.00000, 369023.50000, 14396040272.25000, 119983.50000, 0.94766, 0.35746, 0.47456, 0.16798, 1.00000, 0.00000
1.49161, 3.48430, 3.15040, 4.92852, 1.16631, 0.87732, 8.00000, 470820.00000, 168273.00000, 308210.75000, 14194877766.93750, 119142.25853, 0.91102, 0.19070, 0.42617, 0.38313, 0.50000, 0.50000
0.70086, 2.75567, 4.02561, 4.92853, 1.32174, 0.61496, 14.00000, 481027.00000, 47908.00000, 229251.42857, 18119009097.95919, 134606.86869, 0.90081, 0.10514, 0.36663, 0.52824, 0.57143, 0.42857
1.97536, 2.21782, 3.93313, 4.92852, 0.84316, 0.64677, 14.00000, 451237.00000, 80959.00000, 253207.78571, 20258869304.88265, 142333.65486, 0.91102, 0.24897, 0.27362, 0.47741, 0.92857, 0.07143
1.40973, 2.85909, 3.75484, 4.92550, 1.11271, 0.70390, 9.00000, 482201.00000, 54258.00000, 334609.22222, 15546467227.06173, 124685.47320, 0.94766, 0.16798, 0.35746, 0.47456, 0.33333, 0.66667
3.93313, 1.97536, 2.21782, 4.92852, 0.46544, 1.10403, 8.00000, 477550.00000, 100976.00000, 263901.37500, 20154401004.23438, 141966.19670, 0.91102, 0.47741, 0.24897, 0.27362, 0.62500, 0.37500
3.15040, 1.49161, 3.48430, 4.92852, 0.44220, 0.78559, 11.00000, 446224.00000, 74306.00000, 235052.81818, 13310602817.60330, 115371.58583, 0.91102, 0.38313, 0.19070, 0.42617, 0.90909, 0.09091
4.02561, 0.70086, 2.75567, 4.92853, 0.17237, 0.97747, 15.00000, 447118.00000, 71823.00000, 194836.26667, 10406910491.12889, 102014.26612, 0.90081, 0.52824, 0.10514, 0.36663, 0.93333, 0.06667
3.75484, 1.40973, 2.85909, 4.92550, 0.35916, 0.95149, 11.00000, 462138.00000, 93889.00000, 252529.45455, 16091917003.88430, 126853.91994, 0.94766, 0.47456, 0.16798, 0.35746, 0.90909, 0.09091
2.20355, 3.47499, 2.68919, 4.91558, 1.00567, 0.99193, 2.00000, 498414.00000, 336877.00000, 417645.50000, 6523550592.25000, 80768.50000, 1.08598, 0.26522, 0.41309, 0.32170, 1.00000, 0.00000
2.68919, 2.20355, 3.47499, 4.91558, 0.68646, 0.78564, 4.00000, 398598.00000, 90108.00000, 226323.00000, 14244911225.00000, 119352.04743, 1.08598, 0.32170, 0.26522, 0.41309, 1.00000, 0.00000
3.47499, 2.68919, 2.20355, 4.91558, 0.65860, 1.10596, 5.00000, 465531.00000, 148249.00000, 276574.00000, 12431074515.20000, 111494.72864, 1.08598, 0.41309, 0.32170, 0.26522, 0.80000, 0.20000
2.83550, 2.83550, 2.83550, 4.91123, 0.78540, 0.95532, 6.00000, 447884.00000, 81616.00000, 237167.66667, 13071381708.88889, 114330.14348, 1.14286, 0.33333, 0.33333, 0.33333, 0.66667, 0.33333
-0.43315, 2.05481, 4.45876, 4.92853, 1.77855, 0.44016, 17.00000, 487270.00000, 54032.00000, 244140.29412, 17508383119.61938, 132319.24697, 0.90081, -0.08228, 0.33112, 0.75116, 0.35294, 0.64706
-1.70460, 1.50894, 4.37124, 4.92852, 2.41700, 0.48015, 45.00000, 489202.00000, 71322.00000, 232124.02222, 10889309983.84395, 104351.85664, 0.91102, -0.42255, 0.35294, 1.06961, 0.33333, 0.66667
-0.43811, 0.72621, 4.85499, 4.92852, 2.11363, 0.17295, 45.00000, 477471.00000, 25674.00000, 210695.55556, 12691842175.53580, 112658.07639, 0.91102, -0.09634, 0.13403, 0.96230, 0.53333, 0.46667
-0.87126, 1.44936, 4.62611, 4.92550, 2.11205, 0.35046, 37.00000, 474362.00000, 44051.00000, 193535.16216, 12972585983.27100, 113897.26065, 0.94766, -0.15634, 0.28534, 0.87099, 0.37838, 0.62162
-2.87963, 0.78273, 3.92241, 4.92852, 2.87619, 0.65037, 48.00000, 485658.00000, 45675.00000, 166356.00000, 13620367642.16667, 116706.33077, 0.91102, -1.48153, 0.40335, 2.07817, 0.12500, 0.87500
-3.75791, 0.00000, 3.18882, 4.92853, 3.14159, 0.86714, 59.00000, 496896.00000, 23183.00000, 167914.47458, 12836732897.57139, 113299.30670, 0.90081, 8.64229, -0.00000, -7.64229, 0.20339, 0.79661
-2.87963, -0.78273, 3.92241, 4.92852, -2.87619, 0.65037, 71.00000, 494553.00000, 28777.00000, 172674.56338, 16087584239.20373, 126836.84102, 0.91102, -7.66476, -2.08678, 10.75154, 0.28169, 0.71831
-3.21637, 0.00000, 3.73035, 4.92550, 3.14159, 0.71154, 54.00000, 456732.00000, 40471.00000, 173428.46296, 10984310621.69307, 104806.06195, 0.94766, -8.06739, 0.00000, 9.06739, 0.16667, 0.83333
-0.43811, -0.72621, 4.85499, 4.92852, -2.11363, 0.17295, 62.00000, 466661.00000, 28607.00000, 168141.54839, 14180863361.50573, 119083.43026, 0.91102, -0.13162, -0.18312, 1.31474, 0.70968, 0.29032
-1.70460, -1.50894, 4.37124, 4.92852, -2.41700, 0.48015, 74.00000, 488244.00000, 23602.00000, 161398.95946, 14494561805.47133, 120393.36280, 0.91102, -1.43665, -1.19997, 3.63662, 0.60811, 0.39189
-0.43315, -2.05481, 4.45876, 4.92853, -1.77855, 0.44016, 94.00000, 474564.00000, 10931.00000, 113857.25532, 10418494060.36034, 102071.02459, 0.90081, -0.24359, -0.98030, 2.22389, 0.79787, 0.20213
-0.87126, -1.44936, 4.62611, 4.92550, -2.11205, 0.35046, 50.00000, 447163.00000, 19887.00000, 145946.72000, 13569207136.36160, 116486.93977, 0.94766, -0.36416, -0.66465, 2.02881, 0.58000, 0.42000
-2.14766, 0.78579, 4.35121, 4.91558, 2.79084, 0.48390, 48.00000, 444371.00000, 29015.00000, 212609.47917, 17335522316.66623, 131664.43072, 1.08598, -0.71592, 0.25627, 1.45965, 0.37500, 0.62500
-2.14766, -0.78579, 4.35121, 4.91558, -2.79084, 0.48390, 53.00000, 429762.00000, 31764.00000, 149013.30189, 9100190454.85226, 95394.91839, 1.08598, -1.46868, -0.52573, 2.99442, 0.50943, 0.49057
-0.87622, 0.00000, 4.83686, 4.91558, 3.14159, 0.17921, 46.00000, 463884.00000, 48596.00000, 191219.41304, 11389414668.37288, 106721.20065, 1.08598, -0.22879, 0.00000, 1.22879, 0.56522, 0.43478
-1.75244, 0.00000, 4.58794, 4.91123, 3.14159, 0.36486, 43.00000, 432319.00000, 29311.00000, 148163.76744, 7559014937.10871, 86942.59564, 1.14286, -0.61803, 0.00000, 1.61803, 0.32558, 0.67442
-4.45876, -0.43315, 2.05481, 4.92853, -3.04475, 1.14074, 39.00000, 481654.00000, 43413.00000, 202854.89744, 18259753103.83563, 135128.65390, 0.90081, 1.49537, 0.16379, -0.65917, 0.12821, 0.87179
-4.85499, -0.43811, 0.72621, 4.92852, -3.05160, 1.42291, 25.00000, 423483.00000, 45358.00000, 206340.32000, 12783042495.97760, 113062.11786, 0.91102, 1.04077, 0.10419, -0.14496, 0.20000, 0.80000
-4.37124, -1.70460, 1.50894, 4.92852, -2.76977, 1.25963, 45.00000, 482106.00000, 33829.00000, 222450.20000, 15801569761.40445, 125704.29492, 0.91102, 0.93889, 0.37091, -0.30980, 0.17778, 0.82222
-4.62611, -0.87126, 1.44936, 4.92550, -2.95544, 1.27212, 32.00000, 452038.00000, 47513.00000, 218997.71875, 16548052907.76465, 128639.23549, 0.94766, 1.17386, 0.21070, -0.38457, 0.06250, 0.93750
-4.85499, -0.43811, -0.72621, 4.92852, -3.05160, 1.71868, 12.00000, 484769.00000, 74554.00000, 238083.41667, 14748817545.57639, 121444.70983, 0.91102, 0.80685, 0.08077, 0.11238, 0.08333, 0.91667
-4.45876, -0.43315, -2.05481, 4.92853, -3.04475, 2.00085, 7.00000, 444217.00000, 82302.00000, 290247.57143, 20423020535.95918, 142909.13384, 0.90081, 0.64502, 0.07065, 0.28433, 0.14286, 0.85714
-4.37124, -1.70460, -1.50894, 4.92852, -2.76977, 1.88196, 14.00000, 457021.00000, 130377.00000, 260902.50000, 7815685392.39286, 88406.36511, 0.91102, 0.57970, 0.22901, 0.19128, 0.14286, 0.85714
-4.62611, -0.87126, -1.44936, 4.92550, -2.95544, 1.86947, 8.00000, 420749.00000, 101873.00000, 267482.37500, 13681708653.73438, 116968.83625, 0.94766, 0.66353, 0.11910, 0.21738, 0.12500, 0.87500
-3.92241, -2.87963, 0.78273, 4.92852, -2.50831, 1.41130, 39.00000, 463576.00000, 64889.00000, 198578.84615, 11661470213.92505, 107988.28739, 0.91102, 0.65841, 0.46938, -0.12779, 0.33333, 0.66667
-3.92241, -2.87963, -0.78273, 4.92852, -2.50831, 1.73029, 26.00000, 499892.00000, 42680.00000, 245454.34615, 16861125936.68787, 129850.39829, 0.91102, 0.52439, 0.37383, 0.10178, 0.26923, 0.73077
-3.18882, -3.75791, 0.00000, 4.92853, -2.27446, 1.57080, 18.00000, 414781.00000, 69943.00000, 230516.38889, 9980091588.68210, 99900.40835, 0.90081, 0.46930, 0.53070, 0.00000, 0.38889, 0.61111
-3.73035, -3.21637, 0.00000, 4.92550, -2.43005, 1.57080, 21.00000, 475091.00000, 64054.00000, 231361.38095, 15913191001.47393, 126147.49701, 0.94766, 0.52918, 0.47082, -0.00000, 0.47619, 0.52381
-4.83686, -0.87622, 0.00000, 4.91558, -2.96238, 1.57080, 19.00000, 494981.00000, 34770.00000, 255392.21053, 22218921063.85042, 149060.12567, 1.08598, 0.84303, 0.15697, -0.00000, 0.15789, 0.84211
-4.35121, -2.14766, -0.78579, 4.91558, -2.68310, 1.73134, 11.00000, 485075.00000, 116127.00000, 278960.27273, 12820337080.56198, 113226.92737, 1.08598, 0.60022, 0.29439, 0.10538, 0.45455, 0.54545
-4.35121, -2.14766, 0.78579, 4.91558, -2.68310, 1.41025, 22.00000, 405525.00000, 44400.00000, 202013.59091, 13574296763.78719, 116508.78406, 1.08598, 0.76051, 0.37301, -0.13352, 0.31818, 0.68182
-4.58794, -1.75244, 0.00000, 4.91123, -2.77673, 1.57080, 14.00000, 464762.00000, 64435.00000, 221378.57143, 16373433672.53061, 127958.71863, 1.14286, 0.72361, 0.27639, -0.00000, 0.28571, 0.71429
-3.75791, 0.00000, -3.18882, 4.92853, 3.14159, 2.27446, 4.00000, 488877.00000, 262073.00000, 389110.50000, 7064434912.25000, 84050.19282, 0.90081, 0.53070, -0.00000, 0.46930, 0.00000, 1.00000
-2.87963, 0.78273, -3.92241, 4.92852, 2.87619, 2.49122, 4.00000, 346225.00000, 139756.00000, 277665.75000, 6819414070.18750, 82579.74370, 0.91102, 0.46938, -0.12779, 0.65841, 0.50000, 0.50000
-2.87963, -0.78273, -3.92241, 4.92852, -2.87619, 2.49122, 2.00000, 496183.00000, 460588.00000, 478385.50000, 316751006.25000, 17797.50000, 0.91102, 0.37383, 0.10178, 0.52439, 0.00000, 1.00000
-3.21637, 0.00000, -3.73035, 4.92550, 3.14159, 2.43005, 0.00000, 0.00000, 0.00000, 0.00000, 0.00000, 0.00000, 0.94766, 0.47082, 0.00000, 0.52918, 0.00000, 0.00000
-1.70460, 1.50894, -4.37124, 4.92852, 2.41700, 2.66145, 1.00000, 402850.00000, 402850.00000, 402850.00000, 0.00000, 0.00000, 0.91102, 0.37091, -0.30980, 0.93889, 0.00000, 1.00000
-0.43315, 2.05481, -4.45876, 4.92853, 1.77855, 2.70143, 1.00000, 241350.00000, 241350.00000, 241350.00000, 0.00000, 0.00000, 0.90081, 0.16379, -0.65917, 1.49537, 0.00000, 1.00000
-0.43811, 0.72621, -4.85499, 4.92852, 2.11363, 2.96865, 1.00000, 488282.00000, 488282.00000, 488282.00000, 0.00000, 0.00000, 0.91102, 0.10419, -0.14496, 1.04077, 0.00000, 1.00000
-0.87126, 1.44936, -4.62611, 4.92550, 2.11205, 2.79113, 0.00000, 0.00000, 0.00000, 0.00000, 0.00000, 0.00000, 0.94766, 0.21070, -0.38457, 1.17386, 0.00000, 0.00000
-1.70460, -1.50894, -4.37124, 4.92852, -2.41700, 2.66145, 3.00000, 415106.00000, 156800.00000, 295597.33333, 11306357936.88889, 106331.35914, 0.91102, 0.22901, 0.19128, 0.57970, 0.66667, 0.33333
-0.43811, -0.72621, -4.85499, 4.92852, -2.11363, 2.96865, 1.00000, 449309.00000, 449309.00000, 449309.00000, 0.00000, 0.00000, 0.91102, 0.08077, 0.11238, 0.80685, 1.00000, 0.00000
-0.43315, -2.05481, -4.45876, 4.92853, -1.77855, 2.70143, 0.00000, 0.00000, 0.00000, 0.00000, 0.00000, 0.00000, 0.90081, 0.07065, 0.28433, 0.64502, 0.00000, 0.00000
-0.87126, -1.44936, -4.62611, 4.92550, -2.11205, 2.79113, 2.00000, 453232.00000, 344922.00000, 399077.00000, 2932764025.00000, 54155.00000, 0.94766, 0.11910, 0.21738, 0.66353, 0.50000, 0.50000
-2.14766, 0.78579, -4.35121, 4.91558, 2.79084, 2.65769, 2.00000, 442753.00000, 335359.00000, 389056.00000, 2883367809.00000, 53697.00000, 1.08598, 0.37301, -0.13352, 0.76051, 0.50000, 0.50000
-0.87622, 0.00000, -4.83686, 4.91558, 3.14159, 2.96238, 0.00000, 0.00000, 0.00000, 0.00000, 0.00000, 0.00000, 1.08598, 0.15697, 0.00000, 0.84303, 0.00000, 0.00000
-2.14766, -0.78579, -4.35121, 4.91558, -2.79084, 2.65769, 1.00000, 187651.00000, 187651.00000, 187651.00000, 0.00000, 0.00000, 1.08598, 0.29439, 0.10538, 0.60022, 0.00000, 1.00000
-1.75244, 0.00000, -4.58794, 4.91123, 3.14159, 2.77673, 0.00000, 0.00000, 0.00000, 0.00000, 0.00000, 0.00000, 1.14286, 0.27639, 0.00000, 0.72361, 0.00000, 0.00000
0.70086, 2.75567, -4.02561, 4.92853, 1.32174, 2.52663, 0.00000, 0.00000, 0.00000, 0.00000, 0.00000, 0.00000, 0.90081, -1.86160, -6.49176, 9.35336, 0.00000, 0.00000
1.49161, 3.48430, -3.15040, 4.92852, 1.16631, 2.26428, 0.00000, 0.00000, 0.00000, 0.00000, 0.00000, 0.00000, 0.91102, 0.81587, 1.82322, -1.63909, 0.00000, 0.00000
1.97536, 2.21782, -3.93313, 4.92852, 0.84316, 2.49482, 0.00000, 0.00000, 0.00000, 0.00000, 0.00000, 0.00000, 0.91102, 5.51065, 6.05607, -10.56672, 0.00000, 0.00000
1.40973, 2.85909, -3.75484, 4.92550, 1.11271, 2.43770, 0.00000, 0.00000, 0.00000, 0.00000, 0.00000, 0.00000, 0.94766, 3.30198, 7.02665, -9.32863, 0.00000, 0.00000
2.21782, 3.93313, -1.97536, 4.92852, 1.05736, 1.98319, 1.00000, 326343.00000, 326343.00000, 326343.00000, 0.00000, 0.00000, 0.91102, 0.54500, 0.95092, -0.49591, 1.00000, 0.00000
2.75567, 4.02561, -0.70086, 4.92853, 0.97053, 1.71348, 0.00000, 0.00000, 0.00000, 0.00000, 0.00000, 0.00000, 0.90081, 0.46424, 0.66888, -0.13313, 0.00000, 0.00000
3.48430, 3.15040, -1.49161, 4.92852, 0.73511, 1.87827, 0.00000, 0.00000, 0.00000, 0.00000, 0.00000, 0.00000, 0.91102, 0.68893, 0.61936, -0.30829, 0.00000, 0.00000
2.85909, 3.75484, -1.40973, 4.92550, 0.92001, 1.86107, 0.00000, 0.00000, 0.00000, 0.00000, 0.00000, 0.00000, 0.94766, 0.53830, 0.71466, -0.25296, 0.00000, 0.00000
3.15040, 1.49161, -3.48430, 4.92852, 0.44220, 2.35600, 1.00000, 359492.00000, 359492.00000, 359492.00000, 0.00000, 0.00000, 0.91102, 2.59457, 1.29147, -2.88604, 1.00000, 0.00000
3.93313, 1.97536, -2.21782, 4.92852, 0.46544, 2.03756, 2.00000, 410817.00000, 213239.00000, 312028.00000, 9759266521.00000, 98789.00000, 0.91102, 1.05443, 0.54989, -0.60432, 1.00000, 0.00000
4.02561, 0.70086, -2.75567, 4.92853, 0.17237, 2.16413, 1.00000, 293661.00000, 293661.00000, 293661.00000, 0.00000, 0.00000, 0.90081, 1.98030, 0.39414, -1.37444, 1.00000, 0.00000
3.75484, 1.40973, -2.85909, 4.92550, 0.35916, 2.19010, 1.00000, 179883.00000, 179883.00000, 179883.00000, 0.00000, 0.00000, 0.94766, 1.66465, 0.58922, -1.25387, 1.00000, 0.00000
2.20355, 3.47499, -2.68919, 4.91558, 1.00567, 2.14966, 1.00000, 453178.00000, 453178.00000, 453178.00000, 0.00000, 0.00000, 1.08598, 0.74373, 1.15838, -0.90211, 0.00000, 1.00000
3.47499, 2.68919, -2.20355, 4.91558, 0.65860, 2.03563, 0.00000, 0.00000, 0.00000, 0.00000, 0.00000, 0.00000, 1.08598, 0.87972, 0.68510, -0.56481, 0.00000, 0.00000
2.68919, 2.20355, -3.47499, 4.91558, 0.68646, 2.35595, 0.00000, 0.00000, 0.00000, 0.00000, 0.00000, 0.00000, 1.08598, 1.85065, 1.52573, -2.37638, 0.00000, 0.00000
2.83550, 2.83550, -2.83550, 4.91123, 0.78540, 2.18628, 0.00000, 0.00000, 0.00000, 0.00000, 0.00000, 0.00000, 1.14286, 1.00000, 1.00000, -1.00000, 0.00000, 0.00000
2.75567, -4.02561, 0.70086, 4.92853, -0.97053, 1.42811, 28.00000, 441593.00000, 33287.00000, 162212.67857, 13959722573.71811, 118151.26988, 0.90081, -6.49176, 9.35336, -1.86160, 1.00000, 0.00000
3.48430, -3.15040, 1.49161, 4.92852, -0.73511, 1.26333, 33.00000, 422125.00000, 19310.00000, 153386.06061, 10135138255.81451, 100673.42378, 0.91102, 1.82322, -1.63909, 0.81587, 1.00000, 0.00000
2.21782, -3.93313, 1.97536, 4.92852, -1.05736, 1.15840, 69.00000, 454018.00000, 7042.00000, 100123.02899, 9173533591.85423, 95778.56541, 0.91102, 6.05607, -10.56672, 5.51065, 0.98551, 0.01449
2.85909, -3.75484, 1.40973, 4.92550, -0.92001, 1.28053, 33.00000, 493941.00000, 22104.00000, 168390.72727, 14974813224.50138, 122371.61936, 0.94766, 7.02665, -9.32863, 3.30198, 0.90909, 0.09091
3.93313, -1.97536, 2.21782, 4.92852, -0.46544, 1.10403, 33.00000, 251664.00000, 20504.00000, 131368.09091, 4941131236.26446, 70293.18058, 0.91102, 0.95092, -0.49591, 0.54500, 0.90909, 0.09091
4.02561, -0.70086, 2.75567, 4.92853, -0.17237, 0.97747, 20.00000, 447333.00000, 35238.00000, 196892.60000, 13782743824.04000, 117399.93111, 0.90081, 0.66888, -0.13313, 0.46424, 0.95000, 0.05000
3.15040, -1.49161, 3.48430, 4.92852, -0.44220, 0.78559, 62.00000, 486040.00000, 18472.00000, 148405.59677, 14290623359.17612, 119543.39530, 0.91102, 0.61936, -0.30829, 0.68893, 0.96774, 0.03226
3.75484, -1.40973, 2.85909, 4.92550, -0.35916, 0.95149, 24.00000, 405382.00000, 19633.00000, 140353.70833, 10563942261.53993, 102781.04038, 0.94766, 0.71466, -0.25296, 0.53830, 0.95833, 0.04167
1.49161, -3.48430, 3.15040, 4.92852, -1.16631, 0.87732, 132.00000, 468885.00000, 8269.00000, 90928.00758, 8900930328.03782, 94344.74192, 0.91102, 1.29147, -2.88604, 2.59457, 0.96970, 0.03030
1.97536, -2.21782, 3.93313, 4.92852, -0.84316, 0.64677, 108.00000, 491760.00000, 13369.00000, 114441.78704, 11778469677.24169, 108528.65832, 0.91102, 0.54989, -0.60432, 1.05443, 0.90741, 0.09259
0.70086, -2.75567, 4.02561, 4.92853, -1.32174, 0.61496, 128.00000, 424705.00000, 7897.00000, 85353.07031, 7600752058.29974, 87182.29211, 0.90081, 0.39414, -1.37444, 1.98030, 0.93750, 0.06250
1.40973, -2.85909, 3.75484, 4.92550, -1.11271, 0.70390, 102.00000, 447264.00000, 10356.00000, 101826.52941, 11590649203.89619, 107659.87741, 0.94766, 0.58922, -1.25387, 1.66465, 0.97059, 0.02941
3.47499, -2.68919, 2.20355, 4.91558, -0.65860, 1.10596, 35.00000, 441741.00000, 24581.00000, 155209.31429, 15713916175.64408, 125355.16015, 1.08598, 1.15838, -0.90211, 0.74373, 0.97143, 0.02857
2.68919, -2.20355, 3.47499, 4.91558, -0.68646, 0.78564, 42.00000, 484581.00000, 11267.00000, 92903.76190, 9582676847.08617, 97891.14795, 1.08598, 0.68510, -0.56481, 0.87972, 0.95238, 0.04762
2.20355, -3.47499, 2.68919, 4.91558, -1.00567, 0.99193, 63.00000, 497160.00000, 14072.00000, 119626.76190, 13229358979.41950, 115018.95052, 1.08598, 1.52573, -2.37638, 1.85065, 0.95238, 0.04762
2.83550, -2.83550, 2.83550, 4.91123, -0.78540, 0.95532, 76.00000, 435240.00000, 17635.00000, 119775.27632, 11171726277.19996, 105696.38725, 1.14286, 1.00000, -1.00000, 1.00000, 0.97368, 0.02632
2.05481, -4.45876, 0.43315, 4.92853, -1.13896, 1.48280, 20.00000, 304889.00000, 25624.00000, 132943.50000, 7631055544.85000, 87355.91305, 0.90081, -0.98030, 2.22389, -0.24359, 0.90000, 0.10000
1.50894, -4.37124, 1.70460, 4.92852, -1.23841, 1.21764, 63.00000, 478998.00000, 14108.00000, 116839.47619, 11415864703.45578, 106845.04997, 0.91102, -1.19997, 3.63662, -1.43665, 0.95238, 0.04762
0.72621, -4.85499, 0.43811, 4.92852, -1.42232, 1.48179, 30.00000, 445923.00000, 21316.00000, 144789.73333, 10225807543.72889, 101122.73505, 0.91102, -0.18312, 1.31474, -0.13162, 1.00000, 0.00000
1.44936, -4.62611, 0.87126, 4.92550, -1.26718, 1.39297, 43.00000, 459508.00000, 20727.00000, 159884.67442, 18582353609.56841, 136317.10681, 0.94766, -0.66465, 2.02881, -0.36416, 0.95349, 0.04651
0.78273, -3.92241, 2.87963, 4.92852, -1.37383, 0.94680, 113.00000, 486960.00000, 11541.00000, 85725.40708, 7312199254.84314, 85511.39839, 0.91102, -2.08678, 10.75154, -7.66476, 0.96460, 0.03540
0.00000, -3.18882, 3.75791, 4.92853, -1.57080, 0.70366, 124.00000, 490574.00000, 11011.00000, 92301.75000, 9881626317.67137, 99406.36960, 0.90081, 0.00000, -7.64229, 8.64229, 0.90323, 0.09677
-0.78273, -3.92241, 2.87963, 4.92852, -1.76776, 0.94680, 94.00000, 459578.00000, 13368.00000, 126050.43617, 13103015049.01188, 114468.40197, 0.91102, 0.40335, 2.07817, -1.48153, 0.80851, 0.19149
0.00000, -3.73035, 3.21637, 4.92550, -1.57080, 0.85925, 117.00000, 451108.00000, 7207.00000, 82897.02564, 7925584733.58054, 89025.75320, 0.94766, -0.00000, 9.06739, -8.06739, 0.93162, 0.06838
-0.72621, -4.85499, 0.43811, 4.92852, -1.71928, 1.48179, 27.00000, 482846.00000, 18553.00000, 166647.18519, 12086184172.15089, 109937.18285, 0.91102, 0.13403, 0.96230, -0.09634, 0.92593, 0.07407
-1.50894, -4.37124, 1.70460, 4.92852, -1.90319, 1.21764, 59.00000, 484483.00000, 22355.00000, 150660.42373, 12486433294.14249, 111742.71025, 0.91102, 0.35294, 1.06961, -0.42255, 0.77966, 0.22034
-2.05481, -4.45876, 0.43315, 4.92853, -2.00263, 1.48280, 17.00000, 421260.00000, 39168.00000, 198297.23529, 16915027273.94464, 130057.78437, 0.90081, 0.33112, 0.75116, -0.08228, 0.70588, 0.29412
-1.44936, -4.62611, 0.87126, 4.92550, -1.87441, 1.39297, 18.00000, 450040.00000, 59404.00000, 204573.44444, 13355103767.02469, 115564.28413, 0.94766, 0.28534, 0.87099, -0.15634, 0.77778, 0.22222
0.78579, -4.35121, 2.14766, 4.91558, -1.39213, 1.11864, 63.00000, 484557.00000, 15736.00000, 98926.52381, 9398307470.09070, 96944.86820, 1.08598, -0.52573, 2.99442, -1.46868, 0.98413, 0.01587
-0.78579, -4.35121, 2.14766, 4.91558, -1.74946, 1.11864, 56.00000, 438228.00000, 12467.00000, 105316.73214, 8593118425.91039, 92699.07457, 1.08598, 0.25627, 1.45965, -0.71592, 0.89286, 0.10714
0.00000, -4.83686, 0.87622, 4.91558, -1.57080, 1.39159, 20.00000, 395940.00000, 25093.00000, 123479.90000, 9157716827.69000, 95695.96035, 1.08598, -0.00000, 1.22879, -0.22879, 1.00000, 0.00000
0.00000, -4.58794, 1.75244, 4.91123, -1.57080, 1.20593, 57.00000, 452530.00000, 8904.00000, 118577.01754, 9134777173.06987, 95576.02823, 1.14286, -0.00000, 1.61803, -0.61803, 0.92982, 0.07018
2.05481, -4.45876, -0.43315, 4.92853, -1.13896, 1.65880, 6.00000, 394306.00000, 86458.00000, 243209.16667, 7979530352.13889, 89328.21700, 0.90081, -0.65917, 1.49537, 0.16379, 1.00000, 0.00000
0.72621, -4.85499, -0.43811, 4.92852, -1.42232, 1.65981, 20.00000, 496452.00000, 33073.00000, 193262.60000, 18383621408.84000, 135586.21393, 0.91102, -0.14496, 1.04077, 0.10419, 0.85000, 0.15000
1.50894, -4.37124, -1.70460, 4.92852, -1.23841, 1.92396, 11.00000, 474626.00000, 90366.00000, 242445.72727, 16825781659.65289, 129714.23075, 0.91102, -0.30980, 0.93889, 0.37091, 0.90909, 0.09091
1.44936, -4.62611, -0.87126, 4.92550, -1.26718, 1.74862, 14.00000, 474791.00000, 48264.00000, 246675.42857, 14502318862.24490, 120425.57395, 0.94766, -0.38457, 1.17386, 0.21070, 0.92857, 0.07143
-0.72621, -4.85499, -0.43811, 4.92852, -1.71928, 1.65981, 19.00000, 490673.00000, 44537.00000, 217726.05263, 13231224349.20775, 115027.05920, 0.91102, 0.11238, 0.80685, 0.08077, 0.57895, 0.42105
-2.05481, -4.45876, -0.43315, 4.92853, -2.00263, 1.65880, 13.00000, 474580.00000, 100470.00000, 288060.61538, 13893190361.62130, 117869.37839, 0.90081, 0.28433, 0.64502, 0.07065, 0.38462, 0.61538
-1.50894, -4.37124, -1.70460, 4.92852, -1.90319, 1.92396, 4.00000, 446447.00000, 200552.00000, 331321.25000, 7904709163.68750, 88908.43134, 0.91102, 0.19128, 0.57970, 0.22901, 0.75000, 0.25000
-1.44936, -4.62611, -0.87126, 4.92550, -1.87441, 1.74862, 10.00000, 479886.00000, 57130.00000, 217071.70000, 24584354597.41000, 156793.98776, 0.94766, 0.21738, 0.66353, 0.11910, 0.80000, 0.20000
0.78273, -3.92241, -2.87963, 4.92852, -1.37383, 2.19479, 2.00000, 224899.00000, 148860.00000, 186879.50000, 1445482380.25000, 38019.50000, 0.91102, -0.12779, 0.65841, 0.46938, 0.50000, 0.50000
-0.78273, -3.92241, -2.87963, 4.92852, -1.76776, 2.19479, 8.00000, 433327.00000, 53765.00000, 256449.50000, 14644969334.25000, 121016.40110, 0.91102, 0.10178, 0.52439, 0.37383, 0.75000, 0.25000
0.00000, -3.18882, -3.75791, 4.92853, -1.57080, 2.43793, 2.00000, 291377.00000, 228157.00000, 259767.00000, 999192100.00000, 31610.00000, 0.90081, 0.00000, 0.46930, 0.53070, 1.00000, 0.00000
0.00000, -3.73035, -3.21637, 4.92550, -1.57080, 2.28234, 2.00000, 220902.00000, 184072.00000, 202487.00000, 339112225.00000, 18415.00000, 0.94766, -0.00000, 0.52918, 0.47082, 0.50000, 0.50000
0.00000, -4.83686, -0.87622, 4.91558, -1.57080, 1.75001, 7.00000, 352134.00000, 73586.00000, 191204.42857, 9206360213.38776, 95949.77964, 1.08598, -0.00000, 0.84303, 0.15697, 0.57143, 0.42857
-0.78579, -4.35121, -2.14766, 4.91558, -1.74946, 2.02296, 7.00000, 448759.00000, 78927.00000, 262634.57143, 23099287353.95919, 151984.49708, 1.08598, 0.10538, 0.60022, 0.29439, 0.85714, 0.14286
0.78579, -4.35121, -2.14766, 4.91558, -1.39213, 2.02296, 12.00000, 403577.00000, 111960.00000, 288400.08333, 10129371710.74306, 100644.77985, 1.08598, -0.13352, 0.76051, 0.37301, 0.83333, 0.16667
0.00000, -4.58794, -1.75244, 4.91123, -1.57080, 1.93566, 6.00000, 406307.00000, 41447.00000, 162565.83333, 17579597487.47222, 132588.07445, 1.14286, -0.00000, 0.72361, 0.27639, 0.83333, 0.16667
2.75567, -4.02561, -0.70086, 4.92853, -0.97053, 1.71348, 10.00000, 452180.00000, 109271.00000, 265649.10000, 15944508552.69000, 126271.56668, 0.90081, -1.37444, 1.98030, 0.39414, 0.90000, 0.10000
2.21782, -3.93313, -1.97536, 4.92852, -1.05736, 1.98319, 8.00000, 286096.00000, 64088.00000, 147937.25000, 5456691167.93750, 73869.41971, 0.91102, -0.60432, 1.05443, 0.54989, 1.00000, 0.00000
3.48430, -3.15040, -1.49161, 4.92852, -0.73511, 1.87827, 8.00000, 307243.00000, 68223.00000, 144997.75000, 5601363925.93750, 74842.26029, 0.91102, -2.88604, 2.59457, 1.29147, 1.00000, 0.00000
2.85909, -3.75484, -1.40973, 4.92550, -0.92001, 1.86107, 7.00000, 442895.00000, 118253.00000, 268440.42857, 11313862750.81633, 106366.64304, 0.94766, -1.25387, 1.66465, 0.58922, 1.00000, 0.00000
1.49161, -3.48430, -3.15040, 4.92852, -1.16631, 2.26428, 4.00000, 493617.00000, 256594.00000, 374335.50000, 7190644687.25000, 84797.66911, 0.91102, -0.30829, 0.68893, 0.61936, 1.00000, 0.00000
0.70086, -2.75567, -4.02561, 4.92853, -1.32174, 2.52663, 1.00000, 486726.00000, 486726.00000, 486726.00000, 0.00000, 0.00000, 0.90081, -0.13313, 0.46424, 0.66888, 0.00000, 1.00000
1.97536, -2.21782, -3.93313, 4.92852, -0.84316, 2.49482, 2.00000, 363043.00000, 233174.00000, 298108.50000, 4216489290.25000, 64934.50000, 0.91102, -0.49591, 0.54500, 0.95092, 1.00000, 0.00000
1.40973, -2.85909, -3.75484, 4.92550, -1.11271, 2.43770, 0.00000, 0.00000, 0.00000, 0.00000, 0.00000, 0.00000, 0.94766, -0.25296, 0.53830, 0.71466, 0.00000, 0.00000
3.93313, -1.97536, -2.21782, 4.92852, -0.46544, 2.03756, 5.00000, 255006.00000, 49111.00000, 131307.00000, 6949809656.80000, 83365.51839, 0.91102, -10.56672, 5.51065, 6.05607, 1.00000, 0.00000
3.15040, -1.49161, -3.48430, 4.92852, -0.44220, 2.35600, 0.00000, 0.00000, 0.00000, 0.00000, 0.00000, 0.00000, 0.91102, -1.63909, 0.81587, 1.82322, 0.00000, 0.00000
4.02561, -0.70086, -2.75567, 4.92853, -0.17237, 2.16413, 0.00000, 0.00000, 0.00000, 0.00000, 0.00000, 0.00000, 0.90081, 9.35336, -1.86160, -6.49176, 0.00000, 0.00000
3.75484, -1.40973, -2.85909, 4.92550, -0.35916, 2.19010, 0.00000, 0.00000, 0.00000, 0.00000, 0.00000, 0.00000, 0.94766, -9.32863, 3.30198, 7.02665, 0.00000, 0.00000
2.20355, -3.47499, -2.68919, 4.91558, -1.00567, 2.14966, 6.00000, 445517.00000, 84856.00000, 321145.00000, 15103905838.33333, 122897.94888, 1.08598, -0.56481, 0.87972, 0.68510, 1.00000, 0.00000
2.68919, -2.20355, -3.47499, 4.91558, -0.68646, 2.35595, 1.00000, 305877.00000, 305877.00000, 305877.00000, 0.00000, 0.00000, 1.08598, -0.90211, 0.74373, 1.15838, 1.00000, 0.00000
3.47499, -2.68919, -2.20355, 4.91558, -0.65860, 2.03563, 5.00000, 420461.00000, 93413.00000, 248004.80000, 15562852375.36000, 124751.16182, 1.08598, -2.37638, 1.85065, 1.52573, 1.00000, 0.00000
2.83550, -2.83550, -2.83550, 4.91123, -0.78540, 2.18628, 3.00000, 444036.00000, 265095.00000, 334000.66667, 6182471653.55555, 78628.69485, 1.14286, -1.00000, 1.00000, 1.00000, 1.00000, 0.00000
3.18882, -3.75791, 0.00000, 4.92853, -0.86714, 1.57080, 17.00000, 487375.00000, 21285.00000, 197556.76471, 19418221835.59170, 139349.28000, 0.90081, -7.64229, 8.64229, -0.00000, 0.94118, 0.05882
3.92241, -2.87963, -0.78273, 4.92852, -0.63328, 1.73029, 6.00000, 434971.00000, 71645.00000, 216670.16667, 17939758496.80555, 133939.38367, 0.91102, 10.75154, -7.66476, -2.08678, 1.00000, 0.00000
3.92241, -2.87963, 0.78273, 4.92852, -0.63328, 1.41130, 19.00000, 484205.00000, 62086.00000, 241033.57895, 17411253199.71745, 131951.70783, 0.91102, 2.07817, -1.48153, 0.40335, 0.94737, 0.05263
3.73035, -3.21637, 0.00000, 4.92550, -0.71154, 1.57080, 13.00000, 473516.00000, 35136.00000, 222062.07692, 16563709810.99408, 128700.07697, 0.94766, 9.06739, -8.06739, 0.00000, 1.00000, 0.00000
4.37124, -1.70460, -1.50894, 4.92852, -0.37182, 1.88196, 5.00000, 300238.00000, 109380.00000, 189472.60000, 4745043949.84000, 68884.27941, 0.91102, 3.63662, -1.43665, -1.19997, 1.00000, 0.00000
4.45876, -0.43315, -2.05481, 4.92853, -0.09684, 2.00085, 1.00000, 202735.00000, 202735.00000, 202735.00000, 0.00000, 0.00000, 0.90081, 2.22389, -0.24359, -0.98030, 1.00000, 0.00000
4.85499, -0.43811, -0.72621, 4.92852, -0.09000, 1.71868, 6.00000, 312678.00000, 99632.00000, 208374.66667, 5132775683.55556, 71643.39246, 0.91102, 1.31474, -0.13162, -0.18312, 1.00000, 0.00000
4.62611, -0.87126, -1.44936, 4.92550, -0.18616, 1.86947, 3.00000, 474666.00000, 220728.00000, 317219.66667, 12605153668.22222, 112272.67552, 0.94766, 2.02881, -0.36416, -0.66465, 1.00000, 0.00000
4.37124, -1.70460, 1.50894, 4.92852, -0.37182, 1.25963, 15.00000, 438170.00000, 54901.00000, 200874.26667, 12640081495.26222, 112428.11701, 0.91102, 1.06961, -0.42255, 0.35294, 1.00000, 0.00000
4.85499, -0.43811, 0.72621, 4.92852, -0.09000, 1.42291, 8.00000, 495367.00000, 46198.00000, 219999.50000, 21096309731.75000, 145245.68748, 0.91102, 0.96230, -0.09634, 0.13403, 1.00000, 0.00000
4.45876, -0.43315, 2.05481, 4.92853, -0.09684, 1.14074, 14.00000, 497155.00000, 59322.00000, 249773.78571, 24614794901.59694, 156891.02875, 0.90081, 0.75116, -0.08228, 0.33112, 0.85714, 0.14286
4.62611, -0.87126, 1.44936, 4.92550, -0.18616, 1.27212, 15.00000, 478387.00000, 118027.00000, 273803.40000, 13718967621.17333, 117127.99674, 0.94766, 0.87099, -0.15634, 0.28534, 0.86667, 0.13333
4.35121, -2.14766, -0.78579, 4.91558, -0.45850, 1.73134, 4.00000, 452833.00000, 112255.00000, 225274.25000, 17781355903.68750, 133346.75063, 1.08598, 2.99442, -1.46868, -0.52573, 1.00000, 0.00000
4.83686, -0.87622, 0.00000, 4.91558, -0.17921, 1.57080, 5.00000, 464506.00000, 187695.00000, 298146.60000, 9492035607.44000, 97427.07841, 1.08598, 1.22879, -0.22879, 0.00000, 1.00000, 0.00000
4.35121, -2.14766, 0.78579, 4.91558, -0.45850, 1.41025, 11.00000, 257399.00000, 62925.00000, 128096.72727, 4294689745.10744, 65533.88242, 1.08598, 1.45965, -0.71592, 0.25627, 0.90909, 0.09091
4.58794, -1.75244, 0.00000, 4.91123, -0.36486, 1.57080, 4.00000, 293544.00000, 41938.00000, 180550.50000, 8078701992.75000, 89881.59986, 1.14286, 1.61803, -0.61803, 0.00000, 1.00000, 0.00000
0.43315, -2.05481, 4.45876, 4.92853, -1.36304, 0.44016, 97.00000, 484745.00000, 5563.00000, 99505.57732, 9401755047.29557, 96962.64769, 0.90081, 0.16379, -0.65917, 1.49537, 0.91753, 0.08247
1.70460, -1.50894, 4.37124, 4.92852, -0.72459, 0.48015, 91.00000, 486877.00000, 12641.00000, 118982.25275, 12363646199.61744, 111191.93406, 0.91102, 0.37091, -0.30980, 0.93889, 0.92308, 0.07692
0.43811, -0.72621, 4.85499, 4.92852, -1.02797, 0.17295, 50.00000, 460171.00000, 17266.00000, 165177.34000, 13133887519.50440, 114603.17412, 0.91102, 0.10419, -0.14496, 1.04077, 0.64000, 0.36000
0.87126, -1.44936, 4.62611, 4.92550, -1.02954, 0.35046, 72.00000, 423420.00000, 15869.00000, 112005.36111, 9856499787.03626, 99279.90626, 0.94766, 0.21070, -0.38457, 1.17386, 0.90278, 0.09722
2.87963, -0.78273, 3.92241, 4.92852, -0.26540, 0.65037, 40.00000, 440073.00000, 13038.00000, 167478.85000, 16334076810.27750, 127804.83876, 0.91102, 0.46938, -0.12779, 0.65841, 0.92500, 0.07500
3.75791, 0.00000, 3.18882, 4.92853, 0.00000, 0.86714, 18.00000, 484555.00000, 29374.00000, 179527.77778, 15221054448.17284, 123373.63757, 0.90081, 0.53070, -0.00000, 0.46930, 0.94444, 0.05556
2.87963, 0.78273, 3.92241, 4.92852, 0.26540, 0.65037, 19.00000, 462709.00000, 43306.00000, 201431.10526, 20909628876.30471, 144601.62128, 0.91102, 0.37383, 0.10178, 0.52439, 0.89474, 0.10526
3.21637, 0.00000, 3.73035, 4.92550, 0.00000, 0.71154, 20.00000, 441391.00000, 36912.00000, 218178.70000, 12955303455.11000, 113821.36643, 0.94766, 0.47082, -0.00000, 0.52918, 0.85000, 0.15000
0.43811, 0.72621, 4.85499, 4.92852, 1.02797, 0.17295, 28.00000, 498300.00000, 37940.00000, 193042.46429, 13051834420.03444, 114244.62534, 0.91102, 0.08077, 0.11238, 0.80685, 0.71429, 0.28571
1.70460, 1.50894, 4.37124, 4.92852, 0.72459, 0.48015, 11.00000, 426654.00000, 44650.00000, 241253.63636, 14256153122.41323, 119399.13368, 0.91102, 0.22901, 0.19128, 0.57970, 0.81818, 0.18182
0.43315, 2.05481, 4.45876, 4.92853, 1.36304, 0.44016, 13.00000, 496847.00000, 65278.00000, 206256.07692, 13131588836.84024, 114593.14481, 0.90081, 0.07065, 0.28433, 0.64502, 0.53846, 0.46154
0.87126, 1.44936, 4.62611, 4.92550, 1.02954, 0.35046, 16.00000, 431144.00000, 36979.00000, 215126.87500, 12187950467.23438, 110399.05103, 0.94766, 0.11910, 0.21738, 0.66353, 0.62500, 0.37500
2.14766, -0.78579, 4.35121, 4.91558, -0.35075, 0.48390, 46.00000, 481010.00000, 17038.00000, 139086.63043, 12182789085.92864, 110375.67253, 1.08598, 0.37301, -0.13352, 0.76051, 0.89130, 0.10870
2.14766, 0.78579, 4.35121, 4.91558, 0.35075, 0.48390, 20.00000, 475536.00000, 38971.00000, 227965.60000, 16432771975.14000, 128190.37396, 1.08598, 0.29439, 0.10538, 0.60022, 0.50000, 0.50000
0.87622, 0.00000, 4.83686, 4.91558, 0.00000, 0.17921, 35.00000, 464425.00000, 28762.00000, 199047.08571, 15709135263.39265, 125336.08923, 1.08598, 0.15697, -0.00000, 0.84303, 0.62857, 0.37143
1.75244, 0.00000, 4.58794, 4.91123, 0.00000, 0.36486, 33.00000, 443029.00000, 24741.00000, 165524.15152, 12428136669.09826, 111481.55304, 1.14286, 0.27639, 0.00000, 0.72361, 0.63636, 0.36364
-2.75567, -4.02561, 0.70086, 4.92853, -2.17107, 1.42811, 29.00000, 497354.00000, 37584.00000, 219868.72414, 20685650588.88942, 143825.06940, 0.90081, 0.46424, 0.66888, -0.13313, 0.58621, 0.41379
-2.21782, -3.93313, 1.97536, 4.92852, -2.08423, 1.15840, 46.00000, 467249.00000, 20606.00000, 195389.58696, 15384810938.72070, 124035.52289, 0.91102, 0.54500, 0.95092, -0.49591, 0.69565, 0.30435
-3.48430, -3.15040, 1.49161, 4.92852, -2.40648, 1.26333, 32.00000, 438939.00000, 50822.00000, 164732.06250, 10588343465.30859, 102899.67670, 0.91102, 0.68893, 0.61936, -0.30829, 0.31250, 0.68750
-2.85909, -3.75484, 1.40973, 4.92550, -2.22158, 1.28053, 32.00000, 482804.00000, 45387.00000, 198309.93750, 16457989349.93359, 128288.69533, 0.94766, 0.53830, 0.71466, -0.25296, 0.59375, 0.40625
-1.49161, -3.48430, 3.15040, 4.92852, -1.97528, 0.87732, 75.00000, 453719.00000, 14293.00000, 111126.68000, 8075345793.95093, 89862.92781, 0.91102, 0.81587, 1.82322, -1.63909, 0.77333, 0.22667
-0.70086, -2.75567, 4.02561, 4.92853, -1.81985, 0.61496, 111.00000, 479436.00000, 10661.00000, 117277.96396, 13903912136.66537, 117914.85121, 0.90081, -1.86160, -6.49176, 9.35336, 0.87387, 0.12613
-1.97536, -2.21782, 3.93313, 4.92852, -2.29844, 0.64677, 72.00000, 499383.00000, 17911.00000, 147040.25000, 14952146812.10417, 122278.97126, 0.91102, 5.51065, 6.05607, -10.56672, 0.50000, 0.50000
-1.40973, -2.85909, 3.75484, 4.92550, -2.02888, 0.70390, 79.00000, 455688.00000, 13550.00000, 133982.36709, 14779246888.51082, 121569.92592, 0.94766, 3.30198, 7.02665, -9.32863, 0.68354, 0.31646
-3.93313, -1.97536, 2.21782, 4.92852, -2.67616, 1.10403, 42.00000, 487156.00000, 52403.00000, 185490.02381, 12551334673.07086, 112032.73929, 0.91102, 1.05443, 0.54989, -0.60432, 0.19048, 0.80952
-3.15040, -1.49161, 3.48430, 4.92852, -2.69940, 0.78559, 74.00000, 482609.00000, 30098.00000, 172069.45946, 11493719796.57268, 107208.76735, 0.91102, 2.59457, 1.29147, -2.88604, 0.40541, 0.59459
-4.02561, -0.70086, 2.75567, 4.92853, -2.96922, 0.97747, 48.00000, 450233.00000, 32238.00000, 172728.25000, 12116074346.35417, 110073.04096, 0.90081, 1.98030, 0.39414, -1.37444, 0.08333, 0.91667
-3.75484, -1.40973, 2.85909, 4.92550, -2.78243, 0.95149, 39.00000, 477004.00000, 16270.00000, 194401.00000, 15250850533.84615, 123494.33402, 0.94766, 1.66465, 0.58922, -1.25387, 0.23077, 0.76923
-2.20355, -3.47499, 2.68919, 4.91558, -2.13592, 0.99193, 48.00000, 490626.00000, 33390.00000, 176238.43750, 13242597331.66276, 115076.48470, 1.08598, 0.74373, 1.15838, -0.90211, 0.75000, 0.25000
-2.68919, -2.20355, 3.47499, 4.91558, -2.45513, 0.78564, 50.00000, 481024.00000, 48589.00000, 180320.80000, 10750192334.60000, 103683.13428, 1.08598, 1.85065, 1.52573, -2.37638, 0.42000, 0.58000
-3.47499, -2.68919, 2.20355, 4.91558, -2.48299, 1.10596, 39.00000, 441981.00000, 31269.00000, 194567.61538, 15077912818.85207, 122792.15292, 1.08598, 0.87972, 0.68510, -0.56481, 0.35897, 0.64103
-2.83550, -2.83550, 2.83550, 4.91123, -2.35619, 0.95532, 51.00000, 499134.00000, 22778.00000, 184788.27451, 17660409184.86582, 132892.47227, 1.14286, 1.00000, 1.00000, -1.00000, 0.49020, 0.50980
-0.70086, -2.75567, -4.02561, 4.92853, -1.81985, 2.52663, 2.00000, 214264.00000, 165970.00000, 190117.00000, 583077609.00000, 24147.00000, 0.90081, 0.10514, 0.36663, 0.52824, 1.00000, 0.00000
-1.49161, -3.48430, -3.15040, 4.92852, -1.97528, 2.26428, 4.00000, 448790.00000, 267836.00000, 366437.75000, 5633436080.18750, 75056.21946, 0.91102, 0.19070, 0.42617, 0.38313, 0.25000, 0.75000
-1.97536, -2.21782, -3.93313, 4.92852, -2.29844, 2.49482, 3.00000, 293200.00000, 243526.00000, 275006.33333, 499518801.55556, 22349.91726, 0.91102, 0.24897, 0.27362, 0.47741, 0.33333, 0.66667
-1.40973, -2.85909, -3.75484, 4.92550, -2.02888, 2.43770, 2.00000, 364015.00000, 151548.00000, 257781.50000, 11285556522.25000, 106233.50000, 0.94766, 0.16798, 0.35746, 0.47456, 1.00000, 0.00000
-2.21782, -3.93313, -1.97536, 4.92852, -2.08423, 1.98319, 5.00000, 193112.00000, 149542.00000, 169811.60000, 324703513.84000, 18019.53145, 0.91102, 0.27362, 0.47741, 0.24897, 0.40000, 0.60000
-2.75567, -4.02561, -0.70086, 4.92853, -2.17107, 1.71348, 10.00000, 494668.00000, 56543.00000, 230687.70000, 20140034760.81000, 141915.59027, 0.90081, 0.36663, 0.52824, 0.10514, 0.60000, 0.40000
-3.48430, -3.15040, -1.49161, 4.92852, -2.40648, 1.87827, 13.00000, 419043.00000, 91068.00000, 252726.61538, 9803915137.00592, 99014.72182, 0.91102, 0.42617, 0.38313, 0.19070, 0.46154, 0.53846
-2.85909, -3.75484, -1.40973, 4.92550, -2.22158, 1.86107, 6.00000, 429552.00000, 138460.00000, 212661.33333, 10322627266.22222, 101600.33103, 0.94766, 0.35746, 0.47456, 0.16798, 0.33333, 0.66667
-3.15040, -1.49161, -3.48430, 4.92852, -2.69940, 2.35600, 5.00000, 483301.00000, 168402.00000, 343987.40000, 16889047189.04000, 129957.86698, 0.91102, 0.38313, 0.19070, 0.42617, 0.40000, 0.60000
-3.93313, -1.97536, -2.21782, 4.92852, -2.67616, 2.03756, 6.00000, 396670.00000, 150654.00000, 227887.83333, 6838056221.80556, 82692.54030, 0.91102, 0.47741, 0.24897, 0.27362, 0.33333, 0.66667
-4.02561, -0.70086, -2.75567, 4.92853, -2.96922, 2.16413, 2.00000, 167126.00000, 131787.00000, 149456.50000, 312211230.25000, 17669.50000, 0.90081, 0.52824, 0.10514, 0.36663, 0.00000, 1.00000
-3.75484, -1.40973, -2.85909, 4.92550, -2.78243, 2.19010, 3.00000, 491346.00000, 183094.00000, 356047.66667, 16545511314.88889, 128629.35635, 0.94766, 0.47456, 0.16798, 0.35746, 0.00000, 1.00000
-2.20355, -3.47499, -2.68919, 4.91558, -2.13592, 2.14966, 4.00000, 293132.00000, 165627.00000, 236811.75000, 2162595028.68750, 46503.70984, 1.08598, 0.26522, 0.41309, 0.32170, 1.00000, 0.00000
-3.47499, -2.68919, -2.20355, 4.91558, -2.48299, 2.03563, 2.00000, 263499.00000, 214137.00000, 238818.00000, 609151761.00000, 24681.00000, 1.08598, 0.41309, 0.32170, 0.26522, 0.00000, 1.00000
-2.68919, -2.20355, -3.47499, 4.91558, -2.45513, 2.35595, 2.00000, 465136.00000, 333491.00000, 399313.50000, 4332601506.25000, 65822.50000, 1.08598, 0.32170, 0.26522, 0.41309, 1.00000, 0.00000
-2.83550, -2.83550, -2.83550, 4.91123, -2.35619, 2.18628, 4.00000, 496731.00000, 247606.00000, 355546.50000, 11549903818.25000, 107470.47882, 1.14286, 0.33333, 0.33333, 0.33333, 0.25000, 0.75000
3.75791, 0.00000, -3.18882, 4.92853, 0.00000, 2.27446, 1.00000, 279162.00000, 279162.00000, 279162.00000, 0.00000, 0.00000, 0.90081, 8.64229, 0.00000, -7.64229, 1.00000, 0.00000
2.87963, -0.78273, -3.92241, 4.92852, -0.26540, 2.49122, 0.00000, 0.00000, 0.00000, 0.00000, 0.00000, 0.00000, 0.91102, -1.48153, 0.40335, 2.07817, 0.00000, 0.00000
2.87963, 0.78273, -3.92241, 4.92852, 0.26540, 2.49122, 1.00000, 499034.00000, 499034.00000, 499034.00000, 0.00000, 0.00000, 0.91102, -7.66476, -2.08678, 10.75154, 1.00000, 0.00000
3.21637, 0.00000, -3.73035, 4.92550, 0.00000, 2.43005, 1.00000, 222579.00000, 222579.00000, 222579.00000, 0.00000, 0.00000, 0.94766, -8.06739, -0.00000, 9.06739, 1.00000, 0.00000
1.70460, -1.50894, -4.37124, 4.92852, -0.72459, 2.66145, 1.00000, 412971.00000, 412971.00000, 412971.00000, 0.00000, 0.00000, 0.91102, -0.42255, 0.35294, 1.06961, 0.00000, 1.00000
0.43315, -2.05481, -4.45876, 4.92853, -1.36304, 2.70143, 0.00000, 0.00000, 0.00000, 0.00000, 0.00000, 0.00000, 0.90081, -0.08228, 0.33112, 0.75116, 0.00000, 0.00000
0.43811, -0.72621, -4.85499, 4.92852, -1.02797, 2.96865, 0.00000, 0.00000, 0.00000, 0.00000, 0.00000, 0.00000, 0.91102, -0.09634, 0.13403, 0.96230, 0.00000, 0.00000
0.87126, -1.44936, -4.62611, 4.92550, -1.02954, 2.79113, 1.00000, 455606.00000, 455606.00000, 455606.00000, 0.00000, 0.00000, 0.94766, -0.15634, 0.28534, 0.87099, 1.00000, 0.00000
1.70460, 1.50894, -4.37124, 4.92852, 0.72459, 2.66145, 1.00000, 433933.00000, 433933.00000, 433933.00000, 0.00000, 0.00000, 0.91102, -1.43665, -1.19997, 3.63662, 1.00000, 0.00000
0.43811, 0.72621, -4.85499, 4.92852, 1.02797, 2.96865, 0.00000, 0.00000, 0.00000, 0.00000, 0.00000, 0.00000, 0.91102, -0.13162, -0.18312, 1.31474, 0.00000, 0.00000
0.43315, 2.05481, -4.45876, 4.92853, 1.36304, 2.70143, 1.00000, 263919.00000, 263919.00000, 263919.00000, 0.00000, 0.00000, 0.90081, -0.24359, -0.98030, 2.22389, 1.00000, 0.00000
0.87126, 1.44936, -4.62611, 4.92550, 1.02954, 2.79113, 0.00000, 0.00000, 0.00000, 0.00000, 0.00000, 0.00000, 0.94766, -0.36416, -0.66465, 2.02881, 0.00000, 0.00000
2.14766, -0.78579, -4.35121, 4.91558, -0.35075, 2.65769, 1.00000, 400750.00000, 400750.00000, 400750.00000, 0.00000, 0.00000, 1.08598, -0.71592, 0.25627, 1.45965, 1.00000, 0.00000
0.87622, 0.00000, -4.83686, 4.91558, 0.00000, 2.96238, 0.00000, 0.00000, 0.00000, 0.00000, 0.00000, 0.00000, 1.08598, -0.22879, -0.00000, 1.22879, 0.00000, 0.00000
2.14766, 0.78579, -4.35121, 4.91558, 0.35075, 2.65769, 0.00000, 0.00000, 0.00000, 0.00000, 0.00000, 0.00000, 1.08598, -1.46868, -0.52573, 2.99442, 0.00000, 0.00000
1.75244, 0.00000, -4.58794, 4.91123, 0.00000, 2.77673, 0.00000, 0.00000, 0.00000, 0.00000, 0.00000, 0.00000, 1.14286, -0.61803, -0.00000, 1.61803, 0.00000, 0.00000
4.45876, 0.43315, 2.05481, 4.92853, 0.09684, 1.14074, 8.00000, 302950.00000, 129144.00000, 203266.25000, 3014818494.68750, 54907.36285, 0.90081, 0.64502, 0.07065, 0.28433, 0.87500, 0.12500
4.85499, 0.43811, 0.72621, 4.92852, 0.09000, 1.42291, 2.00000, 247414.00000, 178559.00000, 212986.50000, 1185252756.25000, 34427.50000, 0.91102, 0.80685, 0.08077, 0.11238, 1.00000, 0.00000
4.37124, 1.70460, 1.50894, 4.92852, 0.37182, 1.25963, 4.00000, 202332.00000, 131632.00000, 170611.50000, 685447544.75000, 26181.05316, 0.91102, 0.57970, 0.22901, 0.19128, 0.50000, 0.50000
4.62611, 0.87126, 1.44936, 4.92550, 0.18616, 1.27212, 7.00000, 315349.00000, 100191.00000, 237967.00000, 5762867397.14286, 75913.55213, 0.94766, 0.66353, 0.11910, 0.21738, 1.00000, 0.00000
4.85499, 0.43811, -0.72621, 4.92852, 0.09000, 1.71868, 3.00000, 413349.00000, 223579.00000, 301894.33333, 6551216523.55556, 80939.58564, 0.91102, 1.04077, 0.10419, -0.14496, 1.00000, 0.00000
4.45876, 0.43315, -2.05481, 4.92853, 0.09684, 2.00085, 0.00000, 0.00000, 0.00000, 0.00000, 0.00000, 0.00000, 0.90081, 1.49537, 0.16379, -0.65917, 0.00000, 0.00000
4.37124, 1.70460, -1.50894, 4.92852, 0.37182, 1.88196, 0.00000, 0.00000, 0.00000, 0.00000, 0.00000, 0.00000, 0.91102, 0.93889, 0.37091, -0.30980, 0.00000, 0.00000
4.62611, 0.87126, -1.44936, 4.92550, 0.18616, 1.86947, 0.00000, 0.00000, 0.00000, 0.00000, 0.00000, 0.00000, 0.94766, 1.17386, 0.21070, -0.38457, 0.00000, 0.00000
3.92241, 2.87963, 0.78273, 4.92852, 0.63328, 1.41130, 1.00000, 435306.00000, 435306.00000, 435306.00000, 0.00000, 0.00000, 0.91102, 0.52439, 0.37383, 0.10178, 0.00000, 1.00000
3.92241, 2.87963, -0.78273, 4.92852, 0.63328, 1.73029, 0.00000, 0.00000, 0.00000, 0.00000, 0.00000, 0.00000, 0.91102, 0.65841, 0.46938, -0.12779, 0.00000, 0.00000
3.18882, 3.75791, 0.00000, 4.92853, 0.86714, 1.57080, 2.00000, 357836.00000, 291114.00000, 324475.00000, 1112956321.00000, 33361.00000, 0.90081, 0.46930, 0.53070, 0.00000, 1.00000, 0.00000
3.73035, 3.21637, 0.00000, 4.92550, 0.71154, 1.57080, 0.00000, 0.00000, 0.00000, 0.00000, 0.00000, 0.00000, 0.94766, 0.52918, 0.47082, 0.00000, 0.00000, 0.00000
4.83686, 0.87622, 0.00000, 4.91558, 0.17921, 1.57080, 2.00000, 404711.00000, 214188.00000, 309449.50000, 9074753382.25000, 95261.50000, 1.08598, 0.84303, 0.15697, 0.00000, 1.00000, 0.00000
4.35121, 2.14766, -0.78579, 4.91558, 0.45850, 1.73134, 2.00000, 405009.00000, 390545.00000, 397777.00000, 52301824.00000, 7232.00000, 1.08598, 0.76051, 0.37301, -0.13352, 1.00000, 0.00000
4.35121, 2.14766, 0.78579, 4.91558, 0.45850, 1.41025, 0.00000, 0.00000, 0.00000, 0.00000, 0.00000, 0.00000, 1.08598, 0.60022, 0.29439, 0.10538, 0.00000, 0.00000
4.58794, 1.75244, 0.00000, 4.91123, 0.36486, 1.57080, 0.00000, 0.00000, 0.00000, 0.00000, 0.00000, 0.00000, 1.14286, 0.72361, 0.27639, -0.00000, 0.00000, 0.00000
