-2.75567, 4.02561, 0.70086, 4.92853, 2.17107, 1.42811, 0.00000, 0.00000, 0.00000, 0.00000, 0.00000, 0.00000, 0.90081, -1.37444, 1.98030, 0.39414, 0.00000, 0.00000
-3.48430, 3.15040, 1.49161, 4.92852, 2.40648, 1.26333, 1.00000, 364270.00000, 364270.00000, 364270.00000, 0.00000, 0.00000, 0.91102, -2.88604, 2.59457, 1.29147, 1.00000, 0.00000
-2.21782, 3.93313, 1.97536, 4.92852, 2.08423, 1.15840, 0.00000, 0.00000, 0.00000, 0.00000, 0.00000, 0.00000, 0.91102, -0.60432, 1.05443, 0.54989, 0.00000, 0.00000
-2.85909, 3.75484, 1.40973, 4.92550, 2.22158, 1.28053, 0.00000, 0.00000, 0.00000, 0.00000, 0.00000, 0.00000, 0.94766, -1.25387, 1.66465, 0.58922, 0.00000, 0.00000
-3.93313, 1.97536, 2.21782, 4.92852, 2.67616, 1.10403, 1.00000, 491048.00000, 491048.00000, 491048.00000, 0.00000, 0.00000, 0.91102, -10.56672, 5.51065, 6.05607, 1.00000, 0.00000
-4.02561, 0.70086, 2.75567, 4.92853, 2.96922, 0.97747, 0.00000, 0.00000, 0.00000, 0.00000, 0.00000, 0.00000, 0.90081, 9.35336, -1.86160, -6.49176, 0.00000, 0.00000
-3.15040, 1.49161, 3.48430, 4.92852, 2.69940, 0.78559, 0.00000, 0.00000, 0.00000, 0.00000, 0.00000, 0.00000, 0.91102, -1.63909, 0.81587, 1.82322, 0.00000, 0.00000
-3.75484, 1.40973, 2.85909, 4.92550, 2.78243, 0.95149, 0.00000, 0.00000, 0.00000, 0.00000, 0.00000, 0.00000, 0.94766, -9.32863, 3.30198, 7.02665, 0.00000, 0.00000
-1.49161, 3.48430, 3.15040, 4.92852, 1.97528, 0.87732, 1.00000, 335714.00000, 335714.00000, 335714.00000, 0.00000, 0.00000, 0.91102, -0.30829, 0.68893, 0.61936, 0.00000, 1.00000
-1.97536, 2.21782, 3.93313, 4.92852, 2.29844, 0.64677, 2.00000, 398061.00000, 292926.00000, 345493.50000, 2763342056.25000, 52567.50000, 0.91102, -0.49591, 0.54500, 0.95092, 0.00000, 1.00000
-0.70086, 2.75567, 4.02561, 4.92853, 1.81985, 0.61496, 3.00000, 366636.00000, 316848.00000, 336604.00000, 465938912.00000, 21585.61818, 0.90081, -0.13313, 0.46424, 0.66888, 0.66667, 0.33333
-1.40973, 2.85909, 3.75484, 4.92550, 2.02888, 0.70390, 2.00000, 375732.00000, 223283.00000, 299507.50000, 5810174400.25000, 76224.50000, 0.94766, -0.25296, 0.53830, 0.71466, 0.50000, 0.50000
-3.47499, 2.68919, 2.20355, 4.91558, 2.48299, 1.10596, 0.00000, 0.00000, 0.00000, 0.00000, 0.00000, 0.00000, 1.08598, -2.37638, 1.85065, 1.52573, 0.00000, 0.00000
-2.68919, 2.20355, 3.47499, 4.91558, 2.45513, 0.78564, 0.00000, 0.00000, 0.00000, 0.00000, 0.00000, 0.00000, 1.08598, -0.90211, 0.74373, 1.15838, 0.00000, 0.00000
-2.20355, 3.47499, 2.68919, 4.91558, 2.13592, 0.99193, 0.00000, 0.00000, 0.00000, 0.00000, 0.00000, 0.00000, 1.08598, -0.56481, 0.87972, 0.68510, 0.00000, 0.00000
-2.83550, 2.83550, 2.83550, 4.91123, 2.35619, 0.95532, 0.00000, 0.00000, 0.00000, 0.00000, 0.00000, 0.00000, 1.14286, -1.00000, 1.00000, 1.00000, 0.00000, 0.00000
-2.05481, 4.45876, 0.43315, 4.92853, 2.00263, 1.48280, 0.00000, 0.00000, 0.00000, 0.00000, 0.00000, 0.00000, 0.90081, -0.65917, 1.49537, 0.16379, 0.00000, 0.00000
-1.50894, 4.37124, 1.70460, 4.92852, 1.90319, 1.21764, 0.00000, 0.00000, 0.00000, 0.00000, 0.00000, 0.00000, 0.91102, -0.30980, 0.93889, 0.37091, 0.00000, 0.00000
-0.72621, 4.85499, 0.43811, 4.92852, 1.71928, 1.48179, 1.00000, 348753.00000, 348753.00000, 348753.00000, 0.00000, 0.00000, 0.91102, -0.14496, 1.04077, 0.10419, 1.00000, 0.00000
-1.44936, 4.62611, 0.87126, 4.92550, 1.87441, 1.39297, 0.00000, 0.00000, 0.00000, 0.00000, 0.00000, 0.00000, 0.94766, -0.38457, 1.17386, 0.21070, 0.00000, 0.00000
-0.78273, 3.92241, 2.87963, 4.92852, 1.76776, 0.94680, 1.00000, 247807.00000, 247807.00000, 247807.00000, 0.00000, 0.00000, 0.91102, -0.12779, 0.65841, 0.46938, 0.00000, 1.00000
0.00000, 3.18882, 3.75791, 4.92853, 1.57080, 0.70366, 0.00000, 0.00000, 0.00000, 0.00000, 0.00000, 0.00000, 0.90081, -0.00000, 0.46930, 0.53070, 0.00000, 0.00000
0.78273, 3.92241, 2.87963, 4.92852, 1.37383, 0.94680, 1.00000, 458549.00000, 458549.00000, 458549.00000, 0.00000, 0.00000, 0.91102, 0.10178, 0.52439, 0.37383, 0.00000, 1.00000
0.00000, 3.73035, 3.21637, 4.92550, 1.57080, 0.85925, 1.00000, 261050.00000, 261050.00000, 261050.00000, 0.00000, 0.00000, 0.94766, -0.00000, 0.52918, 0.47082, 1.00000, 0.00000
0.72621, 4.85499, 0.43811, 4.92852, 1.42232, 1.48179, 0.00000, 0.00000, 0.00000, 0.00000, 0.00000, 0.00000, 0.91102, 0.11238, 0.80685, 0.08077, 0.00000, 0.00000
1.50894, 4.37124, 1.70460, 4.92852, 1.23841, 1.21764, 2.00000, 476110.00000, 358284.00000, 417197.00000, 3470741569.00000, 58913.00000, 0.91102, 0.19128, 0.57970, 0.22901, 0.50000, 0.50000
2.05481, 4.45876, 0.43315, 4.92853, 1.13896, 1.48280, 1.00000, 132283.00000, 132283.00000, 132283.00000, 0.00000, 0.00000, 0.90081, 0.28433, 0.64502, 0.07065, 0.00000, 1.00000
1.44936, 4.62611, 0.87126, 4.92550, 1.26718, 1.39297, 1.00000, 252899.00000, 252899.00000, 252899.00000, 0.00000, 0.00000, 0.94766, 0.21738, 0.66353, 0.11910, 0.00000, 1.00000
-0.78579, 4.35121, 2.14766, 4.91558, 1.74946, 1.11864, 1.00000, 220688.00000, 220688.00000, 220688.00000, 0.00000, 0.00000, 1.08598, -0.13352, 0.76051, 0.37301, 1.00000, 0.00000
0.78579, 4.35121, 2.14766, 4.91558, 1.39213, 1.11864, 1.00000, 381282.00000, 381282.00000, 381282.00000, 0.00000, 0.00000, 1.08598, 0.10538, 0.60022, 0.29439, 1.00000, 0.00000
0.00000, 4.83686, 0.87622, 4.91558, 1.57080, 1.39159, 0.00000, 0.00000, 0.00000, 0.00000, 0.00000, 0.00000, 1.08598, -0.00000, 0.84303, 0.15697, 0.00000, 0.00000
0.00000, 4.58794, 1.75244, 4.91123, 1.57080, 1.20593, 1.00000, 434872.00000, 434872.00000, 434872.00000, 0.00000, 0.00000, 1.14286, 0.00000, 0.72361, 0.27639, 0.00000, 1.00000
-2.05481, 4.45876, -0.43315, 4.92853, 2.00263, 1.65880, 0.00000, 0.00000, 0.00000, 0.00000, 0.00000, 0.00000, 0.90081, -0.98030, 2.22389, -0.24359, 0.00000, 0.00000
-0.72621, 4.85499, -0.43811, 4.92852, 1.71928, 1.65981, 0.00000, 0.00000, 0.00000, 0.00000, 0.00000, 0.00000, 0.91102, -0.18312, 1.31474, -0.13162, 0.00000, 0.00000
-1.50894, 4.37124, -1.70460, 4.92852, 1.90319, 1.92396, 0.00000, 0.00000, 0.00000, 0.00000, 0.00000, 0.00000, 0.91102, -1.19997, 3.63662, -1.43665, 0.00000, 0.00000
-1.44936, 4.62611, -0.87126, 4.92550, 1.87441, 1.74862, 0.00000, 0.00000, 0.00000, 0.00000, 0.00000, 0.00000, 0.94766, -0.66465, 2.02881, -0.36416, 0.00000, 0.00000
0.72621, 4.85499, -0.43811, 4.92852, 1.42232, 1.65981, 0.00000, 0.00000, 0.00000, 0.00000, 0.00000, 0.00000, 0.91102, 0.13403, 0.96230, -0.09634, 0.00000, 0.00000
2.05481, 4.45876, -0.43315, 4.92853, 1.13896, 1.65880, 1.00000, 130504.00000, 130504.00000, 130504.00000, 0.00000, 0.00000, 0.90081, 0.33112, 0.75116, -0.08228, 1.00000, 0.00000
1.50894, 4.37124, -1.70460, 4.92852, 1.23841, 1.92396, 1.00000, 489433.00000, 489433.00000, 489433.00000, 0.00000, 0.00000, 0.91102, 0.35294, 1.06961, -0.42255, 1.00000, 0.00000
1.44936, 4.62611, -0.87126, 4.92550, 1.26718, 1.74862, 1.00000, 312527.00000, 312527.00000, 312527.00000, 0.00000, 0.00000, 0.94766, 0.28534, 0.87099, -0.15634, 1.00000, 0.00000
-0.78273, 3.92241, -2.87963, 4.92852, 1.76776, 2.19479, 0.00000, 0.00000, 0.00000, 0.00000, 0.00000, 0.00000, 0.91102, -2.08678, 10.75154, -7.66476, 0.00000, 0.00000
0.78273, 3.92241, -2.87963, 4.92852, 1.37383, 2.19479, 0.00000, 0.00000, 0.00000, 0.00000, 0.00000, 0.00000, 0.91102, 0.40335, 2.07817, -1.48153, 0.00000, 0.00000
0.00000, 3.18882, -3.75791, 4.92853, 1.57080, 2.43793, 0.00000, 0.00000, 0.00000, 0.00000, 0.00000, 0.00000, 0.90081, -0.00000, -7.64229, 8.64229, 0.00000, 0.00000
0.00000, 3.73035, -3.21637, 4.92550, 1.57080, 2.28234, 1.00000, 165385.00000, 165385.00000, 165385.00000, 0.00000, 0.00000, 0.94766, 0.00000, 9.06739, -8.06739, 0.00000, 1.00000
0.00000, 4.83686, -0.87622, 4.91558, 1.57080, 1.75001, 0.00000, 0.00000, 0.00000, 0.00000, 0.00000, 0.00000, 1.08598, 0.00000, 1.22879, -0.22879, 0.00000, 0.00000
0.78579, 4.35121, -2.14766, 4.91558, 1.39213, 2.02296, 0.00000, 0.00000, 0.00000, 0.00000, 0.00000, 0.00000, 1.08598, 0.25627, 1.45965, -0.71592, 0.00000, 0.00000
-0.78579, 4.35121, -2.14766, 4.91558, 1.74946, 2.02296, 0.00000, 0.00000, 0.00000, 0.00000, 0.00000, 0.00000, 1.08598, -0.52573, 2.99442, -1.46868, 0.00000, 0.00000
0.00000, 4.58794, -1.75244, 4.91123, 1.57080, 1.93566, 1.00000, 386745.00000, 386745.00000, 386745.00000, 0.00000, 0.00000, 1.14286, 0.00000, 1.61803, -0.61803, 0.00000, 1.00000
-2.75567, 4.02561, -0.70086, 4.92853, 2.17107, 1.71348, 0.00000, 0.00000, 0.00000, 0.00000, 0.00000, 0.00000, 0.90081, -6.49176, 9.35336, -1.86160, 0.00000, 0.00000
-2.21782, 3.93313, -1.97536, 4.92852, 2.08423, 1.98319, 0.00000, 0.00000, 0.00000, 0.00000, 0.00000, 0.00000, 0.91102, 6.05607, -10.56672, 5.51065, 0.00000, 0.00000
-3.48430, 3.15040, -1.49161, 4.92852, 2.40648, 1.87827, 0.00000, 0.00000, 0.00000, 0.00000, 0.00000, 0.00000, 0.91102, 1.82322, -1.63909, 0.81587, 0.00000, 0.00000
-2.85909, 3.75484, -1.40973, 4.92550, 2.22158, 1.86107, 0.00000, 0.00000, 0.00000, 0.00000, 0.00000, 0.00000, 0.94766, 7.02665, -9.32863, 3.30198, 0.00000, 0.00000
-1.49161, 3.48430, -3.15040, 4.92852, 1.97528, 2.26428, 1.00000, 486849.00000, 486849.00000, 486849.00000, 0.00000, 0.00000, 0.91102, 1.29147, -2.88604, 2.59457, 0.00000, 1.00000
-0.70086, 2.75567, -4.02561, 4.92853, 1.81985, 2.52663, 0.00000, 0.00000, 0.00000, 0.00000, 0.00000, 0.00000, 0.90081, 0.39414, -1.37444, 1.98030, 0.00000, 0.00000
-1.97536, 2.21782, -3.93313, 4.92852, 2.29844, 2.49482, 1.00000, 420832.00000, 420832.00000, 420832.00000, 0.00000, 0.00000, 0.91102, 0.54989, -0.60432, 1.05443, 1.00000, 0.00000
-1.40973, 2.85909, -3.75484, 4.92550, 2.02888, 2.43770, 0.00000, 0.00000, 0.00000, 0.00000, 0.00000, 0.00000, 0.94766, 0.58922, -1.25387, 1.66465, 0.00000, 0.00000
-3.93313, 1.97536, -2.21782, 4.92852, 2.67616, 2.03756, 0.00000, 0.00000, 0.00000, 0.00000, 0.00000, 0.00000, 0.91102, 0.95092, -0.49591, 0.54500, 0.00000, 0.00000
-3.15040, 1.49161, -3.48430, 4.92852, 2.69940, 2.35600, 0.00000, 0.00000, 0.00000, 0.00000, 0.00000, 0.00000, 0.91102, 0.61936, -0.30829, 0.68893, 0.00000, 0.00000
-4.02561, 0.70086, -2.75567, 4.92853, 2.96922, 2.16413, 0.00000, 0.00000, 0.00000, 0.00000, 0.00000, 0.00000, 0.90081, 0.66888, -0.13313, 0.46424, 0.00000, 0.00000
-3.75484, 1.40973, -2.85909, 4.92550, 2.78243, 2.19010, 0.00000, 0.00000, 0.00000, 0.00000, 0.00000, 0.00000, 0.94766, 0.71466, -0.25296, 0.53830, 0.00000, 0.00000
-2.20355, 3.47499, -2.68919, 4.91558, 2.13592, 2.14966, 0.00000, 0.00000, 0.00000, 0.00000, 0.00000, 0.00000, 1.08598, 1.52573, -2.37638, 1.85065, 0.00000, 0.00000
-2.68919, 2.20355, -3.47499, 4.91558, 2.45513, 2.35595, 0.00000, 0.00000, 0.00000, 0.00000, 0.00000, 0.00000, 1.08598, 0.68510, -0.56481, 0.87972, 0.00000, 0.00000
-3.47499, 2.68919, -2.20355, 4.91558, 2.48299, 2.03563, 0.00000, 0.00000, 0.00000, 0.00000, 0.00000, 0.00000, 1.08598, 1.15838, -0.90211, 0.74373, 0.00000, 0.00000
-2.83550, 2.83550, -2.83550, 4.91123, 2.35619, 2.18628, 0.00000, 0.00000, 0.00000, 0.00000, 0.00000, 0.00000, 1.14286, 1.00000, -1.00000, 1.00000, 0.00000, 0.00000
-3.18882, 3.75791, 0.00000, 4.92853, 2.27446, 1.57080, 1.00000, 272310.00000, 272310.00000, 272310.00000, 0.00000, 0.00000, 0.90081, -7.64229, 8.64229, 0.00000, 1.00000, 0.00000
-3.92241, 2.87963, -0.78273, 4.92852, 2.50831, 1.73029, 1.00000, 354611.00000, 354611.00000, 354611.00000, 0.00000, 0.00000, 0.91102, 2.07817, -1.48153, 0.40335, 0.00000, 1.00000
-3.92241, 2.87963, 0.78273, 4.92852, 2.50831, 1.41130, 0.00000, 0.00000, 0.00000, 0.00000, 0.00000, 0.00000, 0.91102, 10.75154, -7.66476, -2.08678, 0.00000, 0.00000
-3.73035, 3.21637, 0.00000, 4.92550, 2.43005, 1.57080, 0.00000, 0.00000, 0.00000, 0.00000, 0.00000, 0.00000, 0.94766, 9.06739, -8.06739, -0.00000, 0.00000, 0.00000
-4.37124, 1.70460, -1.50894, 4.92852, 2.76977, 1.88196, 0.00000, 0.00000, 0.00000, 0.00000, 0.00000, 0.00000, 0.91102, 1.06961, -0.42255, 0.35294, 0.00000, 0.00000
-4.45876, 0.43315, -2.05481, 4.92853, 3.04475, 2.00085, 0.00000, 0.00000, 0.00000, 0.00000, 0.00000, 0.00000, 0.90081, 0.75116, -0.08228, 0.33112, 0.00000, 0.00000
-4.85499, 0.43811, -0.72621, 4.92852, 3.05160, 1.71868, 1.00000, 270901.00000, 270901.00000, 270901.00000, 0.00000, 0.00000, 0.91102, 0.96230, -0.09634, 0.13403, 0.00000, 1.00000
-4.62611, 0.87126, -1.44936, 4.92550, 2.95544, 1.86947, 1.00000, 101082.00000, 101082.00000, 101082.00000, 0.00000, 0.00000, 0.94766, 0.87099, -0.15634, 0.28534, 1.00000, 0.00000
-4.37124, 1.70460, 1.50894, 4.92852, 2.76977, 1.25963, 0.00000, 0.00000, 0.00000, 0.00000, 0.00000, 0.00000, 0.91102, 3.63662, -1.43665, -1.19997, 0.00000, 0.00000
-4.85499, 0.43811, 0.72621, 4.92852, 3.05160, 1.42291, 1.00000, 342952.00000, 342952.00000, 342952.00000, 0.00000, 0.00000, 0.91102, 1.31474, -0.13162, -0.18312, 0.00000, 1.00000
-4.45876, 0.43315, 2.05481, 4.92853, 3.04475, 1.14074, 0.00000, 0.00000, 0.00000, 0.00000, 0.00000, 0.00000, 0.90081, 2.22389, -0.24359, -0.98030, 0.00000, 0.00000
-4.62611, 0.87126, 1.44936, 4.92550, 2.95544, 1.27212, 0.00000, 0.00000, 0.00000, 0.00000, 0.00000, 0.00000, 0.94766, 2.02881, -0.36416, -0.66465, 0.00000, 0.00000
-4.35121, 2.14766, -0.78579, 4.91558, 2.68310, 1.73134, 0.00000, 0.00000, 0.00000, 0.00000, 0.00000, 0.00000, 1.08598, 1.45965, -0.71592, 0.25627, 0.00000, 0.00000
-4.83686, 0.87622, 0.00000, 4.91558, 2.96238, 1.57080, 0.00000, 0.00000, 0.00000, 0.00000, 0.00000, 0.00000, 1.08598, 1.22879, -0.22879, -0.00000, 0.00000, 0.00000
-4.35121, 2.14766, 0.78579, 4.91558, 2.68310, 1.41025, 1.00000, 276753.00000, 276753.00000, 276753.00000, 0.00000, 0.00000, 1.08598, 2.99442, -1.46868, -0.52573, 1.00000, 0.00000
-4.58794, 1.75244, 0.00000, 4.91123, 2.77673, 1.57080, 0.00000, 0.00000, 0.00000, 0.00000, 0.00000, 0.00000, 1.14286, 1.61803, -0.61803, -0.00000, 0.00000, 0.00000
2.75567, 4.02561, 0.70086, 4.92853, 0.97053, 1.42811, 5.00000, 487652.00000, 141515.00000, 327222.20000, 13521737727.76000, 116283.00705, 0.90081, 0.36663, 0.52824, 0.10514, 0.40000, 0.60000
2.21782, 3.93313, 1.97536, 4.92852, 1.05736, 1.15840, 9.00000, 497190.00000, 122218.00000, 297773.22222, 17339434176.17284, 131679.28530, 0.91102, 0.27362, 0.47741, 0.24897, 0.22222, 0.77778
3.48430, 3.15040, 1.49161, 4.92852, 0.73511, 1.26333, 7.00000, 427737.00000, 145918.00000, 282592.14286, 9816216622.12245, 99076.82182, 0.91102, 0.42617, 0.38313, 0.19070, 0.85714, 0.14286
2.85909, 3.75484, 1.40973, 4.92550, 0.92001, 1.28053, 2.00000, 217558.00000, 101194.00000, 159376.00000, 3385145124.00000, 58182.00000, 0.94766, 0.35746, 0.47456, 0.16798, 0.50000, 0.50000
1.49161, 3.48430, 3.15040, 4.92852, 1.16631, 0.87732, 1.00000, 411551.00000, 411551.00000, 411551.00000, 0.00000, 0.00000, 0.91102, 0.19070, 0.42617, 0.38313, 1.00000, 0.00000
0.70086, 2.75567, 4.02561, 4.92853, 1.32174, 0.61496, 1.00000, 145847.00000, 145847.00000, 145847.00000, 0.00000, 0.00000, 0.90081, 0.10514, 0.36663, 0.52824, 0.00000, 1.00000
1.97536, 2.21782, 3.93313, 4.92852, 0.84316, 0.64677, 7.00000, 337753.00000, 56146.00000, 224957.71429, 7898809269.63265, 88875.24554, 0.91102, 0.24897, 0.27362, 0.47741, 0.14286, 0.85714
1.40973, 2.85909, 3.75484, 4.92550, 1.11271, 0.70390, 1.00000, 289365.00000, 289365.00000, 289365.00000, 0.00000, 0.00000, 0.94766, 0.16798, 0.35746, 0.47456, 0.00000, 1.00000
3.93313, 1.97536, 2.21782, 4.92852, 0.46544, 1.10403, 10.00000, 441669.00000, 60302.00000, 256025.40000, 18717604344.04000, 136812.29603, 0.91102, 0.47741, 0.24897, 0.27362, 0.80000, 0.20000
3.15040, 1.49161, 3.48430, 4.92852, 0.44220, 0.78559, 16.00000, 401909.00000, 41580.00000, 244749.62500, 13933646622.60938, 118040.86844, 0.91102, 0.38313, 0.19070, 0.42617, 0.56250, 0.43750
4.02561, 0.70086, 2.75567, 4.92853, 0.17237, 0.97747, 21.00000, 489871.00000, 44351.00000, 207103.19048, 13825396322.05896, 117581.44548, 0.90081, 0.52824, 0.10514, 0.36663, 0.47619, 0.52381
3.75484, 1.40973, 2.85909, 4.92550, 0.35916, 0.95149, 10.00000, 483954.00000, 76634.00000, 240673.90000, 21533308817.89000, 146742.32115, 0.94766, 0.47456, 0.16798, 0.35746, 0.50000, 0.50000
2.20355, 3.47499, 2.68919, 4.91558, 1.00567, 0.99193, 3.00000, 391995.00000, 211081.00000, 279487.33333, 6427443033.55556, 80171.33549, 1.08598, 0.26522, 0.41309, 0.32170, 0.33333, 0.66667
2.68919, 2.20355, 3.47499, 4.91558, 0.68646, 0.78564, 3.00000, 476372.00000, 167564.00000, 339946.00000, 16540147112.00000, 128608.50326, 1.08598, 0.32170, 0.26522, 0.41309, 0.66667, 0.33333
3.47499, 2.68919, 2.20355, 4.91558, 0.65860, 1.10596, 2.00000, 445080.00000, 212810.00000, 328945.00000, 13487338225.00000, 116135.00000, 1.08598, 0.41309, 0.32170, 0.26522, 0.00000, 1.00000
2.83550, 2.83550, 2.83550, 4.91123, 0.78540, 0.95532, 4.00000, 366008.00000, 111011.00000, 241458.50000, 9282326998.25000, 96344.83379, 1.14286, 0.33333, 0.33333, 0.33333, 1.00000, 0.00000
-0.43315, 2.05481, 4.45876, 4.92853, 1.77855, 0.44016, 4.00000, 326947.00000, 91547.00000, 225594.25000, 7351116093.68750, 85738.64994, 0.90081, -0.08228, 0.33112, 0.75116, 0.25000, 0.75000
-1.70460, 1.50894, 4.37124, 4.92852, 2.41700, 0.48015, 2.00000, 441302.00000, 116261.00000, 278781.50000, 26412912920.25000, 162520.50000, 0.91102, -0.42255, 0.35294, 1.06961, 0.00000, 1.00000
-0.43811, 0.72621, 4.85499, 4.92852, 2.11363, 0.17295, 9.00000, 358949.00000, 103745.00000, 228632.44444, 10083536174.02469, 100416.81221, 0.91102, -0.09634, 0.13403, 0.96230, 0.00000, 1.00000
-0.87126, 1.44936, 4.62611, 4.92550, 2.11205, 0.35046, 4.00000, 385246.00000, 73202.00000, 292273.00000, 16571032755.50000, 128728.52347, 0.94766, -0.15634, 0.28534, 0.87099, 0.00000, 1.00000
-2.87963, 0.78273, 3.92241, 4.92852, 2.87619, 0.65037, 4.00000, 433557.00000, 157826.00000, 302290.75000, 11215857910.18750, 105904.94752, 0.91102, -1.48153, 0.40335, 2.07817, 0.25000, 0.75000
-3.75791, 0.00000, 3.18882, 4.92853, 3.14159, 0.86714, 0.00000, 0.00000, 0.00000, 0.00000, 0.00000, 0.00000, 0.90081, 8.64229, -0.00000, -7.64229, 0.00000, 0.00000
-2.87963, -0.78273, 3.92241, 4.92852, -2.87619, 0.65037, 6.00000, 466209.00000, 175977.00000, 286612.83333, 14106549253.47222, 118770.99500, 0.91102, -7.66476, -2.08678, 10.75154, 0.00000, 1.00000
-3.21637, 0.00000, 3.73035, 4.92550, 3.14159, 0.71154, 3.00000, 260633.00000, 246245.00000, 255285.66667, 41322779.55556, 6428.27967, 0.94766, -8.06739, 0.00000, 9.06739, 0.33333, 0.66667
-0.43811, -0.72621, 4.85499, 4.92852, -2.11363, 0.17295, 21.00000, 484532.00000, 54685.00000, 207532.57143, 17069315993.10204, 130649.59240, 0.91102, -0.13162, -0.18312, 1.31474, 0.23810, 0.76190
-1.70460, -1.50894, 4.37124, 4.92852, -2.41700, 0.48015, 9.00000, 355489.00000, 43178.00000, 170396.11111, 10329516748.76543, 101634.23020, 0.91102, -1.43665, -1.19997, 3.63662, 0.22222, 0.77778
-0.43315, -2.05481, 4.45876, 4.92853, -1.77855, 0.44016, 20.00000, 453210.00000, 42446.00000, 184309.45000, 15732564020.34750, 125429.51814, 0.90081, -0.24359, -0.98030, 2.22389, 0.20000, 0.80000
-0.87126, -1.44936, 4.62611, 4.92550, -2.11205, 0.35046, 12.00000, 391163.00000, 41537.00000, 179237.91667, 13124359057.24306, 114561.59504, 0.94766, -0.36416, -0.66465, 2.02881, 0.08333, 0.91667
-2.14766, 0.78579, 4.35121, 4.91558, 2.79084, 0.48390, 4.00000, 430833.00000, 207361.00000, 322926.25000, 11228022489.68750, 105962.36355, 1.08598, -0.71592, 0.25627, 1.45965, 0.50000, 0.50000
-2.14766, -0.78579, 4.35121, 4.91558, -2.79084, 0.48390, 6.00000, 444303.00000, 66693.00000, 197022.33333, 17154648980.88889, 130975.75723, 1.08598, -1.46868, -0.52573, 2.99442, 0.00000, 1.00000
-0.87622, 0.00000, 4.83686, 4.91558, 3.14159, 0.17921, 8.00000, 496435.00000, 38476.00000, 223346.25000, 23775333362.18750, 154192.52045, 1.08598, -0.22879, 0.00000, 1.22879, 0.50000, 0.50000
-1.75244, 0.00000, 4.58794, 4.91123, 3.14159, 0.36486, 8.00000, 432343.00000, 85667.00000, 258489.87500, 15713402946.10938, 125353.11303, 1.14286, -0.61803, 0.00000, 1.61803, 0.25000, 0.75000
-4.45876, -0.43315, 2.05481, 4.92853, -3.04475, 1.14074, 2.00000, 228214.00000, 106897.00000, 167555.50000, 3679453622.25000, 60658.50000, 0.90081, 1.49537, 0.16379, -0.65917, 0.00000, 1.00000
-4.85499, -0.43811, 0.72621, 4.92852, -3.05160, 1.42291, 1.00000, 418589.00000, 418589.00000, 418589.00000, 0.00000, 0.00000, 0.91102, 1.04077, 0.10419, -0.14496, 1.00000, 0.00000
-4.37124, -1.70460, 1.50894, 4.92852, -2.76977, 1.25963, 6.00000, 481390.00000, 102254.00000, 362207.50000, 16334942856.91667, 127808.22687, 0.91102, 0.93889, 0.37091, -0.30980, 0.50000, 0.50000
-4.62611, -0.87126, 1.44936, 4.92550, -2.95544, 1.27212, 2.00000, 278867.00000, 119827.00000, 199347.00000, 6323430400.00000, 79520.00000, 0.94766, 1.17386, 0.21070, -0.38457, 0.00000, 1.00000
-4.85499, -0.43811, -0.72621, 4.92852, -3.05160, 1.71868, 1.00000, 276451.00000, 276451.00000, 276451.00000, 0.00000, 0.00000, 0.91102, 0.80685, 0.08077, 0.11238, 0.00000, 1.00000
-4.45876, -0.43315, -2.05481, 4.92853, -3.04475, 2.00085, 1.00000, 162225.00000, 162225.00000, 162225.00000, 0.00000, 0.00000, 0.90081, 0.64502, 0.07065, 0.28433, 1.00000, 0.00000
-4.37124, -1.70460, -1.50894, 4.92852, -2.76977, 1.88196, 1.00000, 262664.00000, 262664.00000, 262664.00000, 0.00000, 0.00000, 0.91102, 0.57970, 0.22901, 0.19128, 0.00000, 1.00000
-4.62611, -0.87126, -1.44936, 4.92550, -2.95544, 1.86947, 1.00000, 184256.00000, 184256.00000, 184256.00000, 0.00000, 0.00000, 0.94766, 0.66353, 0.11910, 0.21738, 1.00000, 0.00000
-3.92241, -2.87963, 0.78273, 4.92852, -2.50831, 1.41130, 6.00000, 433448.00000, 74124.00000, 225020.83333, 13648108307.80556, 116825.11848, 0.91102, 0.65841, 0.46938, -0.12779, 0.33333, 0.66667
-3.92241, -2.87963, -0.78273, 4.92852, -2.50831, 1.73029, 5.00000, 492761.00000, 134509.00000, 255993.80000, 19953835368.96000, 141258.04532, 0.91102, 0.52439, 0.37383, 0.10178, 0.00000, 1.00000
-3.18882, -3.75791, 0.00000, 4.92853, -2.27446, 1.57080, 8.00000, 302740.00000, 43504.00000, 190940.12500, 5952980224.60938, 77155.55861, 0.90081, 0.46930, 0.53070, 0.00000, 0.00000, 1.00000
-3.73035, -3.21637, 0.00000, 4.92550, -2.43005, 1.57080, 1.00000, 168135.00000, 168135.00000, 168135.00000, 0.00000, 0.00000, 0.94766, 0.52918, 0.47082, -0.00000, 0.00000, 1.00000
-4.83686, -0.87622, 0.00000, 4.91558, -2.96238, 1.57080, 3.00000, 441096.00000, 143773.00000, 269885.00000, 15750454288.66667, 125500.81390, 1.08598, 0.84303, 0.15697, -0.00000, 0.00000, 1.00000
-4.35121, -2.14766, -0.78579, 4.91558, -2.68310, 1.73134, 1.00000, 332302.00000, 332302.00000, 332302.00000, 0.00000, 0.00000, 1.08598, 0.60022, 0.29439, 0.10538, 1.00000, 0.00000
-4.35121, -2.14766, 0.78579, 4.91558, -2.68310, 1.41025, 3.00000, 472683.00000, 185455.00000, 372335.00000, 17493880842.66667, 132264.43529, 1.08598, 0.76051, 0.37301, -0.13352, 0.00000, 1.00000
-4.58794, -1.75244, 0.00000, 4.91123, -2.77673, 1.57080, 0.00000, 0.00000, 0.00000, 0.00000, 0.00000, 0.00000, 1.14286, 0.72361, 0.27639, -0.00000, 0.00000, 0.00000
-3.75791, 0.00000, -3.18882, 4.92853, 3.14159, 2.27446, 0.00000, 0.00000, 0.00000, 0.00000, 0.00000, 0.00000, 0.90081, 0.53070, -0.00000, 0.46930, 0.00000, 0.00000
-2.87963, 0.78273, -3.92241, 4.92852, 2.87619, 2.49122, 1.00000, 217551.00000, 217551.00000, 217551.00000, 0.00000, 0.00000, 0.91102, 0.46938, -0.12779, 0.65841, 1.00000, 0.00000
-2.87963, -0.78273, -3.92241, 4.92852, -2.87619, 2.49122, 2.00000, 273021.00000, 79646.00000, 176333.50000, 9348472656.25000, 96687.50000, 0.91102, 0.37383, 0.10178, 0.52439, 0.50000, 0.50000
-3.21637, 0.00000, -3.73035, 4.92550, 3.14159, 2.43005, 0.00000, 0.00000, 0.00000, 0.00000, 0.00000, 0.00000, 0.94766, 0.47082, 0.00000, 0.52918, 0.00000, 0.00000
-1.70460, 1.50894, -4.37124, 4.92852, 2.41700, 2.66145, 0.00000, 0.00000, 0.00000, 0.00000, 0.00000, 0.00000, 0.91102, 0.37091, -0.30980, 0.93889, 0.00000, 0.00000
-0.43315, 2.05481, -4.45876, 4.92853, 1.77855, 2.70143, 2.00000, 335950.00000, 163542.00000, 249746.00000, 7431129616.00000, 86204.00000, 0.90081, 0.16379, -0.65917, 1.49537, 1.00000, 0.00000
-0.43811, 0.72621, -4.85499, 4.92852, 2.11363, 2.96865, 3.00000, 490413.00000, 110705.00000, 277204.00000, 25120606260.66667, 158494.81462, 0.91102, 0.10419, -0.14496, 1.04077, 0.66667, 0.33333
-0.87126, 1.44936, -4.62611, 4.92550, 2.11205, 2.79113, 1.00000, 284612.00000, 284612.00000, 284612.00000, 0.00000, 0.00000, 0.94766, 0.21070, -0.38457, 1.17386, 1.00000, 0.00000
-1.70460, -1.50894, -4.37124, 4.92852, -2.41700, 2.66145, 5.00000, 363847.00000, 97303.00000, 220055.40000, 11297277244.24000, 106288.65059, 0.91102, 0.22901, 0.19128, 0.57970, 1.00000, 0.00000
-0.43811, -0.72621, -4.85499, 4.92852, -2.11363, 2.96865, 3.00000, 314076.00000, 106481.00000, 199433.33333, 7417849284.22222, 86126.93704, 0.91102, 0.08077, 0.11238, 0.80685, 1.00000, 0.00000
-0.43315, -2.05481, -4.45876, 4.92853, -1.77855, 2.70143, 10.00000, 486050.00000, 102964.00000, 303727.80000, 15873898669.16000, 125991.66111, 0.90081, 0.07065, 0.28433, 0.64502, 0.80000, 0.20000
-0.87126, -1.44936, -4.62611, 4.92550, -2.11205, 2.79113, 1.00000, 314047.00000, 314047.00000, 314047.00000, 0.00000, 0.00000, 0.94766, 0.11910, 0.21738, 0.66353, 1.00000, 0.00000
-2.14766, 0.78579, -4.35121, 4.91558, 2.79084, 2.65769, 0.00000, 0.00000, 0.00000, 0.00000, 0.00000, 0.00000, 1.08598, 0.37301, -0.13352, 0.76051, 0.00000, 0.00000
-0.87622, 0.00000, -4.83686, 4.91558, 3.14159, 2.96238, 6.00000, 461129.00000, 267222.00000, 343629.50000, 5211337643.58333, 72189.59512, 1.08598, 0.15697, 0.00000, 0.84303, 0.66667, 0.33333
-2.14766, -0.78579, -4.35121, 4.91558, -2.79084, 2.65769, 5.00000, 467822.00000, 206343.00000, 303103.80000, 9495533119.76000, 97445.02614, 1.08598, 0.29439, 0.10538, 0.60022, 0.80000, 0.20000
-1.75244, 0.00000, -4.58794, 4.91123, 3.14159, 2.77673, 1.00000, 341274.00000, 341274.00000, 341274.00000, 0.00000, 0.00000, 1.14286, 0.27639, 0.00000, 0.72361, 1.00000, 0.00000
0.70086, 2.75567, -4.02561, 4.92853, 1.32174, 2.52663, 4.00000, 447569.00000, 333013.00000, 372563.50000, 2114531860.25000, 45984.03919, 0.90081, -1.86160, -6.49176, 9.35336, 0.50000, 0.50000
1.49161, 3.48430, -3.15040, 4.92852, 1.16631, 2.26428, 0.00000, 0.00000, 0.00000, 0.00000, 0.00000, 0.00000, 0.91102, 0.81587, 1.82322, -1.63909, 0.00000, 0.00000
1.97536, 2.21782, -3.93313, 4.92852, 0.84316, 2.49482, 2.00000, 204235.00000, 182952.00000, 193593.50000, 113241522.25000, 10641.50000, 0.91102, 5.51065, 6.05607, -10.56672, 1.00000, 0.00000
1.40973, 2.85909, -3.75484, 4.92550, 1.11271, 2.43770, 1.00000, 312536.00000, 312536.00000, 312536.00000, 0.00000, 0.00000, 0.94766, 3.30198, 7.02665, -9.32863, 1.00000, 0.00000
2.21782, 3.93313, -1.97536, 4.92852, 1.05736, 1.98319, 3.00000, 320120.00000, 171869.00000, 238085.66667, 3788159122.88889, 61548.02290, 0.91102, 0.54500, 0.95092, -0.49591, 1.00000, 0.00000
2.75567, 4.02561, -0.70086, 4.92853, 0.97053, 1.71348, 2.00000, 284465.00000, 184528.00000, 234496.50000, 2496850992.25000, 49968.50000, 0.90081, 0.46424, 0.66888, -0.13313, 0.50000, 0.50000
3.48430, 3.15040, -1.49161, 4.92852, 0.73511, 1.87827, 8.00000, 499877.00000, 108426.00000, 303718.37500, 16915069821.98438, 130057.94794, 0.91102, 0.68893, 0.61936, -0.30829, 0.87500, 0.12500
2.85909, 3.75484, -1.40973, 4.92550, 0.92001, 1.86107, 3.00000, 362160.00000, 63592.00000, 260861.00000, 19462262220.66667, 139507.21207, 0.94766, 0.53830, 0.71466, -0.25296, 1.00000, 0.00000
3.15040, 1.49161, -3.48430, 4.92852, 0.44220, 2.35600, 8.00000, 415079.00000, 70069.00000, 166986.62500, 14693244750.73438, 121215.69515, 0.91102, 2.59457, 1.29147, -2.88604, 0.62500, 0.37500
3.93313, 1.97536, -2.21782, 4.92852, 0.46544, 2.03756, 10.00000, 434685.00000, 98959.00000, 259252.50000, 17382035312.85000, 131840.94703, 0.91102, 1.05443, 0.54989, -0.60432, 0.90000, 0.10000
4.02561, 0.70086, -2.75567, 4.92853, 0.17237, 2.16413, 17.00000, 428483.00000, 63745.00000, 178662.29412, 9082990065.26644, 95304.72216, 0.90081, 1.98030, 0.39414, -1.37444, 0.76471, 0.23529
3.75484, 1.40973, -2.85909, 4.92550, 0.35916, 2.19010, 6.00000, 281460.00000, 79561.00000, 156386.50000, 4404687742.91667, 66367.82159, 0.94766, 1.66465, 0.58922, -1.25387, 1.00000, 0.00000
2.20355, 3.47499, -2.68919, 4.91558, 1.00567, 2.14966, 2.00000, 361867.00000, 179035.00000, 270451.00000, 8356885056.00000, 91416.00000, 1.08598, 0.74373, 1.15838, -0.90211, 1.00000, 0.00000
3.47499, 2.68919, -2.20355, 4.91558, 0.65860, 2.03563, 4.00000, 454095.00000, 233197.00000, 389533.25000, 8294689549.18750, 91075.18624, 1.08598, 0.87972, 0.68510, -0.56481, 0.75000, 0.25000
2.68919, 2.20355, -3.47499, 4.91558, 0.68646, 2.35595, 3.00000, 336981.00000, 76530.00000, 192278.00000, 11724983246.00000, 108281.96178, 1.08598, 1.85065, 1.52573, -2.37638, 0.66667, 0.33333
2.83550, 2.83550, -2.83550, 4.91123, 0.78540, 2.18628, 4.00000, 460137.00000, 105527.00000, 317749.00000, 20383141462.00000, 142769.53969, 1.14286, 1.00000, 1.00000, -1.00000, 1.00000, 0.00000
2.75567, -4.02561, 0.70086, 4.92853, -0.97053, 1.42811, 227.00000, 464944.00000, 5173.00000, 67574.32159, 6003212617.30187, 77480.40150, 0.90081, -6.49176, 9.35336, -1.86160, 0.59471, 0.40529
3.48430, -3.15040, 1.49161, 4.92852, -0.73511, 1.26333, 230.00000, 486563.00000, 8289.00000, 82240.16087, 8172453875.55238, 90401.62540, 0.91102, 1.82322, -1.63909, 0.81587, 0.46522, 0.53478
2.21782, -3.93313, 1.97536, 4.92852, -1.05736, 1.15840, 314.00000, 459463.00000, 5006.00000, 66105.84395, 6556115591.09985, 80969.84371, 0.91102, 6.05607, -10.56672, 5.51065, 0.25478, 0.74522
2.85909, -3.75484, 1.40973, 4.92550, -0.92001, 1.28053, 246.00000, 499009.00000, 5296.00000, 69615.31301, 7720878886.72723, 87868.53183, 0.94766, 7.02665, -9.32863, 3.30198, 0.38618, 0.61382
3.93313, -1.97536, 2.21782, 4.92852, -0.46544, 1.10403, 133.00000, 486027.00000, 7629.00000, 100068.66165, 9018106624.55470, 94963.71215, 0.91102, 0.95092, -0.49591, 0.54500, 0.45865, 0.54135
4.02561, -0.70086, 2.75567, 4.92853, -0.17237, 0.97747, 55.00000, 456183.00000, 14785.00000, 153022.03636, 11488869056.36232, 107186.14209, 0.90081, 0.66888, -0.13313, 0.46424, 0.41818, 0.58182
3.15040, -1.49161, 3.48430, 4.92852, -0.44220, 0.78559, 78.00000, 473094.00000, 10874.00000, 127211.21795, 15061253043.01661, 122724.29687, 0.91102, 0.61936, -0.30829, 0.68893, 0.33333, 0.66667
3.75484, -1.40973, 2.85909, 4.92550, -0.35916, 0.95149, 75.00000, 462122.00000, 11175.00000, 133062.09333, 16185827482.19129, 127223.53352, 0.94766, 0.71466, -0.25296, 0.53830, 0.44000, 0.56000
1.49161, -3.48430, 3.15040, 4.92852, -1.16631, 0.87732, 201.00000, 453386.00000, 5607.00000, 89078.07960, 9131913097.37675, 95561.04383, 0.91102, 1.29147, -2.88604, 2.59457, 0.16915, 0.83085
1.97536, -2.21782, 3.93313, 4.92852, -0.84316, 0.64677, 75.00000, 464714.00000, 13873.00000, 116377.58667, 10135734620.69582, 100676.38562, 0.91102, 0.54989, -0.60432, 1.05443, 0.20000, 0.80000
0.70086, -2.75567, 4.02561, 4.92853, -1.32174, 0.61496, 66.00000, 476736.00000, 12041.00000, 98253.57576, 8246248878.66850, 90808.85903, 0.90081, 0.39414, -1.37444, 1.98030, 0.15152, 0.84848
1.40973, -2.85909, 3.75484, 4.92550, -1.11271, 0.70390, 93.00000, 448864.00000, 17857.00000, 103444.54839, 10440970092.41970, 102181.06523, 0.94766, 0.58922, -1.25387, 1.66465, 0.16129, 0.83871
3.47499, -2.68919, 2.20355, 4.91558, -0.65860, 1.10596, 146.00000, 496437.00000, 9344.00000, 83267.16438, 7758542785.90448, 88082.59071, 1.08598, 1.15838, -0.90211, 0.74373, 0.32877, 0.67123
2.68919, -2.20355, 3.47499, 4.91558, -0.68646, 0.78564, 98.00000, 487010.00000, 11874.00000, 123940.96939, 14678769799.19294, 121155.97302, 1.08598, 0.68510, -0.56481, 0.87972, 0.26531, 0.73469
2.20355, -3.47499, 2.68919, 4.91558, -1.00567, 0.99193, 174.00000, 478038.00000, 5533.00000, 70657.16667, 8024819755.66763, 89581.35830, 1.08598, 1.52573, -2.37638, 1.85065, 0.17241, 0.82759
2.83550, -2.83550, 2.83550, 4.91123, -0.78540, 0.95532, 158.00000, 470334.00000, 9842.00000, 96382.52532, 9683486884.19873, 98404.70966, 1.14286, 1.00000, -1.00000, 1.00000, 0.25316, 0.74684
2.05481, -4.45876, 0.43315, 4.92853, -1.13896, 1.48280, 203.00000, 483882.00000, 8001.00000, 79860.69458, 8203703541.48307, 90574.29846, 0.90081, -0.98030, 2.22389, -0.24359, 0.50246, 0.49754
1.50894, -4.37124, 1.70460, 4.92852, -1.23841, 1.21764, 258.00000, 495079.00000, 6305.00000, 78593.01550, 9504072615.03077, 97488.83328, 0.91102, -1.19997, 3.63662, -1.43665, 0.23643, 0.76357
0.72621, -4.85499, 0.43811, 4.92852, -1.42232, 1.48179, 151.00000, 468849.00000, 8088.00000, 107567.78808, 11052652140.53787, 105131.59440, 0.91102, -0.18312, 1.31474, -0.13162, 0.36424, 0.63576
1.44936, -4.62611, 0.87126, 4.92550, -1.26718, 1.39297, 164.00000, 465636.00000, 9526.00000, 87864.23171, 9133432997.97070, 95568.99601, 0.94766, -0.66465, 2.02881, -0.36416, 0.28659, 0.71341
0.78273, -3.92241, 2.87963, 4.92852, -1.37383, 0.94680, 141.00000, 486060.00000, 6729.00000, 91225.80142, 9991788613.62014, 99958.93464, 0.91102, -2.08678, 10.75154, -7.66476, 0.19149, 0.80851
0.00000, -3.18882, 3.75791, 4.92853, -1.57080, 0.70366, 70.00000, 480365.00000, 17903.00000, 121302.54286, 10088877666.47674, 100443.40529, 0.90081, 0.00000, -7.64229, 8.64229, 0.15714, 0.84286
-0.78273, -3.92241, 2.87963, 4.92852, -1.76776, 0.94680, 66.00000, 469514.00000, 15336.00000, 136835.60606, 10350635360.45087, 101738.07233, 0.91102, 0.40335, 2.07817, -1.48153, 0.18182, 0.81818
0.00000, -3.73035, 3.21637, 4.92550, -1.57080, 0.85925, 86.00000, 435424.00000, 11306.00000, 107081.17442, 8633747837.30679, 92917.96294, 0.94766, -0.00000, 9.06739, -8.06739, 0.12791, 0.87209
-0.72621, -4.85499, 0.43811, 4.92852, -1.71928, 1.48179, 58.00000, 467090.00000, 13301.00000, 148764.53448, 13122384046.14536, 114552.97485, 0.91102, 0.13403, 0.96230, -0.09634, 0.29310, 0.70690
-1.50894, -4.37124, 1.70460, 4.92852, -1.90319, 1.21764, 40.00000, 477030.00000, 16242.00000, 175021.37500, 14826809522.13437, 121765.38721, 0.91102, 0.35294, 1.06961, -0.42255, 0.10000, 0.90000
-2.05481, -4.45876, 0.43315, 4.92853, -2.00263, 1.48280, 27.00000, 440302.00000, 35190.00000, 155218.37037, 14855276008.23320, 121882.22187, 0.90081, 0.33112, 0.75116, -0.08228, 0.25926, 0.74074
-1.44936, -4.62611, 0.87126, 4.92550, -1.87441, 1.39297, 30.00000, 489825.00000, 30279.00000, 149001.93333, 13279437760.19556, 115236.44285, 0.94766, 0.28534, 0.87099, -0.15634, 0.13333, 0.86667
0.78579, -4.35121, 2.14766, 4.91558, -1.39213, 1.11864, 103.00000, 447174.00000, 7094.00000, 82107.06796, 8352956826.25752, 91394.51201, 1.08598, -0.52573, 2.99442, -1.46868, 0.18447, 0.81553
-0.78579, -4.35121, 2.14766, 4.91558, -1.74946, 1.11864, 56.00000, 319538.00000, 14411.00000, 110776.78571, 7059563704.02551, 84021.20985, 1.08598, 0.25627, 1.45965, -0.71592, 0.19643, 0.80357
0.00000, -4.83686, 0.87622, 4.91558, -1.57080, 1.39159, 83.00000, 474818.00000, 13995.00000, 110926.31325, 11920046972.19103, 109178.96763, 1.08598, -0.00000, 1.22879, -0.22879, 0.30120, 0.69880
0.00000, -4.58794, 1.75244, 4.91123, -1.57080, 1.20593, 98.00000, 459805.00000, 10581.00000, 103140.85714, 10821126373.85714, 104024.64311, 1.14286, -0.00000, 1.61803, -0.61803, 0.16327, 0.83673
2.05481, -4.45876, -0.43315, 4.92853, -1.13896, 1.65880, 127.00000, 483648.00000, 10116.00000, 108578.97638, 11970552983.67661, 109410.02232, 0.90081, -0.65917, 1.49537, 0.16379, 0.57480, 0.42520
0.72621, -4.85499, -0.43811, 4.92852, -1.42232, 1.65981, 98.00000, 485008.00000, 11206.00000, 122572.66327, 11072469577.93763, 105225.80281, 0.91102, -0.14496, 1.04077, 0.10419, 0.44898, 0.55102
1.50894, -4.37124, -1.70460, 4.92852, -1.23841, 1.92396, 93.00000, 486434.00000, 15799.00000, 122807.59140, 11845251956.97283, 108835.89462, 0.91102, -0.30980, 0.93889, 0.37091, 0.66667, 0.33333
1.44936, -4.62611, -0.87126, 4.92550, -1.26718, 1.74862, 91.00000, 463011.00000, 19645.00000, 128149.32967, 13022766972.99022, 114117.33862, 0.94766, -0.38457, 1.17386, 0.21070, 0.50549, 0.49451
-0.72621, -4.85499, -0.43811, 4.92852, -1.71928, 1.65981, 38.00000, 498517.00000, 25068.00000, 207285.76316, 18162110477.97022, 134766.87456, 0.91102, 0.11238, 0.80685, 0.08077, 0.42105, 0.57895
-2.05481, -4.45876, -0.43315, 4.92853, -2.00263, 1.65880, 17.00000, 452491.00000, 16150.00000, 203706.58824, 14854641153.41868, 121879.61747, 0.90081, 0.28433, 0.64502, 0.07065, 0.05882, 0.94118
-1.50894, -4.37124, -1.70460, 4.92852, -1.90319, 1.92396, 31.00000, 466829.00000, 56817.00000, 233743.87097, 16703666623.40271, 129242.66565, 0.91102, 0.19128, 0.57970, 0.22901, 0.51613, 0.48387
-1.44936, -4.62611, -0.87126, 4.92550, -1.87441, 1.74862, 20.00000, 375011.00000, 23892.00000, 197804.50000, 9026953136.35000, 95010.27911, 0.94766, 0.21738, 0.66353, 0.11910, 0.50000, 0.50000
0.78273, -3.92241, -2.87963, 4.92852, -1.37383, 2.19479, 38.00000, 470023.00000, 43817.00000, 149751.21053, 11016708551.00831, 104960.50948, 0.91102, -0.12779, 0.65841, 0.46938, 0.68421, 0.31579
-0.78273, -3.92241, -2.87963, 4.92852, -1.76776, 2.19479, 13.00000, 496424.00000, 37066.00000, 230007.46154, 21123353523.94083, 145338.75438, 0.91102, 0.10178, 0.52439, 0.37383, 0.46154, 0.53846
0.00000, -3.18882, -3.75791, 4.92853, -1.57080, 2.43793, 13.00000, 476208.00000, 55906.00000, 206568.84615, 10879512605.66864, 104304.90212, 0.90081, 0.00000, 0.46930, 0.53070, 0.69231, 0.30769
0.00000, -3.73035, -3.21637, 4.92550, -1.57080, 2.28234, 20.00000, 470665.00000, 47385.00000, 175867.05000, 13846311358.54750, 117670.35038, 0.94766, -0.00000, 0.52918, 0.47082, 0.75000, 0.25000
0.00000, -4.83686, -0.87622, 4.91558, -1.57080, 1.75001, 42.00000, 481805.00000, 14367.00000, 136542.95238, 12799596295.47392, 113135.30084, 1.08598, -0.00000, 0.84303, 0.15697, 0.42857, 0.57143
-0.78579, -4.35121, -2.14766, 4.91558, -1.74946, 2.02296, 18.00000, 324658.00000, 44350.00000, 169251.00000, 7522622742.77778, 86733.05450, 1.08598, 0.10538, 0.60022, 0.29439, 0.61111, 0.38889
0.78579, -4.35121, -2.14766, 4.91558, -1.39213, 2.02296, 32.00000, 407681.00000, 16707.00000, 165140.21875, 10701995061.79590, 103450.44737, 1.08598, -0.13352, 0.76051, 0.37301, 0.78125, 0.21875
0.00000, -4.58794, -1.75244, 4.91123, -1.57080, 1.93566, 35.00000, 406157.00000, 20029.00000, 176341.40000, 8475862828.69714, 92064.44932, 1.14286, -0.00000, 0.72361, 0.27639, 0.57143, 0.42857
2.75567, -4.02561, -0.70086, 4.92853, -0.97053, 1.71348, 158.00000, 482115.00000, 5213.00000, 86796.94937, 7705649082.51642, 87781.82661, 0.90081, -1.37444, 1.98030, 0.39414, 0.63924, 0.36076
2.21782, -3.93313, -1.97536, 4.92852, -1.05736, 1.98319, 93.00000, 457087.00000, 7902.00000, 101304.90323, 8387371088.71107, 91582.59162, 0.91102, -0.60432, 1.05443, 0.54989, 0.75269, 0.24731
3.48430, -3.15040, -1.49161, 4.92852, -0.73511, 1.87827, 144.00000, 438308.00000, 8936.00000, 88197.18056, 7240842798.73129, 85093.14190, 0.91102, -2.88604, 2.59457, 1.29147, 0.81944, 0.18056
2.85909, -3.75484, -1.40973, 4.92550, -0.92001, 1.86107, 106.00000, 401043.00000, 8796.00000, 79923.20755, 5645348890.86258, 75135.53680, 0.94766, -1.25387, 1.66465, 0.58922, 0.79245, 0.20755
1.49161, -3.48430, -3.15040, 4.92852, -1.16631, 2.26428, 36.00000, 443545.00000, 27212.00000, 166081.50000, 15187579302.91667, 123237.89719, 0.91102, -0.30829, 0.68893, 0.61936, 0.69444, 0.30556
0.70086, -2.75567, -4.02561, 4.92853, -1.32174, 2.52663, 13.00000, 476781.00000, 105705.00000, 268834.23077, 10538249308.33136, 102655.97551, 0.90081, -0.13313, 0.46424, 0.66888, 0.69231, 0.30769
1.97536, -2.21782, -3.93313, 4.92852, -0.84316, 2.49482, 18.00000, 467141.00000, 56764.00000, 197391.16667, 15316218313.80556, 123758.71005, 0.91102, -0.49591, 0.54500, 0.95092, 0.83333, 0.16667
1.40973, -2.85909, -3.75484, 4.92550, -1.11271, 2.43770, 22.00000, 477968.00000, 37529.00000, 173835.54545, 14811846861.70249, 121703.93117, 0.94766, -0.25296, 0.53830, 0.71466, 0.77273, 0.22727
3.93313, -1.97536, -2.21782, 4.92852, -0.46544, 2.03756, 55.00000, 434610.00000, 12760.00000, 116661.61818, 13977579933.79967, 118226.81563, 0.91102, -10.56672, 5.51065, 6.05607, 0.90909, 0.09091
3.15040, -1.49161, -3.48430, 4.92852, -0.44220, 2.35600, 31.00000, 311936.00000, 39635.00000, 137051.09677, 7032110293.82934, 83857.67880, 0.91102, -1.63909, 0.81587, 1.82322, 0.74194, 0.25806
4.02561, -0.70086, -2.75567, 4.92853, -0.17237, 2.16413, 27.00000, 492444.00000, 34580.00000, 152188.29630, 12413964957.98628, 111417.97412, 0.90081, 9.35336, -1.86160, -6.49176, 0.81481, 0.18519
3.75484, -1.40973, -2.85909, 4.92550, -0.35916, 2.19010, 31.00000, 464649.00000, 20192.00000, 172236.51613, 16556635905.28200, 128672.59190, 0.94766, -9.32863, 3.30198, 7.02665, 0.70968, 0.29032
2.20355, -3.47499, -2.68919, 4.91558, -1.00567, 2.14966, 50.00000, 397815.00000, 16888.00000, 123506.64000, 11035232124.71040, 105048.71310, 1.08598, -0.56481, 0.87972, 0.68510, 0.84000, 0.16000
2.68919, -2.20355, -3.47499, 4.91558, -0.68646, 2.35595, 27.00000, 340325.00000, 13647.00000, 161982.18519, 7994262907.92867, 89410.64203, 1.08598, -0.90211, 0.74373, 1.15838, 0.81481, 0.18519
3.47499, -2.68919, -2.20355, 4.91558, -0.65860, 2.03563, 69.00000, 486308.00000, 11334.00000, 140698.47826, 13823231294.19156, 117572.23862, 1.08598, -2.37638, 1.85065, 1.52573, 0.79710, 0.20290
2.83550, -2.83550, -2.83550, 4.91123, -0.78540, 2.18628, 64.00000, 452494.00000, 18116.00000, 111237.07812, 8980777220.50952, 94766.96271, 1.14286, -1.00000, 1.00000, 1.00000, 0.84375, 0.15625
3.18882, -3.75791, 0.00000, 4.92853, -0.86714, 1.57080, 221.00000, 490350.00000, 4922.00000, 76463.16742, 7547877088.01269, 86878.51914, 0.90081, -7.64229, 8.64229, -0.00000, 0.63801, 0.36199
3.92241, -2.87963, -0.78273, 4.92852, -0.63328, 1.73029, 186.00000, 461081.00000, 7951.00000, 81546.63978, 7628819342.48853, 87343.11274, 0.91102, 10.75154, -7.66476, -2.08678, 0.83333, 0.16667
3.92241, -2.87963, 0.78273, 4.92852, -0.63328, 1.41130, 244.00000, 499803.00000, 8977.00000, 87905.01230, 7928709139.01214, 89043.29924, 0.91102, 2.07817, -1.48153, 0.40335, 0.73770, 0.26230
3.73035, -3.21637, 0.00000, 4.92550, -0.71154, 1.57080, 174.00000, 434247.00000, 6485.00000, 77713.39080, 7798656396.04267, 88310.00168, 0.94766, 9.06739, -8.06739, 0.00000, 0.75862, 0.24138
4.37124, -1.70460, -1.50894, 4.92852, -0.37182, 1.88196, 81.00000, 432706.00000, 7995.00000, 103056.53086, 7276706135.58238, 85303.61150, 0.91102, 3.63662, -1.43665, -1.19997, 0.77778, 0.22222
4.45876, -0.43315, -2.05481, 4.92853, -0.09684, 2.00085, 28.00000, 457712.00000, 23875.00000, 161222.82143, 13378561348.07525, 115665.73109, 0.90081, 2.22389, -0.24359, -0.98030, 0.85714, 0.14286
4.85499, -0.43811, -0.72621, 4.92852, -0.09000, 1.71868, 46.00000, 450610.00000, 15729.00000, 135291.39130, 12767937390.10775, 112995.29809, 0.91102, 1.31474, -0.13162, -0.18312, 0.78261, 0.21739
4.62611, -0.87126, -1.44936, 4.92550, -0.18616, 1.86947, 34.00000, 350571.00000, 31635.00000, 113944.17647, 5328084824.73356, 72993.73141, 0.94766, 2.02881, -0.36416, -0.66465, 0.76471, 0.23529
4.37124, -1.70460, 1.50894, 4.92852, -0.37182, 1.25963, 116.00000, 495289.00000, 12637.00000, 123138.00862, 14842623026.30165, 121830.30422, 0.91102, 1.06961, -0.42255, 0.35294, 0.56897, 0.43103
4.85499, -0.43811, 0.72621, 4.92852, -0.09000, 1.42291, 58.00000, 416575.00000, 21958.00000, 151413.75862, 14145310522.70036, 118934.05956, 0.91102, 0.96230, -0.09634, 0.13403, 0.63793, 0.36207
4.45876, -0.43315, 2.05481, 4.92853, -0.09684, 1.14074, 50.00000, 457385.00000, 16755.00000, 144526.14000, 12498846597.84040, 111798.24058, 0.90081, 0.75116, -0.08228, 0.33112, 0.66000, 0.34000
4.62611, -0.87126, 1.44936, 4.92550, -0.18616, 1.27212, 56.00000, 476877.00000, 25221.00000, 126667.00000, 10536297359.92857, 102646.46784, 0.94766, 0.87099, -0.15634, 0.28534, 0.73214, 0.26786
4.35121, -2.14766, -0.78579, 4.91558, -0.45850, 1.73134, 90.00000, 493933.00000, 10133.00000, 113943.00000, 10873098519.95555, 104274.15078, 1.08598, 2.99442, -1.46868, -0.52573, 0.83333, 0.16667
4.83686, -0.87622, 0.00000, 4.91558, -0.17921, 1.57080, 58.00000, 476397.00000, 14545.00000, 144274.65517, 10651876575.22592, 103207.92884, 1.08598, 1.22879, -0.22879, 0.00000, 0.74138, 0.25862
4.35121, -2.14766, 0.78579, 4.91558, -0.45850, 1.41025, 120.00000, 494926.00000, 5542.00000, 103285.43333, 9405999537.61222, 96984.53247, 1.08598, 1.45965, -0.71592, 0.25627, 0.77500, 0.22500
4.58794, -1.75244, 0.00000, 4.91123, -0.36486, 1.57080, 87.00000, 498798.00000, 9011.00000, 88925.78161, 9073387910.67644, 95254.33277, 1.14286, 1.61803, -0.61803, 0.00000, 0.74713, 0.25287
0.43315, -2.05481, 4.45876, 4.92853, -1.36304, 0.44016, 39.00000, 485017.00000, 24519.00000, 158616.12821, 13743878580.77844, 117234.28927, 0.90081, 0.16379, -0.65917, 1.49537, 0.10256, 0.89744
1.70460, -1.50894, 4.37124, 4.92852, -0.72459, 0.48015, 49.00000, 416170.00000, 17877.00000, 135516.34694, 9332565107.81841, 96605.20228, 0.91102, 0.37091, -0.30980, 0.93889, 0.18367, 0.81633
0.43811, -0.72621, 4.85499, 4.92852, -1.02797, 0.17295, 17.00000, 491452.00000, 42108.00000, 210641.70588, 20547897804.08997, 143345.37943, 0.91102, 0.10419, -0.14496, 1.04077, 0.47059, 0.52941
0.87126, -1.44936, 4.62611, 4.92550, -1.02954, 0.35046, 24.00000, 449986.00000, 45107.00000, 164310.41667, 11437554946.15972, 106946.50507, 0.94766, 0.21070, -0.38457, 1.17386, 0.20833, 0.79167
2.87963, -0.78273, 3.92241, 4.92852, -0.26540, 0.65037, 33.00000, 430516.00000, 33007.00000, 157830.84848, 13060055879.64371, 114280.60150, 0.91102, 0.46938, -0.12779, 0.65841, 0.27273, 0.72727
3.75791, 0.00000, 3.18882, 4.92853, 0.00000, 0.86714, 17.00000, 448405.00000, 39889.00000, 198305.29412, 15136592723.50173, 123030.86086, 0.90081, 0.53070, -0.00000, 0.46930, 0.41176, 0.58824
2.87963, 0.78273, 3.92241, 4.92852, 0.26540, 0.65037, 15.00000, 381301.00000, 45968.00000, 225476.80000, 9713408531.49333, 98556.62602, 0.91102, 0.37383, 0.10178, 0.52439, 0.33333, 0.66667
3.21637, 0.00000, 3.73035, 4.92550, 0.00000, 0.71154, 20.00000, 409663.00000, 33047.00000, 175470.25000, 11616205075.98750, 107778.50006, 0.94766, 0.47082, -0.00000, 0.52918, 0.30000, 0.70000
0.43811, 0.72621, 4.85499, 4.92852, 1.02797, 0.17295, 7.00000, 480938.00000, 79412.00000, 224812.00000, 16256269713.42857, 127500.07731, 0.91102, 0.08077, 0.11238, 0.80685, 0.28571, 0.71429
1.70460, 1.50894, 4.37124, 4.92852, 0.72459, 0.48015, 13.00000, 453578.00000, 125973.00000, 248117.38462, 10861385709.15976, 104217.97210, 0.91102, 0.22901, 0.19128, 0.57970, 0.30769, 0.69231
0.43315, 2.05481, 4.45876, 4.92853, 1.36304, 0.44016, 4.00000, 488458.00000, 258919.00000, 416053.50000, 8390903568.25000, 91601.87535, 0.90081, 0.07065, 0.28433, 0.64502, 0.25000, 0.75000
0.87126, 1.44936, 4.62611, 4.92550, 1.02954, 0.35046, 8.00000, 418414.00000, 32943.00000, 215087.37500, 17640963608.98438, 132819.28930, 0.94766, 0.11910, 0.21738, 0.66353, 0.37500, 0.62500
2.14766, -0.78579, 4.35121, 4.91558, -0.35075, 0.48390, 19.00000, 404957.00000, 32081.00000, 149749.47368, 9613864870.24931, 98050.31805, 1.08598, 0.37301, -0.13352, 0.76051, 0.21053, 0.78947
2.14766, 0.78579, 4.35121, 4.91558, 0.35075, 0.48390, 16.00000, 400528.00000, 64590.00000, 238113.81250, 10784889346.02734, 103850.32184, 1.08598, 0.29439, 0.10538, 0.60022, 0.50000, 0.50000
0.87622, 0.00000, 4.83686, 4.91558, 0.00000, 0.17921, 18.00000, 450379.00000, 65971.00000, 217502.88889, 14420119828.32099, 120083.80336, 1.08598, 0.15697, -0.00000, 0.84303, 0.16667, 0.83333
1.75244, 0.00000, 4.58794, 4.91123, 0.00000, 0.36486, 18.00000, 495877.00000, 71840.00000, 252750.55556, 17751759887.02469, 133235.73052, 1.14286, 0.27639, 0.00000, 0.72361, 0.50000, 0.50000
-2.75567, -4.02561, 0.70086, 4.92853, -2.17107, 1.42811, 17.00000, 446546.00000, 52426.00000, 228826.41176, 20017173433.65398, 141482.06047, 0.90081, 0.46424, 0.66888, -0.13313, 0.23529, 0.76471
-2.21782, -3.93313, 1.97536, 4.92852, -2.08423, 1.15840, 28.00000, 493034.00000, 24825.00000, 156918.07143, 18205217760.42347, 134926.71255, 0.91102, 0.54500, 0.95092, -0.49591, 0.10714, 0.89286
-3.48430, -3.15040, 1.49161, 4.92852, -2.40648, 1.26333, 6.00000, 396906.00000, 66374.00000, 240229.33333, 12387291549.88889, 111298.21000, 0.91102, 0.68893, 0.61936, -0.30829, 0.00000, 1.00000
-2.85909, -3.75484, 1.40973, 4.92550, -2.22158, 1.28053, 11.00000, 475740.00000, 100525.00000, 257384.09091, 20901187147.35537, 144572.42872, 0.94766, 0.53830, 0.71466, -0.25296, 0.36364, 0.63636
-1.49161, -3.48430, 3.15040, 4.92852, -1.97528, 0.87732, 30.00000, 442744.00000, 24325.00000, 124073.43333, 6579867711.71222, 81116.38374, 0.91102, 0.81587, 1.82322, -1.63909, 0.13333, 0.86667
-0.70086, -2.75567, 4.02561, 4.92853, -1.81985, 0.61496, 27.00000, 424933.00000, 33193.00000, 111343.55556, 9608684785.35802, 98023.89905, 0.90081, -1.86160, -6.49176, 9.35336, 0.07407, 0.92593
-1.97536, -2.21782, 3.93313, 4.92852, -2.29844, 0.64677, 14.00000, 488839.00000, 49521.00000, 193783.14286, 17281888812.26531, 131460.59795, 0.91102, 5.51065, 6.05607, -10.56672, 0.07143, 0.92857
-1.40973, -2.85909, 3.75484, 4.92550, -2.02888, 0.70390, 20.00000, 497316.00000, 42581.00000, 175389.85000, 13549359937.72750, 116401.71793, 0.94766, 3.30198, 7.02665, -9.32863, 0.25000, 0.75000
-3.93313, -1.97536, 2.21782, 4.92852, -2.67616, 1.10403, 6.00000, 494567.00000, 271477.00000, 376188.66667, 6494793743.55555, 80590.28318, 0.91102, 1.05443, 0.54989, -0.60432, 0.33333, 0.66667
-3.15040, -1.49161, 3.48430, 4.92852, -2.69940, 0.78559, 11.00000, 434460.00000, 80870.00000, 231985.90909, 10129854772.80992, 100647.17966, 0.91102, 2.59457, 1.29147, -2.88604, 0.18182, 0.81818
-4.02561, -0.70086, 2.75567, 4.92853, -2.96922, 0.97747, 2.00000, 350052.00000, 99578.00000, 224815.00000, 15684306169.00000, 125237.00000, 0.90081, 1.98030, 0.39414, -1.37444, 0.00000, 1.00000
-3.75484, -1.40973, 2.85909, 4.92550, -2.78243, 0.95149, 7.00000, 497319.00000, 180536.00000, 329899.71429, 18071795801.63265, 134431.37953, 0.94766, 1.66465, 0.58922, -1.25387, 0.28571, 0.71429
-2.20355, -3.47499, 2.68919, 4.91558, -2.13592, 0.99193, 15.00000, 379219.00000, 33050.00000, 132267.53333, 7876963289.58222, 88752.25794, 1.08598, 0.74373, 1.15838, -0.90211, 0.26667, 0.73333
-2.68919, -2.20355, 3.47499, 4.91558, -2.45513, 0.78564, 6.00000, 465853.00000, 31688.00000, 247151.83333, 16845391332.80556, 129789.79672, 1.08598, 1.85065, 1.52573, -2.37638, 0.33333, 0.66667
-3.47499, -2.68919, 2.20355, 4.91558, -2.48299, 1.10596, 4.00000, 492654.00000, 128930.00000, 324703.25000, 24415750629.68750, 156255.40192, 1.08598, 0.87972, 0.68510, -0.56481, 0.25000, 0.75000
-2.83550, -2.83550, 2.83550, 4.91123, -2.35619, 0.95532, 13.00000, 387689.00000, 24761.00000, 193090.00000, 15643634759.07692, 125074.51683, 1.14286, 1.00000, 1.00000, -1.00000, 0.07692, 0.92308
-0.70086, -2.75567, -4.02561, 4.92853, -1.81985, 2.52663, 5.00000, 450001.00000, 213471.00000, 300849.40000, 6781250974.64000, 82348.35138, 0.90081, 0.10514, 0.36663, 0.52824, 0.80000, 0.20000
-1.49161, -3.48430, -3.15040, 4.92852, -1.97528, 2.26428, 10.00000, 426476.00000, 79342.00000, 225692.50000, 12547115371.65000, 112013.90705, 0.91102, 0.19070, 0.42617, 0.38313, 0.70000, 0.30000
-1.97536, -2.21782, -3.93313, 4.92852, -2.29844, 2.49482, 5.00000, 407365.00000, 133666.00000, 260452.60000, 10048150363.44000, 100240.46271, 0.91102, 0.24897, 0.27362, 0.47741, 0.40000, 0.60000
-1.40973, -2.85909, -3.75484, 4.92550, -2.02888, 2.43770, 7.00000, 458341.00000, 294950.00000, 361724.85714, 2621937803.26531, 51204.86113, 0.94766, 0.16798, 0.35746, 0.47456, 0.57143, 0.42857
-2.21782, -3.93313, -1.97536, 4.92852, -2.08423, 1.98319, 13.00000, 363775.00000, 68603.00000, 212449.69231, 10195040441.90532, 100970.49293, 0.91102, 0.27362, 0.47741, 0.24897, 0.30769, 0.69231
-2.75567, -4.02561, -0.70086, 4.92853, -2.17107, 1.71348, 13.00000, 464279.00000, 81121.00000, 225241.30769, 12879079113.28994, 113486.03048, 0.90081, 0.36663, 0.52824, 0.10514, 0.38462, 0.61538
-3.48430, -3.15040, -1.49161, 4.92852, -2.40648, 1.87827, 9.00000, 460803.00000, 102296.00000, 258923.22222, 18195443372.61728, 134890.48659, 0.91102, 0.42617, 0.38313, 0.19070, 0.33333, 0.66667
-2.85909, -3.75484, -1.40973, 4.92550, -2.22158, 1.86107, 12.00000, 438823.00000, 60498.00000, 214026.58333, 10261570483.57639, 101299.41009, 0.94766, 0.35746, 0.47456, 0.16798, 0.41667, 0.58333
-3.15040, -1.49161, -3.48430, 4.92852, -2.69940, 2.35600, 3.00000, 289746.00000, 151220.00000, 221465.00000, 3200170760.66667, 56570.05180, 0.91102, 0.38313, 0.19070, 0.42617, 0.33333, 0.66667
-3.93313, -1.97536, -2.21782, 4.92852, -2.67616, 2.03756, 2.00000, 321044.00000, 154796.00000, 237920.00000, 6909599376.00000, 83124.00000, 0.91102, 0.47741, 0.24897, 0.27362, 1.00000, 0.00000
-4.02561, -0.70086, -2.75567, 4.92853, -2.96922, 2.16413, 1.00000, 302118.00000, 302118.00000, 302118.00000, 0.00000, 0.00000, 0.90081, 0.52824, 0.10514, 0.36663, 0.00000, 1.00000
-3.75484, -1.40973, -2.85909, 4.92550, -2.78243, 2.19010, 2.00000, 271569.00000, 160028.00000, 215798.50000, 3110348670.25000, 55770.50000, 0.94766, 0.47456, 0.16798, 0.35746, 1.00000, 0.00000
-2.20355, -3.47499, -2.68919, 4.91558, -2.13592, 2.14966, 6.00000, 314623.00000, 44634.00000, 212423.33333, 9651930359.22222, 98244.23830, 1.08598, 0.26522, 0.41309, 0.32170, 0.83333, 0.16667
-3.47499, -2.68919, -2.20355, 4.91558, -2.48299, 2.03563, 4.00000, 345612.00000, 227016.00000, 261755.25000, 2364099139.68750, 48622.00263, 1.08598, 0.41309, 0.32170, 0.26522, 0.25000, 0.75000
-2.68919, -2.20355, -3.47499, 4.91558, -2.45513, 2.35595, 4.00000, 450562.00000, 313919.00000, 401276.75000, 3091350435.68750, 55599.91399, 1.08598, 0.32170, 0.26522, 0.41309, 0.50000, 0.50000
-2.83550, -2.83550, -2.83550, 4.91123, -2.35619, 2.18628, 2.00000, 265824.00000, 210721.00000, 238272.50000, 759085152.25000, 27551.50000, 1.14286, 0.33333, 0.33333, 0.33333, 0.00000, 1.00000
3.75791, 0.00000, -3.18882, 4.92853, 0.00000, 2.27446, 18.00000, 374275.00000, 48155.00000, 178671.88889, 7827580168.98765, 88473.61284, 0.90081, 8.64229, 0.00000, -7.64229, 0.88889, 0.11111
2.87963, -0.78273, -3.92241, 4.92852, -0.26540, 2.49122, 18.00000, 398899.00000, 35567.00000, 209011.94444, 16007765219.27469, 126521.79741, 0.91102, -1.48153, 0.40335, 2.07817, 0.72222, 0.27778
2.87963, 0.78273, -3.92241, 4.92852, 0.26540, 2.49122, 8.00000, 392108.00000, 58616.00000, 207294.62500, 12005800937.73438, 109570.98584, 0.91102, -7.66476, -2.08678, 10.75154, 0.87500, 0.12500
3.21637, 0.00000, -3.73035, 4.92550, 0.00000, 2.43005, 10.00000, 250652.00000, 70819.00000, 161709.50000, 3879607551.65000, 62286.49574, 0.94766, -8.06739, -0.00000, 9.06739, 0.90000, 0.10000
1.70460, -1.50894, -4.37124, 4.92852, -0.72459, 2.66145, 11.00000, 468227.00000, 91318.00000, 219025.81818, 15129454761.05785, 123001.84861, 0.91102, -0.42255, 0.35294, 1.06961, 0.72727, 0.27273
0.43315, -2.05481, -4.45876, 4.92853, -1.36304, 2.70143, 5.00000, 362713.00000, 72569.00000, 224111.40000, 12606499378.64000, 112278.66840, 0.90081, -0.08228, 0.33112, 0.75116, 0.60000, 0.40000
0.43811, -0.72621, -4.85499, 4.92852, -1.02797, 2.96865, 8.00000, 426938.00000, 144286.00000, 290032.25000, 8620401500.93750, 92846.11732, 0.91102, -0.09634, 0.13403, 0.96230, 0.87500, 0.12500
0.87126, -1.44936, -4.62611, 4.92550, -1.02954, 2.79113, 6.00000, 462313.00000, 126399.00000, 266990.50000, 19368522806.58333, 139170.84036, 0.94766, -0.15634, 0.28534, 0.87099, 1.00000, 0.00000
1.70460, 1.50894, -4.37124, 4.92852, 0.72459, 2.66145, 1.00000, 162708.00000, 162708.00000, 162708.00000, 0.00000, 0.00000, 0.91102, -1.43665, -1.19997, 3.63662, 1.00000, 0.00000
0.43811, 0.72621, -4.85499, 4.92852, 1.02797, 2.96865, 0.00000, 0.00000, 0.00000, 0.00000, 0.00000, 0.00000, 0.91102, -0.13162, -0.18312, 1.31474, 0.00000, 0.00000
0.43315, 2.05481, -4.45876, 4.92853, 1.36304, 2.70143, 2.00000, 264943.00000, 176732.00000, 220837.50000, 1945295130.25000, 44105.50000, 0.90081, -0.24359, -0.98030, 2.22389, 0.50000, 0.50000
0.87126, 1.44936, -4.62611, 4.92550, 1.02954, 2.79113, 1.00000, 280306.00000, 280306.00000, 280306.00000, 0.00000, 0.00000, 0.94766, -0.36416, -0.66465, 2.02881, 1.00000, 0.00000
2.14766, -0.78579, -4.35121, 4.91558, -0.35075, 2.65769, 14.00000, 446416.00000, 34156.00000, 166749.85714, 12242944205.55102, 110647.83868, 1.08598, -0.71592, 0.25627, 1.45965, 0.85714, 0.14286
0.87622, 0.00000, -4.83686, 4.91558, 0.00000, 2.96238, 6.00000, 493810.00000, 105831.00000, 225951.66667, 19659227817.22223, 140211.36836, 1.08598, -0.22879, -0.00000, 1.22879, 1.00000, 0.00000
2.14766, 0.78579, -4.35121, 4.91558, 0.35075, 2.65769, 4.00000, 362712.00000, 183474.00000, 262772.25000, 5134777961.18750, 71657.36502, 1.08598, -1.46868, -0.52573, 2.99442, 1.00000, 0.00000
1.75244, 0.00000, -4.58794, 4.91123, 0.00000, 2.77673, 9.00000, 480950.00000, 108824.00000, 252518.11111, 18877831819.43210, 137396.62230, 1.14286, -0.61803, -0.00000, 1.61803, 1.00000, 0.00000
4.45876, 0.43315, 2.05481, 4.92853, 0.09684, 1.14074, 16.00000, 487689.00000, 31829.00000, 209498.43750, 22014120321.74609, 148371.56170, 0.90081, 0.64502, 0.07065, 0.28433, 0.37500, 0.62500
4.85499, 0.43811, 0.72621, 4.92852, 0.09000, 1.42291, 33.00000, 402830.00000, 35680.00000, 191589.36364, 11993560221.38292, 109515.11412, 0.91102, 0.80685, 0.08077, 0.11238, 0.78788, 0.21212
4.37124, 1.70460, 1.50894, 4.92852, 0.37182, 1.25963, 18.00000, 479653.00000, 67564.00000, 262685.72222, 19752888285.31173, 140544.96891, 0.91102, 0.57970, 0.22901, 0.19128, 0.50000, 0.50000
4.62611, 0.87126, 1.44936, 4.92550, 0.18616, 1.27212, 31.00000, 479085.00000, 39290.00000, 225742.83871, 21184793319.10302, 145549.96846, 0.94766, 0.66353, 0.11910, 0.21738, 0.77419, 0.22581
4.85499, 0.43811, -0.72621, 4.92852, 0.09000, 1.71868, 32.00000, 498038.00000, 44710.00000, 199701.56250, 18149965322.74609, 134721.80715, 0.91102, 1.04077, 0.10419, -0.14496, 0.71875, 0.28125
4.45876, 0.43315, -2.05481, 4.92853, 0.09684, 2.00085, 12.00000, 411956.00000, 27294.00000, 199577.75000, 15917536053.02083, 126164.71794, 0.90081, 1.49537, 0.16379, -0.65917, 0.75000, 0.25000
4.37124, 1.70460, -1.50894, 4.92852, 0.37182, 1.88196, 13.00000, 436945.00000, 51524.00000, 250993.23077, 13593467924.17751, 116591.02849, 0.91102, 0.93889, 0.37091, -0.30980, 0.76923, 0.23077
4.62611, 0.87126, -1.44936, 4.92550, 0.18616, 1.86947, 25.00000, 430571.00000, 44207.00000, 179239.56000, 9393226132.00640, 96918.65730, 0.94766, 1.17386, 0.21070, -0.38457, 0.84000, 0.16000
3.92241, 2.87963, 0.78273, 4.92852, 0.63328, 1.41130, 10.00000, 449070.00000, 68332.00000, 307614.20000, 12955990613.56000, 113824.38497, 0.91102, 0.52439, 0.37383, 0.10178, 0.60000, 0.40000
3.92241, 2.87963, -0.78273, 4.92852, 0.63328, 1.73029, 11.00000, 462498.00000, 64918.00000, 276195.09091, 9783603040.62810, 98912.09754, 0.91102, 0.65841, 0.46938, -0.12779, 0.90909, 0.09091
3.18882, 3.75791, 0.00000, 4.92853, 0.86714, 1.57080, 1.00000, 172319.00000, 172319.00000, 172319.00000, 0.00000, 0.00000, 0.90081, 0.46930, 0.53070, 0.00000, 1.00000, 0.00000
3.73035, 3.21637, 0.00000, 4.92550, 0.71154, 1.57080, 3.00000, 382003.00000, 148342.00000, 276503.66667, 9356367829.55556, 96728.31969, 0.94766, 0.52918, 0.47082, 0.00000, 0.33333, 0.66667
4.83686, 0.87622, 0.00000, 4.91558, 0.17921, 1.57080, 7.00000, 392563.00000, 48601.00000, 176778.42857, 14161127455.95918, 119000.53553, 1.08598, 0.84303, 0.15697, 0.00000, 0.57143, 0.42857
4.35121, 2.14766, -0.78579, 4.91558, 0.45850, 1.73134, 7.00000, 410726.00000, 115955.00000, 222406.71429, 10278257018.20408, 101381.73908, 1.08598, 0.76051, 0.37301, -0.13352, 0.57143, 0.42857
4.35121, 2.14766, 0.78579, 4.91558, 0.45850, 1.41025, 10.00000, 392638.00000, 90475.00000, 231172.80000, 10537551320.76000, 102652.57581, 1.08598, 0.60022, 0.29439, 0.10538, 0.80000, 0.20000
4.58794, 1.75244, 0.00000, 4.91123, 0.36486, 1.57080, 11.00000, 466419.00000, 74058.00000, 278371.27273, 16554728686.56198, 128665.18055, 1.14286, 0.72361, 0.27639, -0.00000, 0.72727, 0.27273
