-2.75567, 4.02561, 0.70086, 4.92853, 2.17107, 1.42811, 23.00000, 457509.00000, 29275.00000, 127885.82609, 13508079910.57845, 116224.26558, 0.90081, -1.37444, 1.98030, 0.39414, 0.00000, 1.00000
-3.48430, 3.15040, 1.49161, 4.92852, 2.40648, 1.26333, 13.00000, 367705.00000, 53395.00000, 188223.07692, 10514396785.91716, 102539.73272, 0.91102, -2.88604, 2.59457, 1.29147, 0.00000, 1.00000
-2.21782, 3.93313, 1.97536, 4.92852, 2.08423, 1.15840, 9.00000, 445110.00000, 48108.00000, 244108.88889, 17145911032.76543, 130942.39586, 0.91102, -0.60432, 1.05443, 0.54989, 0.44444, 0.55556
-2.85909, 3.75484, 1.40973, 4.92550, 2.22158, 1.28053, 14.00000, 376196.00000, 29445.00000, 153637.35714, 8205402273.22959, 90583.67553, 0.94766, -1.25387, 1.66465, 0.58922, 0.07143, 0.92857
-3.93313, 1.97536, 2.21782, 4.92852, 2.67616, 1.10403, 11.00000, 480725.00000, 38042.00000, 251928.36364, 24647155242.95868, 156994.12487, 0.91102, -10.56672, 5.51065, 6.05607, 0.27273, 0.72727
-4.02561, 0.70086, 2.75567, 4.92853, 2.96922, 0.97747, 3.00000, 335703.00000, 125190.00000, 218201.33333, 7685842074.88889, 87668.93449, 0.90081, 9.35336, -1.86160, -6.49176, 0.00000, 1.00000
-3.15040, 1.49161, 3.48430, 4.92852, 2.69940, 0.78559, 7.00000, 479593.00000, 100957.00000, 280699.14286, 20692228206.97959, 143847.93432, 0.91102, -1.63909, 0.81587, 1.82322, 0.71429, 0.28571
-3.75484, 1.40973, 2.85909, 4.92550, 2.78243, 0.95149, 4.00000, 333780.00000, 123429.00000, 231074.50000, 7723268550.25000, 87882.12873, 0.94766, -9.32863, 3.30198, 7.02665, 0.25000, 0.75000
-1.49161, 3.48430, 3.15040, 4.92852, 1.97528, 0.87732, 9.00000, 439107.00000, 94145.00000, 243508.77778, 11239912092.83951, 106018.45166, 0.91102, -0.30829, 0.68893, 0.61936, 0.66667, 0.33333
-1.97536, 2.21782, 3.93313, 4.92852, 2.29844, 0.64677, 6.00000, 266588.00000, 72936.00000, 187644.33333, 5028750746.88889, 70913.68519, 0.91102, -0.49591, 0.54500, 0.95092, 0.66667, 0.33333
-0.70086, 2.75567, 4.02561, 4.92853, 1.81985, 0.61496, 7.00000, 420919.00000, 65857.00000, 300330.57143, 14612554263.67347, 120882.39849, 0.90081, -0.13313, 0.46424, 0.66888, 1.00000, 0.00000
-1.40973, 2.85909, 3.75484, 4.92550, 2.02888, 0.70390, 10.00000, 347301.00000, 116034.00000, 224033.70000, 6394391138.81000, 79964.93693, 0.94766, -0.25296, 0.53830, 0.71466, 0.70000, 0.30000
-3.47499, 2.68919, 2.20355, 4.91558, 2.48299, 1.10596, 6.00000, 465796.00000, 69878.00000, 245684.16667, 23061266763.80555, 151859.36508, 1.08598, -2.37638, 1.85065, 1.52573, 0.00000, 1.00000
-2.68919, 2.20355, 3.47499, 4.91558, 2.45513, 0.78564, 7.00000, 391195.00000, 61678.00000, 268667.57143, 15417485472.24490, 124167.16745, 1.08598, -0.90211, 0.74373, 1.15838, 0.57143, 0.42857
-2.20355, 3.47499, 2.68919, 4.91558, 2.13592, 0.99193, 8.00000, 473267.00000, 52348.00000, 251006.25000, 18360339188.68750, 135500.32911, 1.08598, -0.56481, 0.87972, 0.68510, 0.12500, 0.87500
-2.83550, 2.83550, 2.83550, 4.91123, 2.35619, 0.95532, 7.00000, 454017.00000, 120965.00000, 236699.42857, 9143379080.81633, 95621.01799, 1.14286, -1.00000, 1.00000, 1.00000, 0.57143, 0.42857
-2.05481, 4.45876, 0.43315, 4.92853, 2.00263, 1.48280, 27.00000, 461729.00000, 47356.00000, 166288.29630, 12701267741.02332, 112699.90125, 0.90081, -0.65917, 1.49537, 0.16379, 0.03704, 0.96296
-1.50894, 4.37124, 1.70460, 4.92852, 1.90319, 1.21764, 21.00000, 496929.00000, 46667.00000, 217763.90476, 16235734283.51474, 127419.52081, 0.91102, -0.30980, 0.93889, 0.37091, 0.38095, 0.61905
-0.72621, 4.85499, 0.43811, 4.92852, 1.71928, 1.48179, 19.00000, 461591.00000, 19906.00000, 205761.52632, 16397978612.67036, 128054.59231, 0.91102, -0.14496, 1.04077, 0.10419, 0.15789, 0.84211
-1.44936, 4.62611, 0.87126, 4.92550, 1.87441, 1.39297, 19.00000, 413232.00000, 35376.00000, 209613.78947, 18739044785.53463, 136890.63074, 0.94766, -0.38457, 1.17386, 0.21070, 0.05263, 0.94737
-0.78273, 3.92241, 2.87963, 4.92852, 1.76776, 0.94680, 14.00000, 370709.00000, 69504.00000, 194556.00000, 6980201879.14286, 83547.60247, 0.91102, -0.12779, 0.65841, 0.46938, 0.57143, 0.42857
0.00000, 3.18882, 3.75791, 4.92853, 1.57080, 0.70366, 11.00000, 406962.00000, 82413.00000, 240922.90909, 10189188307.17356, 100941.50934, 0.90081, -0.00000, 0.46930, 0.53070, 0.90909, 0.09091
0.78273, 3.92241, 2.87963, 4.92852, 1.37383, 0.94680, 17.00000, 312343.00000, 73966.00000, 167908.17647, 5498942400.85121, 74154.85420, 0.91102, 0.10178, 0.52439, 0.37383, 0.82353, 0.17647
0.00000, 3.73035, 3.21637, 4.92550, 1.57080, 0.85925, 7.00000, 277965.00000, 58779.00000, 161550.00000, 5945772105.14286, 77108.83286, 0.94766, -0.00000, 0.52918, 0.47082, 0.71429, 0.28571
0.72621, 4.85499, 0.43811, 4.92852, 1.42232, 1.48179, 10.00000, 437981.00000, 84947.00000, 214940.50000, 11310307947.85000, 106349.93158, 0.91102, 0.11238, 0.80685, 0.08077, 0.50000, 0.50000
1.50894, 4.37124, 1.70460, 4.92852, 1.23841, 1.21764, 8.00000, 430132.00000, 92005.00000, 211581.37500, 12134950893.48438, 110158.75314, 0.91102, 0.19128, 0.57970, 0.22901, 1.00000, 0.00000
2.05481, 4.45876, 0.43315, 4.92853, 1.13896, 1.48280, 17.00000, 499746.00000, 82743.00000, 240136.35294, 12710956692.81661, 112742.87868, 0.90081, 0.28433, 0.64502, 0.07065, 0.70588, 0.29412
1.44936, 4.62611, 0.87126, 4.92550, 1.26718, 1.39297, 8.00000, 334891.00000, 84655.00000, 182550.12500, 8186518431.35938, 90479.38125, 0.94766, 0.21738, 0.66353, 0.11910, 0.37500, 0.62500
-0.78579, 4.35121, 2.14766, 4.91558, 1.74946, 1.11864, 10.00000, 346011.00000, 74093.00000, 201738.80000, 6318171740.96000, 79486.92811, 1.08598, -0.13352, 0.76051, 0.37301, 0.40000, 0.60000
0.78579, 4.35121, 2.14766, 4.91558, 1.39213, 1.11864, 10.00000, 420503.00000, 147971.00000, 239437.60000, 4932465560.84000, 70231.51402, 1.08598, 0.10538, 0.60022, 0.29439, 0.60000, 0.40000
0.00000, 4.83686, 0.87622, 4.91558, 1.57080, 1.39159, 16.00000, 421445.00000, 24860.00000, 158287.87500, 11738421924.73438, 108343.99810, 1.08598, -0.00000, 0.84303, 0.15697, 0.31250, 0.68750
0.00000, 4.58794, 1.75244, 4.91123, 1.57080, 1.20593, 10.00000, 430468.00000, 38032.00000, 232958.50000, 9405778562.85000, 96983.39323, 1.14286, 0.00000, 0.72361, 0.27639, 0.40000, 0.60000
-2.05481, 4.45876, -0.43315, 4.92853, 2.00263, 1.65880, 57.00000, 444084.00000, 22120.00000, 113061.71930, 10532496162.51770, 102627.95020, 0.90081, -0.98030, 2.22389, -0.24359, 0.01754, 0.98246
-0.72621, 4.85499, -0.43811, 4.92852, 1.71928, 1.65981, 47.00000, 437520.00000, 17897.00000, 150354.74468, 12678377134.74332, 112598.29988, 0.91102, -0.18312, 1.31474, -0.13162, 0.08511, 0.91489
-1.50894, 4.37124, -1.70460, 4.92852, 1.90319, 1.92396, 106.00000, 477948.00000, 7604.00000, 90637.61321, 8887871099.27492, 94275.50636, 0.91102, -1.19997, 3.63662, -1.43665, 0.00000, 1.00000
-1.44936, 4.62611, -0.87126, 4.92550, 1.87441, 1.74862, 36.00000, 417057.00000, 17696.00000, 107384.61111, 8462164393.40432, 91990.02334, 0.94766, -0.66465, 2.02881, -0.36416, 0.00000, 1.00000
0.72621, 4.85499, -0.43811, 4.92852, 1.42232, 1.65981, 21.00000, 380275.00000, 48717.00000, 156356.90476, 8729498233.41950, 93431.78385, 0.91102, 0.13403, 0.96230, -0.09634, 0.09524, 0.90476
2.05481, 4.45876, -0.43315, 4.92853, 1.13896, 1.65880, 9.00000, 369910.00000, 138367.00000, 264991.11111, 5618785963.43210, 74958.56164, 0.90081, 0.33112, 0.75116, -0.08228, 0.44444, 0.55556
1.50894, 4.37124, -1.70460, 4.92852, 1.23841, 1.92396, 20.00000, 487476.00000, 28717.00000, 150340.60000, 15934299674.84000, 126231.13592, 0.91102, 0.35294, 1.06961, -0.42255, 0.00000, 1.00000
1.44936, 4.62611, -0.87126, 4.92550, 1.26718, 1.74862, 15.00000, 483242.00000, 42365.00000, 228701.06667, 23547276654.99556, 153451.21914, 0.94766, 0.28534, 0.87099, -0.15634, 0.13333, 0.86667
-0.78273, 3.92241, -2.87963, 4.92852, 1.76776, 2.19479, 129.00000, 398257.00000, 8864.00000, 80407.09302, 5319213638.08437, 72932.93932, 0.91102, -2.08678, 10.75154, -7.66476, 0.00000, 1.00000
0.78273, 3.92241, -2.87963, 4.92852, 1.37383, 2.19479, 48.00000, 458409.00000, 16152.00000, 141724.18750, 16045037680.31901, 126669.00837, 0.91102, 0.40335, 2.07817, -1.48153, 0.00000, 1.00000
0.00000, 3.18882, -3.75791, 4.92853, 1.57080, 2.43793, 75.00000, 421330.00000, 12229.00000, 91294.38667, 6753882872.10382, 82182.01064, 0.90081, -0.00000, -7.64229, 8.64229, 0.00000, 1.00000
0.00000, 3.73035, -3.21637, 4.92550, 1.57080, 2.28234, 55.00000, 414338.00000, 16627.00000, 110226.98182, 10480658393.90876, 102375.08678, 0.94766, 0.00000, 9.06739, -8.06739, 0.00000, 1.00000
0.00000, 4.83686, -0.87622, 4.91558, 1.57080, 1.75001, 23.00000, 450676.00000, 44456.00000, 155690.91304, 15766747503.64461, 125565.70990, 1.08598, 0.00000, 1.22879, -0.22879, 0.00000, 1.00000
0.78579, 4.35121, -2.14766, 4.91558, 1.39213, 2.02296, 26.00000, 499673.00000, 15524.00000, 128241.61538, 14054295591.62130, 118550.81439, 1.08598, 0.25627, 1.45965, -0.71592, 0.03846, 0.96154
-0.78579, 4.35121, -2.14766, 4.91558, 1.74946, 2.02296, 68.00000, 292915.00000, 11383.00000, 79970.02941, 4369105801.26384, 66099.21181, 1.08598, -0.52573, 2.99442, -1.46868, 0.00000, 1.00000
0.00000, 4.58794, -1.75244, 4.91123, 1.57080, 1.93566, 37.00000, 488394.00000, 11706.00000, 130359.32432, 12486231556.21914, 111741.80756, 1.14286, 0.00000, 1.61803, -0.61803, 0.02703, 0.97297
-2.75567, 4.02561, -0.70086, 4.92853, 2.17107, 1.71348, 54.00000, 474329.00000, 10368.00000, 120603.51852, 14217802784.54595, 119238.42830, 0.90081, -6.49176, 9.35336, -1.86160, 0.01852, 0.98148
-2.21782, 3.93313, -1.97536, 4.92852, 2.08423, 1.98319, 151.00000, 427804.00000, 4491.00000, 71276.25166, 7712664165.68501, 87821.77501, 0.91102, 6.05607, -10.56672, 5.51065, 0.00000, 1.00000
-3.48430, 3.15040, -1.49161, 4.92852, 2.40648, 1.87827, 101.00000, 458145.00000, 8706.00000, 81215.66337, 7959283065.51044, 89214.81416, 0.91102, 1.82322, -1.63909, 0.81587, 0.00000, 1.00000
-2.85909, 3.75484, -1.40973, 4.92550, 2.22158, 1.86107, 100.00000, 456519.00000, 7620.00000, 67320.46000, 6708391171.66840, 81904.76892, 0.94766, 7.02665, -9.32863, 3.30198, 0.00000, 1.00000
-1.49161, 3.48430, -3.15040, 4.92852, 1.97528, 2.26428, 167.00000, 498272.00000, 4943.00000, 72109.14371, 7838737629.21288, 88536.64569, 0.91102, 1.29147, -2.88604, 2.59457, 0.01198, 0.98802
-0.70086, 2.75567, -4.02561, 4.92853, 1.81985, 2.52663, 72.00000, 393208.00000, 7927.00000, 70614.04167, 5020680165.03993, 70856.75808, 0.90081, 0.39414, -1.37444, 1.98030, 0.00000, 1.00000
-1.97536, 2.21782, -3.93313, 4.92852, 2.29844, 2.49482, 161.00000, 486402.00000, 6615.00000, 82221.19876, 10148595577.02882, 100740.23812, 0.91102, 0.54989, -0.60432, 1.05443, 0.00000, 1.00000
-1.40973, 2.85909, -3.75484, 4.92550, 2.02888, 2.43770, 117.00000, 413850.00000, 7356.00000, 63121.07692, 5716511902.49836, 75607.61802, 0.94766, 0.58922, -1.25387, 1.66465, 0.01709, 0.98291
-3.93313, 1.97536, -2.21782, 4.92852, 2.67616, 2.03756, 110.00000, 495771.00000, 8322.00000, 74111.53636, 7550476433.19413, 86893.47751, 0.91102, 0.95092, -0.49591, 0.54500, 0.00000, 1.00000
-3.15040, 1.49161, -3.48430, 4.92852, 2.69940, 2.35600, 109.00000, 471173.00000, 4942.00000, 85030.90826, 8937366336.34021, 94537.64508, 0.91102, 0.61936, -0.30829, 0.68893, 0.00000, 1.00000
-4.02561, 0.70086, -2.75567, 4.92853, 2.96922, 2.16413, 45.00000, 382335.00000, 8914.00000, 91769.88889, 7245094525.07654, 85118.12101, 0.90081, 0.66888, -0.13313, 0.46424, 0.02222, 0.97778
-3.75484, 1.40973, -2.85909, 4.92550, 2.78243, 2.19010, 80.00000, 423824.00000, 9055.00000, 71784.40000, 5387168347.74000, 73397.33202, 0.94766, 0.71466, -0.25296, 0.53830, 0.00000, 1.00000
-2.20355, 3.47499, -2.68919, 4.91558, 2.13592, 2.14966, 154.00000, 471458.00000, 4055.00000, 65750.35714, 7657937946.37245, 87509.64488, 1.08598, 1.52573, -2.37638, 1.85065, 0.00649, 0.99351
-2.68919, 2.20355, -3.47499, 4.91558, 2.45513, 2.35595, 137.00000, 478197.00000, 6288.00000, 61773.34307, 7087700292.47355, 84188.48076, 1.08598, 0.68510, -0.56481, 0.87972, 0.00000, 1.00000
-3.47499, 2.68919, -2.20355, 4.91558, 2.48299, 2.03563, 123.00000, 462548.00000, 6330.00000, 65529.87805, 7156250291.65179, 84594.62330, 1.08598, 1.15838, -0.90211, 0.74373, 0.00000, 1.00000
-2.83550, 2.83550, -2.83550, 4.91123, 2.35619, 2.18628, 199.00000, 459442.00000, 3843.00000, 62547.82412, 6452347786.41630, 80326.50737, 1.14286, 1.00000, -1.00000, 1.00000, 0.00000, 1.00000
-3.18882, 3.75791, 0.00000, 4.92853, 2.27446, 1.57080, 43.00000, 475337.00000, 20886.00000, 120989.11628, 15147441019.82368, 123074.94067, 0.90081, -7.64229, 8.64229, 0.00000, 0.02326, 0.97674
-3.92241, 2.87963, -0.78273, 4.92852, 2.50831, 1.73029, 70.00000, 484970.00000, 8908.00000, 89144.72857, 6903495164.88347, 83087.27439, 0.91102, 2.07817, -1.48153, 0.40335, 0.01429, 0.98571
-3.92241, 2.87963, 0.78273, 4.92852, 2.50831, 1.41130, 24.00000, 470152.00000, 16076.00000, 196062.83333, 21065147877.63889, 145138.37493, 0.91102, 10.75154, -7.66476, -2.08678, 0.04167, 0.95833
-3.73035, 3.21637, 0.00000, 4.92550, 2.43005, 1.57080, 34.00000, 406175.00000, 24593.00000, 122140.82353, 10097195570.43945, 100484.80268, 0.94766, 9.06739, -8.06739, -0.00000, 0.00000, 1.00000
-4.37124, 1.70460, -1.50894, 4.92852, 2.76977, 1.88196, 73.00000, 434902.00000, 15038.00000, 112004.83562, 9024463277.42503, 94997.17510, 0.91102, 1.06961, -0.42255, 0.35294, 0.01370, 0.98630
-4.45876, 0.43315, -2.05481, 4.92853, 3.04475, 2.00085, 35.00000, 482825.00000, 21273.00000, 128213.25714, 13171677614.47674, 114767.92938, 0.90081, 0.75116, -0.08228, 0.33112, 0.00000, 1.00000
-4.85499, 0.43811, -0.72621, 4.92852, 3.05160, 1.71868, 20.00000, 363218.00000, 42259.00000, 159220.00000, 8924796996.60000, 94471.14372, 0.91102, 0.96230, -0.09634, 0.13403, 0.00000, 1.00000
-4.62611, 0.87126, -1.44936, 4.92550, 2.95544, 1.86947, 23.00000, 369715.00000, 13667.00000, 139965.52174, 11563724819.46692, 107534.76098, 0.94766, 0.87099, -0.15634, 0.28534, 0.00000, 1.00000
-4.37124, 1.70460, 1.50894, 4.92852, 2.76977, 1.25963, 14.00000, 468815.00000, 66372.00000, 248763.57143, 19289701668.53061, 138887.37044, 0.91102, 3.63662, -1.43665, -1.19997, 0.14286, 0.85714
-4.85499, 0.43811, 0.72621, 4.92852, 3.05160, 1.42291, 17.00000, 466020.00000, 36423.00000, 186952.47059, 16357280278.71972, 127895.58350, 0.91102, 1.31474, -0.13162, -0.18312, 0.05882, 0.94118
-4.45876, 0.43315, 2.05481, 4.92853, 3.04475, 1.14074, 10.00000, 422639.00000, 87733.00000, 226428.40000, 14407557094.24000, 120031.48376, 0.90081, 2.22389, -0.24359, -0.98030, 0.10000, 0.90000
-4.62611, 0.87126, 1.44936, 4.92550, 2.95544, 1.27212, 9.00000, 423475.00000, 42200.00000, 197230.44444, 22501243404.24691, 150004.14462, 0.94766, 2.02881, -0.36416, -0.66465, 0.00000, 1.00000
-4.35121, 2.14766, -0.78579, 4.91558, 2.68310, 1.73134, 38.00000, 426398.00000, 11349.00000, 87041.68421, 8178613903.79502, 90435.68933, 1.08598, 1.45965, -0.71592, 0.25627, 0.00000, 1.00000
-4.83686, 0.87622, 0.00000, 4.91558, 2.96238, 1.57080, 9.00000, 479314.00000, 53478.00000, 248188.88889, 23398706017.20988, 152966.35583, 1.08598, 1.22879, -0.22879, -0.00000, 0.00000, 1.00000
-4.35121, 2.14766, 0.78579, 4.91558, 2.68310, 1.41025, 17.00000, 458578.00000, 64776.00000, 214119.64706, 13370326293.40484, 115630.12710, 1.08598, 2.99442, -1.46868, -0.52573, 0.05882, 0.94118
-4.58794, 1.75244, 0.00000, 4.91123, 2.77673, 1.57080, 10.00000, 427552.00000, 91911.00000, 214349.20000, 11916044185.56000, 109160.63478, 1.14286, 1.61803, -0.61803, -0.00000, 0.00000, 1.00000
2.75567, 4.02561, 0.70086, 4.92853, 0.97053, 1.42811, 12.00000, 459426.00000, 68064.00000, 229507.25000, 9879050202.02083, 99393.41126, 0.90081, 0.36663, 0.52824, 0.10514, 0.66667, 0.33333
2.21782, 3.93313, 1.97536, 4.92852, 1.05736, 1.15840, 16.00000, 438178.00000, 72845.00000, 169458.75000, 10948202720.68750, 104633.65960, 0.91102, 0.27362, 0.47741, 0.24897, 0.87500, 0.12500
3.48430, 3.15040, 1.49161, 4.92852, 0.73511, 1.26333, 29.00000, 484905.00000, 45754.00000, 179383.75862, 11287141577.83829, 106240.95998, 0.91102, 0.42617, 0.38313, 0.19070, 0.96552, 0.03448
2.85909, 3.75484, 1.40973, 4.92550, 0.92001, 1.28053, 17.00000, 497500.00000, 75611.00000, 240851.76471, 19712637267.35640, 140401.69966, 0.94766, 0.35746, 0.47456, 0.16798, 0.82353, 0.17647
1.49161, 3.48430, 3.15040, 4.92852, 1.16631, 0.87732, 25.00000, 414593.00000, 43845.00000, 181571.76000, 11915894886.02240, 109159.95093, 0.91102, 0.19070, 0.42617, 0.38313, 0.84000, 0.16000
0.70086, 2.75567, 4.02561, 4.92853, 1.32174, 0.61496, 24.00000, 443443.00000, 39509.00000, 222656.75000, 13238511464.43750, 115058.73050, 0.90081, 0.10514, 0.36663, 0.52824, 0.79167, 0.20833
1.97536, 2.21782, 3.93313, 4.92852, 0.84316, 0.64677, 40.00000, 433958.00000, 20728.00000, 121696.27500, 8446345812.34937, 91904.00324, 0.91102, 0.24897, 0.27362, 0.47741, 0.97500, 0.02500
1.40973, 2.85909, 3.75484, 4.92550, 1.11271, 0.70390, 36.00000, 469403.00000, 39292.00000, 189836.27778, 14764780650.20062, 121510.41375, 0.94766, 0.16798, 0.35746, 0.47456, 0.94444, 0.05556
3.93313, 1.97536, 2.21782, 4.92852, 0.46544, 1.10403, 38.00000, 485649.00000, 22056.00000, 183299.97368, 16167770746.97299, 127152.54912, 0.91102, 0.47741, 0.24897, 0.27362, 0.97368, 0.02632
3.15040, 1.49161, 3.48430, 4.92852, 0.44220, 0.78559, 67.00000, 489562.00000, 17050.00000, 131192.46269, 12353509906.72622, 111146.34455, 0.91102, 0.38313, 0.19070, 0.42617, 1.00000, 0.00000
4.02561, 0.70086, 2.75567, 4.92853, 0.17237, 0.97747, 63.00000, 401000.00000, 18738.00000, 123358.41270, 11517714569.38524, 107320.61577, 0.90081, 0.52824, 0.10514, 0.36663, 1.00000, 0.00000
3.75484, 1.40973, 2.85909, 4.92550, 0.35916, 0.95149, 54.00000, 494576.00000, 11890.00000, 123653.11111, 14009865997.50617, 118363.27977, 0.94766, 0.47456, 0.16798, 0.35746, 0.98148, 0.01852
2.20355, 3.47499, 2.68919, 4.91558, 1.00567, 0.99193, 21.00000, 482871.00000, 51284.00000, 233517.76190, 21532103617.70522, 146738.21458, 1.08598, 0.26522, 0.41309, 0.32170, 0.85714, 0.14286
2.68919, 2.20355, 3.47499, 4.91558, 0.68646, 0.78564, 35.00000, 444741.00000, 27860.00000, 121915.05714, 8919930281.19674, 94445.38253, 1.08598, 0.32170, 0.26522, 0.41309, 1.00000, 0.00000
3.47499, 2.68919, 2.20355, 4.91558, 0.65860, 1.10596, 20.00000, 393128.00000, 40351.00000, 162098.55000, 13213785368.44750, 114951.23039, 1.08598, 0.41309, 0.32170, 0.26522, 0.95000, 0.05000
2.83550, 2.83550, 2.83550, 4.91123, 0.78540, 0.95532, 28.00000, 419122.00000, 35959.00000, 157942.92857, 10900203533.92347, 104404.03984, 1.14286, 0.33333, 0.33333, 0.33333, 0.92857, 0.07143
-0.43315, 2.05481, 4.45876, 4.92853, 1.77855, 0.44016, 18.00000, 493712.00000, 50747.00000, 246298.55556, 17602436096.35803, 132674.17268, 0.90081, -0.08228, 0.33112, 0.75116, 0.88889, 0.11111
-1.70460, 1.50894, 4.37124, 4.92852, 2.41700, 0.48015, 7.00000, 421585.00000, 91656.00000, 207637.00000, 13920409240.57143, 117984.78394, 0.91102, -0.42255, 0.35294, 1.06961, 0.71429, 0.28571
-0.43811, 0.72621, 4.85499, 4.92852, 2.11363, 0.17295, 27.00000, 371583.00000, 32348.00000, 157543.22222, 9413810912.02469, 97024.79535, 0.91102, -0.09634, 0.13403, 0.96230, 1.00000, 0.00000
-0.87126, 1.44936, 4.62611, 4.92550, 2.11205, 0.35046, 12.00000, 484728.00000, 43795.00000, 272580.50000, 25195583932.08333, 158731.16875, 0.94766, -0.15634, 0.28534, 0.87099, 0.83333, 0.16667
-2.87963, 0.78273, 3.92241, 4.92852, 2.87619, 0.65037, 13.00000, 465320.00000, 39463.00000, 224347.46154, 11872744827.94083, 108962.12566, 0.91102, -1.48153, 0.40335, 2.07817, 0.53846, 0.46154
-3.75791, 0.00000, 3.18882, 4.92853, 3.14159, 0.86714, 9.00000, 477108.00000, 85304.00000, 254599.77778, 11859487895.50617, 108901.27591, 0.90081, 8.64229, -0.00000, -7.64229, 0.55556, 0.44444
-2.87963, -0.78273, 3.92241, 4.92852, -2.87619, 0.65037, 5.00000, 470754.00000, 116913.00000, 348439.80000, 15487628977.36000, 124449.30284, 0.91102, -7.66476, -2.08678, 10.75154, 0.80000, 0.20000
-3.21637, 0.00000, 3.73035, 4.92550, 3.14159, 0.71154, 3.00000, 376799.00000, 196329.00000, 275560.33333, 5670398176.88889, 75302.04630, 0.94766, -8.06739, 0.00000, 9.06739, 1.00000, 0.00000
-0.43811, -0.72621, 4.85499, 4.92852, -2.11363, 0.17295, 26.00000, 469480.00000, 59143.00000, 203709.65385, 14970310709.53403, 122353.22108, 0.91102, -0.13162, -0.18312, 1.31474, 1.00000, 0.00000
-1.70460, -1.50894, 4.37124, 4.92852, -2.41700, 0.48015, 7.00000, 422134.00000, 49980.00000, 266623.42857, 17019890209.67347, 130460.30128, 0.91102, -1.43665, -1.19997, 3.63662, 1.00000, 0.00000
-0.43315, -2.05481, 4.45876, 4.92853, -1.77855, 0.44016, 13.00000, 285858.00000, 44759.00000, 126267.23077, 4137379593.40828, 64322.46570, 0.90081, -0.24359, -0.98030, 2.22389, 1.00000, 0.00000
-0.87126, -1.44936, 4.62611, 4.92550, -2.11205, 0.35046, 17.00000, 459373.00000, 40437.00000, 139051.88235, 13213484357.86851, 114949.92109, 0.94766, -0.36416, -0.66465, 2.02881, 1.00000, 0.00000
-2.14766, 0.78579, 4.35121, 4.91558, 2.79084, 0.48390, 9.00000, 380830.00000, 55447.00000, 212922.88889, 15253152474.54321, 123503.65369, 1.08598, -0.71592, 0.25627, 1.45965, 0.77778, 0.22222
-2.14766, -0.78579, 4.35121, 4.91558, -2.79084, 0.48390, 6.00000, 404794.00000, 113103.00000, 268357.00000, 11828051384.33333, 108756.84523, 1.08598, -1.46868, -0.52573, 2.99442, 1.00000, 0.00000
-0.87622, 0.00000, 4.83686, 4.91558, 3.14159, 0.17921, 8.00000, 411946.00000, 71218.00000, 189095.00000, 11195516176.00000, 105808.86624, 1.08598, -0.22879, 0.00000, 1.22879, 1.00000, 0.00000
-1.75244, 0.00000, 4.58794, 4.91123, 3.14159, 0.36486, 7.00000, 370426.00000, 55933.00000, 205352.42857, 12254293568.81633, 110699.11277, 1.14286, -0.61803, 0.00000, 1.61803, 1.00000, 0.00000
-4.45876, -0.43315, 2.05481, 4.92853, -3.04475, 1.14074, 5.00000, 428324.00000, 91600.00000, 220740.80000, 12813765938.16000, 113197.90607, 0.90081, 1.49537, 0.16379, -0.65917, 0.20000, 0.80000
-4.85499, -0.43811, 0.72621, 4.92852, -3.05160, 1.42291, 5.00000, 253250.00000, 62659.00000, 165913.80000, 4714788989.36000, 68664.32108, 0.91102, 1.04077, 0.10419, -0.14496, 0.00000, 1.00000
-4.37124, -1.70460, 1.50894, 4.92852, -2.76977, 1.25963, 0.00000, 0.00000, 0.00000, 0.00000, 0.00000, 0.00000, 0.91102, 0.93889, 0.37091, -0.30980, 0.00000, 0.00000
-4.62611, -0.87126, 1.44936, 4.92550, -2.95544, 1.27212, 3.00000, 382554.00000, 205497.00000, 292313.66667, 5230724288.22222, 72323.74636, 0.94766, 1.17386, 0.21070, -0.38457, 0.00000, 1.00000
-4.85499, -0.43811, -0.72621, 4.92852, -3.05160, 1.71868, 10.00000, 463864.00000, 49818.00000, 149458.30000, 14203711305.81000, 119179.32415, 0.91102, 0.80685, 0.08077, 0.11238, 0.00000, 1.00000
-4.45876, -0.43315, -2.05481, 4.92853, -3.04475, 2.00085, 22.00000, 390273.00000, 22223.00000, 151987.59091, 12424537191.05992, 111465.40805, 0.90081, 0.64502, 0.07065, 0.28433, 0.00000, 1.00000
-4.37124, -1.70460, -1.50894, 4.92852, -2.76977, 1.88196, 4.00000, 299436.00000, 78378.00000, 220343.25000, 7268646810.68750, 85256.35936, 0.91102, 0.57970, 0.22901, 0.19128, 0.00000, 1.00000
-4.62611, -0.87126, -1.44936, 4.92550, -2.95544, 1.86947, 14.00000, 401755.00000, 29650.00000, 224438.07143, 12543203453.20918, 111996.44393, 0.94766, 0.66353, 0.11910, 0.21738, 0.07143, 0.92857
-3.92241, -2.87963, 0.78273, 4.92852, -2.50831, 1.41130, 3.00000, 363431.00000, 196828.00000, 284267.66667, 4660342114.88889, 68266.69843, 0.91102, 0.65841, 0.46938, -0.12779, 0.33333, 0.66667
-3.92241, -2.87963, -0.78273, 4.92852, -2.50831, 1.73029, 6.00000, 465030.00000, 66883.00000, 195230.83333, 18297896900.80555, 135269.71908, 0.91102, 0.52439, 0.37383, 0.10178, 0.00000, 1.00000
-3.18882, -3.75791, 0.00000, 4.92853, -2.27446, 1.57080, 3.00000, 475271.00000, 158884.00000, 274253.33333, 20351274129.55556, 142657.89193, 0.90081, 0.46930, 0.53070, 0.00000, 0.66667, 0.33333
-3.73035, -3.21637, 0.00000, 4.92550, -2.43005, 1.57080, 3.00000, 462450.00000, 263184.00000, 338418.66667, 7808380464.88889, 88365.04097, 0.94766, 0.52918, 0.47082, -0.00000, 0.33333, 0.66667
-4.83686, -0.87622, 0.00000, 4.91558, -2.96238, 1.57080, 6.00000, 425959.00000, 95523.00000, 212240.66667, 12456034488.55556, 111606.60594, 1.08598, 0.84303, 0.15697, -0.00000, 0.16667, 0.83333
-4.35121, -2.14766, -0.78579, 4.91558, -2.68310, 1.73134, 6.00000, 349581.00000, 93333.00000, 216750.00000, 11305470782.66667, 106327.18741, 1.08598, 0.60022, 0.29439, 0.10538, 0.00000, 1.00000
-4.35121, -2.14766, 0.78579, 4.91558, -2.68310, 1.41025, 6.00000, 284707.00000, 125068.00000, 237213.16667, 3944303560.47222, 62803.69066, 1.08598, 0.76051, 0.37301, -0.13352, 0.16667, 0.83333
-4.58794, -1.75244, 0.00000, 4.91123, -2.77673, 1.57080, 4.00000, 359295.00000, 224320.00000, 291241.75000, 2426417153.18750, 49258.67592, 1.14286, 0.72361, 0.27639, -0.00000, 0.00000, 1.00000
-3.75791, 0.00000, -3.18882, 4.92853, 3.14159, 2.27446, 42.00000, 471823.00000, 18464.00000, 128381.38095, 15183194173.37868, 123220.10458, 0.90081, 0.53070, -0.00000, 0.46930, 0.00000, 1.00000
-2.87963, 0.78273, -3.92241, 4.92852, 2.87619, 2.49122, 60.00000, 445299.00000, 15916.00000, 84536.50000, 6925689435.68333, 83220.72720, 0.91102, 0.46938, -0.12779, 0.65841, 0.00000, 1.00000
-2.87963, -0.78273, -3.92241, 4.92852, -2.87619, 2.49122, 19.00000, 334805.00000, 21206.00000, 146843.84211, 9741855428.86981, 98700.83804, 0.91102, 0.37383, 0.10178, 0.52439, 0.00000, 1.00000
-3.21637, 0.00000, -3.73035, 4.92550, 3.14159, 2.43005, 47.00000, 400743.00000, 19159.00000, 96181.65957, 6584384324.22453, 81144.21929, 0.94766, 0.47082, 0.00000, 0.52918, 0.00000, 1.00000
-1.70460, 1.50894, -4.37124, 4.92852, 2.41700, 2.66145, 97.00000, 283157.00000, 10348.00000, 83161.14433, 4626223634.94824, 68016.34829, 0.91102, 0.37091, -0.30980, 0.93889, 0.01031, 0.98969
-0.43315, 2.05481, -4.45876, 4.92853, 1.77855, 2.70143, 51.00000, 468296.00000, 13913.00000, 112863.78431, 12960396371.11034, 113843.73664, 0.90081, 0.16379, -0.65917, 1.49537, 0.00000, 1.00000
-0.43811, 0.72621, -4.85499, 4.92852, 2.11363, 2.96865, 28.00000, 421209.00000, 16636.00000, 111624.92857, 10500960654.28061, 102474.19507, 0.91102, 0.10419, -0.14496, 1.04077, 0.00000, 1.00000
-0.87126, 1.44936, -4.62611, 4.92550, 2.11205, 2.79113, 48.00000, 429736.00000, 18635.00000, 87645.52083, 5486796336.41623, 74072.91230, 0.94766, 0.21070, -0.38457, 1.17386, 0.00000, 1.00000
-1.70460, -1.50894, -4.37124, 4.92852, -2.41700, 2.66145, 13.00000, 497747.00000, 37561.00000, 183104.92308, 20574234506.53254, 143437.21451, 0.91102, 0.22901, 0.19128, 0.57970, 0.00000, 1.00000
-0.43811, -0.72621, -4.85499, 4.92852, -2.11363, 2.96865, 21.00000, 353406.00000, 34605.00000, 142280.14286, 8026656351.17007, 89591.60871, 0.91102, 0.08077, 0.11238, 0.80685, 0.00000, 1.00000
-0.43315, -2.05481, -4.45876, 4.92853, -1.77855, 2.70143, 12.00000, 486020.00000, 63854.00000, 258086.91667, 21524932630.90973, 146713.77792, 0.90081, 0.07065, 0.28433, 0.64502, 0.00000, 1.00000
-0.87126, -1.44936, -4.62611, 4.92550, -2.11205, 2.79113, 10.00000, 424916.00000, 37749.00000, 243529.70000, 15520058379.81000, 124579.52633, 0.94766, 0.11910, 0.21738, 0.66353, 0.20000, 0.80000
-2.14766, 0.78579, -4.35121, 4.91558, 2.79084, 2.65769, 35.00000, 418885.00000, 25463.00000, 122356.82857, 10501851220.77061, 102478.54029, 1.08598, 0.37301, -0.13352, 0.76051, 0.00000, 1.00000
-0.87622, 0.00000, -4.83686, 4.91558, 3.14159, 2.96238, 18.00000, 357297.00000, 22945.00000, 152145.77778, 12237316001.17284, 110622.40280, 1.08598, 0.15697, 0.00000, 0.84303, 0.00000, 1.00000
-2.14766, -0.78579, -4.35121, 4.91558, -2.79084, 2.65769, 16.00000, 430471.00000, 20395.00000, 175429.18750, 17349395624.15234, 131717.10452, 1.08598, 0.29439, 0.10538, 0.60022, 0.00000, 1.00000
-1.75244, 0.00000, -4.58794, 4.91123, 3.14159, 2.77673, 35.00000, 469210.00000, 20220.00000, 102146.51429, 8001131084.07837, 89449.04183, 1.14286, 0.27639, 0.00000, 0.72361, 0.00000, 1.00000
0.70086, 2.75567, -4.02561, 4.92853, 1.32174, 2.52663, 31.00000, 491899.00000, 18135.00000, 140058.38710, 21038134490.62435, 145045.28428, 0.90081, -1.86160, -6.49176, 9.35336, 0.00000, 1.00000
1.49161, 3.48430, -3.15040, 4.92852, 1.16631, 2.26428, 26.00000, 465060.00000, 26572.00000, 161164.88462, 17752976550.33284, 133240.29627, 0.91102, 0.81587, 1.82322, -1.63909, 0.07692, 0.92308
1.97536, 2.21782, -3.93313, 4.92852, 0.84316, 2.49482, 16.00000, 473431.00000, 41973.00000, 174696.62500, 16066779103.48438, 126754.79913, 0.91102, 5.51065, 6.05607, -10.56672, 0.06250, 0.93750
1.40973, 2.85909, -3.75484, 4.92550, 1.11271, 2.43770, 21.00000, 270725.00000, 16634.00000, 101895.90476, 6960997935.13379, 83432.59516, 0.94766, 3.30198, 7.02665, -9.32863, 0.00000, 1.00000
2.21782, 3.93313, -1.97536, 4.92852, 1.05736, 1.98319, 14.00000, 446285.00000, 48779.00000, 180516.85714, 9770338825.97959, 98845.02429, 0.91102, 0.54500, 0.95092, -0.49591, 0.00000, 1.00000
2.75567, 4.02561, -0.70086, 4.92853, 0.97053, 1.71348, 15.00000, 446253.00000, 82384.00000, 260062.80000, 16994891023.36000, 130364.45460, 0.90081, 0.46424, 0.66888, -0.13313, 0.33333, 0.66667
3.48430, 3.15040, -1.49161, 4.92852, 0.73511, 1.87827, 8.00000, 495037.00000, 77340.00000, 304064.62500, 20511689313.23438, 143219.02567, 0.91102, 0.68893, 0.61936, -0.30829, 0.50000, 0.50000
2.85909, 3.75484, -1.40973, 4.92550, 0.92001, 1.86107, 12.00000, 476744.00000, 60680.00000, 247094.08333, 15763496354.90972, 125552.76323, 0.94766, 0.53830, 0.71466, -0.25296, 0.08333, 0.91667
3.15040, 1.49161, -3.48430, 4.92852, 0.44220, 2.35600, 6.00000, 311188.00000, 65892.00000, 173189.50000, 8888534924.91667, 94279.02696, 0.91102, 2.59457, 1.29147, -2.88604, 0.16667, 0.83333
3.93313, 1.97536, -2.21782, 4.92852, 0.46544, 2.03756, 7.00000, 418060.00000, 64128.00000, 244291.57143, 10054718991.10204, 100273.22171, 0.91102, 1.05443, 0.54989, -0.60432, 0.42857, 0.57143
4.02561, 0.70086, -2.75567, 4.92853, 0.17237, 2.16413, 6.00000, 427177.00000, 104261.00000, 322752.50000, 13909047683.91667, 117936.62571, 0.90081, 1.98030, 0.39414, -1.37444, 0.50000, 0.50000
3.75484, 1.40973, -2.85909, 4.92550, 0.35916, 2.19010, 6.00000, 420135.00000, 143786.00000, 293284.00000, 9677695528.33333, 98375.27905, 0.94766, 1.66465, 0.58922, -1.25387, 0.50000, 0.50000
2.20355, 3.47499, -2.68919, 4.91558, 1.00567, 2.14966, 18.00000, 499020.00000, 26808.00000, 201731.50000, 28383372654.13889, 168473.65567, 1.08598, 0.74373, 1.15838, -0.90211, 0.11111, 0.88889
3.47499, 2.68919, -2.20355, 4.91558, 0.65860, 2.03563, 3.00000, 272234.00000, 217465.00000, 251487.66667, 588071073.55556, 24250.17677, 1.08598, 0.87972, 0.68510, -0.56481, 0.00000, 1.00000
2.68919, 2.20355, -3.47499, 4.91558, 0.68646, 2.35595, 3.00000, 496420.00000, 88489.00000, 236524.66667, 33990909306.88889, 184366.23690, 1.08598, 1.85065, 1.52573, -2.37638, 0.00000, 1.00000
2.83550, 2.83550, -2.83550, 4.91123, 0.78540, 2.18628, 16.00000, 464500.00000, 33259.00000, 185603.12500, 17451466212.85938, 132103.99772, 1.14286, 1.00000, 1.00000, -1.00000, 0.06250, 0.93750
2.75567, -4.02561, 0.70086, 4.92853, -0.97053, 1.42811, 15.00000, 472741.00000, 51288.00000, 190976.66667, 9377101882.48889, 96835.43712, 0.90081, -6.49176, 9.35336, -1.86160, 1.00000, 0.00000
3.48430, -3.15040, 1.49161, 4.92852, -0.73511, 1.26333, 24.00000, 485317.00000, 41612.00000, 225033.45833, 17740931305.74826, 133195.08739, 0.91102, 1.82322, -1.63909, 0.81587, 1.00000, 0.00000
2.21782, -3.93313, 1.97536, 4.92852, -1.05736, 1.15840, 16.00000, 420822.00000, 66465.00000, 185669.93750, 15278063845.05859, 123604.46531, 0.91102, 6.05607, -10.56672, 5.51065, 1.00000, 0.00000
2.85909, -3.75484, 1.40973, 4.92550, -0.92001, 1.28053, 16.00000, 352040.00000, 50534.00000, 149293.81250, 7909931832.27734, 88937.79755, 0.94766, 7.02665, -9.32863, 3.30198, 1.00000, 0.00000
3.93313, -1.97536, 2.21782, 4.92852, -0.46544, 1.10403, 38.00000, 364454.00000, 21388.00000, 138831.92105, 10250641016.28324, 101245.44936, 0.91102, 0.95092, -0.49591, 0.54500, 1.00000, 0.00000
4.02561, -0.70086, 2.75567, 4.92853, -0.17237, 0.97747, 71.00000, 400277.00000, 13034.00000, 120494.60563, 8772409031.05574, 93661.13939, 0.90081, 0.66888, -0.13313, 0.46424, 1.00000, 0.00000
3.15040, -1.49161, 3.48430, 4.92852, -0.44220, 0.78559, 75.00000, 489020.00000, 9192.00000, 126753.34667, 12808486034.94649, 113174.58211, 0.91102, 0.61936, -0.30829, 0.68893, 1.00000, 0.00000
3.75484, -1.40973, 2.85909, 4.92550, -0.35916, 0.95149, 62.00000, 499709.00000, 12936.00000, 142160.58065, 16791905271.98543, 129583.58411, 0.94766, 0.71466, -0.25296, 0.53830, 1.00000, 0.00000
1.49161, -3.48430, 3.15040, 4.92852, -1.16631, 0.87732, 30.00000, 482192.00000, 33774.00000, 168302.26667, 17648821743.59556, 132848.86806, 0.91102, 1.29147, -2.88604, 2.59457, 1.00000, 0.00000
1.97536, -2.21782, 3.93313, 4.92852, -0.84316, 0.64677, 52.00000, 349552.00000, 18328.00000, 120149.92308, 7999292355.14793, 89438.76316, 0.91102, 0.54989, -0.60432, 1.05443, 1.00000, 0.00000
0.70086, -2.75567, 4.02561, 4.92853, -1.32174, 0.61496, 11.00000, 338186.00000, 41888.00000, 182520.18182, 11274567247.05785, 106181.76513, 0.90081, 0.39414, -1.37444, 1.98030, 1.00000, 0.00000
1.40973, -2.85909, 3.75484, 4.92550, -1.11271, 0.70390, 37.00000, 475595.00000, 37163.00000, 190493.78378, 16092716376.38568, 126857.07066, 0.94766, 0.58922, -1.25387, 1.66465, 1.00000, 0.00000
3.47499, -2.68919, 2.20355, 4.91558, -0.65860, 1.10596, 23.00000, 343544.00000, 32124.00000, 174753.82609, 9865793712.40454, 99326.70191, 1.08598, 1.15838, -0.90211, 0.74373, 1.00000, 0.00000
2.68919, -2.20355, 3.47499, 4.91558, -0.68646, 0.78564, 43.00000, 404293.00000, 12272.00000, 135236.62791, 8779668663.11736, 93699.88614, 1.08598, 0.68510, -0.56481, 0.87972, 1.00000, 0.00000
2.20355, -3.47499, 2.68919, 4.91558, -1.00567, 0.99193, 17.00000, 485727.00000, 49193.00000, 204413.05882, 13430138221.93772, 115888.47321, 1.08598, 1.52573, -2.37638, 1.85065, 1.00000, 0.00000
2.83550, -2.83550, 2.83550, 4.91123, -0.78540, 0.95532, 39.00000, 374272.00000, 27938.00000, 133554.02564, 7863039950.74293, 88673.78390, 1.14286, 1.00000, -1.00000, 1.00000, 1.00000, 0.00000
2.05481, -4.45876, 0.43315, 4.92853, -1.13896, 1.48280, 3.00000, 468453.00000, 296756.00000, 371925.00000, 5141413408.66667, 71703.64990, 0.90081, -0.98030, 2.22389, -0.24359, 1.00000, 0.00000
1.50894, -4.37124, 1.70460, 4.92852, -1.23841, 1.21764, 14.00000, 489355.00000, 43229.00000, 282459.64286, 20993707431.51531, 144892.05441, 0.91102, -1.19997, 3.63662, -1.43665, 1.00000, 0.00000
0.72621, -4.85499, 0.43811, 4.92852, -1.42232, 1.48179, 6.00000, 331670.00000, 155812.00000, 230448.16667, 3599196374.80556, 59993.30275, 0.91102, -0.18312, 1.31474, -0.13162, 1.00000, 0.00000
1.44936, -4.62611, 0.87126, 4.92550, -1.26718, 1.39297, 3.00000, 338698.00000, 102649.00000, 191905.66667, 10941698202.88889, 104602.57264, 0.94766, -0.66465, 2.02881, -0.36416, 1.00000, 0.00000
0.78273, -3.92241, 2.87963, 4.92852, -1.37383, 0.94680, 18.00000, 385318.00000, 56790.00000, 200046.11111, 9947273677.76543, 99736.01996, 0.91102, -2.08678, 10.75154, -7.66476, 1.00000, 0.00000
0.00000, -3.18882, 3.75791, 4.92853, -1.57080, 0.70366, 11.00000, 481594.00000, 80786.00000, 237556.00000, 18056354700.90909, 134373.93609, 0.90081, 0.00000, -7.64229, 8.64229, 1.00000, 0.00000
-0.78273, -3.92241, 2.87963, 4.92852, -1.76776, 0.94680, 4.00000, 340950.00000, 132563.00000, 274800.00000, 7085688378.50000, 84176.53104, 0.91102, 0.40335, 2.07817, -1.48153, 0.75000, 0.25000
0.00000, -3.73035, 3.21637, 4.92550, -1.57080, 0.85925, 9.00000, 446796.00000, 64674.00000, 254340.33333, 16361989652.22222, 127913.99318, 0.94766, -0.00000, 9.06739, -8.06739, 1.00000, 0.00000
-0.72621, -4.85499, 0.43811, 4.92852, -1.71928, 1.48179, 3.00000, 409064.00000, 186675.00000, 308451.66667, 8466775722.88889, 92015.08421, 0.91102, 0.13403, 0.96230, -0.09634, 1.00000, 0.00000
-1.50894, -4.37124, 1.70460, 4.92852, -1.90319, 1.21764, 2.00000, 208409.00000, 100335.00000, 154372.00000, 2919997369.00000, 54037.00000, 0.91102, 0.35294, 1.06961, -0.42255, 1.00000, 0.00000
-2.05481, -4.45876, 0.43315, 4.92853, -2.00263, 1.48280, 4.00000, 340796.00000, 125442.00000, 222070.00000, 7162856757.50000, 84633.66208, 0.90081, 0.33112, 0.75116, -0.08228, 1.00000, 0.00000
-1.44936, -4.62611, 0.87126, 4.92550, -1.87441, 1.39297, 1.00000, 324937.00000, 324937.00000, 324937.00000, 0.00000, 0.00000, 0.94766, 0.28534, 0.87099, -0.15634, 1.00000, 0.00000
0.78579, -4.35121, 2.14766, 4.91558, -1.39213, 1.11864, 2.00000, 302752.00000, 139235.00000, 220993.50000, 6684452322.25000, 81758.50000, 1.08598, -0.52573, 2.99442, -1.46868, 1.00000, 0.00000
-0.78579, -4.35121, 2.14766, 4.91558, -1.74946, 1.11864, 6.00000, 304503.00000, 99852.00000, 176956.66667, 4744901974.22222, 68883.24887, 1.08598, 0.25627, 1.45965, -0.71592, 0.83333, 0.16667
0.00000, -4.83686, 0.87622, 4.91558, -1.57080, 1.39159, 2.00000, 435124.00000, 306895.00000, 371009.50000, 4110669110.25000, 64114.50000, 1.08598, -0.00000, 1.22879, -0.22879, 0.50000, 0.50000
0.00000, -4.58794, 1.75244, 4.91123, -1.57080, 1.20593, 3.00000, 290155.00000, 122199.00000, 196019.00000, 4907906250.66667, 70056.45046, 1.14286, -0.00000, 1.61803, -0.61803, 1.00000, 0.00000
2.05481, -4.45876, -0.43315, 4.92853, -1.13896, 1.65880, 3.00000, 401483.00000, 270216.00000, 339821.66667, 2903393764.22222, 53883.14917, 0.90081, -0.65917, 1.49537, 0.16379, 0.66667, 0.33333
0.72621, -4.85499, -0.43811, 4.92852, -1.42232, 1.65981, 3.00000, 329267.00000, 176396.00000, 276376.66667, 5003673520.22222, 70736.64906, 0.91102, -0.14496, 1.04077, 0.10419, 1.00000, 0.00000
1.50894, -4.37124, -1.70460, 4.92852, -1.23841, 1.92396, 3.00000, 464525.00000, 265201.00000, 340957.66667, 7764606086.22222, 88117.00225, 0.91102, -0.30980, 0.93889, 0.37091, 0.66667, 0.33333
1.44936, -4.62611, -0.87126, 4.92550, -1.26718, 1.74862, 3.00000, 288163.00000, 151601.00000, 219294.33333, 3108887344.88889, 55757.39722, 0.94766, -0.38457, 1.17386, 0.21070, 0.66667, 0.33333
-0.72621, -4.85499, -0.43811, 4.92852, -1.71928, 1.65981, 3.00000, 464625.00000, 264873.00000, 387400.66667, 7676339589.55555, 87614.72245, 0.91102, 0.11238, 0.80685, 0.08077, 0.66667, 0.33333
-2.05481, -4.45876, -0.43315, 4.92853, -2.00263, 1.65880, 3.00000, 440800.00000, 70094.00000, 292827.66667, 25698451553.55555, 160307.36587, 0.90081, 0.28433, 0.64502, 0.07065, 0.00000, 1.00000
-1.50894, -4.37124, -1.70460, 4.92852, -1.90319, 1.92396, 2.00000, 140657.00000, 91037.00000, 115847.00000, 615536100.00000, 24810.00000, 0.91102, 0.19128, 0.57970, 0.22901, 0.00000, 1.00000
-1.44936, -4.62611, -0.87126, 4.92550, -1.87441, 1.74862, 1.00000, 143960.00000, 143960.00000, 143960.00000, 0.00000, 0.00000, 0.94766, 0.21738, 0.66353, 0.11910, 1.00000, 0.00000
0.78273, -3.92241, -2.87963, 4.92852, -1.37383, 2.19479, 3.00000, 342756.00000, 252993.00000, 290077.66667, 1464480581.55556, 38268.53252, 0.91102, -0.12779, 0.65841, 0.46938, 0.33333, 0.66667
-0.78273, -3.92241, -2.87963, 4.92852, -1.76776, 2.19479, 5.00000, 386836.00000, 95706.00000, 239775.20000, 9556464842.96000, 97757.17285, 0.91102, 0.10178, 0.52439, 0.37383, 0.00000, 1.00000
0.00000, -3.18882, -3.75791, 4.92853, -1.57080, 2.43793, 2.00000, 225537.00000, 126753.00000, 176145.00000, 2439569664.00000, 49392.00000, 0.90081, 0.00000, 0.46930, 0.53070, 0.00000, 1.00000
0.00000, -3.73035, -3.21637, 4.92550, -1.57080, 2.28234, 3.00000, 376056.00000, 146747.00000, 257816.00000, 8789481200.66667, 93752.23304, 0.94766, -0.00000, 0.52918, 0.47082, 0.33333, 0.66667
0.00000, -4.83686, -0.87622, 4.91558, -1.57080, 1.75001, 0.00000, 0.00000, 0.00000, 0.00000, 0.00000, 0.00000, 1.08598, -0.00000, 0.84303, 0.15697, 0.00000, 0.00000
-0.78579, -4.35121, -2.14766, 4.91558, -1.74946, 2.02296, 0.00000, 0.00000, 0.00000, 0.00000, 0.00000, 0.00000, 1.08598, 0.10538, 0.60022, 0.29439, 0.00000, 0.00000
0.78579, -4.35121, -2.14766, 4.91558, -1.39213, 2.02296, 3.00000, 278405.00000, 66804.00000, 196888.33333, 8641906322.88889, 92961.85413, 1.08598, -0.13352, 0.76051, 0.37301, 0.66667, 0.33333
0.00000, -4.58794, -1.75244, 4.91123, -1.57080, 1.93566, 1.00000, 425044.00000, 425044.00000, 425044.00000, 0.00000, 0.00000, 1.14286, -0.00000, 0.72361, 0.27639, 0.00000, 1.00000
2.75567, -4.02561, -0.70086, 4.92853, -0.97053, 1.71348, 8.00000, 362007.00000, 95418.00000, 244185.12500, 7716521932.35938, 87843.73587, 0.90081, -1.37444, 1.98030, 0.39414, 0.75000, 0.25000
2.21782, -3.93313, -1.97536, 4.92852, -1.05736, 1.98319, 8.00000, 399994.00000, 120687.00000, 260949.12500, 9567416499.60938, 97813.17140, 0.91102, -0.60432, 1.05443, 0.54989, 0.87500, 0.12500
3.48430, -3.15040, -1.49161, 4.92852, -0.73511, 1.87827, 9.00000, 425675.00000, 131167.00000, 280228.00000, 11349712715.77778, 106535.03046, 0.91102, -2.88604, 2.59457, 1.29147, 0.66667, 0.33333
2.85909, -3.75484, -1.40973, 4.92550, -0.92001, 1.86107, 6.00000, 460432.00000, 61819.00000, 235826.16667, 18670648491.80556, 136640.58142, 0.94766, -1.25387, 1.66465, 0.58922, 0.83333, 0.16667
1.49161, -3.48430, -3.15040, 4.92852, -1.16631, 2.26428, 8.00000, 439726.00000, 85570.00000, 301747.50000, 15233774282.50000, 123425.17686, 0.91102, -0.30829, 0.68893, 0.61936, 0.37500, 0.62500
0.70086, -2.75567, -4.02561, 4.92853, -1.32174, 2.52663, 2.00000, 157745.00000, 132800.00000, 145272.50000, 155563256.25000, 12472.50000, 0.90081, -0.13313, 0.46424, 0.66888, 0.00000, 1.00000
1.97536, -2.21782, -3.93313, 4.92852, -0.84316, 2.49482, 6.00000, 440418.00000, 144833.00000, 320677.00000, 10611126866.33333, 103010.32408, 0.91102, -0.49591, 0.54500, 0.95092, 0.33333, 0.66667
1.40973, -2.85909, -3.75484, 4.92550, -1.11271, 2.43770, 0.00000, 0.00000, 0.00000, 0.00000, 0.00000, 0.00000, 0.94766, -0.25296, 0.53830, 0.71466, 0.00000, 0.00000
3.93313, -1.97536, -2.21782, 4.92852, -0.46544, 2.03756, 4.00000, 305210.00000, 38458.00000, 182201.00000, 12361265955.00000, 111181.23023, 0.91102, -10.56672, 5.51065, 6.05607, 1.00000, 0.00000
3.15040, -1.49161, -3.48430, 4.92852, -0.44220, 2.35600, 8.00000, 471720.00000, 161577.00000, 327669.50000, 9326444905.50000, 96573.52073, 0.91102, -1.63909, 0.81587, 1.82322, 0.25000, 0.75000
4.02561, -0.70086, -2.75567, 4.92853, -0.17237, 2.16413, 3.00000, 393137.00000, 131298.00000, 304599.00000, 15018993404.66667, 122552.00286, 0.90081, 9.35336, -1.86160, -6.49176, 0.33333, 0.66667
3.75484, -1.40973, -2.85909, 4.92550, -0.35916, 2.19010, 5.00000, 483287.00000, 119686.00000, 329336.40000, 14093983645.04000, 118718.08474, 0.94766, -9.32863, 3.30198, 7.02665, 0.60000, 0.40000
2.20355, -3.47499, -2.68919, 4.91558, -1.00567, 2.14966, 2.00000, 280733.00000, 171907.00000, 226320.00000, 2960774569.00000, 54413.00000, 1.08598, -0.56481, 0.87972, 0.68510, 0.00000, 1.00000
2.68919, -2.20355, -3.47499, 4.91558, -0.68646, 2.35595, 0.00000, 0.00000, 0.00000, 0.00000, 0.00000, 0.00000, 1.08598, -0.90211, 0.74373, 1.15838, 0.00000, 0.00000
3.47499, -2.68919, -2.20355, 4.91558, -0.65860, 2.03563, 3.00000, 369905.00000, 323287.00000, 351139.00000, 403484018.66667, 20086.91163, 1.08598, -2.37638, 1.85065, 1.52573, 1.00000, 0.00000
2.83550, -2.83550, -2.83550, 4.91123, -0.78540, 2.18628, 3.00000, 363444.00000, 251869.00000, 320698.66667, 2415026326.88889, 49142.91736, 1.14286, -1.00000, 1.00000, 1.00000, 0.66667, 0.33333
3.18882, -3.75791, 0.00000, 4.92853, -0.86714, 1.57080, 18.00000, 443062.00000, 80662.00000, 243528.83333, 11815208087.58334, 108697.78327, 0.90081, -7.64229, 8.64229, -0.00000, 1.00000, 0.00000
3.92241, -2.87963, -0.78273, 4.92852, -0.63328, 1.73029, 6.00000, 258957.00000, 48554.00000, 131466.50000, 4119227374.91667, 64181.20733, 0.91102, 10.75154, -7.66476, -2.08678, 1.00000, 0.00000
3.92241, -2.87963, 0.78273, 4.92852, -0.63328, 1.41130, 13.00000, 439969.00000, 29667.00000, 242380.23077, 14314780194.63906, 119644.39057, 0.91102, 2.07817, -1.48153, 0.40335, 1.00000, 0.00000
3.73035, -3.21637, 0.00000, 4.92550, -0.71154, 1.57080, 9.00000, 308884.00000, 52955.00000, 174730.44444, 7233696765.80247, 85051.14206, 0.94766, 9.06739, -8.06739, 0.00000, 1.00000, 0.00000
4.37124, -1.70460, -1.50894, 4.92852, -0.37182, 1.88196, 10.00000, 474711.00000, 85846.00000, 256822.10000, 17655154314.49000, 132872.69966, 0.91102, 3.63662, -1.43665, -1.19997, 0.90000, 0.10000
4.45876, -0.43315, -2.05481, 4.92853, -0.09684, 2.00085, 9.00000, 451184.00000, 59064.00000, 278077.22222, 16044349101.95061, 126666.29031, 0.90081, 2.22389, -0.24359, -0.98030, 0.77778, 0.22222
4.85499, -0.43811, -0.72621, 4.92852, -0.09000, 1.71868, 12.00000, 442829.00000, 79211.00000, 245837.16667, 14394437340.63889, 119976.82001, 0.91102, 1.31474, -0.13162, -0.18312, 1.00000, 0.00000
4.62611, -0.87126, -1.44936, 4.92550, -0.18616, 1.86947, 3.00000, 454351.00000, 132963.00000, 240179.33333, 22934762754.88889, 151442.27532, 0.94766, 2.02881, -0.36416, -0.66465, 0.66667, 0.33333
4.37124, -1.70460, 1.50894, 4.92852, -0.37182, 1.25963, 36.00000, 430276.00000, 31174.00000, 164712.80556, 15286150899.10108, 123637.17442, 0.91102, 1.06961, -0.42255, 0.35294, 0.97222, 0.02778
4.85499, -0.43811, 0.72621, 4.92852, -0.09000, 1.42291, 18.00000, 439293.00000, 29462.00000, 131147.22222, 13573873626.17284, 116506.96814, 0.91102, 0.96230, -0.09634, 0.13403, 0.94444, 0.05556
4.45876, -0.43315, 2.05481, 4.92853, -0.09684, 1.14074, 46.00000, 458614.00000, 18842.00000, 154080.80435, 14465066773.28781, 120270.80599, 0.90081, 0.75116, -0.08228, 0.33112, 0.97826, 0.02174
4.62611, -0.87126, 1.44936, 4.92550, -0.18616, 1.27212, 37.00000, 468980.00000, 36668.00000, 136318.13514, 12102565270.00877, 110011.65970, 0.94766, 0.87099, -0.15634, 0.28534, 1.00000, 0.00000
4.35121, -2.14766, -0.78579, 4.91558, -0.45850, 1.73134, 10.00000, 420083.00000, 47022.00000, 203914.30000, 14281327635.61000, 119504.50885, 1.08598, 2.99442, -1.46868, -0.52573, 0.90000, 0.10000
4.83686, -0.87622, 0.00000, 4.91558, -0.17921, 1.57080, 13.00000, 394581.00000, 65568.00000, 200150.46154, 10969383045.94083, 104734.82251, 1.08598, 1.22879, -0.22879, 0.00000, 1.00000, 0.00000
4.35121, -2.14766, 0.78579, 4.91558, -0.45850, 1.41025, 14.00000, 441443.00000, 25018.00000, 166226.78571, 13994977455.16837, 118300.36963, 1.08598, 1.45965, -0.71592, 0.25627, 1.00000, 0.00000
4.58794, -1.75244, 0.00000, 4.91123, -0.36486, 1.57080, 15.00000, 459290.00000, 43151.00000, 226328.80000, 14996028657.22667, 122458.27313, 1.14286, 1.61803, -0.61803, 0.00000, 1.00000, 0.00000
0.43315, -2.05481, 4.45876, 4.92853, -1.36304, 0.44016, 29.00000, 473504.00000, 19358.00000, 159424.79310, 11604074049.95719, 107722.20778, 0.90081, 0.16379, -0.65917, 1.49537, 1.00000, 0.00000
1.70460, -1.50894, 4.37124, 4.92852, -0.72459, 0.48015, 76.00000, 427123.00000, 15913.00000, 138484.18421, 11621957330.41343, 107805.18230, 0.91102, 0.37091, -0.30980, 0.93889, 1.00000, 0.00000
0.43811, -0.72621, 4.85499, 4.92852, -1.02797, 0.17295, 38.00000, 474307.00000, 19515.00000, 160810.21053, 15776022338.42936, 125602.63667, 0.91102, 0.10419, -0.14496, 1.04077, 1.00000, 0.00000
0.87126, -1.44936, 4.62611, 4.92550, -1.02954, 0.35046, 21.00000, 470181.00000, 23807.00000, 190788.14286, 14305550906.12245, 119605.81468, 0.94766, 0.21070, -0.38457, 1.17386, 1.00000, 0.00000
2.87963, -0.78273, 3.92241, 4.92852, -0.26540, 0.65037, 83.00000, 491792.00000, 12829.00000, 117369.68675, 10284316096.38380, 101411.61717, 0.91102, 0.46938, -0.12779, 0.65841, 1.00000, 0.00000
3.75791, 0.00000, 3.18882, 4.92853, 0.00000, 0.86714, 66.00000, 486231.00000, 13966.00000, 114459.86364, 10282945067.42080, 101404.85722, 0.90081, 0.53070, -0.00000, 0.46930, 1.00000, 0.00000
2.87963, 0.78273, 3.92241, 4.92852, 0.26540, 0.65037, 89.00000, 416433.00000, 12496.00000, 113410.59551, 7990263722.42065, 89388.27508, 0.91102, 0.37383, 0.10178, 0.52439, 0.98876, 0.01124
3.21637, 0.00000, 3.73035, 4.92550, 0.00000, 0.71154, 84.00000, 398022.00000, 8742.00000, 113484.50000, 7708887602.67857, 87800.27109, 0.94766, 0.47082, -0.00000, 0.52918, 1.00000, 0.00000
0.43811, 0.72621, 4.85499, 4.92852, 1.02797, 0.17295, 28.00000, 338383.00000, 31989.00000, 162899.92857, 8825379212.20918, 93943.48946, 0.91102, 0.08077, 0.11238, 0.80685, 1.00000, 0.00000
1.70460, 1.50894, 4.37124, 4.92852, 0.72459, 0.48015, 59.00000, 474892.00000, 17191.00000, 123938.15254, 12863651731.41741, 113418.03971, 0.91102, 0.22901, 0.19128, 0.57970, 1.00000, 0.00000
0.43315, 2.05481, 4.45876, 4.92853, 1.36304, 0.44016, 20.00000, 468093.00000, 42755.00000, 205458.75000, 20910080060.58750, 144603.18136, 0.90081, 0.07065, 0.28433, 0.64502, 0.95000, 0.05000
0.87126, 1.44936, 4.62611, 4.92550, 1.02954, 0.35046, 37.00000, 460847.00000, 37120.00000, 199589.56757, 13775950729.38057, 117370.99612, 0.94766, 0.11910, 0.21738, 0.66353, 0.91892, 0.08108
2.14766, -0.78579, 4.35121, 4.91558, -0.35075, 0.48390, 65.00000, 476741.00000, 16335.00000, 146232.30769, 15009189592.88994, 122511.99775, 1.08598, 0.37301, -0.13352, 0.76051, 1.00000, 0.00000
2.14766, 0.78579, 4.35121, 4.91558, 0.35075, 0.48390, 59.00000, 448578.00000, 15425.00000, 113073.28814, 6437913783.45935, 80236.61124, 1.08598, 0.29439, 0.10538, 0.60022, 1.00000, 0.00000
0.87622, 0.00000, 4.83686, 4.91558, 0.00000, 0.17921, 42.00000, 460921.00000, 25083.00000, 127864.42857, 13076569898.91156, 114352.83074, 1.08598, 0.15697, -0.00000, 0.84303, 0.97619, 0.02381
1.75244, 0.00000, 4.58794, 4.91123, 0.00000, 0.36486, 75.00000, 474803.00000, 11981.00000, 125931.46667, 13005804700.67555, 114042.99497, 1.14286, 0.27639, 0.00000, 0.72361, 0.98667, 0.01333
-2.75567, -4.02561, 0.70086, 4.92853, -2.17107, 1.42811, 0.00000, 0.00000, 0.00000, 0.00000, 0.00000, 0.00000, 0.90081, 0.46424, 0.66888, -0.13313, 0.00000, 0.00000
-2.21782, -3.93313, 1.97536, 4.92852, -2.08423, 1.15840, 5.00000, 348472.00000, 160916.00000, 249045.80000, 4194402367.36000, 64764.20591, 0.91102, 0.54500, 0.95092, -0.49591, 0.80000, 0.20000
-3.48430, -3.15040, 1.49161, 4.92852, -2.40648, 1.26333, 2.00000, 281610.00000, 184968.00000, 233289.00000, 2334919041.00000, 48321.00000, 0.91102, 0.68893, 0.61936, -0.30829, 0.00000, 1.00000
-2.85909, -3.75484, 1.40973, 4.92550, -2.22158, 1.28053, 0.00000, 0.00000, 0.00000, 0.00000, 0.00000, 0.00000, 0.94766, 0.53830, 0.71466, -0.25296, 0.00000, 0.00000
-1.49161, -3.48430, 3.15040, 4.92852, -1.97528, 0.87732, 5.00000, 455180.00000, 281493.00000, 359381.40000, 3487880384.24000, 59058.27956, 0.91102, 0.81587, 1.82322, -1.63909, 0.80000, 0.20000
-0.70086, -2.75567, 4.02561, 4.92853, -1.81985, 0.61496, 11.00000, 483460.00000, 34854.00000, 217836.90909, 20711776378.62810, 143915.86563, 0.90081, -1.86160, -6.49176, 9.35336, 1.00000, 0.00000
-1.97536, -2.21782, 3.93313, 4.92852, -2.29844, 0.64677, 13.00000, 378382.00000, 88712.00000, 187668.46154, 5834086452.40237, 76381.19175, 0.91102, 5.51065, 6.05607, -10.56672, 0.92308, 0.07692
-1.40973, -2.85909, 3.75484, 4.92550, -2.02888, 0.70390, 8.00000, 403011.00000, 63383.00000, 212569.75000, 15327910452.43750, 123805.93868, 0.94766, 3.30198, 7.02665, -9.32863, 0.87500, 0.12500
-3.93313, -1.97536, 2.21782, 4.92852, -2.67616, 1.10403, 0.00000, 0.00000, 0.00000, 0.00000, 0.00000, 0.00000, 0.91102, 1.05443, 0.54989, -0.60432, 0.00000, 0.00000
-3.15040, -1.49161, 3.48430, 4.92852, -2.69940, 0.78559, 2.00000, 176500.00000, 156307.00000, 166403.50000, 101939312.25000, 10096.50000, 0.91102, 2.59457, 1.29147, -2.88604, 1.00000, 0.00000
-4.02561, -0.70086, 2.75567, 4.92853, -2.96922, 0.97747, 4.00000, 290762.00000, 85678.00000, 203749.50000, 5503111264.75000, 74182.95805, 0.90081, 1.98030, 0.39414, -1.37444, 0.25000, 0.75000
-3.75484, -1.40973, 2.85909, 4.92550, -2.78243, 0.95149, 7.00000, 406233.00000, 203952.00000, 303272.14286, 6306378468.69388, 79412.70974, 0.94766, 1.66465, 0.58922, -1.25387, 0.85714, 0.14286
-2.20355, -3.47499, 2.68919, 4.91558, -2.13592, 0.99193, 1.00000, 454640.00000, 454640.00000, 454640.00000, 0.00000, 0.00000, 1.08598, 0.74373, 1.15838, -0.90211, 1.00000, 0.00000
-2.68919, -2.20355, 3.47499, 4.91558, -2.45513, 0.78564, 4.00000, 499421.00000, 151336.00000, 318126.75000, 18273459373.18750, 135179.36001, 1.08598, 1.85065, 1.52573, -2.37638, 0.75000, 0.25000
-3.47499, -2.68919, 2.20355, 4.91558, -2.48299, 1.10596, 3.00000, 298862.00000, 171623.00000, 215746.66667, 3458468888.22222, 58808.74840, 1.08598, 0.87972, 0.68510, -0.56481, 1.00000, 0.00000
-2.83550, -2.83550, 2.83550, 4.91123, -2.35619, 0.95532, 3.00000, 369176.00000, 238130.00000, 293359.66667, 3074081108.22222, 55444.39654, 1.14286, 1.00000, 1.00000, -1.00000, 0.66667, 0.33333
-0.70086, -2.75567, -4.02561, 4.92853, -1.81985, 2.52663, 3.00000, 410323.00000, 67817.00000, 282693.66667, 23357775259.55556, 152832.50721, 0.90081, 0.10514, 0.36663, 0.52824, 0.66667, 0.33333
-1.49161, -3.48430, -3.15040, 4.92852, -1.97528, 2.26428, 2.00000, 392663.00000, 86160.00000, 239411.50000, 23486022252.25000, 153251.50000, 0.91102, 0.19070, 0.42617, 0.38313, 0.00000, 1.00000
-1.97536, -2.21782, -3.93313, 4.92852, -2.29844, 2.49482, 8.00000, 483231.00000, 66041.00000, 233425.62500, 20909438855.48438, 144600.96423, 0.91102, 0.24897, 0.27362, 0.47741, 0.00000, 1.00000
-1.40973, -2.85909, -3.75484, 4.92550, -2.02888, 2.43770, 3.00000, 403491.00000, 362398.00000, 388642.66667, 346377314.88889, 18611.21476, 0.94766, 0.16798, 0.35746, 0.47456, 0.00000, 1.00000
-2.21782, -3.93313, -1.97536, 4.92852, -2.08423, 1.98319, 2.00000, 192969.00000, 185343.00000, 189156.00000, 14538969.00000, 3813.00000, 0.91102, 0.27362, 0.47741, 0.24897, 0.00000, 1.00000
-2.75567, -4.02561, -0.70086, 4.92853, -2.17107, 1.71348, 0.00000, 0.00000, 0.00000, 0.00000, 0.00000, 0.00000, 0.90081, 0.36663, 0.52824, 0.10514, 0.00000, 0.00000
-3.48430, -3.15040, -1.49161, 4.92852, -2.40648, 1.87827, 8.00000, 329110.00000, 89919.00000, 231920.75000, 8553939857.43750, 92487.51190, 0.91102, 0.42617, 0.38313, 0.19070, 0.00000, 1.00000
-2.85909, -3.75484, -1.40973, 4.92550, -2.22158, 1.86107, 1.00000, 389717.00000, 389717.00000, 389717.00000, 0.00000, 0.00000, 0.94766, 0.35746, 0.47456, 0.16798, 0.00000, 1.00000
-3.15040, -1.49161, -3.48430, 4.92852, -2.69940, 2.35600, 14.00000, 394106.00000, 51054.00000, 172139.71429, 11908739066.48980, 109127.16924, 0.91102, 0.38313, 0.19070, 0.42617, 0.00000, 1.00000
-3.93313, -1.97536, -2.21782, 4.92852, -2.67616, 2.03756, 11.00000, 474500.00000, 30940.00000, 196184.54545, 19086170166.06612, 138152.70597, 0.91102, 0.47741, 0.24897, 0.27362, 0.00000, 1.00000
-4.02561, -0.70086, -2.75567, 4.92853, -2.96922, 2.16413, 28.00000, 435224.00000, 18743.00000, 181071.57143, 16584379165.31633, 128780.35240, 0.90081, 0.52824, 0.10514, 0.36663, 0.00000, 1.00000
-3.75484, -1.40973, -2.85909, 4.92550, -2.78243, 2.19010, 9.00000, 467289.00000, 75585.00000, 255617.22222, 21667874083.72840, 147200.11577, 0.94766, 0.47456, 0.16798, 0.35746, 0.00000, 1.00000
-2.20355, -3.47499, -2.68919, 4.91558, -2.13592, 2.14966, 2.00000, 402613.00000, 208474.00000, 305543.50000, 9422487830.25000, 97069.50000, 1.08598, 0.26522, 0.41309, 0.32170, 0.00000, 1.00000
-3.47499, -2.68919, -2.20355, 4.91558, -2.48299, 2.03563, 5.00000, 298940.00000, 130198.00000, 234159.40000, 3624051482.64000, 60200.09537, 1.08598, 0.41309, 0.32170, 0.26522, 0.00000, 1.00000
-2.68919, -2.20355, -3.47499, 4.91558, -2.45513, 2.35595, 9.00000, 396537.00000, 55200.00000, 191067.66667, 14615500909.55556, 120894.58594, 1.08598, 0.32170, 0.26522, 0.41309, 0.00000, 1.00000
-2.83550, -2.83550, -2.83550, 4.91123, -2.35619, 2.18628, 6.00000, 382118.00000, 122226.00000, 197649.66667, 8547813769.88889, 92454.38751, 1.14286, 0.33333, 0.33333, 0.33333, 0.00000, 1.00000
3.75791, 0.00000, -3.18882, 4.92853, 0.00000, 2.27446, 2.00000, 437253.00000, 407746.00000, 422499.50000, 217665762.25000, 14753.50000, 0.90081, 8.64229, 0.00000, -7.64229, 0.00000, 1.00000
2.87963, -0.78273, -3.92241, 4.92852, -0.26540, 2.49122, 6.00000, 440368.00000, 154569.00000, 251327.66667, 8230982138.55555, 90724.76034, 0.91102, -1.48153, 0.40335, 2.07817, 0.33333, 0.66667
2.87963, 0.78273, -3.92241, 4.92852, 0.26540, 2.49122, 9.00000, 419678.00000, 65323.00000, 207432.22222, 11803612290.61728, 108644.43055, 0.91102, -7.66476, -2.08678, 10.75154, 0.11111, 0.88889
3.21637, 0.00000, -3.73035, 4.92550, 0.00000, 2.43005, 2.00000, 188293.00000, 107471.00000, 147882.00000, 1633048921.00000, 40411.00000, 0.94766, -8.06739, -0.00000, 9.06739, 0.00000, 1.00000
1.70460, -1.50894, -4.37124, 4.92852, -0.72459, 2.66145, 7.00000, 419212.00000, 145476.00000, 264065.00000, 9814396670.57143, 99067.63685, 0.91102, -0.42255, 0.35294, 1.06961, 0.28571, 0.71429
0.43315, -2.05481, -4.45876, 4.92853, -1.36304, 2.70143, 5.00000, 412573.00000, 122302.00000, 243050.60000, 11849316861.04000, 108854.56748, 0.90081, -0.08228, 0.33112, 0.75116, 0.00000, 1.00000
0.43811, -0.72621, -4.85499, 4.92852, -1.02797, 2.96865, 17.00000, 441821.00000, 33937.00000, 178881.82353, 13861249889.43945, 117733.80946, 0.91102, -0.09634, 0.13403, 0.96230, 0.00000, 1.00000
0.87126, -1.44936, -4.62611, 4.92550, -1.02954, 2.79113, 7.00000, 470175.00000, 81434.00000, 222838.71429, 17589678778.20408, 132626.08634, 0.94766, -0.15634, 0.28534, 0.87099, 0.14286, 0.85714
1.70460, 1.50894, -4.37124, 4.92852, 0.72459, 2.66145, 16.00000, 373407.00000, 39426.00000, 139196.31250, 9873174631.33984, 99363.84972, 0.91102, -1.43665, -1.19997, 3.63662, 0.00000, 1.00000
0.43811, 0.72621, -4.85499, 4.92852, 1.02797, 2.96865, 22.00000, 490215.00000, 37198.00000, 149213.36364, 16821990890.32231, 129699.61793, 0.91102, -0.13162, -0.18312, 1.31474, 0.00000, 1.00000
0.43315, 2.05481, -4.45876, 4.92853, 1.36304, 2.70143, 32.00000, 496480.00000, 18077.00000, 161371.71875, 14206450091.63965, 119190.81379, 0.90081, -0.24359, -0.98030, 2.22389, 0.00000, 1.00000
0.87126, 1.44936, -4.62611, 4.92550, 1.02954, 2.79113, 23.00000, 402031.00000, 26316.00000, 129440.73913, 8314235607.06238, 91182.43036, 0.94766, -0.36416, -0.66465, 2.02881, 0.00000, 1.00000
2.14766, -0.78579, -4.35121, 4.91558, -0.35075, 2.65769, 4.00000, 248435.00000, 79212.00000, 174073.75000, 3694646833.18750, 60783.60662, 1.08598, -0.71592, 0.25627, 1.45965, 0.00000, 1.00000
0.87622, 0.00000, -4.83686, 4.91558, 0.00000, 2.96238, 12.00000, 437139.00000, 61270.00000, 228453.16667, 17364890631.63889, 131775.91067, 1.08598, -0.22879, -0.00000, 1.22879, 0.08333, 0.91667
2.14766, 0.78579, -4.35121, 4.91558, 0.35075, 2.65769, 10.00000, 345162.00000, 119561.00000, 207534.00000, 6714150513.20000, 81939.92014, 1.08598, -1.46868, -0.52573, 2.99442, 0.00000, 1.00000
1.75244, 0.00000, -4.58794, 4.91123, 0.00000, 2.77673, 5.00000, 496437.00000, 102403.00000, 240247.60000, 18635167327.84000, 136510.68576, 1.14286, -0.61803, -0.00000, 1.61803, 0.00000, 1.00000
4.45876, 0.43315, 2.05481, 4.92853, 0.09684, 1.14074, 43.00000, 354385.00000, 17415.00000, 125068.20930, 9452426780.25852, 97223.59169, 0.90081, 0.64502, 0.07065, 0.28433, 1.00000, 0.00000
4.85499, 0.43811, 0.72621, 4.92852, 0.09000, 1.42291, 19.00000, 476963.00000, 50220.00000, 157579.05263, 13439138519.31302, 115927.29842, 0.91102, 0.80685, 0.08077, 0.11238, 1.00000, 0.00000
4.37124, 1.70460, 1.50894, 4.92852, 0.37182, 1.25963, 37.00000, 465925.00000, 26560.00000, 174988.13514, 17767580414.06282, 133295.08773, 0.91102, 0.57970, 0.22901, 0.19128, 0.94595, 0.05405
4.62611, 0.87126, 1.44936, 4.92550, 0.18616, 1.27212, 31.00000, 495178.00000, 29029.00000, 206580.67742, 16047859790.54110, 126680.14758, 0.94766, 0.66353, 0.11910, 0.21738, 1.00000, 0.00000
4.85499, 0.43811, -0.72621, 4.92852, 0.09000, 1.71868, 11.00000, 297527.00000, 90111.00000, 161199.90909, 3681084001.53719, 60671.93751, 0.91102, 1.04077, 0.10419, -0.14496, 1.00000, 0.00000
4.45876, 0.43315, -2.05481, 4.92853, 0.09684, 2.00085, 7.00000, 487777.00000, 73563.00000, 241083.85714, 17458648101.55102, 132131.17763, 0.90081, 1.49537, 0.16379, -0.65917, 1.00000, 0.00000
4.37124, 1.70460, -1.50894, 4.92852, 0.37182, 1.88196, 5.00000, 454327.00000, 148646.00000, 269777.00000, 13490984864.40000, 116150.69894, 0.91102, 0.93889, 0.37091, -0.30980, 0.80000, 0.20000
4.62611, 0.87126, -1.44936, 4.92550, 0.18616, 1.86947, 8.00000, 491010.00000, 170110.00000, 349657.37500, 14472335247.48438, 120301.01931, 0.94766, 1.17386, 0.21070, -0.38457, 0.75000, 0.25000
3.92241, 2.87963, 0.78273, 4.92852, 0.63328, 1.41130, 21.00000, 449499.00000, 67282.00000, 182902.33333, 11397330910.60317, 106758.28263, 0.91102, 0.52439, 0.37383, 0.10178, 0.85714, 0.14286
3.92241, 2.87963, -0.78273, 4.92852, 0.63328, 1.73029, 6.00000, 365634.00000, 99834.00000, 233530.50000, 8968553769.58333, 94702.44859, 0.91102, 0.65841, 0.46938, -0.12779, 0.33333, 0.66667
3.18882, 3.75791, 0.00000, 4.92853, 0.86714, 1.57080, 8.00000, 495140.00000, 47535.00000, 210141.12500, 19400125406.60938, 139284.33295, 0.90081, 0.46930, 0.53070, 0.00000, 0.50000, 0.50000
3.73035, 3.21637, 0.00000, 4.92550, 0.71154, 1.57080, 11.00000, 325302.00000, 93494.00000, 229814.90909, 6315380330.08264, 79469.36724, 0.94766, 0.52918, 0.47082, 0.00000, 0.81818, 0.18182
4.83686, 0.87622, 0.00000, 4.91558, 0.17921, 1.57080, 13.00000, 482137.00000, 76601.00000, 207980.69231, 13896409940.05917, 117883.03500, 1.08598, 0.84303, 0.15697, 0.00000, 0.92308, 0.07692
4.35121, 2.14766, -0.78579, 4.91558, 0.45850, 1.73134, 7.00000, 451325.00000, 105159.00000, 286796.85714, 15881605690.40816, 126022.24284, 1.08598, 0.76051, 0.37301, -0.13352, 0.71429, 0.28571
4.35121, 2.14766, 0.78579, 4.91558, 0.45850, 1.41025, 16.00000, 407333.00000, 47993.00000, 194142.56250, 15645813711.37109, 125083.22714, 1.08598, 0.60022, 0.29439, 0.10538, 0.93750, 0.06250
4.58794, 1.75244, 0.00000, 4.91123, 0.36486, 1.57080, 7.00000, 272746.00000, 63251.00000, 162922.00000, 4509270728.57143, 67151.10370, 1.14286, 0.72361, 0.27639, -0.00000, 1.00000, 0.00000
