-2.75567, 4.02561, 0.70086, 4.92853, 2.17107, 1.42811, 53.00000, 483203.00000, 37435.00000, 157392.45283, 11167551647.34212, 105676.63719, 0.90081, -1.37444, 1.98030, 0.39414, 0.07547, 0.92453
-3.48430, 3.15040, 1.49161, 4.92852, 2.40648, 1.26333, 50.00000, 446640.00000, 38449.00000, 182682.38000, 14956570307.99560, 122297.05764, 0.91102, -2.88604, 2.59457, 1.29147, 0.14000, 0.86000
-2.21782, 3.93313, 1.97536, 4.92852, 2.08423, 1.15840, 39.00000, 455963.00000, 20597.00000, 153999.66667, 13349520977.45299, 115540.12713, 0.91102, -0.60432, 1.05443, 0.54989, 0.02564, 0.97436
-2.85909, 3.75484, 1.40973, 4.92550, 2.22158, 1.28053, 38.00000, 410301.00000, 26157.00000, 165738.78947, 10302884130.21884, 101503.12375, 0.94766, -1.25387, 1.66465, 0.58922, 0.05263, 0.94737
-3.93313, 1.97536, 2.21782, 4.92852, 2.67616, 1.10403, 29.00000, 489614.00000, 46031.00000, 212397.03448, 12454384995.75743, 111599.21593, 0.91102, -10.56672, 5.51065, 6.05607, 0.20690, 0.79310
-4.02561, 0.70086, 2.75567, 4.92853, 2.96922, 0.97747, 11.00000, 431037.00000, 59901.00000, 161628.36364, 10378623019.32231, 101875.52709, 0.90081, 9.35336, -1.86160, -6.49176, 0.18182, 0.81818
-3.15040, 1.49161, 3.48430, 4.92852, 2.69940, 0.78559, 12.00000, 449019.00000, 63961.00000, 236405.00000, 11071217550.00000, 105219.85340, 0.91102, -1.63909, 0.81587, 1.82322, 0.41667, 0.58333
-3.75484, 1.40973, 2.85909, 4.92550, 2.78243, 0.95149, 12.00000, 456622.00000, 104935.00000, 235149.25000, 12014909009.18750, 109612.54038, 0.94766, -9.32863, 3.30198, 7.02665, 0.33333, 0.66667
-1.49161, 3.48430, 3.15040, 4.92852, 1.97528, 0.87732, 13.00000, 452498.00000, 46791.00000, 240943.61538, 21305503267.92899, 145964.04786, 0.91102, -0.30829, 0.68893, 0.61936, 0.07692, 0.92308
-1.97536, 2.21782, 3.93313, 4.92852, 2.29844, 0.64677, 11.00000, 319111.00000, 89028.00000, 195345.45455, 7639890945.88430, 87406.46970, 0.91102, -0.49591, 0.54500, 0.95092, 0.00000, 1.00000
-0.70086, 2.75567, 4.02561, 4.92853, 1.81985, 0.61496, 5.00000, 437042.00000, 65021.00000, 213635.80000, 18084517616.96000, 134478.68834, 0.90081, -0.13313, 0.46424, 0.66888, 0.00000, 1.00000
-1.40973, 2.85909, 3.75484, 4.92550, 2.02888, 0.70390, 7.00000, 444191.00000, 73401.00000, 168849.14286, 14317554702.97960, 119655.98482, 0.94766, -0.25296, 0.53830, 0.71466, 0.00000, 1.00000
-3.47499, 2.68919, 2.20355, 4.91558, 2.48299, 1.10596, 20.00000, 389778.00000, 30330.00000, 167641.55000, 13045351517.94750, 114216.24892, 1.08598, -2.37638, 1.85065, 1.52573, 0.05000, 0.95000
-2.68919, 2.20355, 3.47499, 4.91558, 2.45513, 0.78564, 11.00000, 446743.00000, 79829.00000, 242760.36364, 15259516178.23141, 123529.41422, 1.08598, -0.90211, 0.74373, 1.15838, 0.09091, 0.90909
-2.20355, 3.47499, 2.68919, 4.91558, 2.13592, 0.99193, 23.00000, 380516.00000, 40108.00000, 193676.39130, 8970635411.97732, 94713.43839, 1.08598, -0.56481, 0.87972, 0.68510, 0.04348, 0.95652
-2.83550, 2.83550, 2.83550, 4.91123, 2.35619, 0.95532, 23.00000, 378874.00000, 71328.00000, 192866.56522, 10698132998.85444, 103431.77944, 1.14286, -1.00000, 1.00000, 1.00000, 0.13043, 0.86957
-2.05481, 4.45876, 0.43315, 4.92853, 2.00263, 1.48280, 54.00000, 483757.00000, 31323.00000, 167496.88889, 14881645751.98765, 121990.35106, 0.90081, -0.65917, 1.49537, 0.16379, 0.11111, 0.88889
-1.50894, 4.37124, 1.70460, 4.92852, 1.90319, 1.21764, 43.00000, 467164.00000, 23477.00000, 180445.83721, 15927180654.36885, 126202.93441, 0.91102, -0.30980, 0.93889, 0.37091, 0.09302, 0.90698
-0.72621, 4.85499, 0.43811, 4.92852, 1.71928, 1.48179, 41.00000, 493707.00000, 31924.00000, 208380.78049, 21480741051.73230, 146563.09580, 0.91102, -0.14496, 1.04077, 0.10419, 0.09756, 0.90244
-1.44936, 4.62611, 0.87126, 4.92550, 1.87441, 1.39297, 40.00000, 409056.00000, 33087.00000, 145283.52500, 11103864059.54937, 105374.87395, 0.94766, -0.38457, 1.17386, 0.21070, 0.00000, 1.00000
-0.78273, 3.92241, 2.87963, 4.92852, 1.76776, 0.94680, 20.00000, 388966.00000, 39888.00000, 167600.05000, 9803836859.04750, 99014.32653, 0.91102, -0.12779, 0.65841, 0.46938, 0.00000, 1.00000
0.00000, 3.18882, 3.75791, 4.92853, 1.57080, 0.70366, 20.00000, 444410.00000, 75204.00000, 219416.35000, 8980020447.92750, 94762.96981, 0.90081, -0.00000, 0.46930, 0.53070, 0.00000, 1.00000
0.78273, 3.92241, 2.87963, 4.92852, 1.37383, 0.94680, 15.00000, 424455.00000, 69868.00000, 223866.46667, 12191641844.38222, 110415.76810, 0.91102, 0.10178, 0.52439, 0.37383, 0.00000, 1.00000
0.00000, 3.73035, 3.21637, 4.92550, 1.57080, 0.85925, 15.00000, 492335.00000, 75298.00000, 222287.86667, 15946512677.58222, 126279.50221, 0.94766, -0.00000, 0.52918, 0.47082, 0.06667, 0.93333
0.72621, 4.85499, 0.43811, 4.92852, 1.42232, 1.48179, 30.00000, 468324.00000, 20282.00000, 196336.00000, 12924053465.46667, 113684.00708, 0.91102, 0.11238, 0.80685, 0.08077, 0.03333, 0.96667
1.50894, 4.37124, 1.70460, 4.92852, 1.23841, 1.21764, 14.00000, 485717.00000, 73957.00000, 205238.42857, 9947672398.53061, 99738.01882, 0.91102, 0.19128, 0.57970, 0.22901, 0.00000, 1.00000
2.05481, 4.45876, 0.43315, 4.92853, 1.13896, 1.48280, 9.00000, 473085.00000, 113669.00000, 275659.88889, 15664760218.98765, 125158.93983, 0.90081, 0.28433, 0.64502, 0.07065, 0.00000, 1.00000
1.44936, 4.62611, 0.87126, 4.92550, 1.26718, 1.39297, 12.00000, 472160.00000, 45160.00000, 218509.50000, 20296055075.41667, 142464.22384, 0.94766, 0.21738, 0.66353, 0.11910, 0.08333, 0.91667
-0.78579, 4.35121, 2.14766, 4.91558, 1.74946, 1.11864, 19.00000, 454634.00000, 39635.00000, 176826.73684, 10485950798.72022, 102400.93163, 1.08598, -0.13352, 0.76051, 0.37301, 0.05263, 0.94737
0.78579, 4.35121, 2.14766, 4.91558, 1.39213, 1.11864, 12.00000, 363573.00000, 59071.00000, 177009.08333, 11879698120.74306, 108994.02791, 1.08598, 0.10538, 0.60022, 0.29439, 0.00000, 1.00000
0.00000, 4.83686, 0.87622, 4.91558, 1.57080, 1.39159, 12.00000, 410865.00000, 63764.00000, 225920.50000, 14245095599.25000, 119352.81982, 1.08598, -0.00000, 0.84303, 0.15697, 0.16667, 0.83333
0.00000, 4.58794, 1.75244, 4.91123, 1.57080, 1.20593, 23.00000, 469140.00000, 46141.00000, 210373.13043, 16570625452.02646, 128726.94144, 1.14286, 0.00000, 0.72361, 0.27639, 0.04348, 0.95652
-2.05481, 4.45876, -0.43315, 4.92853, 2.00263, 1.65880, 60.00000, 454728.00000, 17365.00000, 149424.38333, 11053680001.00306, 105136.48273, 0.90081, -0.98030, 2.22389, -0.24359, 0.08333, 0.91667
-0.72621, 4.85499, -0.43811, 4.92852, 1.71928, 1.65981, 45.00000, 449763.00000, 33099.00000, 169257.20000, 14053528105.00444, 118547.57739, 0.91102, -0.18312, 1.31474, -0.13162, 0.11111, 0.88889
-1.50894, 4.37124, -1.70460, 4.92852, 1.90319, 1.92396, 52.00000, 497463.00000, 27055.00000, 171372.59615, 15342382819.47152, 123864.37268, 0.91102, -1.19997, 3.63662, -1.43665, 0.15385, 0.84615
-1.44936, 4.62611, -0.87126, 4.92550, 1.87441, 1.74862, 46.00000, 432176.00000, 28257.00000, 167192.69565, 10425875250.95085, 102107.17532, 0.94766, -0.66465, 2.02881, -0.36416, 0.10870, 0.89130
0.72621, 4.85499, -0.43811, 4.92852, 1.42232, 1.65981, 27.00000, 376573.00000, 38203.00000, 185383.88889, 9511289116.69136, 97525.83820, 0.91102, 0.13403, 0.96230, -0.09634, 0.11111, 0.88889
2.05481, 4.45876, -0.43315, 4.92853, 1.13896, 1.65880, 12.00000, 494475.00000, 125029.00000, 266860.91667, 13950234509.24306, 118111.11086, 0.90081, 0.33112, 0.75116, -0.08228, 0.08333, 0.91667
1.50894, 4.37124, -1.70460, 4.92852, 1.23841, 1.92396, 10.00000, 408768.00000, 108956.00000, 207116.20000, 9129897577.56000, 95550.49753, 0.91102, 0.35294, 1.06961, -0.42255, 0.20000, 0.80000
1.44936, 4.62611, -0.87126, 4.92550, 1.26718, 1.74862, 21.00000, 485013.00000, 52297.00000, 211209.90476, 16486616050.46712, 128400.21826, 0.94766, 0.28534, 0.87099, -0.15634, 0.09524, 0.90476
-0.78273, 3.92241, -2.87963, 4.92852, 1.76776, 2.19479, 45.00000, 491654.00000, 59919.00000, 208971.11111, 12809309765.12099, 113178.22125, 0.91102, -2.08678, 10.75154, -7.66476, 0.31111, 0.68889
0.78273, 3.92241, -2.87963, 4.92852, 1.37383, 2.19479, 34.00000, 422794.00000, 67251.00000, 222793.44118, 9286933730.36419, 96368.73835, 0.91102, 0.40335, 2.07817, -1.48153, 0.17647, 0.82353
0.00000, 3.18882, -3.75791, 4.92853, 1.57080, 2.43793, 16.00000, 458337.00000, 66655.00000, 256712.50000, 11848883038.12500, 108852.57479, 0.90081, -0.00000, -7.64229, 8.64229, 0.50000, 0.50000
0.00000, 3.73035, -3.21637, 4.92550, 1.57080, 2.28234, 20.00000, 462458.00000, 108544.00000, 251342.05000, 13933812124.84750, 118041.56948, 0.94766, 0.00000, 9.06739, -8.06739, 0.40000, 0.60000
0.00000, 4.83686, -0.87622, 4.91558, 1.57080, 1.75001, 28.00000, 493678.00000, 41067.00000, 207247.96429, 20011929580.17730, 141463.52738, 1.08598, 0.00000, 1.22879, -0.22879, 0.17857, 0.82143
0.78579, 4.35121, -2.14766, 4.91558, 1.39213, 2.02296, 13.00000, 470213.00000, 75646.00000, 255394.84615, 19847205200.13018, 140880.10931, 1.08598, 0.25627, 1.45965, -0.71592, 0.30769, 0.69231
-0.78579, 4.35121, -2.14766, 4.91558, 1.74946, 2.02296, 28.00000, 451038.00000, 45524.00000, 203706.07143, 15750624662.49490, 125501.49267, 1.08598, -0.52573, 2.99442, -1.46868, 0.14286, 0.85714
0.00000, 4.58794, -1.75244, 4.91123, 1.57080, 1.93566, 27.00000, 477948.00000, 58282.00000, 229196.88889, 15545909228.76543, 124683.23556, 1.14286, 0.00000, 1.61803, -0.61803, 0.03704, 0.96296
-2.75567, 4.02561, -0.70086, 4.92853, 2.17107, 1.71348, 54.00000, 440837.00000, 25222.00000, 154480.24074, 9659775961.51612, 98284.15926, 0.90081, -6.49176, 9.35336, -1.86160, 0.16667, 0.83333
-2.21782, 3.93313, -1.97536, 4.92852, 2.08423, 1.98319, 50.00000, 471024.00000, 24153.00000, 178172.58000, 15784275116.20360, 125635.48510, 0.91102, 6.05607, -10.56672, 5.51065, 0.30000, 0.70000
-3.48430, 3.15040, -1.49161, 4.92852, 2.40648, 1.87827, 73.00000, 444905.00000, 25067.00000, 146798.71233, 8024539174.20492, 89579.79222, 0.91102, 1.82322, -1.63909, 0.81587, 0.26027, 0.73973
-2.85909, 3.75484, -1.40973, 4.92550, 2.22158, 1.86107, 54.00000, 442146.00000, 28542.00000, 140417.77778, 8468054501.61728, 92022.03270, 0.94766, 7.02665, -9.32863, 3.30198, 0.20370, 0.79630
-1.49161, 3.48430, -3.15040, 4.92852, 1.97528, 2.26428, 49.00000, 491182.00000, 39444.00000, 208532.91837, 15941282925.50354, 126258.79346, 0.91102, 1.29147, -2.88604, 2.59457, 0.38776, 0.61224
-0.70086, 2.75567, -4.02561, 4.92853, 1.81985, 2.52663, 28.00000, 441572.00000, 42426.00000, 193369.60714, 10808661284.73852, 103964.71173, 0.90081, 0.39414, -1.37444, 1.98030, 0.67857, 0.32143
-1.97536, 2.21782, -3.93313, 4.92852, 2.29844, 2.49482, 41.00000, 417481.00000, 19597.00000, 142648.87805, 9942631651.37537, 99712.74568, 0.91102, 0.54989, -0.60432, 1.05443, 0.80488, 0.19512
-1.40973, 2.85909, -3.75484, 4.92550, 2.02888, 2.43770, 31.00000, 471492.00000, 46713.00000, 207957.54839, 12842907543.60250, 113326.55269, 0.94766, 0.58922, -1.25387, 1.66465, 0.54839, 0.45161
-3.93313, 1.97536, -2.21782, 4.92852, 2.67616, 2.03756, 71.00000, 469713.00000, 24578.00000, 172524.57746, 15109048535.14541, 122918.86973, 0.91102, 0.95092, -0.49591, 0.54500, 0.63380, 0.36620
-3.15040, 1.49161, -3.48430, 4.92852, 2.69940, 2.35600, 93.00000, 492659.00000, 12614.00000, 155202.13978, 17128747318.50734, 130876.84027, 0.91102, 0.61936, -0.30829, 0.68893, 0.82796, 0.17204
-4.02561, 0.70086, -2.75567, 4.92853, 2.96922, 2.16413, 53.00000, 499084.00000, 15806.00000, 177857.69811, 16885059680.55037, 129942.52453, 0.90081, 0.66888, -0.13313, 0.46424, 0.79245, 0.20755
-3.75484, 1.40973, -2.85909, 4.92550, 2.78243, 2.19010, 50.00000, 481297.00000, 17346.00000, 147567.02000, 12672292174.93960, 112571.27598, 0.94766, 0.71466, -0.25296, 0.53830, 0.76000, 0.24000
-2.20355, 3.47499, -2.68919, 4.91558, 2.13592, 2.14966, 45.00000, 490797.00000, 26411.00000, 174474.00000, 15712663057.15556, 125350.16178, 1.08598, 1.52573, -2.37638, 1.85065, 0.40000, 0.60000
-2.68919, 2.20355, -3.47499, 4.91558, 2.45513, 2.35595, 60.00000, 455160.00000, 14540.00000, 178452.30000, 16974428328.04333, 130285.94831, 1.08598, 0.68510, -0.56481, 0.87972, 0.70000, 0.30000
-3.47499, 2.68919, -2.20355, 4.91558, 2.48299, 2.03563, 42.00000, 477974.00000, 29513.00000, 206679.90476, 16028973679.75284, 126605.58313, 1.08598, 1.15838, -0.90211, 0.74373, 0.42857, 0.57143
-2.83550, 2.83550, -2.83550, 4.91123, 2.35619, 2.18628, 63.00000, 496726.00000, 30714.00000, 190506.98413, 16218567967.53943, 127352.14159, 1.14286, 1.00000, -1.00000, 1.00000, 0.52381, 0.47619
-3.18882, 3.75791, 0.00000, 4.92853, 2.27446, 1.57080, 63.00000, 484691.00000, 19296.00000, 168835.71429, 15439385114.14059, 124255.32228, 0.90081, -7.64229, 8.64229, 0.00000, 0.12698, 0.87302
-3.92241, 2.87963, -0.78273, 4.92852, 2.50831, 1.73029, 61.00000, 404710.00000, 30041.00000, 164302.68852, 9837156679.06692, 99182.44138, 0.91102, 2.07817, -1.48153, 0.40335, 0.21311, 0.78689
-3.92241, 2.87963, 0.78273, 4.92852, 2.50831, 1.41130, 46.00000, 420348.00000, 22996.00000, 150859.15217, 13472545522.52032, 116071.29500, 0.91102, 10.75154, -7.66476, -2.08678, 0.17391, 0.82609
-3.73035, 3.21637, 0.00000, 4.92550, 2.43005, 1.57080, 46.00000, 493768.00000, 31723.00000, 216003.36957, 20296924523.45037, 142467.27527, 0.94766, 9.06739, -8.06739, -0.00000, 0.17391, 0.82609
-4.37124, 1.70460, -1.50894, 4.92852, 2.76977, 1.88196, 42.00000, 451029.00000, 32316.00000, 185141.78571, 12085484145.59694, 109933.99904, 0.91102, 1.06961, -0.42255, 0.35294, 0.59524, 0.40476
-4.45876, 0.43315, -2.05481, 4.92853, 3.04475, 2.00085, 53.00000, 481028.00000, 13371.00000, 167306.07547, 15336572912.14525, 123840.91776, 0.90081, 0.75116, -0.08228, 0.33112, 0.77358, 0.22642
-4.85499, 0.43811, -0.72621, 4.92852, 3.05160, 1.71868, 51.00000, 490814.00000, 42550.00000, 200954.25490, 15970325603.52326, 126373.75362, 0.91102, 0.96230, -0.09634, 0.13403, 0.62745, 0.37255
-4.62611, 0.87126, -1.44936, 4.92550, 2.95544, 1.86947, 39.00000, 402054.00000, 33366.00000, 169041.43590, 12126417335.88692, 110120.01333, 0.94766, 0.87099, -0.15634, 0.28534, 0.71795, 0.28205
-4.37124, 1.70460, 1.50894, 4.92852, 2.76977, 1.25963, 43.00000, 494883.00000, 40999.00000, 227063.25581, 15220724448.23689, 123372.30017, 0.91102, 3.63662, -1.43665, -1.19997, 0.23256, 0.76744
-4.85499, 0.43811, 0.72621, 4.92852, 3.05160, 1.42291, 30.00000, 498054.00000, 30305.00000, 276507.70000, 14871335566.74334, 121948.08554, 0.91102, 1.31474, -0.13162, -0.18312, 0.50000, 0.50000
-4.45876, 0.43315, 2.05481, 4.92853, 3.04475, 1.14074, 16.00000, 401926.00000, 61804.00000, 185057.18750, 10709999967.02734, 103489.12970, 0.90081, 2.22389, -0.24359, -0.98030, 0.18750, 0.81250
-4.62611, 0.87126, 1.44936, 4.92550, 2.95544, 1.27212, 19.00000, 475162.00000, 48535.00000, 245616.94737, 13774891376.04986, 117366.48319, 0.94766, 2.02881, -0.36416, -0.66465, 0.36842, 0.63158
-4.35121, 2.14766, -0.78579, 4.91558, 2.68310, 1.73134, 37.00000, 472815.00000, 39140.00000, 182827.24324, 12331428479.53543, 111046.96520, 1.08598, 1.45965, -0.71592, 0.25627, 0.37838, 0.62162
-4.83686, 0.87622, 0.00000, 4.91558, 2.96238, 1.57080, 16.00000, 455000.00000, 57572.00000, 215088.87500, 15874453104.85938, 125993.86138, 1.08598, 1.22879, -0.22879, -0.00000, 0.37500, 0.62500
-4.35121, 2.14766, 0.78579, 4.91558, 2.68310, 1.41025, 27.00000, 493729.00000, 51875.00000, 206687.81481, 16793255498.15089, 129588.79388, 1.08598, 2.99442, -1.46868, -0.52573, 0.18519, 0.81481
-4.58794, 1.75244, 0.00000, 4.91123, 2.77673, 1.57080, 30.00000, 460376.00000, 26308.00000, 190833.86667, 15468771003.44889, 124373.51408, 1.14286, 1.61803, -0.61803, -0.00000, 0.23333, 0.76667
2.75567, 4.02561, 0.70086, 4.92853, 0.97053, 1.42811, 9.00000, 435633.00000, 113071.00000, 272634.33333, 12571911040.44444, 112124.53362, 0.90081, 0.36663, 0.52824, 0.10514, 0.00000, 1.00000
2.21782, 3.93313, 1.97536, 4.92852, 1.05736, 1.15840, 9.00000, 426546.00000, 141542.00000, 283272.66667, 6770079494.66667, 82280.49280, 0.91102, 0.27362, 0.47741, 0.24897, 0.11111, 0.88889
3.48430, 3.15040, 1.49161, 4.92852, 0.73511, 1.26333, 2.00000, 391933.00000, 183051.00000, 287492.00000, 10907922481.00000, 104441.00000, 0.91102, 0.42617, 0.38313, 0.19070, 0.00000, 1.00000
2.85909, 3.75484, 1.40973, 4.92550, 0.92001, 1.28053, 1.00000, 373632.00000, 373632.00000, 373632.00000, 0.00000, 0.00000, 0.94766, 0.35746, 0.47456, 0.16798, 0.00000, 1.00000
1.49161, 3.48430, 3.15040, 4.92852, 1.16631, 0.87732, 6.00000, 456797.00000, 138435.00000, 315940.00000, 11821638963.33333, 108727.36069, 0.91102, 0.19070, 0.42617, 0.38313, 0.00000, 1.00000
0.70086, 2.75567, 4.02561, 4.92853, 1.32174, 0.61496, 3.00000, 402780.00000, 107843.00000, 224279.33333, 16423963064.22222, 128156.01064, 0.90081, 0.10514, 0.36663, 0.52824, 0.00000, 1.00000
1.97536, 2.21782, 3.93313, 4.92852, 0.84316, 0.64677, 2.00000, 487778.00000, 263221.00000, 375499.50000, 12606461562.25000, 112278.50000, 0.91102, 0.24897, 0.27362, 0.47741, 0.50000, 0.50000
1.40973, 2.85909, 3.75484, 4.92550, 1.11271, 0.70390, 6.00000, 466798.00000, 123775.00000, 297222.33333, 13047867963.22222, 114227.26454, 0.94766, 0.16798, 0.35746, 0.47456, 0.00000, 1.00000
3.93313, 1.97536, 2.21782, 4.92852, 0.46544, 1.10403, 1.00000, 318355.00000, 318355.00000, 318355.00000, 0.00000, 0.00000, 0.91102, 0.47741, 0.24897, 0.27362, 0.00000, 1.00000
3.15040, 1.49161, 3.48430, 4.92852, 0.44220, 0.78559, 0.00000, 0.00000, 0.00000, 0.00000, 0.00000, 0.00000, 0.91102, 0.38313, 0.19070, 0.42617, 0.00000, 0.00000
4.02561, 0.70086, 2.75567, 4.92853, 0.17237, 0.97747, 1.00000, 464578.00000, 464578.00000, 464578.00000, 0.00000, 0.00000, 0.90081, 0.52824, 0.10514, 0.36663, 0.00000, 1.00000
3.75484, 1.40973, 2.85909, 4.92550, 0.35916, 0.95149, 2.00000, 265662.00000, 160111.00000, 212886.50000, 2785253400.25000, 52775.50000, 0.94766, 0.47456, 0.16798, 0.35746, 0.00000, 1.00000
2.20355, 3.47499, 2.68919, 4.91558, 1.00567, 0.99193, 6.00000, 411391.00000, 57161.00000, 294691.66667, 15890174271.22222, 126056.23456, 1.08598, 0.26522, 0.41309, 0.32170, 0.00000, 1.00000
2.68919, 2.20355, 3.47499, 4.91558, 0.68646, 0.78564, 5.00000, 407930.00000, 174145.00000, 286278.20000, 10018363714.56000, 100091.77646, 1.08598, 0.32170, 0.26522, 0.41309, 0.00000, 1.00000
3.47499, 2.68919, 2.20355, 4.91558, 0.65860, 1.10596, 2.00000, 213933.00000, 161641.00000, 187787.00000, 683613316.00000, 26146.00000, 1.08598, 0.41309, 0.32170, 0.26522, 0.00000, 1.00000
2.83550, 2.83550, 2.83550, 4.91123, 0.78540, 0.95532, 5.00000, 363229.00000, 128275.00000, 282604.60000, 7179881430.64000, 84734.18101, 1.14286, 0.33333, 0.33333, 0.33333, 0.00000, 1.00000
-0.43315, 2.05481, 4.45876, 4.92853, 1.77855, 0.44016, 4.00000, 456859.00000, 178147.00000, 345844.00000, 11070038099.00000, 105214.24856, 0.90081, -0.08228, 0.33112, 0.75116, 0.00000, 1.00000
-1.70460, 1.50894, 4.37124, 4.92852, 2.41700, 0.48015, 6.00000, 459404.00000, 108505.00000, 296476.00000, 11410043260.66667, 106817.80404, 0.91102, -0.42255, 0.35294, 1.06961, 0.00000, 1.00000
-0.43811, 0.72621, 4.85499, 4.92852, 2.11363, 0.17295, 8.00000, 491917.00000, 209576.00000, 354984.37500, 12632409409.98438, 112393.99188, 0.91102, -0.09634, 0.13403, 0.96230, 0.00000, 1.00000
-0.87126, 1.44936, 4.62611, 4.92550, 2.11205, 0.35046, 6.00000, 317571.00000, 129917.00000, 221074.66667, 3822581026.88889, 61827.02505, 0.94766, -0.15634, 0.28534, 0.87099, 0.00000, 1.00000
-2.87963, 0.78273, 3.92241, 4.92852, 2.87619, 0.65037, 6.00000, 471886.00000, 316351.00000, 390110.00000, 2636664488.66667, 51348.46141, 0.91102, -1.48153, 0.40335, 2.07817, 0.50000, 0.50000
-3.75791, 0.00000, 3.18882, 4.92853, 3.14159, 0.86714, 2.00000, 421987.00000, 396318.00000, 409152.50000, 164724390.25000, 12834.50000, 0.90081, 8.64229, -0.00000, -7.64229, 0.50000, 0.50000
-2.87963, -0.78273, 3.92241, 4.92852, -2.87619, 0.65037, 7.00000, 343195.00000, 129726.00000, 199635.28571, 5937952615.91837, 77058.11194, 0.91102, -7.66476, -2.08678, 10.75154, 0.28571, 0.71429
-3.21637, 0.00000, 3.73035, 4.92550, 3.14159, 0.71154, 11.00000, 362275.00000, 96929.00000, 237932.36364, 7758616152.95868, 88083.00717, 0.94766, -8.06739, 0.00000, 9.06739, 0.27273, 0.72727
-0.43811, -0.72621, 4.85499, 4.92852, -2.11363, 0.17295, 2.00000, 430432.00000, 211570.00000, 321001.00000, 11975143761.00000, 109431.00000, 0.91102, -0.13162, -0.18312, 1.31474, 0.00000, 1.00000
-1.70460, -1.50894, 4.37124, 4.92852, -2.41700, 0.48015, 1.00000, 282634.00000, 282634.00000, 282634.00000, 0.00000, 0.00000, 0.91102, -1.43665, -1.19997, 3.63662, 0.00000, 1.00000
-0.43315, -2.05481, 4.45876, 4.92853, -1.77855, 0.44016, 1.00000, 410745.00000, 410745.00000, 410745.00000, 0.00000, 0.00000, 0.90081, -0.24359, -0.98030, 2.22389, 0.00000, 1.00000
-0.87126, -1.44936, 4.62611, 4.92550, -2.11205, 0.35046, 1.00000, 208529.00000, 208529.00000, 208529.00000, 0.00000, 0.00000, 0.94766, -0.36416, -0.66465, 2.02881, 1.00000, 0.00000
-2.14766, 0.78579, 4.35121, 4.91558, 2.79084, 0.48390, 2.00000, 318143.00000, 232011.00000, 275077.00000, 1854680356.00000, 43066.00000, 1.08598, -0.71592, 0.25627, 1.45965, 0.00000, 1.00000
-2.14766, -0.78579, 4.35121, 4.91558, -2.79084, 0.48390, 7.00000, 456242.00000, 291024.00000, 386455.42857, 4167945153.38776, 64559.62479, 1.08598, -1.46868, -0.52573, 2.99442, 0.57143, 0.42857
-0.87622, 0.00000, 4.83686, 4.91558, 3.14159, 0.17921, 4.00000, 379179.00000, 64477.00000, 255571.50000, 16706623050.75000, 129254.10265, 1.08598, -0.22879, 0.00000, 1.22879, 0.25000, 0.75000
-1.75244, 0.00000, 4.58794, 4.91123, 3.14159, 0.36486, 2.00000, 401362.00000, 316410.00000, 358886.00000, 1804210576.00000, 42476.00000, 1.14286, -0.61803, 0.00000, 1.61803, 0.00000, 1.00000
-4.45876, -0.43315, 2.05481, 4.92853, -3.04475, 1.14074, 17.00000, 407953.00000, 52406.00000, 210824.41176, 10911446009.30104, 104457.86715, 0.90081, 1.49537, 0.16379, -0.65917, 0.41176, 0.58824
-4.85499, -0.43811, 0.72621, 4.92852, -3.05160, 1.42291, 21.00000, 414505.00000, 46248.00000, 187119.61905, 9891050620.71202, 99453.76122, 0.91102, 1.04077, 0.10419, -0.14496, 0.76190, 0.23810
-4.37124, -1.70460, 1.50894, 4.92852, -2.76977, 1.25963, 10.00000, 468866.00000, 75792.00000, 247621.20000, 20002146762.36000, 141428.94598, 0.91102, 0.93889, 0.37091, -0.30980, 0.60000, 0.40000
-4.62611, -0.87126, 1.44936, 4.92550, -2.95544, 1.27212, 10.00000, 446283.00000, 52155.00000, 278886.80000, 17612793558.56000, 132713.20039, 0.94766, 1.17386, 0.21070, -0.38457, 0.70000, 0.30000
-4.85499, -0.43811, -0.72621, 4.92852, -3.05160, 1.71868, 30.00000, 383173.00000, 35408.00000, 188496.90000, 9731734446.22333, 98649.55371, 0.91102, 0.80685, 0.08077, 0.11238, 0.66667, 0.33333
-4.45876, -0.43315, -2.05481, 4.92853, -3.04475, 2.00085, 50.00000, 498358.00000, 30237.00000, 167392.06000, 18127498866.65640, 134638.40042, 0.90081, 0.64502, 0.07065, 0.28433, 0.82000, 0.18000
-4.37124, -1.70460, -1.50894, 4.92852, -2.76977, 1.88196, 45.00000, 493562.00000, 28029.00000, 185666.35556, 16957065982.76247, 130219.29958, 0.91102, 0.57970, 0.22901, 0.19128, 0.84444, 0.15556
-4.62611, -0.87126, -1.44936, 4.92550, -2.95544, 1.86947, 35.00000, 372539.00000, 26766.00000, 164624.57143, 8984714093.38775, 94787.73177, 0.94766, 0.66353, 0.11910, 0.21738, 0.91429, 0.08571
-3.92241, -2.87963, 0.78273, 4.92852, -2.50831, 1.41130, 8.00000, 472822.00000, 59996.00000, 256497.50000, 20955985473.75000, 144761.82326, 0.91102, 0.65841, 0.46938, -0.12779, 1.00000, 0.00000
-3.92241, -2.87963, -0.78273, 4.92852, -2.50831, 1.73029, 23.00000, 471659.00000, 52973.00000, 237452.91304, 18291059741.73157, 135244.44440, 0.91102, 0.52439, 0.37383, 0.10178, 0.91304, 0.08696
-3.18882, -3.75791, 0.00000, 4.92853, -2.27446, 1.57080, 11.00000, 452702.00000, 70954.00000, 249492.36364, 10780807869.32231, 103830.66921, 0.90081, 0.46930, 0.53070, 0.00000, 1.00000, 0.00000
-3.73035, -3.21637, 0.00000, 4.92550, -2.43005, 1.57080, 9.00000, 491593.00000, 81215.00000, 250905.00000, 13100547182.66667, 114457.62178, 0.94766, 0.52918, 0.47082, -0.00000, 0.88889, 0.11111
-4.83686, -0.87622, 0.00000, 4.91558, -2.96238, 1.57080, 16.00000, 457229.00000, 42827.00000, 214944.37500, 12132666425.85938, 110148.38367, 1.08598, 0.84303, 0.15697, -0.00000, 0.50000, 0.50000
-4.35121, -2.14766, -0.78579, 4.91558, -2.68310, 1.73134, 8.00000, 448383.00000, 139557.00000, 284356.50000, 11221831939.75000, 105933.14845, 1.08598, 0.60022, 0.29439, 0.10538, 0.87500, 0.12500
-4.35121, -2.14766, 0.78579, 4.91558, -2.68310, 1.41025, 12.00000, 456367.00000, 118542.00000, 278521.91667, 12015073801.24306, 109613.29208, 1.08598, 0.76051, 0.37301, -0.13352, 0.91667, 0.08333
-4.58794, -1.75244, 0.00000, 4.91123, -2.77673, 1.57080, 22.00000, 496309.00000, 40390.00000, 205975.63636, 21423947010.23140, 146369.21469, 1.14286, 0.72361, 0.27639, -0.00000, 0.86364, 0.13636
-3.75791, 0.00000, -3.18882, 4.92853, 3.14159, 2.27446, 91.00000, 495718.00000, 15985.00000, 136693.02198, 15067147277.09842, 122748.30865, 0.90081, 0.53070, -0.00000, 0.46930, 0.89011, 0.10989
-2.87963, 0.78273, -3.92241, 4.92852, 2.87619, 2.49122, 92.00000, 499554.00000, 21098.00000, 150395.48913, 14733741976.83684, 121382.62634, 0.91102, 0.46938, -0.12779, 0.65841, 0.90217, 0.09783
-2.87963, -0.78273, -3.92241, 4.92852, -2.87619, 2.49122, 101.00000, 492201.00000, 16411.00000, 116241.32673, 11012962799.82394, 104942.66434, 0.91102, 0.37383, 0.10178, 0.52439, 0.96040, 0.03960
-3.21637, 0.00000, -3.73035, 4.92550, 3.14159, 2.43005, 61.00000, 499524.00000, 18809.00000, 140827.42623, 15761567043.55603, 125545.07973, 0.94766, 0.47082, 0.00000, 0.52918, 0.85246, 0.14754
-1.70460, 1.50894, -4.37124, 4.92852, 2.41700, 2.66145, 65.00000, 491985.00000, 25641.00000, 167394.64615, 14731287121.79787, 121372.51386, 0.91102, 0.37091, -0.30980, 0.93889, 0.83077, 0.16923
-0.43315, 2.05481, -4.45876, 4.92853, 1.77855, 2.70143, 29.00000, 379151.00000, 39694.00000, 158233.37931, 7048552857.13199, 83955.66007, 0.90081, 0.16379, -0.65917, 1.49537, 0.75862, 0.24138
-0.43811, 0.72621, -4.85499, 4.92852, 2.11363, 2.96865, 36.00000, 479988.00000, 46128.00000, 171518.97222, 12993764779.80478, 113990.19598, 0.91102, 0.10419, -0.14496, 1.04077, 0.83333, 0.16667
-0.87126, 1.44936, -4.62611, 4.92550, 2.11205, 2.79113, 40.00000, 493310.00000, 14015.00000, 201445.42500, 13076537900.64437, 114352.69083, 0.94766, 0.21070, -0.38457, 1.17386, 0.67500, 0.32500
-1.70460, -1.50894, -4.37124, 4.92852, -2.41700, 2.66145, 57.00000, 498372.00000, 16623.00000, 147139.31579, 15107369258.28624, 122912.03870, 0.91102, 0.22901, 0.19128, 0.57970, 0.92982, 0.07018
-0.43811, -0.72621, -4.85499, 4.92852, -2.11363, 2.96865, 34.00000, 468127.00000, 27924.00000, 133576.50000, 8699931083.25000, 93273.42110, 0.91102, 0.08077, 0.11238, 0.80685, 0.94118, 0.05882
-0.43315, -2.05481, -4.45876, 4.92853, -1.77855, 2.70143, 26.00000, 423624.00000, 29428.00000, 207082.26923, 14725041571.73521, 121346.78229, 0.90081, 0.07065, 0.28433, 0.64502, 0.96154, 0.03846
-0.87126, -1.44936, -4.62611, 4.92550, -2.11205, 2.79113, 28.00000, 331848.00000, 27542.00000, 134172.00000, 6960177025.57143, 83427.67542, 0.94766, 0.11910, 0.21738, 0.66353, 0.96429, 0.03571
-2.14766, 0.78579, -4.35121, 4.91558, 2.79084, 2.65769, 51.00000, 488662.00000, 16669.00000, 186712.35294, 16107600767.01269, 126915.72309, 1.08598, 0.37301, -0.13352, 0.76051, 0.82353, 0.17647
-0.87622, 0.00000, -4.83686, 4.91558, 3.14159, 2.96238, 42.00000, 499805.00000, 32044.00000, 189604.66667, 17669139493.36508, 132925.31547, 1.08598, 0.15697, 0.00000, 0.84303, 0.80952, 0.19048
-2.14766, -0.78579, -4.35121, 4.91558, -2.79084, 2.65769, 66.00000, 437457.00000, 19186.00000, 136608.71212, 13718325592.81107, 117125.25600, 1.08598, 0.29439, 0.10538, 0.60022, 0.96970, 0.03030
-1.75244, 0.00000, -4.58794, 4.91123, 3.14159, 2.77673, 73.00000, 480050.00000, 17433.00000, 129845.91781, 10836216309.74667, 104097.14842, 1.14286, 0.27639, 0.00000, 0.72361, 0.90411, 0.09589
0.70086, 2.75567, -4.02561, 4.92853, 1.32174, 2.52663, 15.00000, 479512.00000, 25050.00000, 194157.20000, 15632177704.69333, 125028.70752, 0.90081, -1.86160, -6.49176, 9.35336, 0.80000, 0.20000
1.49161, 3.48430, -3.15040, 4.92852, 1.16631, 2.26428, 14.00000, 431683.00000, 76414.00000, 232120.07143, 13110213939.63776, 114499.84253, 0.91102, 0.81587, 1.82322, -1.63909, 0.57143, 0.42857
1.97536, 2.21782, -3.93313, 4.92852, 0.84316, 2.49482, 11.00000, 476530.00000, 78833.00000, 242122.72727, 19565792102.38016, 139877.77558, 0.91102, 5.51065, 6.05607, -10.56672, 0.90909, 0.09091
1.40973, 2.85909, -3.75484, 4.92550, 1.11271, 2.43770, 8.00000, 429247.00000, 124553.00000, 295025.25000, 12417407254.68750, 111433.42073, 0.94766, 3.30198, 7.02665, -9.32863, 0.62500, 0.37500
2.21782, 3.93313, -1.97536, 4.92852, 1.05736, 1.98319, 12.00000, 499148.00000, 61729.00000, 266604.25000, 26270181586.85417, 162080.78722, 0.91102, 0.54500, 0.95092, -0.49591, 0.16667, 0.83333
2.75567, 4.02561, -0.70086, 4.92853, 0.97053, 1.71348, 6.00000, 444861.00000, 70159.00000, 269326.33333, 14018965036.88889, 118401.71045, 0.90081, 0.46424, 0.66888, -0.13313, 0.00000, 1.00000
3.48430, 3.15040, -1.49161, 4.92852, 0.73511, 1.87827, 6.00000, 424320.00000, 144592.00000, 326820.50000, 12138363058.91667, 110174.23954, 0.91102, 0.68893, 0.61936, -0.30829, 0.33333, 0.66667
2.85909, 3.75484, -1.40973, 4.92550, 0.92001, 1.86107, 8.00000, 485881.00000, 127471.00000, 254040.75000, 15768389924.68750, 125572.24982, 0.94766, 0.53830, 0.71466, -0.25296, 0.37500, 0.62500
3.15040, 1.49161, -3.48430, 4.92852, 0.44220, 2.35600, 5.00000, 463990.00000, 73385.00000, 315626.00000, 16925932419.60000, 130099.70184, 0.91102, 2.59457, 1.29147, -2.88604, 0.80000, 0.20000
3.93313, 1.97536, -2.21782, 4.92852, 0.46544, 2.03756, 4.00000, 436710.00000, 242335.00000, 326288.25000, 6939455451.18750, 83303.39400, 0.91102, 1.05443, 0.54989, -0.60432, 0.00000, 1.00000
4.02561, 0.70086, -2.75567, 4.92853, 0.17237, 2.16413, 4.00000, 450769.00000, 207012.00000, 312354.00000, 10938551841.50000, 104587.53196, 0.90081, 1.98030, 0.39414, -1.37444, 0.50000, 0.50000
3.75484, 1.40973, -2.85909, 4.92550, 0.35916, 2.19010, 2.00000, 317544.00000, 222860.00000, 270202.00000, 2241264964.00000, 47342.00000, 0.94766, 1.66465, 0.58922, -1.25387, 0.00000, 1.00000
2.20355, 3.47499, -2.68919, 4.91558, 1.00567, 2.14966, 6.00000, 496135.00000, 120319.00000, 239715.50000, 14965322984.91667, 122332.83690, 1.08598, 0.74373, 1.15838, -0.90211, 0.50000, 0.50000
3.47499, 2.68919, -2.20355, 4.91558, 0.65860, 2.03563, 4.00000, 395603.00000, 169862.00000, 320944.25000, 7861884851.18750, 88667.27046, 1.08598, 0.87972, 0.68510, -0.56481, 0.00000, 1.00000
2.68919, 2.20355, -3.47499, 4.91558, 0.68646, 2.35595, 1.00000, 159593.00000, 159593.00000, 159593.00000, 0.00000, 0.00000, 1.08598, 1.85065, 1.52573, -2.37638, 1.00000, 0.00000
2.83550, 2.83550, -2.83550, 4.91123, 0.78540, 2.18628, 5.00000, 448250.00000, 153685.00000, 329933.80000, 10233739771.76000, 101161.94824, 1.14286, 1.00000, 1.00000, -1.00000, 0.40000, 0.60000
2.75567, -4.02561, 0.70086, 4.92853, -0.97053, 1.42811, 2.00000, 462586.00000, 344918.00000, 403752.00000, 3461439556.00000, 58834.00000, 0.90081, -6.49176, 9.35336, -1.86160, 1.00000, 0.00000
3.48430, -3.15040, 1.49161, 4.92852, -0.73511, 1.26333, 0.00000, 0.00000, 0.00000, 0.00000, 0.00000, 0.00000, 0.91102, 1.82322, -1.63909, 0.81587, 0.00000, 0.00000
2.21782, -3.93313, 1.97536, 4.92852, -1.05736, 1.15840, 2.00000, 493846.00000, 475243.00000, 484544.50000, 86517902.25000, 9301.50000, 0.91102, 6.05607, -10.56672, 5.51065, 1.00000, 0.00000
2.85909, -3.75484, 1.40973, 4.92550, -0.92001, 1.28053, 2.00000, 455921.00000, 223264.00000, 339592.50000, 13532319912.25000, 116328.50000, 0.94766, 7.02665, -9.32863, 3.30198, 1.00000, 0.00000
3.93313, -1.97536, 2.21782, 4.92852, -0.46544, 1.10403, 0.00000, 0.00000, 0.00000, 0.00000, 0.00000, 0.00000, 0.91102, 0.95092, -0.49591, 0.54500, 0.00000, 0.00000
4.02561, -0.70086, 2.75567, 4.92853, -0.17237, 0.97747, 1.00000, 290319.00000, 290319.00000, 290319.00000, 0.00000, 0.00000, 0.90081, 0.66888, -0.13313, 0.46424, 0.00000, 1.00000
3.15040, -1.49161, 3.48430, 4.92852, -0.44220, 0.78559, 0.00000, 0.00000, 0.00000, 0.00000, 0.00000, 0.00000, 0.91102, 0.61936, -0.30829, 0.68893, 0.00000, 0.00000
3.75484, -1.40973, 2.85909, 4.92550, -0.35916, 0.95149, 0.00000, 0.00000, 0.00000, 0.00000, 0.00000, 0.00000, 0.94766, 0.71466, -0.25296, 0.53830, 0.00000, 0.00000
1.49161, -3.48430, 3.15040, 4.92852, -1.16631, 0.87732, 2.00000, 401265.00000, 283556.00000, 342410.50000, 3463852170.25000, 58854.50000, 0.91102, 1.29147, -2.88604, 2.59457, 0.00000, 1.00000
1.97536, -2.21782, 3.93313, 4.92852, -0.84316, 0.64677, 0.00000, 0.00000, 0.00000, 0.00000, 0.00000, 0.00000, 0.91102, 0.54989, -0.60432, 1.05443, 0.00000, 0.00000
0.70086, -2.75567, 4.02561, 4.92853, -1.32174, 0.61496, 1.00000, 398762.00000, 398762.00000, 398762.00000, 0.00000, 0.00000, 0.90081, 0.39414, -1.37444, 1.98030, 1.00000, 0.00000
1.40973, -2.85909, 3.75484, 4.92550, -1.11271, 0.70390, 1.00000, 238353.00000, 238353.00000, 238353.00000, 0.00000, 0.00000, 0.94766, 0.58922, -1.25387, 1.66465, 0.00000, 1.00000
3.47499, -2.68919, 2.20355, 4.91558, -0.65860, 1.10596, 0.00000, 0.00000, 0.00000, 0.00000, 0.00000, 0.00000, 1.08598, 1.15838, -0.90211, 0.74373, 0.00000, 0.00000
2.68919, -2.20355, 3.47499, 4.91558, -0.68646, 0.78564, 1.00000, 460383.00000, 460383.00000, 460383.00000, 0.00000, 0.00000, 1.08598, 0.68510, -0.56481, 0.87972, 0.00000, 1.00000
2.20355, -3.47499, 2.68919, 4.91558, -1.00567, 0.99193, 0.00000, 0.00000, 0.00000, 0.00000, 0.00000, 0.00000, 1.08598, 1.52573, -2.37638, 1.85065, 0.00000, 0.00000
2.83550, -2.83550, 2.83550, 4.91123, -0.78540, 0.95532, 0.00000, 0.00000, 0.00000, 0.00000, 0.00000, 0.00000, 1.14286, 1.00000, -1.00000, 1.00000, 0.00000, 0.00000
2.05481, -4.45876, 0.43315, 4.92853, -1.13896, 1.48280, 4.00000, 496084.00000, 211436.00000, 316691.00000, 12260371989.50000, 110726.56406, 0.90081, -0.98030, 2.22389, -0.24359, 1.00000, 0.00000
1.50894, -4.37124, 1.70460, 4.92852, -1.23841, 1.21764, 0.00000, 0.00000, 0.00000, 0.00000, 0.00000, 0.00000, 0.91102, -1.19997, 3.63662, -1.43665, 0.00000, 0.00000
0.72621, -4.85499, 0.43811, 4.92852, -1.42232, 1.48179, 1.00000, 284000.00000, 284000.00000, 284000.00000, 0.00000, 0.00000, 0.91102, -0.18312, 1.31474, -0.13162, 1.00000, 0.00000
1.44936, -4.62611, 0.87126, 4.92550, -1.26718, 1.39297, 2.00000, 358913.00000, 312143.00000, 335528.00000, 546858225.00000, 23385.00000, 0.94766, -0.66465, 2.02881, -0.36416, 1.00000, 0.00000
0.78273, -3.92241, 2.87963, 4.92852, -1.37383, 0.94680, 1.00000, 445126.00000, 445126.00000, 445126.00000, 0.00000, 0.00000, 0.91102, -2.08678, 10.75154, -7.66476, 1.00000, 0.00000
0.00000, -3.18882, 3.75791, 4.92853, -1.57080, 0.70366, 1.00000, 202433.00000, 202433.00000, 202433.00000, 0.00000, 0.00000, 0.90081, 0.00000, -7.64229, 8.64229, 1.00000, 0.00000
-0.78273, -3.92241, 2.87963, 4.92852, -1.76776, 0.94680, 2.00000, 268266.00000, 197501.00000, 232883.50000, 1251921306.25000, 35382.50000, 0.91102, 0.40335, 2.07817, -1.48153, 1.00000, 0.00000
0.00000, -3.73035, 3.21637, 4.92550, -1.57080, 0.85925, 0.00000, 0.00000, 0.00000, 0.00000, 0.00000, 0.00000, 0.94766, -0.00000, 9.06739, -8.06739, 0.00000, 0.00000
-0.72621, -4.85499, 0.43811, 4.92852, -1.71928, 1.48179, 3.00000, 332807.00000, 156939.00000, 221815.00000, 6218268298.66667, 78855.99723, 0.91102, 0.13403, 0.96230, -0.09634, 1.00000, 0.00000
-1.50894, -4.37124, 1.70460, 4.92852, -1.90319, 1.21764, 1.00000, 301763.00000, 301763.00000, 301763.00000, 0.00000, 0.00000, 0.91102, 0.35294, 1.06961, -0.42255, 1.00000, 0.00000
-2.05481, -4.45876, 0.43315, 4.92853, -2.00263, 1.48280, 5.00000, 435035.00000, 171905.00000, 267436.40000, 10758953823.04000, 103725.37695, 0.90081, 0.33112, 0.75116, -0.08228, 1.00000, 0.00000
-1.44936, -4.62611, 0.87126, 4.92550, -1.87441, 1.39297, 3.00000, 407405.00000, 117560.00000, 253130.66667, 14176600910.88889, 119065.53200, 0.94766, 0.28534, 0.87099, -0.15634, 0.66667, 0.33333
0.78579, -4.35121, 2.14766, 4.91558, -1.39213, 1.11864, 1.00000, 356048.00000, 356048.00000, 356048.00000, 0.00000, 0.00000, 1.08598, -0.52573, 2.99442, -1.46868, 1.00000, 0.00000
-0.78579, -4.35121, 2.14766, 4.91558, -1.74946, 1.11864, 2.00000, 331924.00000, 180611.00000, 256267.50000, 5723905992.25000, 75656.50000, 1.08598, 0.25627, 1.45965, -0.71592, 1.00000, 0.00000
0.00000, -4.83686, 0.87622, 4.91558, -1.57080, 1.39159, 3.00000, 379697.00000, 88644.00000, 268613.33333, 16491259004.22222, 128418.29700, 1.08598, -0.00000, 1.22879, -0.22879, 1.00000, 0.00000
0.00000, -4.58794, 1.75244, 4.91123, -1.57080, 1.20593, 1.00000, 370446.00000, 370446.00000, 370446.00000, 0.00000, 0.00000, 1.14286, -0.00000, 1.61803, -0.61803, 1.00000, 0.00000
2.05481, -4.45876, -0.43315, 4.92853, -1.13896, 1.65880, 0.00000, 0.00000, 0.00000, 0.00000, 0.00000, 0.00000, 0.90081, -0.65917, 1.49537, 0.16379, 0.00000, 0.00000
0.72621, -4.85499, -0.43811, 4.92852, -1.42232, 1.65981, 2.00000, 218774.00000, 79328.00000, 149051.00000, 4861296729.00000, 69723.00000, 0.91102, -0.14496, 1.04077, 0.10419, 1.00000, 0.00000
1.50894, -4.37124, -1.70460, 4.92852, -1.23841, 1.92396, 3.00000, 405072.00000, 114518.00000, 249108.00000, 14298695090.66667, 119577.15121, 0.91102, -0.30980, 0.93889, 0.37091, 1.00000, 0.00000
1.44936, -4.62611, -0.87126, 4.92550, -1.26718, 1.74862, 3.00000, 377182.00000, 129683.00000, 276550.66667, 11278191760.22222, 106198.83126, 0.94766, -0.38457, 1.17386, 0.21070, 1.00000, 0.00000
-0.72621, -4.85499, -0.43811, 4.92852, -1.71928, 1.65981, 3.00000, 455781.00000, 290409.00000, 349425.33333, 5678489304.22222, 75355.75163, 0.91102, 0.11238, 0.80685, 0.08077, 1.00000, 0.00000
-2.05481, -4.45876, -0.43315, 4.92853, -2.00263, 1.65880, 6.00000, 452680.00000, 84108.00000, 239592.66667, 20557296948.55555, 143378.16064, 0.90081, 0.28433, 0.64502, 0.07065, 1.00000, 0.00000
-1.50894, -4.37124, -1.70460, 4.92852, -1.90319, 1.92396, 12.00000, 447063.00000, 100424.00000, 245868.00000, 14406228780.66667, 120025.95045, 0.91102, 0.19128, 0.57970, 0.22901, 1.00000, 0.00000
-1.44936, -4.62611, -0.87126, 4.92550, -1.87441, 1.74862, 4.00000, 478256.00000, 128360.00000, 312437.00000, 15455653793.00000, 124320.76976, 0.94766, 0.21738, 0.66353, 0.11910, 1.00000, 0.00000
0.78273, -3.92241, -2.87963, 4.92852, -1.37383, 2.19479, 6.00000, 330912.00000, 121938.00000, 177358.16667, 5148153237.13889, 71750.63231, 0.91102, -0.12779, 0.65841, 0.46938, 1.00000, 0.00000
-0.78273, -3.92241, -2.87963, 4.92852, -1.76776, 2.19479, 18.00000, 490950.00000, 70967.00000, 254734.22222, 19624283227.28395, 140086.69897, 0.91102, 0.10178, 0.52439, 0.37383, 0.94444, 0.05556
0.00000, -3.18882, -3.75791, 4.92853, -1.57080, 2.43793, 11.00000, 342086.00000, 66553.00000, 193488.18182, 6929720358.33058, 83244.94194, 0.90081, 0.00000, 0.46930, 0.53070, 0.90909, 0.09091
0.00000, -3.73035, -3.21637, 4.92550, -1.57080, 2.28234, 11.00000, 444441.00000, 51138.00000, 210445.81818, 12816739193.78512, 113211.03830, 0.94766, -0.00000, 0.52918, 0.47082, 1.00000, 0.00000
0.00000, -4.83686, -0.87622, 4.91558, -1.57080, 1.75001, 4.00000, 420944.00000, 108539.00000, 307977.00000, 14161582654.50000, 119002.44810, 1.08598, -0.00000, 0.84303, 0.15697, 1.00000, 0.00000
-0.78579, -4.35121, -2.14766, 4.91558, -1.74946, 2.02296, 8.00000, 409766.00000, 123688.00000, 247209.00000, 9049427851.75000, 95128.48076, 1.08598, 0.10538, 0.60022, 0.29439, 1.00000, 0.00000
0.78579, -4.35121, -2.14766, 4.91558, -1.39213, 2.02296, 5.00000, 264176.00000, 102528.00000, 160521.20000, 3558406384.56000, 59652.37954, 1.08598, -0.13352, 0.76051, 0.37301, 1.00000, 0.00000
0.00000, -4.58794, -1.75244, 4.91123, -1.57080, 1.93566, 7.00000, 280228.00000, 69297.00000, 201029.00000, 4365284044.85714, 66070.29624, 1.14286, -0.00000, 0.72361, 0.27639, 1.00000, 0.00000
2.75567, -4.02561, -0.70086, 4.92853, -0.97053, 1.71348, 1.00000, 242873.00000, 242873.00000, 242873.00000, 0.00000, 0.00000, 0.90081, -1.37444, 1.98030, 0.39414, 1.00000, 0.00000
2.21782, -3.93313, -1.97536, 4.92852, -1.05736, 1.98319, 2.00000, 162315.00000, 159526.00000, 160920.50000, 1944630.25000, 1394.50000, 0.91102, -0.60432, 1.05443, 0.54989, 1.00000, 0.00000
3.48430, -3.15040, -1.49161, 4.92852, -0.73511, 1.87827, 2.00000, 452505.00000, 416482.00000, 434493.50000, 324414132.25000, 18011.50000, 0.91102, -2.88604, 2.59457, 1.29147, 1.00000, 0.00000
2.85909, -3.75484, -1.40973, 4.92550, -0.92001, 1.86107, 1.00000, 313004.00000, 313004.00000, 313004.00000, 0.00000, 0.00000, 0.94766, -1.25387, 1.66465, 0.58922, 0.00000, 1.00000
1.49161, -3.48430, -3.15040, 4.92852, -1.16631, 2.26428, 9.00000, 466627.00000, 118567.00000, 268967.11111, 11325459375.65432, 106421.14158, 0.91102, -0.30829, 0.68893, 0.61936, 0.88889, 0.11111
0.70086, -2.75567, -4.02561, 4.92853, -1.32174, 2.52663, 9.00000, 477877.00000, 53618.00000, 214204.00000, 20897882195.77778, 144560.99818, 0.90081, -0.13313, 0.46424, 0.66888, 1.00000, 0.00000
1.97536, -2.21782, -3.93313, 4.92852, -0.84316, 2.49482, 4.00000, 404020.00000, 93795.00000, 198499.50000, 15001401445.25000, 122480.20838, 0.91102, -0.49591, 0.54500, 0.95092, 1.00000, 0.00000
1.40973, -2.85909, -3.75484, 4.92550, -1.11271, 2.43770, 11.00000, 492564.00000, 100815.00000, 278342.27273, 20481827958.38017, 143114.73704, 0.94766, -0.25296, 0.53830, 0.71466, 1.00000, 0.00000
3.93313, -1.97536, -2.21782, 4.92852, -0.46544, 2.03756, 0.00000, 0.00000, 0.00000, 0.00000, 0.00000, 0.00000, 0.91102, -10.56672, 5.51065, 6.05607, 0.00000, 0.00000
3.15040, -1.49161, -3.48430, 4.92852, -0.44220, 2.35600, 1.00000, 328084.00000, 328084.00000, 328084.00000, 0.00000, 0.00000, 0.91102, -1.63909, 0.81587, 1.82322, 1.00000, 0.00000
4.02561, -0.70086, -2.75567, 4.92853, -0.17237, 2.16413, 2.00000, 480509.00000, 261736.00000, 371122.50000, 11965406382.25000, 109386.50000, 0.90081, 9.35336, -1.86160, -6.49176, 1.00000, 0.00000
3.75484, -1.40973, -2.85909, 4.92550, -0.35916, 2.19010, 1.00000, 475759.00000, 475759.00000, 475759.00000, 0.00000, 0.00000, 0.94766, -9.32863, 3.30198, 7.02665, 0.00000, 1.00000
2.20355, -3.47499, -2.68919, 4.91558, -1.00567, 2.14966, 2.00000, 329909.00000, 282559.00000, 306234.00000, 560505625.00000, 23675.00000, 1.08598, -0.56481, 0.87972, 0.68510, 1.00000, 0.00000
2.68919, -2.20355, -3.47499, 4.91558, -0.68646, 2.35595, 4.00000, 249336.00000, 97609.00000, 151092.75000, 3774840538.68750, 61439.73095, 1.08598, -0.90211, 0.74373, 1.15838, 1.00000, 0.00000
3.47499, -2.68919, -2.20355, 4.91558, -0.65860, 2.03563, 1.00000, 393875.00000, 393875.00000, 393875.00000, 0.00000, 0.00000, 1.08598, -2.37638, 1.85065, 1.52573, 1.00000, 0.00000
2.83550, -2.83550, -2.83550, 4.91123, -0.78540, 2.18628, 1.00000, 119953.00000, 119953.00000, 119953.00000, 0.00000, 0.00000, 1.14286, -1.00000, 1.00000, 1.00000, 1.00000, 0.00000
3.18882, -3.75791, 0.00000, 4.92853, -0.86714, 1.57080, 0.00000, 0.00000, 0.00000, 0.00000, 0.00000, 0.00000, 0.90081, -7.64229, 8.64229, -0.00000, 0.00000, 0.00000
3.92241, -2.87963, -0.78273, 4.92852, -0.63328, 1.73029, 1.00000, 464934.00000, 464934.00000, 464934.00000, 0.00000, 0.00000, 0.91102, 10.75154, -7.66476, -2.08678, 0.00000, 1.00000
3.92241, -2.87963, 0.78273, 4.92852, -0.63328, 1.41130, 2.00000, 463121.00000, 390614.00000, 426867.50000, 1314316262.25000, 36253.50000, 0.91102, 2.07817, -1.48153, 0.40335, 1.00000, 0.00000
3.73035, -3.21637, 0.00000, 4.92550, -0.71154, 1.57080, 1.00000, 284703.00000, 284703.00000, 284703.00000, 0.00000, 0.00000, 0.94766, 9.06739, -8.06739, 0.00000, 1.00000, 0.00000
4.37124, -1.70460, -1.50894, 4.92852, -0.37182, 1.88196, 0.00000, 0.00000, 0.00000, 0.00000, 0.00000, 0.00000, 0.91102, 3.63662, -1.43665, -1.19997, 0.00000, 0.00000
4.45876, -0.43315, -2.05481, 4.92853, -0.09684, 2.00085, 2.00000, 472318.00000, 424960.00000, 448639.00000, 560695041.00000, 23679.00000, 0.90081, 2.22389, -0.24359, -0.98030, 1.00000, 0.00000
4.85499, -0.43811, -0.72621, 4.92852, -0.09000, 1.71868, 0.00000, 0.00000, 0.00000, 0.00000, 0.00000, 0.00000, 0.91102, 1.31474, -0.13162, -0.18312, 0.00000, 0.00000
4.62611, -0.87126, -1.44936, 4.92550, -0.18616, 1.86947, 1.00000, 442232.00000, 442232.00000, 442232.00000, 0.00000, 0.00000, 0.94766, 2.02881, -0.36416, -0.66465, 1.00000, 0.00000
4.37124, -1.70460, 1.50894, 4.92852, -0.37182, 1.25963, 1.00000, 398030.00000, 398030.00000, 398030.00000, 0.00000, 0.00000, 0.91102, 1.06961, -0.42255, 0.35294, 1.00000, 0.00000
4.85499, -0.43811, 0.72621, 4.92852, -0.09000, 1.42291, 0.00000, 0.00000, 0.00000, 0.00000, 0.00000, 0.00000, 0.91102, 0.96230, -0.09634, 0.13403, 0.00000, 0.00000
4.45876, -0.43315, 2.05481, 4.92853, -0.09684, 1.14074, 0.00000, 0.00000, 0.00000, 0.00000, 0.00000, 0.00000, 0.90081, 0.75116, -0.08228, 0.33112, 0.00000, 0.00000
4.62611, -0.87126, 1.44936, 4.92550, -0.18616, 1.27212, 0.00000, 0.00000, 0.00000, 0.00000, 0.00000, 0.00000, 0.94766, 0.87099, -0.15634, 0.28534, 0.00000, 0.00000
4.35121, -2.14766, -0.78579, 4.91558, -0.45850, 1.73134, 0.00000, 0.00000, 0.00000, 0.00000, 0.00000, 0.00000, 1.08598, 2.99442, -1.46868, -0.52573, 0.00000, 0.00000
4.83686, -0.87622, 0.00000, 4.91558, -0.17921, 1.57080, 0.00000, 0.00000, 0.00000, 0.00000, 0.00000, 0.00000, 1.08598, 1.22879, -0.22879, 0.00000, 0.00000, 0.00000
4.35121, -2.14766, 0.78579, 4.91558, -0.45850, 1.41025, 0.00000, 0.00000, 0.00000, 0.00000, 0.00000, 0.00000, 1.08598, 1.45965, -0.71592, 0.25627, 0.00000, 0.00000
4.58794, -1.75244, 0.00000, 4.91123, -0.36486, 1.57080, 1.00000, 271068.00000, 271068.00000, 271068.00000, 0.00000, 0.00000, 1.14286, 1.61803, -0.61803, 0.00000, 1.00000, 0.00000
0.43315, -2.05481, 4.45876, 4.92853, -1.36304, 0.44016, 0.00000, 0.00000, 0.00000, 0.00000, 0.00000, 0.00000, 0.90081, 0.16379, -0.65917, 1.49537, 0.00000, 0.00000
1.70460, -1.50894, 4.37124, 4.92852, -0.72459, 0.48015, 0.00000, 0.00000, 0.00000, 0.00000, 0.00000, 0.00000, 0.91102, 0.37091, -0.30980, 0.93889, 0.00000, 0.00000
0.43811, -0.72621, 4.85499, 4.92852, -1.02797, 0.17295, 3.00000, 486571.00000, 184324.00000, 323912.66667, 15491646261.55556, 124465.44204, 0.91102, 0.10419, -0.14496, 1.04077, 0.00000, 1.00000
0.87126, -1.44936, 4.62611, 4.92550, -1.02954, 0.35046, 0.00000, 0.00000, 0.00000, 0.00000, 0.00000, 0.00000, 0.94766, 0.21070, -0.38457, 1.17386, 0.00000, 0.00000
2.87963, -0.78273, 3.92241, 4.92852, -0.26540, 0.65037, 0.00000, 0.00000, 0.00000, 0.00000, 0.00000, 0.00000, 0.91102, 0.46938, -0.12779, 0.65841, 0.00000, 0.00000
3.75791, 0.00000, 3.18882, 4.92853, 0.00000, 0.86714, 0.00000, 0.00000, 0.00000, 0.00000, 0.00000, 0.00000, 0.90081, 0.53070, -0.00000, 0.46930, 0.00000, 0.00000
2.87963, 0.78273, 3.92241, 4.92852, 0.26540, 0.65037, 3.00000, 300916.00000, 191743.00000, 246291.00000, 1986460286.00000, 44569.72387, 0.91102, 0.37383, 0.10178, 0.52439, 0.00000, 1.00000
3.21637, 0.00000, 3.73035, 4.92550, 0.00000, 0.71154, 2.00000, 395588.00000, 255194.00000, 325391.00000, 4927618809.00000, 70197.00000, 0.94766, 0.47082, -0.00000, 0.52918, 0.00000, 1.00000
0.43811, 0.72621, 4.85499, 4.92852, 1.02797, 0.17295, 5.00000, 436950.00000, 130992.00000, 317357.80000, 12394924484.96000, 111332.49519, 0.91102, 0.08077, 0.11238, 0.80685, 0.00000, 1.00000
1.70460, 1.50894, 4.37124, 4.92852, 0.72459, 0.48015, 4.00000, 354858.00000, 241993.00000, 296777.75000, 1857691808.18750, 43100.94904, 0.91102, 0.22901, 0.19128, 0.57970, 0.25000, 0.75000
0.43315, 2.05481, 4.45876, 4.92853, 1.36304, 0.44016, 9.00000, 484115.00000, 130561.00000, 283102.44444, 10774451104.02469, 103800.05349, 0.90081, 0.07065, 0.28433, 0.64502, 0.00000, 1.00000
0.87126, 1.44936, 4.62611, 4.92550, 1.02954, 0.35046, 3.00000, 455426.00000, 227694.00000, 360324.33333, 9347844381.55556, 96684.25095, 0.94766, 0.11910, 0.21738, 0.66353, 0.00000, 1.00000
2.14766, -0.78579, 4.35121, 4.91558, -0.35075, 0.48390, 0.00000, 0.00000, 0.00000, 0.00000, 0.00000, 0.00000, 1.08598, 0.37301, -0.13352, 0.76051, 0.00000, 0.00000
2.14766, 0.78579, 4.35121, 4.91558, 0.35075, 0.48390, 2.00000, 337357.00000, 155342.00000, 246349.50000, 8282365056.25000, 91007.50000, 1.08598, 0.29439, 0.10538, 0.60022, 0.00000, 1.00000
0.87622, 0.00000, 4.83686, 4.91558, 0.00000, 0.17921, 2.00000, 313851.00000, 129414.00000, 221632.50000, 8504251742.25000, 92218.50000, 1.08598, 0.15697, -0.00000, 0.84303, 0.00000, 1.00000
1.75244, 0.00000, 4.58794, 4.91123, 0.00000, 0.36486, 1.00000, 434915.00000, 434915.00000, 434915.00000, 0.00000, 0.00000, 1.14286, 0.27639, 0.00000, 0.72361, 0.00000, 1.00000
-2.75567, -4.02561, 0.70086, 4.92853, -2.17107, 1.42811, 4.00000, 390794.00000, 86601.00000, 230231.75000, 19766594079.68750, 140593.71992, 0.90081, 0.46424, 0.66888, -0.13313, 1.00000, 0.00000
-2.21782, -3.93313, 1.97536, 4.92852, -2.08423, 1.15840, 2.00000, 496089.00000, 200135.00000, 348112.00000, 21897192529.00000, 147977.00000, 0.91102, 0.54500, 0.95092, -0.49591, 1.00000, 0.00000
-3.48430, -3.15040, 1.49161, 4.92852, -2.40648, 1.26333, 4.00000, 434906.00000, 98201.00000, 227413.00000, 15913273133.50000, 126147.82255, 0.91102, 0.68893, 0.61936, -0.30829, 0.50000, 0.50000
-2.85909, -3.75484, 1.40973, 4.92550, -2.22158, 1.28053, 4.00000, 464317.00000, 102732.00000, 240608.75000, 18364504348.18750, 135515.69779, 0.94766, 0.53830, 0.71466, -0.25296, 0.75000, 0.25000
-1.49161, -3.48430, 3.15040, 4.92852, -1.97528, 0.87732, 2.00000, 467804.00000, 264773.00000, 366288.50000, 10305396740.25000, 101515.50000, 0.91102, 0.81587, 1.82322, -1.63909, 1.00000, 0.00000
-0.70086, -2.75567, 4.02561, 4.92853, -1.81985, 0.61496, 0.00000, 0.00000, 0.00000, 0.00000, 0.00000, 0.00000, 0.90081, -1.86160, -6.49176, 9.35336, 0.00000, 0.00000
-1.97536, -2.21782, 3.93313, 4.92852, -2.29844, 0.64677, 1.00000, 496238.00000, 496238.00000, 496238.00000, 0.00000, 0.00000, 0.91102, 5.51065, 6.05607, -10.56672, 0.00000, 1.00000
-1.40973, -2.85909, 3.75484, 4.92550, -2.02888, 0.70390, 2.00000, 379431.00000, 288489.00000, 333960.00000, 2067611841.00000, 45471.00000, 0.94766, 3.30198, 7.02665, -9.32863, 0.50000, 0.50000
-3.93313, -1.97536, 2.21782, 4.92852, -2.67616, 1.10403, 13.00000, 471574.00000, 151509.00000, 301590.69231, 9905491014.82840, 99526.33327, 0.91102, 1.05443, 0.54989, -0.60432, 0.46154, 0.53846
-3.15040, -1.49161, 3.48430, 4.92852, -2.69940, 0.78559, 7.00000, 483918.00000, 80633.00000, 311316.28571, 25055527255.06123, 158289.37821, 0.91102, 2.59457, 1.29147, -2.88604, 0.28571, 0.71429
-4.02561, -0.70086, 2.75567, 4.92853, -2.96922, 0.97747, 8.00000, 464430.00000, 95652.00000, 272578.87500, 16261591752.85938, 127520.94633, 0.90081, 1.98030, 0.39414, -1.37444, 0.75000, 0.25000
-3.75484, -1.40973, 2.85909, 4.92550, -2.78243, 0.95149, 7.00000, 461921.00000, 102725.00000, 277595.71429, 18476140747.63266, 135926.96843, 0.94766, 1.66465, 0.58922, -1.25387, 0.71429, 0.28571
-2.20355, -3.47499, 2.68919, 4.91558, -2.13592, 0.99193, 1.00000, 183380.00000, 183380.00000, 183380.00000, 0.00000, 0.00000, 1.08598, 0.74373, 1.15838, -0.90211, 1.00000, 0.00000
-2.68919, -2.20355, 3.47499, 4.91558, -2.45513, 0.78564, 3.00000, 392557.00000, 247358.00000, 304513.33333, 3990836168.22222, 63173.06521, 1.08598, 1.85065, 1.52573, -2.37638, 0.66667, 0.33333
-3.47499, -2.68919, 2.20355, 4.91558, -2.48299, 1.10596, 3.00000, 378815.00000, 160326.00000, 288549.33333, 8676632749.55556, 93148.44470, 1.08598, 0.87972, 0.68510, -0.56481, 0.33333, 0.66667
-2.83550, -2.83550, 2.83550, 4.91123, -2.35619, 0.95532, 0.00000, 0.00000, 0.00000, 0.00000, 0.00000, 0.00000, 1.14286, 1.00000, 1.00000, -1.00000, 0.00000, 0.00000
-0.70086, -2.75567, -4.02561, 4.92853, -1.81985, 2.52663, 21.00000, 454636.00000, 25196.00000, 169875.76190, 9220144814.75283, 96021.58515, 0.90081, 0.10514, 0.36663, 0.52824, 1.00000, 0.00000
-1.49161, -3.48430, -3.15040, 4.92852, -1.97528, 2.26428, 22.00000, 406879.00000, 62678.00000, 188190.68182, 10530019766.85330, 102615.88457, 0.91102, 0.19070, 0.42617, 0.38313, 1.00000, 0.00000
-1.97536, -2.21782, -3.93313, 4.92852, -2.29844, 2.49482, 49.00000, 433660.00000, 27891.00000, 136728.73469, 12875913745.90921, 113472.08355, 0.91102, 0.24897, 0.27362, 0.47741, 1.00000, 0.00000
-1.40973, -2.85909, -3.75484, 4.92550, -2.02888, 2.43770, 26.00000, 405718.00000, 30650.00000, 175680.88462, 14215519743.25592, 119228.85449, 0.94766, 0.16798, 0.35746, 0.47456, 1.00000, 0.00000
-2.21782, -3.93313, -1.97536, 4.92852, -2.08423, 1.98319, 16.00000, 487577.00000, 50704.00000, 201182.75000, 16517756245.43750, 128521.42329, 0.91102, 0.27362, 0.47741, 0.24897, 0.87500, 0.12500
-2.75567, -4.02561, -0.70086, 4.92853, -2.17107, 1.71348, 6.00000, 477094.00000, 96751.00000, 324698.66667, 16415780839.22222, 128124.08376, 0.90081, 0.36663, 0.52824, 0.10514, 1.00000, 0.00000
-3.48430, -3.15040, -1.49161, 4.92852, -2.40648, 1.87827, 30.00000, 492759.00000, 55759.00000, 223059.26667, 19101522400.66222, 138208.25735, 0.91102, 0.42617, 0.38313, 0.19070, 0.96667, 0.03333
-2.85909, -3.75484, -1.40973, 4.92550, -2.22158, 1.86107, 13.00000, 484962.00000, 63638.00000, 191459.38462, 18527067781.77515, 136114.17186, 0.94766, 0.35746, 0.47456, 0.16798, 1.00000, 0.00000
-3.15040, -1.49161, -3.48430, 4.92852, -2.69940, 2.35600, 84.00000, 491467.00000, 16229.00000, 116606.07143, 9384924760.20919, 96875.82134, 0.91102, 0.38313, 0.19070, 0.42617, 0.92857, 0.07143
-3.93313, -1.97536, -2.21782, 4.92852, -2.67616, 2.03756, 46.00000, 471995.00000, 22138.00000, 174640.50000, 15127265823.85870, 122992.95030, 0.91102, 0.47741, 0.24897, 0.27362, 1.00000, 0.00000
-4.02561, -0.70086, -2.75567, 4.92853, -2.96922, 2.16413, 59.00000, 468986.00000, 12359.00000, 131350.57627, 13717369963.19333, 117121.17641, 0.90081, 0.52824, 0.10514, 0.36663, 0.93220, 0.06780
-3.75484, -1.40973, -2.85909, 4.92550, -2.78243, 2.19010, 48.00000, 460104.00000, 16766.00000, 177136.93750, 17269423036.22526, 131413.17680, 0.94766, 0.47456, 0.16798, 0.35746, 0.89583, 0.10417
-2.20355, -3.47499, -2.68919, 4.91558, -2.13592, 2.14966, 19.00000, 462854.00000, 49000.00000, 189895.89474, 20555381428.40997, 143371.48053, 1.08598, 0.26522, 0.41309, 0.32170, 1.00000, 0.00000
-3.47499, -2.68919, -2.20355, 4.91558, -2.48299, 2.03563, 21.00000, 495410.00000, 18438.00000, 149964.90476, 19975739342.27665, 141335.55583, 1.08598, 0.41309, 0.32170, 0.26522, 0.90476, 0.09524
-2.68919, -2.20355, -3.47499, 4.91558, -2.45513, 2.35595, 47.00000, 489897.00000, 20203.00000, 153904.89362, 11576027483.45677, 107591.94897, 1.08598, 0.32170, 0.26522, 0.41309, 0.93617, 0.06383
-2.83550, -2.83550, -2.83550, 4.91123, -2.35619, 2.18628, 35.00000, 473074.00000, 27840.00000, 166730.31429, 16260224450.90122, 127515.58513, 1.14286, 0.33333, 0.33333, 0.33333, 0.91429, 0.08571
3.75791, 0.00000, -3.18882, 4.92853, 0.00000, 2.27446, 2.00000, 433867.00000, 91754.00000, 262810.50000, 29260326192.25000, 171056.50000, 0.90081, 8.64229, 0.00000, -7.64229, 1.00000, 0.00000
2.87963, -0.78273, -3.92241, 4.92852, -0.26540, 2.49122, 7.00000, 470587.00000, 133852.00000, 295749.42857, 10587931860.53061, 102897.67665, 0.91102, -1.48153, 0.40335, 2.07817, 1.00000, 0.00000
2.87963, 0.78273, -3.92241, 4.92852, 0.26540, 2.49122, 9.00000, 473522.00000, 137398.00000, 282737.00000, 12468187238.66667, 111661.03725, 0.91102, -7.66476, -2.08678, 10.75154, 0.66667, 0.33333
3.21637, 0.00000, -3.73035, 4.92550, 0.00000, 2.43005, 2.00000, 190939.00000, 87261.00000, 139100.00000, 2687281921.00000, 51839.00000, 0.94766, -8.06739, -0.00000, 9.06739, 0.50000, 0.50000
1.70460, -1.50894, -4.37124, 4.92852, -0.72459, 2.66145, 6.00000, 365357.00000, 70448.00000, 199893.33333, 14059021045.22222, 118570.74279, 0.91102, -0.42255, 0.35294, 1.06961, 0.83333, 0.16667
0.43315, -2.05481, -4.45876, 4.92853, -1.36304, 2.70143, 21.00000, 499541.00000, 51488.00000, 153144.80952, 11519337525.96372, 107328.17676, 0.90081, -0.08228, 0.33112, 0.75116, 0.90476, 0.09524
0.43811, -0.72621, -4.85499, 4.92852, -1.02797, 2.96865, 20.00000, 386178.00000, 25469.00000, 188342.40000, 11401321638.84000, 106776.97148, 0.91102, -0.09634, 0.13403, 0.96230, 1.00000, 0.00000
0.87126, -1.44936, -4.62611, 4.92550, -1.02954, 2.79113, 15.00000, 490173.00000, 78550.00000, 249994.20000, 19393337040.56000, 139259.96209, 0.94766, -0.15634, 0.28534, 0.87099, 0.86667, 0.13333
1.70460, 1.50894, -4.37124, 4.92852, 0.72459, 2.66145, 14.00000, 489779.00000, 72087.00000, 300362.28571, 16421837209.20408, 128147.71636, 0.91102, -1.43665, -1.19997, 3.63662, 0.85714, 0.14286
0.43811, 0.72621, -4.85499, 4.92852, 1.02797, 2.96865, 23.00000, 390594.00000, 30529.00000, 168997.17391, 13302477951.79584, 115336.36873, 0.91102, -0.13162, -0.18312, 1.31474, 0.91304, 0.08696
0.43315, 2.05481, -4.45876, 4.92853, 1.36304, 2.70143, 17.00000, 446683.00000, 37300.00000, 196730.47059, 11386305782.95502, 106706.63420, 0.90081, -0.24359, -0.98030, 2.22389, 0.70588, 0.29412
0.87126, 1.44936, -4.62611, 4.92550, 1.02954, 2.79113, 14.00000, 417170.00000, 111860.00000, 226864.50000, 7441686283.67857, 86265.20900, 0.94766, -0.36416, -0.66465, 2.02881, 0.85714, 0.14286
2.14766, -0.78579, -4.35121, 4.91558, -0.35075, 2.65769, 4.00000, 407195.00000, 106919.00000, 253925.00000, 12405795746.00000, 111381.30788, 1.08598, -0.71592, 0.25627, 1.45965, 1.00000, 0.00000
0.87622, 0.00000, -4.83686, 4.91558, 0.00000, 2.96238, 14.00000, 492477.00000, 92246.00000, 286676.00000, 20072153650.71429, 141676.22825, 1.08598, -0.22879, -0.00000, 1.22879, 1.00000, 0.00000
2.14766, 0.78579, -4.35121, 4.91558, 0.35075, 2.65769, 9.00000, 426239.00000, 80669.00000, 256482.44444, 15116806589.13580, 122950.42330, 1.08598, -1.46868, -0.52573, 2.99442, 0.88889, 0.11111
1.75244, 0.00000, -4.58794, 4.91123, 0.00000, 2.77673, 16.00000, 476892.00000, 90378.00000, 278013.68750, 19228933451.58984, 138668.42990, 1.14286, -0.61803, -0.00000, 1.61803, 0.93750, 0.06250
4.45876, 0.43315, 2.05481, 4.92853, 0.09684, 1.14074, 2.00000, 479920.00000, 296217.00000, 388068.50000, 8436698052.25000, 91851.50000, 0.90081, 0.64502, 0.07065, 0.28433, 0.00000, 1.00000
4.85499, 0.43811, 0.72621, 4.92852, 0.09000, 1.42291, 1.00000, 284009.00000, 284009.00000, 284009.00000, 0.00000, 0.00000, 0.91102, 0.80685, 0.08077, 0.11238, 1.00000, 0.00000
4.37124, 1.70460, 1.50894, 4.92852, 0.37182, 1.25963, 0.00000, 0.00000, 0.00000, 0.00000, 0.00000, 0.00000, 0.91102, 0.57970, 0.22901, 0.19128, 0.00000, 0.00000
4.62611, 0.87126, 1.44936, 4.92550, 0.18616, 1.27212, 1.00000, 433713.00000, 433713.00000, 433713.00000, 0.00000, 0.00000, 0.94766, 0.66353, 0.11910, 0.21738, 0.00000, 1.00000
4.85499, 0.43811, -0.72621, 4.92852, 0.09000, 1.71868, 1.00000, 352999.00000, 352999.00000, 352999.00000, 0.00000, 0.00000, 0.91102, 1.04077, 0.10419, -0.14496, 0.00000, 1.00000
4.45876, 0.43315, -2.05481, 4.92853, 0.09684, 2.00085, 1.00000, 362973.00000, 362973.00000, 362973.00000, 0.00000, 0.00000, 0.90081, 1.49537, 0.16379, -0.65917, 1.00000, 0.00000
4.37124, 1.70460, -1.50894, 4.92852, 0.37182, 1.88196, 3.00000, 491087.00000, 296235.00000, 376057.66667, 6947638339.55555, 83352.49450, 0.91102, 0.93889, 0.37091, -0.30980, 0.33333, 0.66667
4.62611, 0.87126, -1.44936, 4.92550, 0.18616, 1.86947, 4.00000, 463092.00000, 135005.00000, 284389.75000, 18440998142.18750, 135797.63673, 0.94766, 1.17386, 0.21070, -0.38457, 0.50000, 0.50000
3.92241, 2.87963, 0.78273, 4.92852, 0.63328, 1.41130, 2.00000, 492207.00000, 232092.00000, 362149.50000, 16914953306.25000, 130057.50000, 0.91102, 0.52439, 0.37383, 0.10178, 0.00000, 1.00000
3.92241, 2.87963, -0.78273, 4.92852, 0.63328, 1.73029, 4.00000, 492065.00000, 169674.00000, 300681.50000, 13969325749.25000, 118191.90222, 0.91102, 0.65841, 0.46938, -0.12779, 0.25000, 0.75000
3.18882, 3.75791, 0.00000, 4.92853, 0.86714, 1.57080, 3.00000, 493258.00000, 84141.00000, 243886.00000, 31912619512.66667, 178641.03535, 0.90081, 0.46930, 0.53070, 0.00000, 0.00000, 1.00000
3.73035, 3.21637, 0.00000, 4.92550, 0.71154, 1.57080, 5.00000, 386353.00000, 113685.00000, 227583.60000, 8754597449.44000, 93566.00584, 0.94766, 0.52918, 0.47082, 0.00000, 0.00000, 1.00000
4.83686, 0.87622, 0.00000, 4.91558, 0.17921, 1.57080, 0.00000, 0.00000, 0.00000, 0.00000, 0.00000, 0.00000, 1.08598, 0.84303, 0.15697, 0.00000, 0.00000, 0.00000
4.35121, 2.14766, -0.78579, 4.91558, 0.45850, 1.73134, 0.00000, 0.00000, 0.00000, 0.00000, 0.00000, 0.00000, 1.08598, 0.76051, 0.37301, -0.13352, 0.00000, 0.00000
4.35121, 2.14766, 0.78579, 4.91558, 0.45850, 1.41025, 1.00000, 280348.00000, 280348.00000, 280348.00000, 0.00000, 0.00000, 1.08598, 0.60022, 0.29439, 0.10538, 0.00000, 1.00000
4.58794, 1.75244, 0.00000, 4.91123, 0.36486, 1.57080, 2.00000, 354246.00000, 228081.00000, 291163.50000, 3979401806.25000, 63082.50000, 1.14286, 0.72361, 0.27639, -0.00000, 0.00000, 1.00000
