-2.75567, 4.02561, 0.70086, 4.92853, 2.17107, 1.42811, 18.00000, 467687.00000, 43575.00000, 203276.38889, 21558904500.01543, 146829.50827, 0.90081, -1.37444, 1.98030, 0.39414, 0.00000, 1.00000
-3.48430, 3.15040, 1.49161, 4.92852, 2.40648, 1.26333, 24.00000, 409399.00000, 24074.00000, 172787.83333, 10621207789.47222, 103059.24408, 0.91102, -2.88604, 2.59457, 1.29147, 0.00000, 1.00000
-2.21782, 3.93313, 1.97536, 4.92852, 2.08423, 1.15840, 67.00000, 440298.00000, 13650.00000, 114227.73134, 9379504848.79350, 96847.84380, 0.91102, -0.60432, 1.05443, 0.54989, 0.00000, 1.00000
-2.85909, 3.75484, 1.40973, 4.92550, 2.22158, 1.28053, 21.00000, 381277.00000, 38208.00000, 161449.33333, 9643734912.31746, 98202.51989, 0.94766, -1.25387, 1.66465, 0.58922, 0.00000, 1.00000
-3.93313, 1.97536, 2.21782, 4.92852, 2.67616, 1.10403, 18.00000, 304423.00000, 36130.00000, 195044.55556, 7636588019.58025, 87387.57360, 0.91102, -10.56672, 5.51065, 6.05607, 0.00000, 1.00000
-4.02561, 0.70086, 2.75567, 4.92853, 2.96922, 0.97747, 4.00000, 397503.00000, 58886.00000, 213288.75000, 15664117569.68750, 125156.37247, 0.90081, 9.35336, -1.86160, -6.49176, 0.00000, 1.00000
-3.15040, 1.49161, 3.48430, 4.92852, 2.69940, 0.78559, 34.00000, 449126.00000, 25106.00000, 150536.05882, 9524703040.34948, 97594.58510, 0.91102, -1.63909, 0.81587, 1.82322, 0.00000, 1.00000
-3.75484, 1.40973, 2.85909, 4.92550, 2.78243, 0.95149, 17.00000, 439574.00000, 92408.00000, 192926.88235, 13767966256.92733, 117336.97736, 0.94766, -9.32863, 3.30198, 7.02665, 0.00000, 1.00000
-1.49161, 3.48430, 3.15040, 4.92852, 1.97528, 0.87732, 115.00000, 457729.00000, 9952.00000, 73850.66087, 5534805979.99803, 74396.27665, 0.91102, -0.30829, 0.68893, 0.61936, 0.00000, 1.00000
-1.97536, 2.21782, 3.93313, 4.92852, 2.29844, 0.64677, 76.00000, 445854.00000, 11371.00000, 115428.09211, 13508910810.71520, 116227.84008, 0.91102, -0.49591, 0.54500, 0.95092, 0.00000, 1.00000
-0.70086, 2.75567, 4.02561, 4.92853, 1.81985, 0.61496, 119.00000, 467500.00000, 7551.00000, 78661.24370, 7921535501.39439, 89003.00838, 0.90081, -0.13313, 0.46424, 0.66888, 0.00000, 1.00000
-1.40973, 2.85909, 3.75484, 4.92550, 2.02888, 0.70390, 91.00000, 397284.00000, 7773.00000, 84981.03297, 4810820796.27364, 69360.08071, 0.94766, -0.25296, 0.53830, 0.71466, 0.00000, 1.00000
-3.47499, 2.68919, 2.20355, 4.91558, 2.48299, 1.10596, 9.00000, 462081.00000, 25578.00000, 228092.44444, 25889692909.13580, 160902.74363, 1.08598, -2.37638, 1.85065, 1.52573, 0.00000, 1.00000
-2.68919, 2.20355, 3.47499, 4.91558, 2.45513, 0.78564, 38.00000, 442392.00000, 16322.00000, 146785.21053, 11203830501.42936, 105848.14831, 1.08598, -0.90211, 0.74373, 1.15838, 0.00000, 1.00000
-2.20355, 3.47499, 2.68919, 4.91558, 2.13592, 0.99193, 46.00000, 221093.00000, 13348.00000, 86167.19565, 2415946905.07042, 49152.28281, 1.08598, -0.56481, 0.87972, 0.68510, 0.00000, 1.00000
-2.83550, 2.83550, 2.83550, 4.91123, 2.35619, 0.95532, 47.00000, 474785.00000, 25046.00000, 123278.82979, 12071901820.01358, 109872.20677, 1.14286, -1.00000, 1.00000, 1.00000, 0.00000, 1.00000
-2.05481, 4.45876, 0.43315, 4.92853, 2.00263, 1.48280, 16.00000, 373464.00000, 63346.00000, 188258.93750, 9261008558.93359, 96234.13406, 0.90081, -0.65917, 1.49537, 0.16379, 0.06250, 0.93750
-1.50894, 4.37124, 1.70460, 4.92852, 1.90319, 1.21764, 56.00000, 419762.00000, 21094.00000, 106535.35714, 7311180720.94388, 85505.44264, 0.91102, -0.30980, 0.93889, 0.37091, 0.01786, 0.98214
-0.72621, 4.85499, 0.43811, 4.92852, 1.71928, 1.48179, 32.00000, 292404.00000, 24275.00000, 112145.31250, 5686841938.52734, 75411.15261, 0.91102, -0.14496, 1.04077, 0.10419, 0.03125, 0.96875
-1.44936, 4.62611, 0.87126, 4.92550, 1.87441, 1.39297, 29.00000, 481694.00000, 30935.00000, 180621.82759, 18370525285.52200, 135537.91088, 0.94766, -0.38457, 1.17386, 0.21070, 0.00000, 1.00000
-0.78273, 3.92241, 2.87963, 4.92852, 1.76776, 0.94680, 107.00000, 491474.00000, 7395.00000, 78698.09346, 9989656184.77631, 99948.26754, 0.91102, -0.12779, 0.65841, 0.46938, 0.00000, 1.00000
0.00000, 3.18882, 3.75791, 4.92853, 1.57080, 0.70366, 149.00000, 477385.00000, 7892.00000, 71906.80537, 7531618082.18359, 86784.89547, 0.90081, -0.00000, 0.46930, 0.53070, 0.00000, 1.00000
0.78273, 3.92241, 2.87963, 4.92852, 1.37383, 0.94680, 118.00000, 441480.00000, 9318.00000, 81268.13559, 8586415922.93077, 92662.91558, 0.91102, 0.10178, 0.52439, 0.37383, 0.00000, 1.00000
0.00000, 3.73035, 3.21637, 4.92550, 1.57080, 0.85925, 116.00000, 497738.00000, 5321.00000, 89479.04310, 9892320212.78263, 99460.14384, 0.94766, -0.00000, 0.52918, 0.47082, 0.00000, 1.00000
0.72621, 4.85499, 0.43811, 4.92852, 1.42232, 1.48179, 23.00000, 412174.00000, 26345.00000, 155426.26087, 11032403551.84499, 105035.24909, 0.91102, 0.11238, 0.80685, 0.08077, 0.08696, 0.91304
1.50894, 4.37124, 1.70460, 4.92852, 1.23841, 1.21764, 54.00000, 311338.00000, 23628.00000, 105718.01852, 5438954654.79595, 73749.26884, 0.91102, 0.19128, 0.57970, 0.22901, 0.03704, 0.96296
2.05481, 4.45876, 0.43315, 4.92853, 1.13896, 1.48280, 30.00000, 475011.00000, 42023.00000, 167312.50000, 10778569734.58333, 103819.89084, 0.90081, 0.28433, 0.64502, 0.07065, 0.06667, 0.93333
1.44936, 4.62611, 0.87126, 4.92550, 1.26718, 1.39297, 30.00000, 483353.00000, 33153.00000, 160091.76667, 15381197497.51222, 124020.95588, 0.94766, 0.21738, 0.66353, 0.11910, 0.03333, 0.96667
-0.78579, 4.35121, 2.14766, 4.91558, 1.74946, 1.11864, 71.00000, 486837.00000, 11681.00000, 117289.12676, 16883101930.02619, 129934.99117, 1.08598, -0.13352, 0.76051, 0.37301, 0.02817, 0.97183
0.78579, 4.35121, 2.14766, 4.91558, 1.39213, 1.11864, 58.00000, 486276.00000, 10680.00000, 108641.93103, 15326133623.65042, 123798.76261, 1.08598, 0.10538, 0.60022, 0.29439, 0.01724, 0.98276
0.00000, 4.83686, 0.87622, 4.91558, 1.57080, 1.39159, 41.00000, 489631.00000, 21742.00000, 180557.09756, 23680125227.06366, 153883.47938, 1.08598, -0.00000, 0.84303, 0.15697, 0.02439, 0.97561
0.00000, 4.58794, 1.75244, 4.91123, 1.57080, 1.20593, 67.00000, 495253.00000, 14164.00000, 101386.76119, 11462839641.10715, 107064.65169, 1.14286, 0.00000, 0.72361, 0.27639, 0.00000, 1.00000
-2.05481, 4.45876, -0.43315, 4.92853, 2.00263, 1.65880, 9.00000, 293873.00000, 74334.00000, 176337.77778, 5326752589.50617, 72984.60515, 0.90081, -0.98030, 2.22389, -0.24359, 0.00000, 1.00000
-0.72621, 4.85499, -0.43811, 4.92852, 1.71928, 1.65981, 32.00000, 458890.00000, 44704.00000, 181831.65625, 13551286683.22559, 116409.99391, 0.91102, -0.18312, 1.31474, -0.13162, 0.06250, 0.93750
-1.50894, 4.37124, -1.70460, 4.92852, 1.90319, 1.92396, 12.00000, 484258.00000, 75847.00000, 236206.75000, 13282674113.02083, 115250.48422, 0.91102, -1.19997, 3.63662, -1.43665, 0.00000, 1.00000
-1.44936, 4.62611, -0.87126, 4.92550, 1.87441, 1.74862, 12.00000, 436064.00000, 32396.00000, 203745.66667, 23016915049.72223, 151713.26590, 0.94766, -0.66465, 2.02881, -0.36416, 0.16667, 0.83333
0.72621, 4.85499, -0.43811, 4.92852, 1.42232, 1.65981, 15.00000, 488890.00000, 40407.00000, 187345.86667, 20239895345.31556, 142266.98614, 0.91102, 0.13403, 0.96230, -0.09634, 0.00000, 1.00000
2.05481, 4.45876, -0.43315, 4.92853, 1.13896, 1.65880, 15.00000, 471920.00000, 48538.00000, 209375.53333, 11989111824.38223, 109494.80273, 0.90081, 0.33112, 0.75116, -0.08228, 0.06667, 0.93333
1.50894, 4.37124, -1.70460, 4.92852, 1.23841, 1.92396, 9.00000, 455687.00000, 143254.00000, 245348.44444, 12744257603.80247, 112890.46728, 0.91102, 0.35294, 1.06961, -0.42255, 0.22222, 0.77778
1.44936, 4.62611, -0.87126, 4.92550, 1.26718, 1.74862, 15.00000, 353331.00000, 52230.00000, 200033.60000, 11936004782.50667, 109252.02416, 0.94766, 0.28534, 0.87099, -0.15634, 0.06667, 0.93333
-0.78273, 3.92241, -2.87963, 4.92852, 1.76776, 2.19479, 4.00000, 337819.00000, 135052.00000, 230192.25000, 6895265206.68750, 83037.73363, 0.91102, -2.08678, 10.75154, -7.66476, 0.00000, 1.00000
0.78273, 3.92241, -2.87963, 4.92852, 1.37383, 2.19479, 3.00000, 444906.00000, 225133.00000, 325795.66667, 8220186790.88889, 90665.24577, 0.91102, 0.40335, 2.07817, -1.48153, 0.66667, 0.33333
0.00000, 3.18882, -3.75791, 4.92853, 1.57080, 2.43793, 2.00000, 220134.00000, 154466.00000, 187300.00000, 1078071556.00000, 32834.00000, 0.90081, -0.00000, -7.64229, 8.64229, 0.00000, 1.00000
0.00000, 3.73035, -3.21637, 4.92550, 1.57080, 2.28234, 4.00000, 406127.00000, 140357.00000, 307037.25000, 10301871151.18750, 101498.13373, 0.94766, 0.00000, 9.06739, -8.06739, 0.25000, 0.75000
0.00000, 4.83686, -0.87622, 4.91558, 1.57080, 1.75001, 12.00000, 434454.00000, 105608.00000, 267073.00000, 11377214752.33333, 106664.02745, 1.08598, 0.00000, 1.22879, -0.22879, 0.16667, 0.83333
0.78579, 4.35121, -2.14766, 4.91558, 1.39213, 2.02296, 8.00000, 462086.00000, 127327.00000, 240310.87500, 15009923128.10938, 122514.99144, 1.08598, 0.25627, 1.45965, -0.71592, 0.12500, 0.87500
-0.78579, 4.35121, -2.14766, 4.91558, 1.74946, 2.02296, 8.00000, 458596.00000, 70034.00000, 212448.50000, 22046278827.25000, 148479.89368, 1.08598, -0.52573, 2.99442, -1.46868, 0.12500, 0.87500
0.00000, 4.58794, -1.75244, 4.91123, 1.57080, 1.93566, 8.00000, 440479.00000, 36517.00000, 326296.25000, 16837982438.68750, 129761.25168, 1.14286, 0.00000, 1.61803, -0.61803, 0.12500, 0.87500
-2.75567, 4.02561, -0.70086, 4.92853, 2.17107, 1.71348, 4.00000, 306059.00000, 119663.00000, 225431.25000, 5601476857.18750, 74843.01475, 0.90081, -6.49176, 9.35336, -1.86160, 0.00000, 1.00000
-2.21782, 3.93313, -1.97536, 4.92852, 2.08423, 1.98319, 1.00000, 139827.00000, 139827.00000, 139827.00000, 0.00000, 0.00000, 0.91102, 6.05607, -10.56672, 5.51065, 0.00000, 1.00000
-3.48430, 3.15040, -1.49161, 4.92852, 2.40648, 1.87827, 6.00000, 398092.00000, 164427.00000, 276735.50000, 5402978837.58333, 73504.95791, 0.91102, 1.82322, -1.63909, 0.81587, 0.16667, 0.83333
-2.85909, 3.75484, -1.40973, 4.92550, 2.22158, 1.86107, 14.00000, 398978.00000, 60641.00000, 226803.42857, 9936600666.24490, 99682.49930, 0.94766, 7.02665, -9.32863, 3.30198, 0.00000, 1.00000
-1.49161, 3.48430, -3.15040, 4.92852, 1.97528, 2.26428, 2.00000, 386865.00000, 359955.00000, 373410.00000, 181037025.00000, 13455.00000, 0.91102, 1.29147, -2.88604, 2.59457, 0.50000, 0.50000
-0.70086, 2.75567, -4.02561, 4.92853, 1.81985, 2.52663, 2.00000, 375319.00000, 260859.00000, 318089.00000, 3275272900.00000, 57230.00000, 0.90081, 0.39414, -1.37444, 1.98030, 0.00000, 1.00000
-1.97536, 2.21782, -3.93313, 4.92852, 2.29844, 2.49482, 3.00000, 291831.00000, 170432.00000, 234558.33333, 2479772573.55556, 49797.31492, 0.91102, 0.54989, -0.60432, 1.05443, 0.66667, 0.33333
-1.40973, 2.85909, -3.75484, 4.92550, 2.02888, 2.43770, 1.00000, 127148.00000, 127148.00000, 127148.00000, 0.00000, 0.00000, 0.94766, 0.58922, -1.25387, 1.66465, 0.00000, 1.00000
-3.93313, 1.97536, -2.21782, 4.92852, 2.67616, 2.03756, 2.00000, 439838.00000, 247482.00000, 343660.00000, 9250207684.00000, 96178.00000, 0.91102, 0.95092, -0.49591, 0.54500, 0.00000, 1.00000
-3.15040, 1.49161, -3.48430, 4.92852, 2.69940, 2.35600, 1.00000, 312006.00000, 312006.00000, 312006.00000, 0.00000, 0.00000, 0.91102, 0.61936, -0.30829, 0.68893, 1.00000, 0.00000
-4.02561, 0.70086, -2.75567, 4.92853, 2.96922, 2.16413, 2.00000, 350026.00000, 283491.00000, 316758.50000, 1106726556.25000, 33267.50000, 0.90081, 0.66888, -0.13313, 0.46424, 0.00000, 1.00000
-3.75484, 1.40973, -2.85909, 4.92550, 2.78243, 2.19010, 1.00000, 495561.00000, 495561.00000, 495561.00000, 0.00000, 0.00000, 0.94766, 0.71466, -0.25296, 0.53830, 1.00000, 0.00000
-2.20355, 3.47499, -2.68919, 4.91558, 2.13592, 2.14966, 3.00000, 369908.00000, 173257.00000, 259230.33333, 6750421342.88889, 82160.94780, 1.08598, 1.52573, -2.37638, 1.85065, 0.00000, 1.00000
-2.68919, 2.20355, -3.47499, 4.91558, 2.45513, 2.35595, 1.00000, 147134.00000, 147134.00000, 147134.00000, 0.00000, 0.00000, 1.08598, 0.68510, -0.56481, 0.87972, 0.00000, 1.00000
-3.47499, 2.68919, -2.20355, 4.91558, 2.48299, 2.03563, 1.00000, 308254.00000, 308254.00000, 308254.00000, 0.00000, 0.00000, 1.08598, 1.15838, -0.90211, 0.74373, 0.00000, 1.00000
-2.83550, 2.83550, -2.83550, 4.91123, 2.35619, 2.18628, 3.00000, 220519.00000, 111135.00000, 158951.00000, 2088701994.66667, 45702.31936, 1.14286, 1.00000, -1.00000, 1.00000, 0.00000, 1.00000
-3.18882, 3.75791, 0.00000, 4.92853, 2.27446, 1.57080, 5.00000, 414465.00000, 108666.00000, 191699.00000, 12685579067.20000, 112630.27598, 0.90081, -7.64229, 8.64229, 0.00000, 0.00000, 1.00000
-3.92241, 2.87963, -0.78273, 4.92852, 2.50831, 1.73029, 4.00000, 141477.00000, 57773.00000, 107665.50000, 1031421152.75000, 32115.74618, 0.91102, 2.07817, -1.48153, 0.40335, 0.00000, 1.00000
-3.92241, 2.87963, 0.78273, 4.92852, 2.50831, 1.41130, 16.00000, 454355.00000, 54577.00000, 241696.37500, 17398781220.73438, 131904.43973, 0.91102, 10.75154, -7.66476, -2.08678, 0.00000, 1.00000
-3.73035, 3.21637, 0.00000, 4.92550, 2.43005, 1.57080, 8.00000, 425038.00000, 33956.00000, 214505.62500, 19382649760.98438, 139221.58511, 0.94766, 9.06739, -8.06739, -0.00000, 0.00000, 1.00000
-4.37124, 1.70460, -1.50894, 4.92852, 2.76977, 1.88196, 1.00000, 262824.00000, 262824.00000, 262824.00000, 0.00000, 0.00000, 0.91102, 1.06961, -0.42255, 0.35294, 0.00000, 1.00000
-4.45876, 0.43315, -2.05481, 4.92853, 3.04475, 2.00085, 2.00000, 483633.00000, 304321.00000, 393977.00000, 8038198336.00000, 89656.00000, 0.90081, 0.75116, -0.08228, 0.33112, 0.50000, 0.50000
-4.85499, 0.43811, -0.72621, 4.92852, 3.05160, 1.71868, 4.00000, 332593.00000, 227100.00000, 274185.00000, 1750560468.50000, 41839.69967, 0.91102, 0.96230, -0.09634, 0.13403, 0.25000, 0.75000
-4.62611, 0.87126, -1.44936, 4.92550, 2.95544, 1.86947, 1.00000, 201668.00000, 201668.00000, 201668.00000, 0.00000, 0.00000, 0.94766, 0.87099, -0.15634, 0.28534, 0.00000, 1.00000
-4.37124, 1.70460, 1.50894, 4.92852, 2.76977, 1.25963, 12.00000, 432130.00000, 52870.00000, 216134.08333, 10374519683.57639, 101855.38613, 0.91102, 3.63662, -1.43665, -1.19997, 0.00000, 1.00000
-4.85499, 0.43811, 0.72621, 4.92852, 3.05160, 1.42291, 2.00000, 87197.00000, 81158.00000, 84177.50000, 9117380.25000, 3019.50000, 0.91102, 1.31474, -0.13162, -0.18312, 0.00000, 1.00000
-4.45876, 0.43315, 2.05481, 4.92853, 3.04475, 1.14074, 5.00000, 369222.00000, 45923.00000, 215371.00000, 11521909944.80000, 107340.15998, 0.90081, 2.22389, -0.24359, -0.98030, 0.00000, 1.00000
-4.62611, 0.87126, 1.44936, 4.92550, 2.95544, 1.27212, 5.00000, 454157.00000, 115027.00000, 287874.00000, 15459143453.20000, 124334.80387, 0.94766, 2.02881, -0.36416, -0.66465, 0.00000, 1.00000
-4.35121, 2.14766, -0.78579, 4.91558, 2.68310, 1.73134, 2.00000, 194073.00000, 145945.00000, 170009.00000, 579076096.00000, 24064.00000, 1.08598, 1.45965, -0.71592, 0.25627, 0.00000, 1.00000
-4.83686, 0.87622, 0.00000, 4.91558, 2.96238, 1.57080, 3.00000, 317817.00000, 153594.00000, 230542.00000, 4548189086.00000, 67440.26309, 1.08598, 1.22879, -0.22879, -0.00000, 0.00000, 1.00000
-4.35121, 2.14766, 0.78579, 4.91558, 2.68310, 1.41025, 5.00000, 373386.00000, 88887.00000, 221364.60000, 11390956925.04000, 106728.42604, 1.08598, 2.99442, -1.46868, -0.52573, 0.00000, 1.00000
-4.58794, 1.75244, 0.00000, 4.91123, 2.77673, 1.57080, 4.00000, 450978.00000, 71801.00000, 266363.50000, 18040001670.25000, 134313.07334, 1.14286, 1.61803, -0.61803, -0.00000, 0.00000, 1.00000
2.75567, 4.02561, 0.70086, 4.92853, 0.97053, 1.42811, 28.00000, 454968.00000, 43708.00000, 174660.03571, 16295963541.53444, 127655.64438, 0.90081, 0.36663, 0.52824, 0.10514, 0.10714, 0.89286
2.21782, 3.93313, 1.97536, 4.92852, 1.05736, 1.15840, 43.00000, 447983.00000, 11803.00000, 152274.79070, 16421044557.97945, 128144.62360, 0.91102, 0.27362, 0.47741, 0.24897, 0.04651, 0.95349
3.48430, 3.15040, 1.49161, 4.92852, 0.73511, 1.26333, 20.00000, 410406.00000, 34704.00000, 194085.45000, 17009828481.04750, 130421.73316, 0.91102, 0.42617, 0.38313, 0.19070, 0.25000, 0.75000
2.85909, 3.75484, 1.40973, 4.92550, 0.92001, 1.28053, 17.00000, 409693.00000, 67594.00000, 152746.41176, 6626751163.65398, 81404.85958, 0.94766, 0.35746, 0.47456, 0.16798, 0.05882, 0.94118
1.49161, 3.48430, 3.15040, 4.92852, 1.16631, 0.87732, 94.00000, 423186.00000, 9125.00000, 100641.34043, 9346202144.90539, 96675.75779, 0.91102, 0.19070, 0.42617, 0.38313, 0.02128, 0.97872
0.70086, 2.75567, 4.02561, 4.92853, 1.32174, 0.61496, 102.00000, 368074.00000, 8026.00000, 66707.39216, 4708459602.02268, 68618.21626, 0.90081, 0.10514, 0.36663, 0.52824, 0.00000, 1.00000
1.97536, 2.21782, 3.93313, 4.92852, 0.84316, 0.64677, 68.00000, 483783.00000, 11825.00000, 128982.61765, 12122026293.85381, 110100.07400, 0.91102, 0.24897, 0.27362, 0.47741, 0.05882, 0.94118
1.40973, 2.85909, 3.75484, 4.92550, 1.11271, 0.70390, 88.00000, 485122.00000, 9486.00000, 89652.11364, 9818186778.12345, 99086.76389, 0.94766, 0.16798, 0.35746, 0.47456, 0.00000, 1.00000
3.93313, 1.97536, 2.21782, 4.92852, 0.46544, 1.10403, 17.00000, 494448.00000, 30808.00000, 187914.76471, 15155718569.59170, 123108.56416, 0.91102, 0.47741, 0.24897, 0.27362, 0.23529, 0.76471
3.15040, 1.49161, 3.48430, 4.92852, 0.44220, 0.78559, 35.00000, 461394.00000, 30179.00000, 136320.22857, 10410413898.34776, 102031.43583, 0.91102, 0.38313, 0.19070, 0.42617, 0.14286, 0.85714
4.02561, 0.70086, 2.75567, 4.92853, 0.17237, 0.97747, 23.00000, 454895.00000, 25910.00000, 162825.78261, 11791404515.82231, 108588.23378, 0.90081, 0.52824, 0.10514, 0.36663, 0.43478, 0.56522
3.75484, 1.40973, 2.85909, 4.92550, 0.35916, 0.95149, 27.00000, 402216.00000, 41920.00000, 176723.37037, 11167660404.75171, 105677.15176, 0.94766, 0.47456, 0.16798, 0.35746, 0.25926, 0.74074
2.20355, 3.47499, 2.68919, 4.91558, 1.00567, 0.99193, 43.00000, 445788.00000, 7733.00000, 138176.79070, 12869488076.95619, 113443.76614, 1.08598, 0.26522, 0.41309, 0.32170, 0.04651, 0.95349
2.68919, 2.20355, 3.47499, 4.91558, 0.68646, 0.78564, 50.00000, 471020.00000, 14606.00000, 158464.72000, 14478495388.20160, 120326.61962, 1.08598, 0.32170, 0.26522, 0.41309, 0.16000, 0.84000
3.47499, 2.68919, 2.20355, 4.91558, 0.65860, 1.10596, 25.00000, 411491.00000, 28212.00000, 167936.32000, 9216103318.61760, 96000.53812, 1.08598, 0.41309, 0.32170, 0.26522, 0.12000, 0.88000
2.83550, 2.83550, 2.83550, 4.91123, 0.78540, 0.95532, 38.00000, 481096.00000, 20964.00000, 148339.18421, 15202475996.04502, 123298.32114, 1.14286, 0.33333, 0.33333, 0.33333, 0.05263, 0.94737
-0.43315, 2.05481, 4.45876, 4.92853, 1.77855, 0.44016, 103.00000, 411901.00000, 11357.00000, 81312.70874, 7764926918.69187, 88118.82273, 0.90081, -0.08228, 0.33112, 0.75116, 0.00000, 1.00000
-1.70460, 1.50894, 4.37124, 4.92852, 2.41700, 0.48015, 57.00000, 494245.00000, 14975.00000, 128765.03509, 14236525763.75315, 119316.91315, 0.91102, -0.42255, 0.35294, 1.06961, 0.00000, 1.00000
-0.43811, 0.72621, 4.85499, 4.92852, 2.11363, 0.17295, 50.00000, 448714.00000, 16951.00000, 138726.12000, 15412757367.66560, 124148.12672, 0.91102, -0.09634, 0.13403, 0.96230, 0.04000, 0.96000
-0.87126, 1.44936, 4.62611, 4.92550, 2.11205, 0.35046, 60.00000, 371260.00000, 8643.00000, 100132.20000, 8448939028.86000, 91918.11045, 0.94766, -0.15634, 0.28534, 0.87099, 0.01667, 0.98333
-2.87963, 0.78273, 3.92241, 4.92852, 2.87619, 0.65037, 39.00000, 487755.00000, 29081.00000, 144932.25641, 14377432607.31887, 119905.93233, 0.91102, -1.48153, 0.40335, 2.07817, 0.00000, 1.00000
-3.75791, 0.00000, 3.18882, 4.92853, 3.14159, 0.86714, 10.00000, 341772.00000, 48904.00000, 159493.60000, 7231397785.84000, 85037.62571, 0.90081, 8.64229, -0.00000, -7.64229, 0.00000, 1.00000
-2.87963, -0.78273, 3.92241, 4.92852, -2.87619, 0.65037, 12.00000, 436913.00000, 42121.00000, 171668.00000, 13453961260.50000, 115991.21200, 0.91102, -7.66476, -2.08678, 10.75154, 0.08333, 0.91667
-3.21637, 0.00000, 3.73035, 4.92550, 3.14159, 0.71154, 14.00000, 482894.00000, 55533.00000, 203686.00000, 20455079184.28571, 143021.25431, 0.94766, -8.06739, 0.00000, 9.06739, 0.00000, 1.00000
-0.43811, -0.72621, 4.85499, 4.92852, -2.11363, 0.17295, 30.00000, 441917.00000, 28561.00000, 179046.96667, 12612636000.16556, 112305.99272, 0.91102, -0.13162, -0.18312, 1.31474, 0.03333, 0.96667
-1.70460, -1.50894, 4.37124, 4.92852, -2.41700, 0.48015, 9.00000, 495268.00000, 41171.00000, 191040.33333, 20336770662.88889, 142607.04984, 0.91102, -1.43665, -1.19997, 3.63662, 0.11111, 0.88889
-0.43315, -2.05481, 4.45876, 4.92853, -1.77855, 0.44016, 11.00000, 489958.00000, 147562.00000, 273125.72727, 14005029419.28926, 118342.84693, 0.90081, -0.24359, -0.98030, 2.22389, 0.18182, 0.81818
-0.87126, -1.44936, 4.62611, 4.92550, -2.11205, 0.35046, 9.00000, 386317.00000, 91425.00000, 217135.33333, 9851282774.88889, 99253.62852, 0.94766, -0.36416, -0.66465, 2.02881, 0.11111, 0.88889
-2.14766, 0.78579, 4.35121, 4.91558, 2.79084, 0.48390, 33.00000, 486508.00000, 24477.00000, 164177.15152, 14972726178.79523, 122363.09157, 1.08598, -0.71592, 0.25627, 1.45965, 0.00000, 1.00000
-2.14766, -0.78579, 4.35121, 4.91558, -2.79084, 0.48390, 13.00000, 433706.00000, 57409.00000, 212831.84615, 14243859903.82249, 119347.64306, 1.08598, -1.46868, -0.52573, 2.99442, 0.00000, 1.00000
-0.87622, 0.00000, 4.83686, 4.91558, 3.14159, 0.17921, 29.00000, 341488.00000, 20108.00000, 121257.62069, 8507222348.58026, 92234.60494, 1.08598, -0.22879, 0.00000, 1.22879, 0.00000, 1.00000
-1.75244, 0.00000, 4.58794, 4.91123, 3.14159, 0.36486, 21.00000, 496026.00000, 12464.00000, 130875.04762, 10503465116.14059, 102486.41430, 1.14286, -0.61803, 0.00000, 1.61803, 0.00000, 1.00000
-4.45876, -0.43315, 2.05481, 4.92853, -3.04475, 1.14074, 6.00000, 460343.00000, 117251.00000, 292428.50000, 14147977424.58333, 118945.27071, 0.90081, 1.49537, 0.16379, -0.65917, 0.33333, 0.66667
-4.85499, -0.43811, 0.72621, 4.92852, -3.05160, 1.42291, 4.00000, 489981.00000, 59736.00000, 307812.00000, 26330166660.50000, 162265.72855, 0.91102, 1.04077, 0.10419, -0.14496, 0.00000, 1.00000
-4.37124, -1.70460, 1.50894, 4.92852, -2.76977, 1.25963, 4.00000, 432326.00000, 102578.00000, 264974.25000, 13845021444.18750, 117664.86920, 0.91102, 0.93889, 0.37091, -0.30980, 0.25000, 0.75000
-4.62611, -0.87126, 1.44936, 4.92550, -2.95544, 1.27212, 3.00000, 471293.00000, 277906.00000, 404660.00000, 8040355948.66667, 89668.03192, 0.94766, 1.17386, 0.21070, -0.38457, 0.33333, 0.66667
-4.85499, -0.43811, -0.72621, 4.92852, -3.05160, 1.71868, 2.00000, 408254.00000, 110769.00000, 259511.50000, 22124331306.25000, 148742.50000, 0.91102, 0.80685, 0.08077, 0.11238, 0.00000, 1.00000
-4.45876, -0.43315, -2.05481, 4.92853, -3.04475, 2.00085, 2.00000, 465457.00000, 265624.00000, 365540.50000, 9983306972.25000, 99916.50000, 0.90081, 0.64502, 0.07065, 0.28433, 0.50000, 0.50000
-4.37124, -1.70460, -1.50894, 4.92852, -2.76977, 1.88196, 1.00000, 234265.00000, 234265.00000, 234265.00000, 0.00000, 0.00000, 0.91102, 0.57970, 0.22901, 0.19128, 0.00000, 1.00000
-4.62611, -0.87126, -1.44936, 4.92550, -2.95544, 1.86947, 2.00000, 404448.00000, 123811.00000, 264129.50000, 19689281442.25000, 140318.50000, 0.94766, 0.66353, 0.11910, 0.21738, 0.50000, 0.50000
-3.92241, -2.87963, 0.78273, 4.92852, -2.50831, 1.41130, 4.00000, 464323.00000, 156164.00000, 255695.75000, 14845899128.18750, 121843.74883, 0.91102, 0.65841, 0.46938, -0.12779, 0.25000, 0.75000
-3.92241, -2.87963, -0.78273, 4.92852, -2.50831, 1.73029, 0.00000, 0.00000, 0.00000, 0.00000, 0.00000, 0.00000, 0.91102, 0.52439, 0.37383, 0.10178, 0.00000, 0.00000
-3.18882, -3.75791, 0.00000, 4.92853, -2.27446, 1.57080, 1.00000, 150305.00000, 150305.00000, 150305.00000, 0.00000, 0.00000, 0.90081, 0.46930, 0.53070, 0.00000, 1.00000, 0.00000
-3.73035, -3.21637, 0.00000, 4.92550, -2.43005, 1.57080, 0.00000, 0.00000, 0.00000, 0.00000, 0.00000, 0.00000, 0.94766, 0.52918, 0.47082, -0.00000, 0.00000, 0.00000
-4.83686, -0.87622, 0.00000, 4.91558, -2.96238, 1.57080, 1.00000, 243236.00000, 243236.00000, 243236.00000, 0.00000, 0.00000, 1.08598, 0.84303, 0.15697, -0.00000, 0.00000, 1.00000
-4.35121, -2.14766, -0.78579, 4.91558, -2.68310, 1.73134, 1.00000, 249716.00000, 249716.00000, 249716.00000, 0.00000, 0.00000, 1.08598, 0.60022, 0.29439, 0.10538, 0.00000, 1.00000
-4.35121, -2.14766, 0.78579, 4.91558, -2.68310, 1.41025, 6.00000, 374152.00000, 170770.00000, 312459.83333, 4403719676.13889, 66360.52800, 1.08598, 0.76051, 0.37301, -0.13352, 0.16667, 0.83333
-4.58794, -1.75244, 0.00000, 4.91123, -2.77673, 1.57080, 2.00000, 382849.00000, 328018.00000, 355433.50000, 751609640.25000, 27415.50000, 1.14286, 0.72361, 0.27639, -0.00000, 0.50000, 0.50000
-3.75791, 0.00000, -3.18882, 4.92853, 3.14159, 2.27446, 0.00000, 0.00000, 0.00000, 0.00000, 0.00000, 0.00000, 0.90081, 0.53070, -0.00000, 0.46930, 0.00000, 0.00000
-2.87963, 0.78273, -3.92241, 4.92852, 2.87619, 2.49122, 0.00000, 0.00000, 0.00000, 0.00000, 0.00000, 0.00000, 0.91102, 0.46938, -0.12779, 0.65841, 0.00000, 0.00000
-2.87963, -0.78273, -3.92241, 4.92852, -2.87619, 2.49122, 0.00000, 0.00000, 0.00000, 0.00000, 0.00000, 0.00000, 0.91102, 0.37383, 0.10178, 0.52439, 0.00000, 0.00000
-3.21637, 0.00000, -3.73035, 4.92550, 3.14159, 2.43005, 0.00000, 0.00000, 0.00000, 0.00000, 0.00000, 0.00000, 0.94766, 0.47082, 0.00000, 0.52918, 0.00000, 0.00000
-1.70460, 1.50894, -4.37124, 4.92852, 2.41700, 2.66145, 3.00000, 446921.00000, 176513.00000, 355165.33333, 15962263082.88889, 126341.85008, 0.91102, 0.37091, -0.30980, 0.93889, 0.66667, 0.33333
-0.43315, 2.05481, -4.45876, 4.92853, 1.77855, 2.70143, 3.00000, 318400.00000, 143120.00000, 206328.66667, 6314293163.55555, 79462.52679, 0.90081, 0.16379, -0.65917, 1.49537, 1.00000, 0.00000
-0.43811, 0.72621, -4.85499, 4.92852, 2.11363, 2.96865, 0.00000, 0.00000, 0.00000, 0.00000, 0.00000, 0.00000, 0.91102, 0.10419, -0.14496, 1.04077, 0.00000, 0.00000
-0.87126, 1.44936, -4.62611, 4.92550, 2.11205, 2.79113, 0.00000, 0.00000, 0.00000, 0.00000, 0.00000, 0.00000, 0.94766, 0.21070, -0.38457, 1.17386, 0.00000, 0.00000
-1.70460, -1.50894, -4.37124, 4.92852, -2.41700, 2.66145, 0.00000, 0.00000, 0.00000, 0.00000, 0.00000, 0.00000, 0.91102, 0.22901, 0.19128, 0.57970, 0.00000, 0.00000
-0.43811, -0.72621, -4.85499, 4.92852, -2.11363, 2.96865, 5.00000, 462796.00000, 167606.00000, 367355.20000, 11213679156.56000, 105894.66066, 0.91102, 0.08077, 0.11238, 0.80685, 1.00000, 0.00000
-0.43315, -2.05481, -4.45876, 4.92853, -1.77855, 2.70143, 5.00000, 472944.00000, 178313.00000, 357189.80000, 12278105002.96000, 110806.61083, 0.90081, 0.07065, 0.28433, 0.64502, 1.00000, 0.00000
-0.87126, -1.44936, -4.62611, 4.92550, -2.11205, 2.79113, 2.00000, 479784.00000, 167859.00000, 323821.50000, 24324301406.25000, 155962.50000, 0.94766, 0.11910, 0.21738, 0.66353, 0.50000, 0.50000
-2.14766, 0.78579, -4.35121, 4.91558, 2.79084, 2.65769, 3.00000, 384840.00000, 220002.00000, 319502.00000, 5112115496.00000, 71499.05941, 1.08598, 0.37301, -0.13352, 0.76051, 1.00000, 0.00000
-0.87622, 0.00000, -4.83686, 4.91558, 3.14159, 2.96238, 3.00000, 314183.00000, 183989.00000, 241372.00000, 2944091198.00000, 54259.48026, 1.08598, 0.15697, 0.00000, 0.84303, 0.66667, 0.33333
-2.14766, -0.78579, -4.35121, 4.91558, -2.79084, 2.65769, 1.00000, 485510.00000, 485510.00000, 485510.00000, 0.00000, 0.00000, 1.08598, 0.29439, 0.10538, 0.60022, 1.00000, 0.00000
-1.75244, 0.00000, -4.58794, 4.91123, 3.14159, 2.77673, 1.00000, 138720.00000, 138720.00000, 138720.00000, 0.00000, 0.00000, 1.14286, 0.27639, 0.00000, 0.72361, 1.00000, 0.00000
0.70086, 2.75567, -4.02561, 4.92853, 1.32174, 2.52663, 3.00000, 351828.00000, 135030.00000, 276429.66667, 10011650134.88889, 100058.23372, 0.90081, -1.86160, -6.49176, 9.35336, 0.66667, 0.33333
1.49161, 3.48430, -3.15040, 4.92852, 1.16631, 2.26428, 10.00000, 498141.00000, 136310.00000, 278148.50000, 12649430171.05000, 112469.68556, 0.91102, 0.81587, 1.82322, -1.63909, 0.80000, 0.20000
1.97536, 2.21782, -3.93313, 4.92852, 0.84316, 2.49482, 7.00000, 458548.00000, 131972.00000, 292319.71429, 11857663213.34694, 108892.89790, 0.91102, 5.51065, 6.05607, -10.56672, 0.71429, 0.28571
1.40973, 2.85909, -3.75484, 4.92550, 1.11271, 2.43770, 5.00000, 211508.00000, 108044.00000, 166822.60000, 1272601662.24000, 35673.54289, 0.94766, 3.30198, 7.02665, -9.32863, 0.80000, 0.20000
2.21782, 3.93313, -1.97536, 4.92852, 1.05736, 1.98319, 6.00000, 487866.00000, 160332.00000, 370618.83333, 14157080139.13889, 118983.52886, 0.91102, 0.54500, 0.95092, -0.49591, 0.66667, 0.33333
2.75567, 4.02561, -0.70086, 4.92853, 0.97053, 1.71348, 10.00000, 375439.00000, 98204.00000, 206687.00000, 8419292023.60000, 91756.70016, 0.90081, 0.46424, 0.66888, -0.13313, 0.50000, 0.50000
3.48430, 3.15040, -1.49161, 4.92852, 0.73511, 1.87827, 15.00000, 482766.00000, 84838.00000, 230239.40000, 10496177872.77333, 102450.85589, 0.91102, 0.68893, 0.61936, -0.30829, 0.80000, 0.20000
2.85909, 3.75484, -1.40973, 4.92550, 0.92001, 1.86107, 7.00000, 295387.00000, 101107.00000, 209167.14286, 5448459241.55102, 73813.67923, 0.94766, 0.53830, 0.71466, -0.25296, 0.28571, 0.71429
3.15040, 1.49161, -3.48430, 4.92852, 0.44220, 2.35600, 11.00000, 488157.00000, 82635.00000, 233852.09091, 12647772868.44628, 112462.31755, 0.91102, 2.59457, 1.29147, -2.88604, 0.81818, 0.18182
3.93313, 1.97536, -2.21782, 4.92852, 0.46544, 2.03756, 17.00000, 476636.00000, 58444.00000, 218330.76471, 17907810715.59170, 133820.06843, 0.91102, 1.05443, 0.54989, -0.60432, 0.88235, 0.11765
4.02561, 0.70086, -2.75567, 4.92853, 0.17237, 2.16413, 31.00000, 494753.00000, 51461.00000, 220262.41935, 19454324573.46931, 139478.76030, 0.90081, 1.98030, 0.39414, -1.37444, 0.93548, 0.06452
3.75484, 1.40973, -2.85909, 4.92550, 0.35916, 2.19010, 16.00000, 330763.00000, 70594.00000, 152350.37500, 5040430121.23438, 70995.98666, 0.94766, 1.66465, 0.58922, -1.25387, 1.00000, 0.00000
2.20355, 3.47499, -2.68919, 4.91558, 1.00567, 2.14966, 5.00000, 429375.00000, 80414.00000, 319967.60000, 15018213079.44000, 122548.81917, 1.08598, 0.74373, 1.15838, -0.90211, 0.40000, 0.60000
3.47499, 2.68919, -2.20355, 4.91558, 0.65860, 2.03563, 9.00000, 471525.00000, 65755.00000, 206757.77778, 15732781356.17284, 125430.38450, 1.08598, 0.87972, 0.68510, -0.56481, 0.66667, 0.33333
2.68919, 2.20355, -3.47499, 4.91558, 0.68646, 2.35595, 7.00000, 496880.00000, 91272.00000, 268113.00000, 20902445283.71429, 144576.77989, 1.08598, 1.85065, 1.52573, -2.37638, 0.85714, 0.14286
2.83550, 2.83550, -2.83550, 4.91123, 0.78540, 2.18628, 8.00000, 484146.00000, 257288.00000, 367678.50000, 7034035133.25000, 83869.15484, 1.14286, 1.00000, 1.00000, -1.00000, 0.75000, 0.25000
2.75567, -4.02561, 0.70086, 4.92853, -0.97053, 1.42811, 30.00000, 464996.00000, 22907.00000, 213092.40000, 21422087309.57333, 146362.86178, 0.90081, -6.49176, 9.35336, -1.86160, 1.00000, 0.00000
3.48430, -3.15040, 1.49161, 4.92852, -0.73511, 1.26333, 40.00000, 493822.00000, 26012.00000, 155382.00000, 16260322890.15000, 127515.97112, 0.91102, 1.82322, -1.63909, 0.81587, 1.00000, 0.00000
2.21782, -3.93313, 1.97536, 4.92852, -1.05736, 1.15840, 22.00000, 494399.00000, 51024.00000, 267799.09091, 19374317027.17355, 139191.65574, 0.91102, 6.05607, -10.56672, 5.51065, 0.90909, 0.09091
2.85909, -3.75484, 1.40973, 4.92550, -0.92001, 1.28053, 22.00000, 362276.00000, 61284.00000, 155707.40909, 6907201722.69628, 83109.57660, 0.94766, 7.02665, -9.32863, 3.30198, 1.00000, 0.00000
3.93313, -1.97536, 2.21782, 4.92852, -0.46544, 1.10403, 42.00000, 474808.00000, 37853.00000, 173635.90476, 14310013401.56236, 119624.46824, 0.91102, 0.95092, -0.49591, 0.54500, 0.88095, 0.11905
4.02561, -0.70086, 2.75567, 4.92853, -0.17237, 0.97747, 28.00000, 456790.00000, 59843.00000, 233637.50000, 13728199797.39286, 117167.40075, 0.90081, 0.66888, -0.13313, 0.46424, 0.64286, 0.35714
3.15040, -1.49161, 3.48430, 4.92852, -0.44220, 0.78559, 22.00000, 465165.00000, 32611.00000, 216174.50000, 10941190768.97727, 104600.14708, 0.91102, 0.61936, -0.30829, 0.68893, 0.86364, 0.13636
3.75484, -1.40973, 2.85909, 4.92550, -0.35916, 0.95149, 25.00000, 473377.00000, 58016.00000, 247321.88000, 20381888395.78560, 142765.15120, 0.94766, 0.71466, -0.25296, 0.53830, 0.80000, 0.20000
1.49161, -3.48430, 3.15040, 4.92852, -1.16631, 0.87732, 17.00000, 444599.00000, 56626.00000, 222051.17647, 11461265045.20415, 107057.29795, 0.91102, 1.29147, -2.88604, 2.59457, 0.64706, 0.35294
1.97536, -2.21782, 3.93313, 4.92852, -0.84316, 0.64677, 14.00000, 470610.00000, 81657.00000, 241868.21429, 9918539033.16837, 99591.86228, 0.91102, 0.54989, -0.60432, 1.05443, 0.64286, 0.35714
0.70086, -2.75567, 4.02561, 4.92853, -1.32174, 0.61496, 14.00000, 494664.00000, 61567.00000, 233423.35714, 16033204834.51531, 126622.29201, 0.90081, 0.39414, -1.37444, 1.98030, 0.50000, 0.50000
1.40973, -2.85909, 3.75484, 4.92550, -1.11271, 0.70390, 13.00000, 310815.00000, 89907.00000, 187705.30769, 4905244147.13609, 70037.44818, 0.94766, 0.58922, -1.25387, 1.66465, 0.46154, 0.53846
3.47499, -2.68919, 2.20355, 4.91558, -0.65860, 1.10596, 16.00000, 388188.00000, 53030.00000, 181372.12500, 12574866245.10938, 112137.71107, 1.08598, 1.15838, -0.90211, 0.74373, 1.00000, 0.00000
2.68919, -2.20355, 3.47499, 4.91558, -0.68646, 0.78564, 13.00000, 405247.00000, 102890.00000, 260357.15385, 6664524821.36095, 81636.54097, 1.08598, 0.68510, -0.56481, 0.87972, 0.92308, 0.07692
2.20355, -3.47499, 2.68919, 4.91558, -1.00567, 0.99193, 20.00000, 471608.00000, 63783.00000, 237689.65000, 18637530602.22750, 136519.34149, 1.08598, 1.52573, -2.37638, 1.85065, 1.00000, 0.00000
2.83550, -2.83550, 2.83550, 4.91123, -0.78540, 0.95532, 23.00000, 491055.00000, 43951.00000, 213976.13043, 17253001928.63516, 131350.68302, 1.14286, 1.00000, -1.00000, 1.00000, 0.78261, 0.21739
2.05481, -4.45876, 0.43315, 4.92853, -1.13896, 1.48280, 19.00000, 478899.00000, 81711.00000, 212723.94737, 17425006379.41829, 132003.81199, 0.90081, -0.98030, 2.22389, -0.24359, 1.00000, 0.00000
1.50894, -4.37124, 1.70460, 4.92852, -1.23841, 1.21764, 13.00000, 461247.00000, 64161.00000, 287714.53846, 16314902474.24852, 127729.80261, 0.91102, -1.19997, 3.63662, -1.43665, 1.00000, 0.00000
0.72621, -4.85499, 0.43811, 4.92852, -1.42232, 1.48179, 16.00000, 386002.00000, 38403.00000, 194920.12500, 11134742450.73438, 105521.28909, 0.91102, -0.18312, 1.31474, -0.13162, 0.93750, 0.06250
1.44936, -4.62611, 0.87126, 4.92550, -1.26718, 1.39297, 12.00000, 465303.00000, 52603.00000, 172347.33333, 16289619998.88889, 127630.79565, 0.94766, -0.66465, 2.02881, -0.36416, 1.00000, 0.00000
0.78273, -3.92241, 2.87963, 4.92852, -1.37383, 0.94680, 13.00000, 414649.00000, 39496.00000, 214793.61538, 14309134484.08284, 119620.79453, 0.91102, -2.08678, 10.75154, -7.66476, 0.69231, 0.30769
0.00000, -3.18882, 3.75791, 4.92853, -1.57080, 0.70366, 8.00000, 477548.00000, 134291.00000, 327684.25000, 13927235934.43750, 118013.71079, 0.90081, 0.00000, -7.64229, 8.64229, 0.62500, 0.37500
-0.78273, -3.92241, 2.87963, 4.92852, -1.76776, 0.94680, 6.00000, 387335.00000, 116305.00000, 224453.33333, 9553583337.88889, 97742.43366, 0.91102, 0.40335, 2.07817, -1.48153, 0.66667, 0.33333
0.00000, -3.73035, 3.21637, 4.92550, -1.57080, 0.85925, 6.00000, 486497.00000, 160353.00000, 328848.66667, 14512067601.55556, 120466.04335, 0.94766, -0.00000, 9.06739, -8.06739, 0.66667, 0.33333
-0.72621, -4.85499, 0.43811, 4.92852, -1.71928, 1.48179, 12.00000, 464812.00000, 59088.00000, 238064.58333, 14942906533.90972, 122241.18182, 0.91102, 0.13403, 0.96230, -0.09634, 1.00000, 0.00000
-1.50894, -4.37124, 1.70460, 4.92852, -1.90319, 1.21764, 6.00000, 468443.00000, 89680.00000, 270130.16667, 16840276543.13889, 129770.09110, 0.91102, 0.35294, 1.06961, -0.42255, 0.66667, 0.33333
-2.05481, -4.45876, 0.43315, 4.92853, -2.00263, 1.48280, 1.00000, 193205.00000, 193205.00000, 193205.00000, 0.00000, 0.00000, 0.90081, 0.33112, 0.75116, -0.08228, 1.00000, 0.00000
-1.44936, -4.62611, 0.87126, 4.92550, -1.87441, 1.39297, 7.00000, 470937.00000, 88275.00000, 292504.00000, 19693112733.42857, 140332.15146, 0.94766, 0.28534, 0.87099, -0.15634, 1.00000, 0.00000
0.78579, -4.35121, 2.14766, 4.91558, -1.39213, 1.11864, 5.00000, 319022.00000, 69141.00000, 206452.00000, 12117127289.20000, 110077.82378, 1.08598, -0.52573, 2.99442, -1.46868, 0.80000, 0.20000
-0.78579, -4.35121, 2.14766, 4.91558, -1.74946, 1.11864, 2.00000, 430542.00000, 191801.00000, 311171.50000, 14249316270.25000, 119370.50000, 1.08598, 0.25627, 1.45965, -0.71592, 0.50000, 0.50000
0.00000, -4.83686, 0.87622, 4.91558, -1.57080, 1.39159, 5.00000, 326734.00000, 101203.00000, 205481.60000, 8003521882.64000, 89462.40486, 1.08598, -0.00000, 1.22879, -0.22879, 1.00000, 0.00000
0.00000, -4.58794, 1.75244, 4.91123, -1.57080, 1.20593, 6.00000, 405192.00000, 151009.00000, 238651.00000, 6735584528.66667, 82070.60697, 1.14286, -0.00000, 1.61803, -0.61803, 0.66667, 0.33333
2.05481, -4.45876, -0.43315, 4.92853, -1.13896, 1.65880, 24.00000, 497983.00000, 46655.00000, 164927.66667, 14129303669.72222, 118866.74754, 0.90081, -0.65917, 1.49537, 0.16379, 1.00000, 0.00000
0.72621, -4.85499, -0.43811, 4.92852, -1.42232, 1.65981, 13.00000, 485755.00000, 88564.00000, 215954.61538, 11794265047.15976, 108601.40444, 0.91102, -0.14496, 1.04077, 0.10419, 1.00000, 0.00000
1.50894, -4.37124, -1.70460, 4.92852, -1.23841, 1.92396, 17.00000, 390012.00000, 34534.00000, 194045.29412, 9543880845.03114, 97692.78809, 0.91102, -0.30980, 0.93889, 0.37091, 1.00000, 0.00000
1.44936, -4.62611, -0.87126, 4.92550, -1.26718, 1.74862, 14.00000, 489727.00000, 24325.00000, 175618.78571, 15421217093.45408, 124182.19314, 0.94766, -0.38457, 1.17386, 0.21070, 1.00000, 0.00000
-0.72621, -4.85499, -0.43811, 4.92852, -1.71928, 1.65981, 9.00000, 447588.00000, 79849.00000, 234517.77778, 12686603479.06173, 112634.82356, 0.91102, 0.11238, 0.80685, 0.08077, 1.00000, 0.00000
-2.05481, -4.45876, -0.43315, 4.92853, -2.00263, 1.65880, 2.00000, 479595.00000, 211169.00000, 345382.00000, 18013129369.00000, 134213.00000, 0.90081, 0.28433, 0.64502, 0.07065, 1.00000, 0.00000
-1.50894, -4.37124, -1.70460, 4.92852, -1.90319, 1.92396, 3.00000, 453854.00000, 60672.00000, 300089.33333, 29433537174.22223, 171562.05051, 0.91102, 0.19128, 0.57970, 0.22901, 1.00000, 0.00000
-1.44936, -4.62611, -0.87126, 4.92550, -1.87441, 1.74862, 3.00000, 458459.00000, 229545.00000, 328770.33333, 9197610571.55556, 95904.17390, 0.94766, 0.21738, 0.66353, 0.11910, 1.00000, 0.00000
0.78273, -3.92241, -2.87963, 4.92852, -1.37383, 2.19479, 14.00000, 433667.00000, 54928.00000, 179263.28571, 11374759638.91837, 106652.51820, 0.91102, -0.12779, 0.65841, 0.46938, 1.00000, 0.00000
-0.78273, -3.92241, -2.87963, 4.92852, -1.76776, 2.19479, 16.00000, 475330.00000, 73521.00000, 259813.31250, 17949077043.08984, 133974.16558, 0.91102, 0.10178, 0.52439, 0.37383, 0.93750, 0.06250
0.00000, -3.18882, -3.75791, 4.92853, -1.57080, 2.43793, 10.00000, 407559.00000, 54573.00000, 249416.20000, 11894948201.36000, 109063.96381, 0.90081, 0.00000, 0.46930, 0.53070, 1.00000, 0.00000
0.00000, -3.73035, -3.21637, 4.92550, -1.57080, 2.28234, 10.00000, 352878.00000, 55813.00000, 198433.80000, 8737538176.76000, 93474.79969, 0.94766, -0.00000, 0.52918, 0.47082, 1.00000, 0.00000
0.00000, -4.83686, -0.87622, 4.91558, -1.57080, 1.75001, 8.00000, 359767.00000, 62407.00000, 177633.87500, 10684011685.60938, 103363.49300, 1.08598, -0.00000, 0.84303, 0.15697, 1.00000, 0.00000
-0.78579, -4.35121, -2.14766, 4.91558, -1.74946, 2.02296, 2.00000, 383792.00000, 349909.00000, 366850.50000, 287014422.25000, 16941.50000, 1.08598, 0.10538, 0.60022, 0.29439, 1.00000, 0.00000
0.78579, -4.35121, -2.14766, 4.91558, -1.39213, 2.02296, 6.00000, 375489.00000, 81049.00000, 210019.16667, 13582178399.80556, 116542.60337, 1.08598, -0.13352, 0.76051, 0.37301, 1.00000, 0.00000
0.00000, -4.58794, -1.75244, 4.91123, -1.57080, 1.93566, 13.00000, 451280.00000, 50574.00000, 276202.69231, 13728811099.13610, 117170.00938, 1.14286, -0.00000, 0.72361, 0.27639, 1.00000, 0.00000
2.75567, -4.02561, -0.70086, 4.92853, -0.97053, 1.71348, 28.00000, 490387.00000, 31514.00000, 162692.82143, 15331857265.36097, 123821.87717, 0.90081, -1.37444, 1.98030, 0.39414, 1.00000, 0.00000
2.21782, -3.93313, -1.97536, 4.92852, -1.05736, 1.98319, 36.00000, 386858.00000, 32143.00000, 147420.41667, 8917475554.96528, 94432.38616, 0.91102, -0.60432, 1.05443, 0.54989, 0.97222, 0.02778
3.48430, -3.15040, -1.49161, 4.92852, -0.73511, 1.87827, 61.00000, 345649.00000, 21078.00000, 113383.31148, 6436130157.36200, 80225.49568, 0.91102, -2.88604, 2.59457, 1.29147, 1.00000, 0.00000
2.85909, -3.75484, -1.40973, 4.92550, -0.92001, 1.86107, 35.00000, 442811.00000, 26284.00000, 140764.42857, 8738622262.81633, 93480.59832, 0.94766, -1.25387, 1.66465, 0.58922, 1.00000, 0.00000
1.49161, -3.48430, -3.15040, 4.92852, -1.16631, 2.26428, 20.00000, 482538.00000, 41794.00000, 209683.90000, 13054005997.09000, 114254.12902, 0.91102, -0.30829, 0.68893, 0.61936, 1.00000, 0.00000
0.70086, -2.75567, -4.02561, 4.92853, -1.32174, 2.52663, 10.00000, 418100.00000, 80490.00000, 195792.40000, 10952774269.84000, 104655.50282, 0.90081, -0.13313, 0.46424, 0.66888, 1.00000, 0.00000
1.97536, -2.21782, -3.93313, 4.92852, -0.84316, 2.49482, 19.00000, 382835.00000, 25489.00000, 132666.94737, 7748339803.20776, 88024.65452, 0.91102, -0.49591, 0.54500, 0.95092, 0.94737, 0.05263
1.40973, -2.85909, -3.75484, 4.92550, -1.11271, 2.43770, 8.00000, 449493.00000, 41688.00000, 182354.00000, 14432811091.00000, 120136.63509, 0.94766, -0.25296, 0.53830, 0.71466, 1.00000, 0.00000
3.93313, -1.97536, -2.21782, 4.92852, -0.46544, 2.03756, 58.00000, 381704.00000, 21978.00000, 103220.18966, 5874398858.08472, 76644.62707, 0.91102, -10.56672, 5.51065, 6.05607, 1.00000, 0.00000
3.15040, -1.49161, -3.48430, 4.92852, -0.44220, 2.35600, 43.00000, 482748.00000, 34660.00000, 158674.53488, 12147394484.34181, 110215.21893, 0.91102, -1.63909, 0.81587, 1.82322, 1.00000, 0.00000
4.02561, -0.70086, -2.75567, 4.92853, -0.17237, 2.16413, 50.00000, 494804.00000, 20622.00000, 162426.02000, 15762202969.93960, 125547.61236, 0.90081, 9.35336, -1.86160, -6.49176, 1.00000, 0.00000
3.75484, -1.40973, -2.85909, 4.92550, -0.35916, 2.19010, 26.00000, 470292.00000, 41481.00000, 170525.53846, 18205666071.78698, 134928.37386, 0.94766, -9.32863, 3.30198, 7.02665, 1.00000, 0.00000
2.20355, -3.47499, -2.68919, 4.91558, -1.00567, 2.14966, 37.00000, 464529.00000, 27782.00000, 138545.02703, 11372132555.81008, 106640.20141, 1.08598, -0.56481, 0.87972, 0.68510, 1.00000, 0.00000
2.68919, -2.20355, -3.47499, 4.91558, -0.68646, 2.35595, 21.00000, 489309.00000, 35728.00000, 171428.52381, 21552840770.15420, 146808.85794, 1.08598, -0.90211, 0.74373, 1.15838, 1.00000, 0.00000
3.47499, -2.68919, -2.20355, 4.91558, -0.65860, 2.03563, 42.00000, 481250.00000, 20053.00000, 128383.71429, 8586954336.29932, 92665.82076, 1.08598, -2.37638, 1.85065, 1.52573, 1.00000, 0.00000
2.83550, -2.83550, -2.83550, 4.91123, -0.78540, 2.18628, 36.00000, 498305.00000, 25263.00000, 162340.33333, 12054790857.72222, 109794.31159, 1.14286, -1.00000, 1.00000, 1.00000, 1.00000, 0.00000
3.18882, -3.75791, 0.00000, 4.92853, -0.86714, 1.57080, 46.00000, 472537.00000, 18946.00000, 134047.97826, 12372964415.28214, 111233.82766, 0.90081, -7.64229, 8.64229, -0.00000, 1.00000, 0.00000
3.92241, -2.87963, -0.78273, 4.92852, -0.63328, 1.73029, 87.00000, 451331.00000, 19810.00000, 121452.70115, 9806487068.62333, 99027.70859, 0.91102, 10.75154, -7.66476, -2.08678, 1.00000, 0.00000
3.92241, -2.87963, 0.78273, 4.92852, -0.63328, 1.41130, 61.00000, 440435.00000, 25755.00000, 119533.65574, 9736449720.88148, 98673.44993, 0.91102, 2.07817, -1.48153, 0.40335, 1.00000, 0.00000
3.73035, -3.21637, 0.00000, 4.92550, -0.71154, 1.57080, 52.00000, 377995.00000, 14471.00000, 105315.11538, 8713398335.64053, 93345.58552, 0.94766, 9.06739, -8.06739, 0.00000, 1.00000, 0.00000
4.37124, -1.70460, -1.50894, 4.92852, -0.37182, 1.88196, 73.00000, 497250.00000, 17677.00000, 122144.20548, 12030029648.87559, 109681.49182, 0.91102, 3.63662, -1.43665, -1.19997, 1.00000, 0.00000
4.45876, -0.43315, -2.05481, 4.92853, -0.09684, 2.00085, 53.00000, 436207.00000, 31808.00000, 144490.03774, 12173775909.50801, 110334.83543, 0.90081, 2.22389, -0.24359, -0.98030, 1.00000, 0.00000
4.85499, -0.43811, -0.72621, 4.92852, -0.09000, 1.71868, 60.00000, 499123.00000, 20110.00000, 114566.00000, 10992522067.03333, 104845.22911, 0.91102, 1.31474, -0.13162, -0.18312, 1.00000, 0.00000
4.62611, -0.87126, -1.44936, 4.92550, -0.18616, 1.86947, 51.00000, 446661.00000, 25215.00000, 129815.49020, 10096449126.17147, 100481.08840, 0.94766, 2.02881, -0.36416, -0.66465, 0.98039, 0.01961
4.37124, -1.70460, 1.50894, 4.92852, -0.37182, 1.25963, 57.00000, 372677.00000, 22435.00000, 144414.26316, 8333770935.42198, 91289.48973, 0.91102, 1.06961, -0.42255, 0.35294, 0.98246, 0.01754
4.85499, -0.43811, 0.72621, 4.92852, -0.09000, 1.42291, 40.00000, 438719.00000, 12505.00000, 151925.30000, 10913481461.81000, 104467.60963, 0.91102, 0.96230, -0.09634, 0.13403, 0.95000, 0.05000
4.45876, -0.43315, 2.05481, 4.92853, -0.09684, 1.14074, 37.00000, 482019.00000, 39262.00000, 199286.86486, 14272063123.36012, 119465.74038, 0.90081, 0.75116, -0.08228, 0.33112, 0.89189, 0.10811
4.62611, -0.87126, 1.44936, 4.92550, -0.18616, 1.27212, 41.00000, 461924.00000, 32018.00000, 195097.92683, 15538324342.75074, 124652.81522, 0.94766, 0.87099, -0.15634, 0.28534, 0.85366, 0.14634
4.35121, -2.14766, -0.78579, 4.91558, -0.45850, 1.73134, 75.00000, 377806.00000, 13147.00000, 102188.24000, 7114263300.15573, 84346.09238, 1.08598, 2.99442, -1.46868, -0.52573, 1.00000, 0.00000
4.83686, -0.87622, 0.00000, 4.91558, -0.17921, 1.57080, 64.00000, 418946.00000, 20727.00000, 143844.09375, 11702015362.52246, 108175.85388, 1.08598, 1.22879, -0.22879, 0.00000, 0.96875, 0.03125
4.35121, -2.14766, 0.78579, 4.91558, -0.45850, 1.41025, 47.00000, 470128.00000, 15997.00000, 118066.40426, 10742316783.55998, 103645.14838, 1.08598, 1.45965, -0.71592, 0.25627, 1.00000, 0.00000
4.58794, -1.75244, 0.00000, 4.91123, -0.36486, 1.57080, 72.00000, 442456.00000, 14433.00000, 131592.62500, 12166233203.59549, 110300.64915, 1.14286, 1.61803, -0.61803, 0.00000, 1.00000, 0.00000
0.43315, -2.05481, 4.45876, 4.92853, -1.36304, 0.44016, 5.00000, 358018.00000, 73718.00000, 240812.80000, 10016271256.96000, 100081.32322, 0.90081, 0.16379, -0.65917, 1.49537, 0.40000, 0.60000
1.70460, -1.50894, 4.37124, 4.92852, -0.72459, 0.48015, 12.00000, 483911.00000, 77022.00000, 246352.16667, 16196639765.13889, 127266.01968, 0.91102, 0.37091, -0.30980, 0.93889, 0.58333, 0.41667
0.43811, -0.72621, 4.85499, 4.92852, -1.02797, 0.17295, 34.00000, 459343.00000, 29736.00000, 183231.32353, 13317941239.68945, 115403.38487, 0.91102, 0.10419, -0.14496, 1.04077, 0.00000, 1.00000
0.87126, -1.44936, 4.62611, 4.92550, -1.02954, 0.35046, 9.00000, 463560.00000, 77543.00000, 209836.66667, 10334889174.44444, 101660.65696, 0.94766, 0.21070, -0.38457, 1.17386, 0.00000, 1.00000
2.87963, -0.78273, 3.92241, 4.92852, -0.26540, 0.65037, 20.00000, 492386.00000, 40413.00000, 253264.25000, 17817862701.58750, 133483.56716, 0.91102, 0.46938, -0.12779, 0.65841, 0.60000, 0.40000
3.75791, 0.00000, 3.18882, 4.92853, 0.00000, 0.86714, 23.00000, 453692.00000, 39797.00000, 215354.13043, 16433157080.02647, 128191.87603, 0.90081, 0.53070, -0.00000, 0.46930, 0.56522, 0.43478
2.87963, 0.78273, 3.92241, 4.92852, 0.26540, 0.65037, 27.00000, 469345.00000, 18528.00000, 128361.25926, 9904543525.45130, 99521.57317, 0.91102, 0.37383, 0.10178, 0.52439, 0.03704, 0.96296
3.21637, 0.00000, 3.73035, 4.92550, 0.00000, 0.71154, 13.00000, 409888.00000, 62161.00000, 193547.76923, 12191477220.33136, 110415.02262, 0.94766, 0.47082, -0.00000, 0.52918, 0.23077, 0.76923
0.43811, 0.72621, 4.85499, 4.92852, 1.02797, 0.17295, 63.00000, 499304.00000, 15611.00000, 142749.82540, 14103019836.84253, 118756.13600, 0.91102, 0.08077, 0.11238, 0.80685, 0.03175, 0.96825
1.70460, 1.50894, 4.37124, 4.92852, 0.72459, 0.48015, 69.00000, 417317.00000, 13015.00000, 109122.63768, 11391629622.49191, 106731.57744, 0.91102, 0.22901, 0.19128, 0.57970, 0.05797, 0.94203
0.43315, 2.05481, 4.45876, 4.92853, 1.36304, 0.44016, 111.00000, 395958.00000, 8747.00000, 91138.64865, 6794960539.99367, 82431.55063, 0.90081, 0.07065, 0.28433, 0.64502, 0.00000, 1.00000
0.87126, 1.44936, 4.62611, 4.92550, 1.02954, 0.35046, 60.00000, 365489.00000, 16328.00000, 97736.60000, 7242687109.07333, 85103.97822, 0.94766, 0.11910, 0.21738, 0.66353, 0.01667, 0.98333
2.14766, -0.78579, 4.35121, 4.91558, -0.35075, 0.48390, 16.00000, 445159.00000, 73496.00000, 240104.43750, 11112257589.62109, 105414.69342, 1.08598, 0.37301, -0.13352, 0.76051, 0.12500, 0.87500
2.14766, 0.78579, 4.35121, 4.91558, 0.35075, 0.48390, 28.00000, 431665.00000, 21298.00000, 128483.17857, 12242583444.00383, 110646.20845, 1.08598, 0.29439, 0.10538, 0.60022, 0.07143, 0.92857
0.87622, 0.00000, 4.83686, 4.91558, 0.00000, 0.17921, 28.00000, 435374.00000, 20731.00000, 194781.82143, 16385514557.36097, 128005.91610, 1.08598, 0.15697, -0.00000, 0.84303, 0.07143, 0.92857
1.75244, 0.00000, 4.58794, 4.91123, 0.00000, 0.36486, 24.00000, 345888.00000, 18379.00000, 142598.37500, 9558869290.90104, 97769.47014, 1.14286, 0.27639, 0.00000, 0.72361, 0.08333, 0.91667
-2.75567, -4.02561, 0.70086, 4.92853, -2.17107, 1.42811, 2.00000, 471934.00000, 200864.00000, 336399.00000, 18369736225.00000, 135535.00000, 0.90081, 0.46424, 0.66888, -0.13313, 0.50000, 0.50000
-2.21782, -3.93313, 1.97536, 4.92852, -2.08423, 1.15840, 1.00000, 356284.00000, 356284.00000, 356284.00000, 0.00000, 0.00000, 0.91102, 0.54500, 0.95092, -0.49591, 1.00000, 0.00000
-3.48430, -3.15040, 1.49161, 4.92852, -2.40648, 1.26333, 5.00000, 474333.00000, 178597.00000, 255195.20000, 12436829171.36000, 111520.53251, 0.91102, 0.68893, 0.61936, -0.30829, 0.40000, 0.60000
-2.85909, -3.75484, 1.40973, 4.92550, -2.22158, 1.28053, 1.00000, 427070.00000, 427070.00000, 427070.00000, 0.00000, 0.00000, 0.94766, 0.53830, 0.71466, -0.25296, 1.00000, 0.00000
-1.49161, -3.48430, 3.15040, 4.92852, -1.97528, 0.87732, 5.00000, 484737.00000, 104024.00000, 251610.40000, 18344581043.44000, 135442.16863, 0.91102, 0.81587, 1.82322, -1.63909, 0.40000, 0.60000
-0.70086, -2.75567, 4.02561, 4.92853, -1.81985, 0.61496, 4.00000, 387195.00000, 125685.00000, 273907.25000, 8854111750.18750, 94096.28978, 0.90081, -1.86160, -6.49176, 9.35336, 0.25000, 0.75000
-1.97536, -2.21782, 3.93313, 4.92852, -2.29844, 0.64677, 14.00000, 464819.00000, 113814.00000, 286111.42857, 17118808204.10204, 130838.86351, 0.91102, 5.51065, 6.05607, -10.56672, 0.00000, 1.00000
-1.40973, -2.85909, 3.75484, 4.92550, -2.02888, 0.70390, 3.00000, 442200.00000, 203749.00000, 310232.33333, 9801205522.88889, 99001.03799, 0.94766, 3.30198, 7.02665, -9.32863, 0.33333, 0.66667
-3.93313, -1.97536, 2.21782, 4.92852, -2.67616, 1.10403, 6.00000, 339633.00000, 127972.00000, 246138.83333, 4723357778.47222, 68726.68898, 0.91102, 1.05443, 0.54989, -0.60432, 0.00000, 1.00000
-3.15040, -1.49161, 3.48430, 4.92852, -2.69940, 0.78559, 5.00000, 456762.00000, 46863.00000, 241457.60000, 19258823566.64000, 138776.16354, 0.91102, 2.59457, 1.29147, -2.88604, 0.00000, 1.00000
-4.02561, -0.70086, 2.75567, 4.92853, -2.96922, 0.97747, 5.00000, 441967.00000, 111691.00000, 295580.80000, 21274217690.56000, 145856.83971, 0.90081, 1.98030, 0.39414, -1.37444, 0.00000, 1.00000
-3.75484, -1.40973, 2.85909, 4.92550, -2.78243, 0.95149, 6.00000, 499792.00000, 108916.00000, 225449.83333, 20017421477.13889, 141482.93705, 0.94766, 1.66465, 0.58922, -1.25387, 0.00000, 1.00000
-2.20355, -3.47499, 2.68919, 4.91558, -2.13592, 0.99193, 4.00000, 173723.00000, 121253.00000, 156134.00000, 437180080.50000, 20908.85173, 1.08598, 0.74373, 1.15838, -0.90211, 0.50000, 0.50000
-2.68919, -2.20355, 3.47499, 4.91558, -2.45513, 0.78564, 6.00000, 499568.00000, 177804.00000, 346298.83333, 17775380221.47222, 133324.34219, 1.08598, 1.85065, 1.52573, -2.37638, 0.33333, 0.66667
-3.47499, -2.68919, 2.20355, 4.91558, -2.48299, 1.10596, 6.00000, 388556.00000, 177656.00000, 295997.83333, 4743846677.13889, 68875.58840, 1.08598, 0.87972, 0.68510, -0.56481, 0.00000, 1.00000
-2.83550, -2.83550, 2.83550, 4.91123, -2.35619, 0.95532, 4.00000, 426590.00000, 253116.00000, 333364.50000, 4830614778.75000, 69502.62426, 1.14286, 1.00000, 1.00000, -1.00000, 0.00000, 1.00000
-0.70086, -2.75567, -4.02561, 4.92853, -1.81985, 2.52663, 0.00000, 0.00000, 0.00000, 0.00000, 0.00000, 0.00000, 0.90081, 0.10514, 0.36663, 0.52824, 0.00000, 0.00000
-1.49161, -3.48430, -3.15040, 4.92852, -1.97528, 2.26428, 1.00000, 212957.00000, 212957.00000, 212957.00000, 0.00000, 0.00000, 0.91102, 0.19070, 0.42617, 0.38313, 1.00000, 0.00000
-1.97536, -2.21782, -3.93313, 4.92852, -2.29844, 2.49482, 4.00000, 494579.00000, 154458.00000, 268744.25000, 17573829161.18750, 132566.31986, 0.91102, 0.24897, 0.27362, 0.47741, 0.75000, 0.25000
-1.40973, -2.85909, -3.75484, 4.92550, -2.02888, 2.43770, 5.00000, 441308.00000, 266521.00000, 363560.60000, 5989402697.04000, 77391.23140, 0.94766, 0.16798, 0.35746, 0.47456, 1.00000, 0.00000
-2.21782, -3.93313, -1.97536, 4.92852, -2.08423, 1.98319, 2.00000, 219770.00000, 138497.00000, 179133.50000, 1651325132.25000, 40636.50000, 0.91102, 0.27362, 0.47741, 0.24897, 1.00000, 0.00000
-2.75567, -4.02561, -0.70086, 4.92853, -2.17107, 1.71348, 1.00000, 148486.00000, 148486.00000, 148486.00000, 0.00000, 0.00000, 0.90081, 0.36663, 0.52824, 0.10514, 1.00000, 0.00000
-3.48430, -3.15040, -1.49161, 4.92852, -2.40648, 1.87827, 0.00000, 0.00000, 0.00000, 0.00000, 0.00000, 0.00000, 0.91102, 0.42617, 0.38313, 0.19070, 0.00000, 0.00000
-2.85909, -3.75484, -1.40973, 4.92550, -2.22158, 1.86107, 0.00000, 0.00000, 0.00000, 0.00000, 0.00000, 0.00000, 0.94766, 0.35746, 0.47456, 0.16798, 0.00000, 0.00000
-3.15040, -1.49161, -3.48430, 4.92852, -2.69940, 2.35600, 0.00000, 0.00000, 0.00000, 0.00000, 0.00000, 0.00000, 0.91102, 0.38313, 0.19070, 0.42617, 0.00000, 0.00000
-3.93313, -1.97536, -2.21782, 4.92852, -2.67616, 2.03756, 1.00000, 197566.00000, 197566.00000, 197566.00000, 0.00000, 0.00000, 0.91102, 0.47741, 0.24897, 0.27362, 1.00000, 0.00000
-4.02561, -0.70086, -2.75567, 4.92853, -2.96922, 2.16413, 0.00000, 0.00000, 0.00000, 0.00000, 0.00000, 0.00000, 0.90081, 0.52824, 0.10514, 0.36663, 0.00000, 0.00000
-3.75484, -1.40973, -2.85909, 4.92550, -2.78243, 2.19010, 0.00000, 0.00000, 0.00000, 0.00000, 0.00000, 0.00000, 0.94766, 0.47456, 0.16798, 0.35746, 0.00000, 0.00000
-2.20355, -3.47499, -2.68919, 4.91558, -2.13592, 2.14966, 1.00000, 325278.00000, 325278.00000, 325278.00000, 0.00000, 0.00000, 1.08598, 0.26522, 0.41309, 0.32170, 0.00000, 1.00000
-3.47499, -2.68919, -2.20355, 4.91558, -2.48299, 2.03563, 1.00000, 453915.00000, 453915.00000, 453915.00000, 0.00000, 0.00000, 1.08598, 0.41309, 0.32170, 0.26522, 1.00000, 0.00000
-2.68919, -2.20355, -3.47499, 4.91558, -2.45513, 2.35595, 2.00000, 339713.00000, 231143.00000, 285428.00000, 2946861225.00000, 54285.00000, 1.08598, 0.32170, 0.26522, 0.41309, 1.00000, 0.00000
-2.83550, -2.83550, -2.83550, 4.91123, -2.35619, 2.18628, 2.00000, 384708.00000, 242009.00000, 313358.50000, 5090751150.25000, 71349.50000, 1.14286, 0.33333, 0.33333, 0.33333, 0.50000, 0.50000
3.75791, 0.00000, -3.18882, 4.92853, 0.00000, 2.27446, 25.00000, 435332.00000, 45975.00000, 180092.24000, 11013202243.94240, 104943.80517, 0.90081, 8.64229, 0.00000, -7.64229, 0.96000, 0.04000
2.87963, -0.78273, -3.92241, 4.92852, -0.26540, 2.49122, 25.00000, 449807.00000, 51038.00000, 169091.00000, 8960127345.44000, 94657.94919, 0.91102, -1.48153, 0.40335, 2.07817, 1.00000, 0.00000
2.87963, 0.78273, -3.92241, 4.92852, 0.26540, 2.49122, 14.00000, 470962.00000, 61908.00000, 202931.28571, 16116110531.34694, 126949.24392, 0.91102, -7.66476, -2.08678, 10.75154, 1.00000, 0.00000
3.21637, 0.00000, -3.73035, 4.92550, 0.00000, 2.43005, 11.00000, 401252.00000, 69491.00000, 223246.18182, 11325245793.05785, 106420.13810, 0.94766, -8.06739, -0.00000, 9.06739, 0.90909, 0.09091
1.70460, -1.50894, -4.37124, 4.92852, -0.72459, 2.66145, 12.00000, 442208.00000, 66636.00000, 250212.50000, 12098407427.41667, 109992.76080, 0.91102, -0.42255, 0.35294, 1.06961, 1.00000, 0.00000
0.43315, -2.05481, -4.45876, 4.92853, -1.36304, 2.70143, 6.00000, 479455.00000, 120333.00000, 276341.83333, 21193774917.80556, 145580.81920, 0.90081, -0.08228, 0.33112, 0.75116, 1.00000, 0.00000
0.43811, -0.72621, -4.85499, 4.92852, -1.02797, 2.96865, 7.00000, 495385.00000, 213885.00000, 329803.42857, 11185362335.95918, 105760.87337, 0.91102, -0.09634, 0.13403, 0.96230, 1.00000, 0.00000
0.87126, -1.44936, -4.62611, 4.92550, -1.02954, 2.79113, 4.00000, 321878.00000, 70494.00000, 202064.00000, 7987922328.50000, 89375.17736, 0.94766, -0.15634, 0.28534, 0.87099, 1.00000, 0.00000
1.70460, 1.50894, -4.37124, 4.92852, 0.72459, 2.66145, 3.00000, 285456.00000, 108013.00000, 210048.66667, 5602203776.22222, 74847.87089, 0.91102, -1.43665, -1.19997, 3.63662, 1.00000, 0.00000
0.43811, 0.72621, -4.85499, 4.92852, 1.02797, 2.96865, 2.00000, 376763.00000, 97343.00000, 237053.00000, 19518884100.00000, 139710.00000, 0.91102, -0.13162, -0.18312, 1.31474, 1.00000, 0.00000
0.43315, 2.05481, -4.45876, 4.92853, 1.36304, 2.70143, 4.00000, 447957.00000, 121802.00000, 313731.50000, 14136917435.25000, 118898.76970, 0.90081, -0.24359, -0.98030, 2.22389, 1.00000, 0.00000
0.87126, 1.44936, -4.62611, 4.92550, 1.02954, 2.79113, 2.00000, 371364.00000, 176331.00000, 273847.50000, 9509467772.25000, 97516.50000, 0.94766, -0.36416, -0.66465, 2.02881, 1.00000, 0.00000
2.14766, -0.78579, -4.35121, 4.91558, -0.35075, 2.65769, 15.00000, 341992.00000, 48678.00000, 157084.73333, 4507660972.86222, 67139.11656, 1.08598, -0.71592, 0.25627, 1.45965, 1.00000, 0.00000
0.87622, 0.00000, -4.83686, 4.91558, 0.00000, 2.96238, 4.00000, 491772.00000, 99926.00000, 322535.25000, 26919498249.68750, 164071.62536, 1.08598, -0.22879, -0.00000, 1.22879, 1.00000, 0.00000
2.14766, 0.78579, -4.35121, 4.91558, 0.35075, 2.65769, 6.00000, 386339.00000, 67421.00000, 203835.16667, 13453586224.13889, 115989.59533, 1.08598, -1.46868, -0.52573, 2.99442, 1.00000, 0.00000
1.75244, 0.00000, -4.58794, 4.91123, 0.00000, 2.77673, 13.00000, 329179.00000, 88753.00000, 209195.92308, 6039927509.76331, 77716.97054, 1.14286, -0.61803, -0.00000, 1.61803, 0.92308, 0.07692
4.45876, 0.43315, 2.05481, 4.92853, 0.09684, 1.14074, 19.00000, 481502.00000, 58526.00000, 206121.84211, 13401314434.02770, 115764.04638, 0.90081, 0.64502, 0.07065, 0.28433, 0.57895, 0.42105
4.85499, 0.43811, 0.72621, 4.92852, 0.09000, 1.42291, 45.00000, 447966.00000, 37463.00000, 179181.26667, 13466955070.46222, 116047.21052, 0.91102, 0.80685, 0.08077, 0.11238, 0.80000, 0.20000
4.37124, 1.70460, 1.50894, 4.92852, 0.37182, 1.25963, 23.00000, 426775.00000, 35597.00000, 171725.00000, 10981700012.08696, 104793.60673, 0.91102, 0.57970, 0.22901, 0.19128, 0.69565, 0.30435
4.62611, 0.87126, 1.44936, 4.92550, 0.18616, 1.27212, 21.00000, 471884.00000, 48124.00000, 170106.04762, 13228560765.09297, 115015.48055, 0.94766, 0.66353, 0.11910, 0.21738, 0.80952, 0.19048
4.85499, 0.43811, -0.72621, 4.92852, 0.09000, 1.71868, 57.00000, 443244.00000, 30334.00000, 178120.66667, 14266464867.30994, 119442.30769, 0.91102, 1.04077, 0.10419, -0.14496, 0.91228, 0.08772
4.45876, 0.43315, -2.05481, 4.92853, 0.09684, 2.00085, 30.00000, 462518.00000, 15905.00000, 232735.66667, 17027817681.88889, 130490.68044, 0.90081, 1.49537, 0.16379, -0.65917, 0.93333, 0.06667
4.37124, 1.70460, -1.50894, 4.92852, 0.37182, 1.88196, 22.00000, 409197.00000, 37587.00000, 187836.77273, 8486727450.90289, 92123.43595, 0.91102, 0.93889, 0.37091, -0.30980, 0.90909, 0.09091
4.62611, 0.87126, -1.44936, 4.92550, 0.18616, 1.86947, 29.00000, 412868.00000, 46735.00000, 169067.20690, 14999621962.09513, 122472.94380, 0.94766, 1.17386, 0.21070, -0.38457, 1.00000, 0.00000
3.92241, 2.87963, 0.78273, 4.92852, 0.63328, 1.41130, 25.00000, 491953.00000, 103697.00000, 260084.92000, 15960231938.87360, 126333.81154, 0.91102, 0.52439, 0.37383, 0.10178, 0.44000, 0.56000
3.92241, 2.87963, -0.78273, 4.92852, 0.63328, 1.73029, 7.00000, 400963.00000, 91440.00000, 258068.71429, 9904263871.91837, 99520.16817, 0.91102, 0.65841, 0.46938, -0.12779, 0.71429, 0.28571
3.18882, 3.75791, 0.00000, 4.92853, 0.86714, 1.57080, 15.00000, 481037.00000, 45033.00000, 224815.00000, 19960829173.33333, 141282.79858, 0.90081, 0.46930, 0.53070, 0.00000, 0.26667, 0.73333
3.73035, 3.21637, 0.00000, 4.92550, 0.71154, 1.57080, 6.00000, 253152.00000, 72149.00000, 127879.66667, 3848502358.88889, 62036.29872, 0.94766, 0.52918, 0.47082, 0.00000, 0.50000, 0.50000
4.83686, 0.87622, 0.00000, 4.91558, 0.17921, 1.57080, 19.00000, 425254.00000, 29573.00000, 156895.26316, 12967775715.03601, 113876.14199, 1.08598, 0.84303, 0.15697, 0.00000, 0.94737, 0.05263
4.35121, 2.14766, -0.78579, 4.91558, 0.45850, 1.73134, 20.00000, 432753.00000, 89451.00000, 231841.40000, 7721250360.34000, 87870.64561, 1.08598, 0.76051, 0.37301, -0.13352, 0.75000, 0.25000
4.35121, 2.14766, 0.78579, 4.91558, 0.45850, 1.41025, 16.00000, 345667.00000, 39964.00000, 137426.87500, 7435399252.85938, 86228.76117, 1.08598, 0.60022, 0.29439, 0.10538, 0.75000, 0.25000
4.58794, 1.75244, 0.00000, 4.91123, 0.36486, 1.57080, 26.00000, 474535.00000, 37828.00000, 197528.38462, 13901649494.15976, 117905.25643, 1.14286, 0.72361, 0.27639, -0.00000, 0.76923, 0.23077
