-2.75567, 4.02561, 0.70086, 4.92853, 2.17107, 1.42811, 58.00000, 375783.00000, 10353.00000, 121824.86207, 9553833545.42925, 97743.71359, 0.90081, -1.37444, 1.98030, 0.39414, 1.00000, 0.00000
-3.48430, 3.15040, 1.49161, 4.92852, 2.40648, 1.26333, 134.00000, 497097.00000, 8819.00000, 73725.32090, 8276683642.44180, 90976.28066, 0.91102, -2.88604, 2.59457, 1.29147, 1.00000, 0.00000
-2.21782, 3.93313, 1.97536, 4.92852, 2.08423, 1.15840, 95.00000, 498104.00000, 8776.00000, 125490.26316, 12069401430.08864, 109860.82755, 0.91102, -0.60432, 1.05443, 0.54989, 1.00000, 0.00000
-2.85909, 3.75484, 1.40973, 4.92550, 2.22158, 1.28053, 73.00000, 420095.00000, 6455.00000, 104973.23288, 13540758502.39782, 116364.76487, 0.94766, -1.25387, 1.66465, 0.58922, 0.97260, 0.02740
-3.93313, 1.97536, 2.21782, 4.92852, 2.67616, 1.10403, 171.00000, 469937.00000, 6002.00000, 73399.74854, 7331280027.18238, 85622.89429, 0.91102, -10.56672, 5.51065, 6.05607, 1.00000, 0.00000
-4.02561, 0.70086, 2.75567, 4.92853, 2.96922, 0.97747, 93.00000, 498399.00000, 9484.00000, 109256.25806, 14111831873.11620, 118793.23160, 0.90081, 9.35336, -1.86160, -6.49176, 1.00000, 0.00000
-3.15040, 1.49161, 3.48430, 4.92852, 2.69940, 0.78559, 133.00000, 459744.00000, 8754.00000, 79035.77444, 7928615432.91153, 89042.77305, 0.91102, -1.63909, 0.81587, 1.82322, 1.00000, 0.00000
-3.75484, 1.40973, 2.85909, 4.92550, 2.78243, 0.95149, 100.00000, 465664.00000, 7879.00000, 102429.75000, 11507216420.30750, 107271.69440, 0.94766, -9.32863, 3.30198, 7.02665, 0.99000, 0.01000
-1.49161, 3.48430, 3.15040, 4.92852, 1.97528, 0.87732, 95.00000, 417210.00000, 8984.00000, 93051.77895, 7569058652.78271, 87000.33708, 0.91102, -0.30829, 0.68893, 0.61936, 1.00000, 0.00000
-1.97536, 2.21782, 3.93313, 4.92852, 2.29844, 0.64677, 82.00000, 359327.00000, 7553.00000, 86392.85366, 5923451508.46639, 76963.96240, 0.91102, -0.49591, 0.54500, 0.95092, 1.00000, 0.00000
-0.70086, 2.75567, 4.02561, 4.92853, 1.81985, 0.61496, 48.00000, 404692.00000, 21224.00000, 103825.77083, 5729098322.00998, 75690.80738, 0.90081, -0.13313, 0.46424, 0.66888, 1.00000, 0.00000
-1.40973, 2.85909, 3.75484, 4.92550, 2.02888, 0.70390, 63.00000, 494238.00000, 13510.00000, 122420.30159, 14156225382.40111, 118979.93689, 0.94766, -0.25296, 0.53830, 0.71466, 1.00000, 0.00000
-3.47499, 2.68919, 2.20355, 4.91558, 2.48299, 1.10596, 164.00000, 493721.00000, 5451.00000, 80601.09756, 10253221878.28317, 101258.19413, 1.08598, -2.37638, 1.85065, 1.52573, 0.99390, 0.00610
-2.68919, 2.20355, 3.47499, 4.91558, 2.45513, 0.78564, 132.00000, 485307.00000, 5352.00000, 80847.46212, 9899086521.76371, 99494.15320, 1.08598, -0.90211, 0.74373, 1.15838, 1.00000, 0.00000
-2.20355, 3.47499, 2.68919, 4.91558, 2.13592, 0.99193, 84.00000, 297258.00000, 7825.00000, 62666.10714, 3410481927.07185, 58399.33156, 1.08598, -0.56481, 0.87972, 0.68510, 1.00000, 0.00000
-2.83550, 2.83550, 2.83550, 4.91123, 2.35619, 0.95532, 147.00000, 462598.00000, 7894.00000, 55970.74830, 5104302516.47406, 71444.40158, 1.14286, -1.00000, 1.00000, 1.00000, 1.00000, 0.00000
-2.05481, 4.45876, 0.43315, 4.92853, 2.00263, 1.48280, 29.00000, 462657.00000, 17649.00000, 150052.89655, 16435490502.57550, 128200.97700, 0.90081, -0.65917, 1.49537, 0.16379, 1.00000, 0.00000
-1.50894, 4.37124, 1.70460, 4.92852, 1.90319, 1.21764, 55.00000, 474095.00000, 14937.00000, 105691.34545, 7293889347.49884, 85404.27008, 0.91102, -0.30980, 0.93889, 0.37091, 1.00000, 0.00000
-0.72621, 4.85499, 0.43811, 4.92852, 1.71928, 1.48179, 27.00000, 468072.00000, 27131.00000, 201328.51852, 12208248107.13855, 110490.94129, 0.91102, -0.14496, 1.04077, 0.10419, 1.00000, 0.00000
-1.44936, 4.62611, 0.87126, 4.92550, 1.87441, 1.39297, 27.00000, 459313.00000, 28959.00000, 146220.48148, 11652938505.73114, 107948.77723, 0.94766, -0.38457, 1.17386, 0.21070, 0.92593, 0.07407
-0.78273, 3.92241, 2.87963, 4.92852, 1.76776, 0.94680, 43.00000, 463520.00000, 26195.00000, 117832.11628, 10829976393.87020, 104067.17251, 0.91102, -0.12779, 0.65841, 0.46938, 1.00000, 0.00000
0.00000, 3.18882, 3.75791, 4.92853, 1.57080, 0.70366, 32.00000, 499103.00000, 22711.00000, 128992.03125, 14705129423.96777, 121264.70807, 0.90081, -0.00000, 0.46930, 0.53070, 1.00000, 0.00000
0.78273, 3.92241, 2.87963, 4.92852, 1.37383, 0.94680, 16.00000, 423234.00000, 44026.00000, 190326.56250, 17546264273.49609, 132462.31265, 0.91102, 0.10178, 0.52439, 0.37383, 1.00000, 0.00000
0.00000, 3.73035, 3.21637, 4.92550, 1.57080, 0.85925, 31.00000, 441429.00000, 22260.00000, 126269.93548, 14308605745.22165, 119618.58445, 0.94766, -0.00000, 0.52918, 0.47082, 1.00000, 0.00000
0.72621, 4.85499, 0.43811, 4.92852, 1.42232, 1.48179, 10.00000, 461529.00000, 36215.00000, 213412.60000, 20394690653.64000, 142809.98093, 0.91102, 0.11238, 0.80685, 0.08077, 0.90000, 0.10000
1.50894, 4.37124, 1.70460, 4.92852, 1.23841, 1.21764, 6.00000, 394393.00000, 127012.00000, 269342.33333, 10567425622.55556, 102797.98453, 0.91102, 0.19128, 0.57970, 0.22901, 1.00000, 0.00000
2.05481, 4.45876, 0.43315, 4.92853, 1.13896, 1.48280, 2.00000, 403954.00000, 314675.00000, 359314.50000, 1992684960.25000, 44639.50000, 0.90081, 0.28433, 0.64502, 0.07065, 0.50000, 0.50000
1.44936, 4.62611, 0.87126, 4.92550, 1.26718, 1.39297, 9.00000, 466534.00000, 121220.00000, 216603.00000, 10327612135.11111, 101624.85983, 0.94766, 0.21738, 0.66353, 0.11910, 0.88889, 0.11111
-0.78579, 4.35121, 2.14766, 4.91558, 1.74946, 1.11864, 29.00000, 305433.00000, 14921.00000, 106590.62069, 4827685203.40785, 69481.54578, 1.08598, -0.13352, 0.76051, 0.37301, 1.00000, 0.00000
0.78579, 4.35121, 2.14766, 4.91558, 1.39213, 1.11864, 10.00000, 434388.00000, 80398.00000, 171736.30000, 13403089321.21000, 115771.71209, 1.08598, 0.10538, 0.60022, 0.29439, 1.00000, 0.00000
0.00000, 4.83686, 0.87622, 4.91558, 1.57080, 1.39159, 15.00000, 497904.00000, 42240.00000, 171277.13333, 12013135264.38222, 109604.44911, 1.08598, -0.00000, 0.84303, 0.15697, 1.00000, 0.00000
0.00000, 4.58794, 1.75244, 4.91123, 1.57080, 1.20593, 16.00000, 347885.00000, 42983.00000, 159592.18750, 11836669478.27734, 108796.45894, 1.14286, 0.00000, 0.72361, 0.27639, 0.93750, 0.06250
-2.05481, 4.45876, -0.43315, 4.92853, 2.00263, 1.65880, 26.00000, 456882.00000, 19441.00000, 153797.30769, 17789683079.90533, 133377.97074, 0.90081, -0.98030, 2.22389, -0.24359, 1.00000, 0.00000
-0.72621, 4.85499, -0.43811, 4.92852, 1.71928, 1.65981, 11.00000, 370946.00000, 33824.00000, 145697.36364, 11181336934.95868, 105741.84099, 0.91102, -0.18312, 1.31474, -0.13162, 1.00000, 0.00000
-1.50894, 4.37124, -1.70460, 4.92852, 1.90319, 1.92396, 13.00000, 485750.00000, 27868.00000, 209205.23077, 24242838603.10059, 155701.11947, 0.91102, -1.19997, 3.63662, -1.43665, 0.92308, 0.07692
-1.44936, 4.62611, -0.87126, 4.92550, 1.87441, 1.74862, 8.00000, 386767.00000, 36263.00000, 186503.87500, 11381553765.60938, 106684.36514, 0.94766, -0.66465, 2.02881, -0.36416, 1.00000, 0.00000
0.72621, 4.85499, -0.43811, 4.92852, 1.42232, 1.65981, 17.00000, 495853.00000, 61693.00000, 277056.29412, 20253118553.85467, 142313.45177, 0.91102, 0.13403, 0.96230, -0.09634, 0.94118, 0.05882
2.05481, 4.45876, -0.43315, 4.92853, 1.13896, 1.65880, 5.00000, 353335.00000, 202909.00000, 294465.20000, 2610914708.96000, 51097.11057, 0.90081, 0.33112, 0.75116, -0.08228, 0.80000, 0.20000
1.50894, 4.37124, -1.70460, 4.92852, 1.23841, 1.92396, 7.00000, 463123.00000, 178773.00000, 329101.00000, 9631940735.14286, 98142.45124, 0.91102, 0.35294, 1.06961, -0.42255, 0.71429, 0.28571
1.44936, 4.62611, -0.87126, 4.92550, 1.26718, 1.74862, 10.00000, 466031.00000, 103269.00000, 291371.00000, 15271861487.00000, 123579.37323, 0.94766, 0.28534, 0.87099, -0.15634, 0.80000, 0.20000
-0.78273, 3.92241, -2.87963, 4.92852, 1.76776, 2.19479, 11.00000, 483014.00000, 55549.00000, 240838.54545, 19375581228.61157, 139196.19689, 0.91102, -2.08678, 10.75154, -7.66476, 0.45455, 0.54545
0.78273, 3.92241, -2.87963, 4.92852, 1.37383, 2.19479, 1.00000, 258150.00000, 258150.00000, 258150.00000, 0.00000, 0.00000, 0.91102, 0.40335, 2.07817, -1.48153, 0.00000, 1.00000
0.00000, 3.18882, -3.75791, 4.92853, 1.57080, 2.43793, 6.00000, 387858.00000, 65222.00000, 175186.83333, 11752480555.47222, 108408.85829, 0.90081, -0.00000, -7.64229, 8.64229, 0.16667, 0.83333
0.00000, 3.73035, -3.21637, 4.92550, 1.57080, 2.28234, 7.00000, 418362.00000, 71002.00000, 252238.28571, 12704160102.77551, 112712.73266, 0.94766, 0.00000, 9.06739, -8.06739, 0.42857, 0.57143
0.00000, 4.83686, -0.87622, 4.91558, 1.57080, 1.75001, 4.00000, 196512.00000, 68306.00000, 154680.50000, 2637671029.25000, 51358.26155, 1.08598, 0.00000, 1.22879, -0.22879, 0.50000, 0.50000
0.78579, 4.35121, -2.14766, 4.91558, 1.39213, 2.02296, 4.00000, 290282.00000, 37560.00000, 180478.00000, 10747677290.00000, 103671.00506, 1.08598, 0.25627, 1.45965, -0.71592, 0.25000, 0.75000
-0.78579, 4.35121, -2.14766, 4.91558, 1.74946, 2.02296, 3.00000, 439868.00000, 166910.00000, 299300.00000, 12451118136.00000, 111584.57840, 1.08598, -0.52573, 2.99442, -1.46868, 1.00000, 0.00000
0.00000, 4.58794, -1.75244, 4.91123, 1.57080, 1.93566, 3.00000, 423255.00000, 255400.00000, 322491.66667, 5262774072.22222, 72544.97965, 1.14286, 0.00000, 1.61803, -0.61803, 1.00000, 0.00000
-2.75567, 4.02561, -0.70086, 4.92853, 2.17107, 1.71348, 29.00000, 417572.00000, 26627.00000, 137612.72414, 10691240544.95839, 103398.45523, 0.90081, -6.49176, 9.35336, -1.86160, 1.00000, 0.00000
-2.21782, 3.93313, -1.97536, 4.92852, 2.08423, 1.98319, 22.00000, 424509.00000, 42974.00000, 204010.36364, 10529716972.32232, 102614.40918, 0.91102, 6.05607, -10.56672, 5.51065, 0.86364, 0.13636
-3.48430, 3.15040, -1.49161, 4.92852, 2.40648, 1.87827, 17.00000, 399232.00000, 57571.00000, 157831.47059, 11386939744.01384, 106709.60474, 0.91102, 1.82322, -1.63909, 0.81587, 0.88235, 0.11765
-2.85909, 3.75484, -1.40973, 4.92550, 2.22158, 1.86107, 20.00000, 475197.00000, 41077.00000, 228273.70000, 18592415893.01000, 136354.00945, 0.94766, 7.02665, -9.32863, 3.30198, 0.90000, 0.10000
-1.49161, 3.48430, -3.15040, 4.92852, 1.97528, 2.26428, 14.00000, 437658.00000, 52245.00000, 238842.21429, 15476015512.73980, 124402.63467, 0.91102, 1.29147, -2.88604, 2.59457, 0.71429, 0.28571
-0.70086, 2.75567, -4.02561, 4.92853, 1.81985, 2.52663, 6.00000, 329088.00000, 49137.00000, 194648.66667, 9107519996.22222, 95433.32749, 0.90081, 0.39414, -1.37444, 1.98030, 0.16667, 0.83333
-1.97536, 2.21782, -3.93313, 4.92852, 2.29844, 2.49482, 16.00000, 448194.00000, 87890.00000, 217476.93750, 10985421704.30859, 104811.36248, 0.91102, 0.54989, -0.60432, 1.05443, 0.31250, 0.68750
-1.40973, 2.85909, -3.75484, 4.92550, 2.02888, 2.43770, 11.00000, 495078.00000, 57376.00000, 255768.90909, 23247281941.17355, 152470.59369, 0.94766, 0.58922, -1.25387, 1.66465, 0.27273, 0.72727
-3.93313, 1.97536, -2.21782, 4.92852, 2.67616, 2.03756, 17.00000, 330606.00000, 22332.00000, 182034.29412, 7830446285.26644, 88489.80893, 0.91102, 0.95092, -0.49591, 0.54500, 0.82353, 0.17647
-3.15040, 1.49161, -3.48430, 4.92852, 2.69940, 2.35600, 12.00000, 473381.00000, 99742.00000, 225987.91667, 19303274944.74305, 138936.22618, 0.91102, 0.61936, -0.30829, 0.68893, 0.16667, 0.83333
-4.02561, 0.70086, -2.75567, 4.92853, 2.96922, 2.16413, 10.00000, 484632.00000, 59207.00000, 276118.80000, 13213017398.56000, 114947.88993, 0.90081, 0.66888, -0.13313, 0.46424, 0.30000, 0.70000
-3.75484, 1.40973, -2.85909, 4.92550, 2.78243, 2.19010, 8.00000, 497442.00000, 69332.00000, 190394.62500, 16604866736.73438, 128859.87248, 0.94766, 0.71466, -0.25296, 0.53830, 0.50000, 0.50000
-2.20355, 3.47499, -2.68919, 4.91558, 2.13592, 2.14966, 12.00000, 386577.00000, 65644.00000, 187020.16667, 10147915854.30556, 100736.86443, 1.08598, 1.52573, -2.37638, 1.85065, 0.75000, 0.25000
-2.68919, 2.20355, -3.47499, 4.91558, 2.45513, 2.35595, 6.00000, 452273.00000, 60882.00000, 226813.83333, 16774323069.13889, 129515.72518, 1.08598, 0.68510, -0.56481, 0.87972, 0.50000, 0.50000
-3.47499, 2.68919, -2.20355, 4.91558, 2.48299, 2.03563, 21.00000, 423603.00000, 32879.00000, 203082.00000, 16796638616.47619, 129601.84650, 1.08598, 1.15838, -0.90211, 0.74373, 0.90476, 0.09524
-2.83550, 2.83550, -2.83550, 4.91123, 2.35619, 2.18628, 10.00000, 478363.00000, 71552.00000, 227632.80000, 16217256345.96000, 127346.99190, 1.14286, 1.00000, -1.00000, 1.00000, 0.70000, 0.30000
-3.18882, 3.75791, 0.00000, 4.92853, 2.27446, 1.57080, 52.00000, 362763.00000, 13745.00000, 104004.84615, 6145846508.66864, 78395.44954, 0.90081, -7.64229, 8.64229, 0.00000, 1.00000, 0.00000
-3.92241, 2.87963, -0.78273, 4.92852, 2.50831, 1.73029, 47.00000, 425329.00000, 25515.00000, 149778.82979, 13807026950.22635, 117503.30612, 0.91102, 2.07817, -1.48153, 0.40335, 0.93617, 0.06383
-3.92241, 2.87963, 0.78273, 4.92852, 2.50831, 1.41130, 103.00000, 462360.00000, 13139.00000, 91299.51456, 8330625817.33717, 91272.26204, 0.91102, 10.75154, -7.66476, -2.08678, 1.00000, 0.00000
-3.73035, 3.21637, 0.00000, 4.92550, 2.43005, 1.57080, 56.00000, 462491.00000, 18022.00000, 132819.85714, 13324829110.12245, 115433.22360, 0.94766, 9.06739, -8.06739, -0.00000, 0.98214, 0.01786
-4.37124, 1.70460, -1.50894, 4.92852, 2.76977, 1.88196, 21.00000, 375710.00000, 33890.00000, 152167.33333, 9862273140.79365, 99308.97815, 0.91102, 1.06961, -0.42255, 0.35294, 0.95238, 0.04762
-4.45876, 0.43315, -2.05481, 4.92853, 3.04475, 2.00085, 16.00000, 481716.00000, 39799.00000, 230222.25000, 20237993295.81250, 142260.30119, 0.90081, 0.75116, -0.08228, 0.33112, 0.62500, 0.37500
-4.85499, 0.43811, -0.72621, 4.92852, 3.05160, 1.71868, 33.00000, 445756.00000, 40018.00000, 209154.60606, 13824879757.69330, 117579.24884, 0.91102, 0.96230, -0.09634, 0.13403, 0.87879, 0.12121
-4.62611, 0.87126, -1.44936, 4.92550, 2.95544, 1.86947, 16.00000, 455652.00000, 107043.00000, 238430.06250, 11959150616.30859, 109357.90148, 0.94766, 0.87099, -0.15634, 0.28534, 0.87500, 0.12500
-4.37124, 1.70460, 1.50894, 4.92852, 2.76977, 1.25963, 120.00000, 409117.00000, 8355.00000, 88058.16667, 7078639450.78889, 84134.65071, 0.91102, 3.63662, -1.43665, -1.19997, 1.00000, 0.00000
-4.85499, 0.43811, 0.72621, 4.92852, 3.05160, 1.42291, 38.00000, 374324.00000, 15008.00000, 121394.65789, 7931850150.17244, 89060.93504, 0.91102, 1.31474, -0.13162, -0.18312, 0.92105, 0.07895
-4.45876, 0.43315, 2.05481, 4.92853, 3.04475, 1.14074, 67.00000, 366641.00000, 10321.00000, 109994.38806, 9361462149.10314, 96754.64924, 0.90081, 2.22389, -0.24359, -0.98030, 1.00000, 0.00000
-4.62611, 0.87126, 1.44936, 4.92550, 2.95544, 1.27212, 48.00000, 396952.00000, 15283.00000, 87829.85417, 6489879821.49957, 80559.79035, 0.94766, 2.02881, -0.36416, -0.66465, 1.00000, 0.00000
-4.35121, 2.14766, -0.78579, 4.91558, 2.68310, 1.73134, 35.00000, 470787.00000, 23585.00000, 128362.91429, 10965376589.84980, 104715.69410, 1.08598, 1.45965, -0.71592, 0.25627, 0.94286, 0.05714
-4.83686, 0.87622, 0.00000, 4.91558, 2.96238, 1.57080, 25.00000, 364558.00000, 33599.00000, 145819.00000, 7850747881.28000, 88604.44617, 1.08598, 1.22879, -0.22879, -0.00000, 1.00000, 0.00000
-4.35121, 2.14766, 0.78579, 4.91558, 2.68310, 1.41025, 62.00000, 486897.00000, 7735.00000, 110347.24194, 13141098989.05437, 114634.63259, 1.08598, 2.99442, -1.46868, -0.52573, 1.00000, 0.00000
-4.58794, 1.75244, 0.00000, 4.91123, 2.77673, 1.57080, 46.00000, 486643.00000, 10047.00000, 116515.54348, 16416562108.11768, 128127.13260, 1.14286, 1.61803, -0.61803, -0.00000, 0.91304, 0.08696
2.75567, 4.02561, 0.70086, 4.92853, 0.97053, 1.42811, 9.00000, 473224.00000, 109930.00000, 222910.33333, 10948819617.77778, 104636.60745, 0.90081, 0.36663, 0.52824, 0.10514, 1.00000, 0.00000
2.21782, 3.93313, 1.97536, 4.92852, 1.05736, 1.15840, 6.00000, 360917.00000, 65398.00000, 194895.50000, 11060752103.58333, 105170.11031, 0.91102, 0.27362, 0.47741, 0.24897, 1.00000, 0.00000
3.48430, 3.15040, 1.49161, 4.92852, 0.73511, 1.26333, 2.00000, 400859.00000, 356175.00000, 378517.00000, 499164964.00000, 22342.00000, 0.91102, 0.42617, 0.38313, 0.19070, 0.50000, 0.50000
2.85909, 3.75484, 1.40973, 4.92550, 0.92001, 1.28053, 4.00000, 393850.00000, 154127.00000, 265668.75000, 7739327831.18750, 87973.44958, 0.94766, 0.35746, 0.47456, 0.16798, 0.75000, 0.25000
1.49161, 3.48430, 3.15040, 4.92852, 1.16631, 0.87732, 12.00000, 476988.00000, 44463.00000, 218622.08333, 17072384337.07639, 130661.33451, 0.91102, 0.19070, 0.42617, 0.38313, 1.00000, 0.00000
0.70086, 2.75567, 4.02561, 4.92853, 1.32174, 0.61496, 14.00000, 446728.00000, 27784.00000, 182408.64286, 19420748740.65816, 139358.34651, 0.90081, 0.10514, 0.36663, 0.52824, 1.00000, 0.00000
1.97536, 2.21782, 3.93313, 4.92852, 0.84316, 0.64677, 11.00000, 366290.00000, 43007.00000, 196233.81818, 8078496540.87603, 89880.45695, 0.91102, 0.24897, 0.27362, 0.47741, 1.00000, 0.00000
1.40973, 2.85909, 3.75484, 4.92550, 1.11271, 0.70390, 7.00000, 348244.00000, 39628.00000, 189177.14286, 11393725804.12245, 106741.39686, 0.94766, 0.16798, 0.35746, 0.47456, 1.00000, 0.00000
3.93313, 1.97536, 2.21782, 4.92852, 0.46544, 1.10403, 5.00000, 426172.00000, 171774.00000, 325411.00000, 9093126817.60000, 95357.88807, 0.91102, 0.47741, 0.24897, 0.27362, 0.60000, 0.40000
3.15040, 1.49161, 3.48430, 4.92852, 0.44220, 0.78559, 2.00000, 446152.00000, 162801.00000, 304476.50000, 20071947300.25000, 141675.50000, 0.91102, 0.38313, 0.19070, 0.42617, 1.00000, 0.00000
4.02561, 0.70086, 2.75567, 4.92853, 0.17237, 0.97747, 1.00000, 161658.00000, 161658.00000, 161658.00000, 0.00000, 0.00000, 0.90081, 0.52824, 0.10514, 0.36663, 1.00000, 0.00000
3.75484, 1.40973, 2.85909, 4.92550, 0.35916, 0.95149, 2.00000, 456291.00000, 389538.00000, 422914.50000, 1113990752.25000, 33376.50000, 0.94766, 0.47456, 0.16798, 0.35746, 1.00000, 0.00000
2.20355, 3.47499, 2.68919, 4.91558, 1.00567, 0.99193, 6.00000, 408472.00000, 93153.00000, 271065.00000, 13674966231.33333, 116940.01125, 1.08598, 0.26522, 0.41309, 0.32170, 0.83333, 0.16667
2.68919, 2.20355, 3.47499, 4.91558, 0.68646, 0.78564, 6.00000, 350932.00000, 171905.00000, 274908.33333, 3198278519.88889, 56553.32457, 1.08598, 0.32170, 0.26522, 0.41309, 1.00000, 0.00000
3.47499, 2.68919, 2.20355, 4.91558, 0.65860, 1.10596, 2.00000, 226580.00000, 125894.00000, 176237.00000, 2534417649.00000, 50343.00000, 1.08598, 0.41309, 0.32170, 0.26522, 1.00000, 0.00000
2.83550, 2.83550, 2.83550, 4.91123, 0.78540, 0.95532, 4.00000, 420892.00000, 43700.00000, 203784.00000, 19737477520.00000, 140490.13318, 1.14286, 0.33333, 0.33333, 0.33333, 1.00000, 0.00000
-0.43315, 2.05481, 4.45876, 4.92853, 1.77855, 0.44016, 25.00000, 498394.00000, 26528.00000, 138479.88000, 12334276805.22560, 111059.78933, 0.90081, -0.08228, 0.33112, 0.75116, 1.00000, 0.00000
-1.70460, 1.50894, 4.37124, 4.92852, 2.41700, 0.48015, 67.00000, 482239.00000, 16330.00000, 128324.73134, 11363528802.67409, 106599.85367, 0.91102, -0.42255, 0.35294, 1.06961, 1.00000, 0.00000
-0.43811, 0.72621, 4.85499, 4.92852, 2.11363, 0.17295, 13.00000, 291788.00000, 40930.00000, 146583.84615, 5634821309.66864, 75065.44684, 0.91102, -0.09634, 0.13403, 0.96230, 1.00000, 0.00000
-0.87126, 1.44936, 4.62611, 4.92550, 2.11205, 0.35046, 20.00000, 456572.00000, 25865.00000, 176950.00000, 24010975517.20000, 154954.75313, 0.94766, -0.15634, 0.28534, 0.87099, 1.00000, 0.00000
-2.87963, 0.78273, 3.92241, 4.92852, 2.87619, 0.65037, 66.00000, 483842.00000, 13207.00000, 111937.06061, 12299577000.93572, 110903.45802, 0.91102, -1.48153, 0.40335, 2.07817, 0.98485, 0.01515
-3.75791, 0.00000, 3.18882, 4.92853, 3.14159, 0.86714, 63.00000, 444637.00000, 13781.00000, 134231.12698, 11588595197.95213, 107650.33766, 0.90081, 8.64229, -0.00000, -7.64229, 0.96825, 0.03175
-2.87963, -0.78273, 3.92241, 4.92852, -2.87619, 0.65037, 31.00000, 448862.00000, 48190.00000, 157530.90323, 12683004644.08741, 112618.84675, 0.91102, -7.66476, -2.08678, 10.75154, 0.96774, 0.03226
-3.21637, 0.00000, 3.73035, 4.92550, 3.14159, 0.71154, 43.00000, 358173.00000, 20747.00000, 101938.95349, 6401259908.32342, 80007.87404, 0.94766, -8.06739, 0.00000, 9.06739, 0.97674, 0.02326
-0.43811, -0.72621, 4.85499, 4.92852, -2.11363, 0.17295, 14.00000, 300951.00000, 74150.00000, 159028.28571, 5359674709.91837, 73209.79928, 0.91102, -0.13162, -0.18312, 1.31474, 1.00000, 0.00000
-1.70460, -1.50894, 4.37124, 4.92852, -2.41700, 0.48015, 15.00000, 453013.00000, 70457.00000, 200933.53333, 12208993788.78222, 110494.31564, 0.91102, -1.43665, -1.19997, 3.63662, 0.93333, 0.06667
-0.43315, -2.05481, 4.45876, 4.92853, -1.77855, 0.44016, 5.00000, 234763.00000, 91654.00000, 144101.60000, 2964088652.24000, 54443.44453, 0.90081, -0.24359, -0.98030, 2.22389, 1.00000, 0.00000
-0.87126, -1.44936, 4.62611, 4.92550, -2.11205, 0.35046, 7.00000, 300834.00000, 34573.00000, 178751.28571, 8234679631.34694, 90745.13558, 0.94766, -0.36416, -0.66465, 2.02881, 1.00000, 0.00000
-2.14766, 0.78579, 4.35121, 4.91558, 2.79084, 0.48390, 29.00000, 474979.00000, 15872.00000, 141111.89655, 18151045576.98930, 134725.81630, 1.08598, -0.71592, 0.25627, 1.45965, 1.00000, 0.00000
-2.14766, -0.78579, 4.35121, 4.91558, -2.79084, 0.48390, 27.00000, 426462.00000, 39156.00000, 143824.88889, 8746468929.95062, 93522.55840, 1.08598, -1.46868, -0.52573, 2.99442, 0.92593, 0.07407
-0.87622, 0.00000, 4.83686, 4.91558, 3.14159, 0.17921, 11.00000, 454152.00000, 67105.00000, 178322.54545, 12863502388.42975, 113417.38133, 1.08598, -0.22879, 0.00000, 1.22879, 1.00000, 0.00000
-1.75244, 0.00000, 4.58794, 4.91123, 3.14159, 0.36486, 22.00000, 488825.00000, 23495.00000, 152562.59091, 17585569644.51446, 132610.59401, 1.14286, -0.61803, 0.00000, 1.61803, 1.00000, 0.00000
-4.45876, -0.43315, 2.05481, 4.92853, -3.04475, 1.14074, 35.00000, 493061.00000, 9211.00000, 140409.62857, 16212494878.11918, 127328.29567, 0.90081, 1.49537, 0.16379, -0.65917, 0.94286, 0.05714
-4.85499, -0.43811, 0.72621, 4.92852, -3.05160, 1.42291, 30.00000, 469423.00000, 25942.00000, 170250.50000, 17238970547.78333, 131297.26024, 0.91102, 1.04077, 0.10419, -0.14496, 0.96667, 0.03333
-4.37124, -1.70460, 1.50894, 4.92852, -2.76977, 1.25963, 13.00000, 484396.00000, 58508.00000, 232273.00000, 23247201175.69231, 152470.32884, 0.91102, 0.93889, 0.37091, -0.30980, 1.00000, 0.00000
-4.62611, -0.87126, 1.44936, 4.92550, -2.95544, 1.27212, 29.00000, 417746.00000, 27401.00000, 165743.13793, 13622066253.15339, 116713.60783, 0.94766, 1.17386, 0.21070, -0.38457, 0.96552, 0.03448
-4.85499, -0.43811, -0.72621, 4.92852, -3.05160, 1.71868, 33.00000, 458334.00000, 36128.00000, 210638.90909, 19883066719.77961, 141007.32860, 0.91102, 0.80685, 0.08077, 0.11238, 0.78788, 0.21212
-4.45876, -0.43315, -2.05481, 4.92853, -3.04475, 2.00085, 20.00000, 464451.00000, 50591.00000, 232999.65000, 12773095525.72750, 113018.12034, 0.90081, 0.64502, 0.07065, 0.28433, 0.45000, 0.55000
-4.37124, -1.70460, -1.50894, 4.92852, -2.76977, 1.88196, 18.00000, 447382.00000, 39447.00000, 211082.22222, 16236246283.50617, 127421.52991, 0.91102, 0.57970, 0.22901, 0.19128, 0.22222, 0.77778
-4.62611, -0.87126, -1.44936, 4.92550, -2.95544, 1.86947, 8.00000, 481074.00000, 95200.00000, 208257.62500, 13962147207.23438, 118161.53015, 0.94766, 0.66353, 0.11910, 0.21738, 0.75000, 0.25000
-3.92241, -2.87963, 0.78273, 4.92852, -2.50831, 1.41130, 10.00000, 394695.00000, 76042.00000, 249732.50000, 12284911386.45000, 110837.31947, 0.91102, 0.65841, 0.46938, -0.12779, 0.40000, 0.60000
-3.92241, -2.87963, -0.78273, 4.92852, -2.50831, 1.73029, 16.00000, 484591.00000, 50492.00000, 199112.87500, 20267145722.60938, 142362.72589, 0.91102, 0.52439, 0.37383, 0.10178, 0.31250, 0.68750
-3.18882, -3.75791, 0.00000, 4.92853, -2.27446, 1.57080, 13.00000, 384556.00000, 82954.00000, 223508.92308, 11830609754.99408, 108768.60648, 0.90081, 0.46930, 0.53070, 0.00000, 0.15385, 0.84615
-3.73035, -3.21637, 0.00000, 4.92550, -2.43005, 1.57080, 8.00000, 493138.00000, 75690.00000, 291806.00000, 23976951882.75000, 154844.92850, 0.94766, 0.52918, 0.47082, -0.00000, 0.62500, 0.37500
-4.83686, -0.87622, 0.00000, 4.91558, -2.96238, 1.57080, 15.00000, 466773.00000, 42178.00000, 188193.46667, 15596424245.44889, 124885.64467, 1.08598, 0.84303, 0.15697, -0.00000, 0.93333, 0.06667
-4.35121, -2.14766, -0.78579, 4.91558, -2.68310, 1.73134, 9.00000, 441616.00000, 80447.00000, 317798.00000, 11822386079.11111, 108730.79637, 1.08598, 0.60022, 0.29439, 0.10538, 0.66667, 0.33333
-4.35121, -2.14766, 0.78579, 4.91558, -2.68310, 1.41025, 15.00000, 441139.00000, 51984.00000, 216716.73333, 20936606073.26222, 144694.87231, 1.08598, 0.76051, 0.37301, -0.13352, 0.73333, 0.26667
-4.58794, -1.75244, 0.00000, 4.91123, -2.77673, 1.57080, 9.00000, 351995.00000, 34156.00000, 195589.88889, 12366602240.32099, 111205.22578, 1.14286, 0.72361, 0.27639, -0.00000, 0.77778, 0.22222
-3.75791, 0.00000, -3.18882, 4.92853, 3.14159, 2.27446, 17.00000, 437143.00000, 48637.00000, 212721.23529, 8750514918.76817, 93544.18699, 0.90081, 0.53070, -0.00000, 0.46930, 0.35294, 0.64706
-2.87963, 0.78273, -3.92241, 4.92852, 2.87619, 2.49122, 18.00000, 398892.00000, 39875.00000, 176814.44444, 14214673949.91358, 119225.30751, 0.91102, 0.46938, -0.12779, 0.65841, 0.16667, 0.83333
-2.87963, -0.78273, -3.92241, 4.92852, -2.87619, 2.49122, 38.00000, 414988.00000, 16454.00000, 153918.73684, 10462494674.08864, 102286.33669, 0.91102, 0.37383, 0.10178, 0.52439, 0.05263, 0.94737
-3.21637, 0.00000, -3.73035, 4.92550, 3.14159, 2.43005, 15.00000, 466438.00000, 36201.00000, 154954.13333, 13174759074.11556, 114781.35334, 0.94766, 0.47082, 0.00000, 0.52918, 0.13333, 0.86667
-1.70460, 1.50894, -4.37124, 4.92852, 2.41700, 2.66145, 16.00000, 448889.00000, 34061.00000, 170346.25000, 11218670327.06250, 105918.22472, 0.91102, 0.37091, -0.30980, 0.93889, 0.06250, 0.93750
-0.43315, 2.05481, -4.45876, 4.92853, 1.77855, 2.70143, 16.00000, 495152.00000, 85109.00000, 209024.18750, 12542066963.65234, 111991.37004, 0.90081, 0.16379, -0.65917, 1.49537, 0.06250, 0.93750
-0.43811, 0.72621, -4.85499, 4.92852, 2.11363, 2.96865, 37.00000, 487871.00000, 25392.00000, 167084.54054, 20185893978.35646, 142077.07056, 0.91102, 0.10419, -0.14496, 1.04077, 0.02703, 0.97297
-0.87126, 1.44936, -4.62611, 4.92550, 2.11205, 2.79113, 18.00000, 408464.00000, 44507.00000, 192536.50000, 11232339306.02778, 105982.73117, 0.94766, 0.21070, -0.38457, 1.17386, 0.00000, 1.00000
-1.70460, -1.50894, -4.37124, 4.92852, -2.41700, 2.66145, 79.00000, 368428.00000, 11941.00000, 100628.48101, 7579624611.99648, 87061.03958, 0.91102, 0.22901, 0.19128, 0.57970, 0.00000, 1.00000
-0.43811, -0.72621, -4.85499, 4.92852, -2.11363, 2.96865, 74.00000, 402770.00000, 13067.00000, 110295.02703, 10087866960.91819, 100438.37395, 0.91102, 0.08077, 0.11238, 0.80685, 0.00000, 1.00000
-0.43315, -2.05481, -4.45876, 4.92853, -1.77855, 2.70143, 114.00000, 483195.00000, 8674.00000, 85748.77193, 9355351009.98307, 96723.06349, 0.90081, 0.07065, 0.28433, 0.64502, 0.00000, 1.00000
-0.87126, -1.44936, -4.62611, 4.92550, -2.11205, 2.79113, 86.00000, 449484.00000, 16936.00000, 109171.12791, 10265980457.20457, 101321.17477, 0.94766, 0.11910, 0.21738, 0.66353, 0.01163, 0.98837
-2.14766, 0.78579, -4.35121, 4.91558, 2.79084, 2.65769, 20.00000, 401387.00000, 42309.00000, 165820.40000, 12896054076.34000, 113560.79463, 1.08598, 0.37301, -0.13352, 0.76051, 0.10000, 0.90000
-0.87622, 0.00000, -4.83686, 4.91558, 3.14159, 2.96238, 36.00000, 469547.00000, 27618.00000, 113958.44444, 13216683976.52469, 114963.83769, 1.08598, 0.15697, 0.00000, 0.84303, 0.02778, 0.97222
-2.14766, -0.78579, -4.35121, 4.91558, -2.79084, 2.65769, 32.00000, 467835.00000, 15397.00000, 125205.37500, 14712395594.60938, 121294.66433, 1.08598, 0.29439, 0.10538, 0.60022, 0.00000, 1.00000
-1.75244, 0.00000, -4.58794, 4.91123, 3.14159, 2.77673, 41.00000, 405098.00000, 20632.00000, 188666.85366, 14467919902.56395, 120282.66668, 1.14286, 0.27639, 0.00000, 0.72361, 0.04878, 0.95122
0.70086, 2.75567, -4.02561, 4.92853, 1.32174, 2.52663, 7.00000, 353947.00000, 41059.00000, 142845.00000, 9680097847.14286, 98387.48827, 0.90081, -1.86160, -6.49176, 9.35336, 0.00000, 1.00000
1.49161, 3.48430, -3.15040, 4.92852, 1.16631, 2.26428, 10.00000, 494664.00000, 77295.00000, 286089.80000, 16148607246.96000, 127077.17044, 0.91102, 0.81587, 1.82322, -1.63909, 0.20000, 0.80000
1.97536, 2.21782, -3.93313, 4.92852, 0.84316, 2.49482, 10.00000, 433267.00000, 98226.00000, 273004.10000, 16153053396.69000, 127094.66313, 0.91102, 5.51065, 6.05607, -10.56672, 0.00000, 1.00000
1.40973, 2.85909, -3.75484, 4.92550, 1.11271, 2.43770, 4.00000, 490574.00000, 93570.00000, 279909.00000, 28363019643.00000, 168413.24070, 0.94766, 3.30198, 7.02665, -9.32863, 0.25000, 0.75000
2.21782, 3.93313, -1.97536, 4.92852, 1.05736, 1.98319, 2.00000, 447570.00000, 362898.00000, 405234.00000, 1792336896.00000, 42336.00000, 0.91102, 0.54500, 0.95092, -0.49591, 0.50000, 0.50000
2.75567, 4.02561, -0.70086, 4.92853, 0.97053, 1.71348, 2.00000, 205166.00000, 96377.00000, 150771.50000, 2958761630.25000, 54394.50000, 0.90081, 0.46424, 0.66888, -0.13313, 0.50000, 0.50000
3.48430, 3.15040, -1.49161, 4.92852, 0.73511, 1.87827, 5.00000, 497032.00000, 236547.00000, 311544.60000, 8899927022.64000, 94339.42454, 0.91102, 0.68893, 0.61936, -0.30829, 0.40000, 0.60000
2.85909, 3.75484, -1.40973, 4.92550, 0.92001, 1.86107, 5.00000, 383221.00000, 117636.00000, 231563.80000, 7357376186.96000, 85775.14901, 0.94766, 0.53830, 0.71466, -0.25296, 0.20000, 0.80000
3.15040, 1.49161, -3.48430, 4.92852, 0.44220, 2.35600, 16.00000, 447934.00000, 54314.00000, 235143.25000, 15705715446.68750, 125322.44590, 0.91102, 2.59457, 1.29147, -2.88604, 0.00000, 1.00000
3.93313, 1.97536, -2.21782, 4.92852, 0.46544, 2.03756, 3.00000, 499667.00000, 154646.00000, 301211.33333, 21186218420.22223, 145554.86395, 0.91102, 1.05443, 0.54989, -0.60432, 0.00000, 1.00000
4.02561, 0.70086, -2.75567, 4.92853, 0.17237, 2.16413, 8.00000, 397256.00000, 76955.00000, 252442.87500, 12638002142.35938, 112418.86916, 0.90081, 1.98030, 0.39414, -1.37444, 0.00000, 1.00000
3.75484, 1.40973, -2.85909, 4.92550, 0.35916, 2.19010, 12.00000, 497787.00000, 45349.00000, 257683.08333, 15502385639.24306, 124508.57657, 0.94766, 1.66465, 0.58922, -1.25387, 0.00000, 1.00000
2.20355, 3.47499, -2.68919, 4.91558, 1.00567, 2.14966, 2.00000, 419609.00000, 343034.00000, 381321.50000, 1465932656.25000, 38287.50000, 1.08598, 0.74373, 1.15838, -0.90211, 0.00000, 1.00000
3.47499, 2.68919, -2.20355, 4.91558, 0.65860, 2.03563, 3.00000, 394201.00000, 109743.00000, 281426.66667, 15221213737.55556, 123374.28313, 1.08598, 0.87972, 0.68510, -0.56481, 0.66667, 0.33333
2.68919, 2.20355, -3.47499, 4.91558, 0.68646, 2.35595, 4.00000, 305413.00000, 87783.00000, 175241.00000, 6613157086.00000, 81321.32000, 1.08598, 1.85065, 1.52573, -2.37638, 0.00000, 1.00000
2.83550, 2.83550, -2.83550, 4.91123, 0.78540, 2.18628, 8.00000, 432387.00000, 99043.00000, 249669.75000, 17703693326.18750, 133055.22660, 1.14286, 1.00000, 1.00000, -1.00000, 0.00000, 1.00000
2.75567, -4.02561, 0.70086, 4.92853, -0.97053, 1.42811, 5.00000, 436994.00000, 78371.00000, 190213.60000, 17052329178.64000, 130584.56715, 0.90081, -6.49176, 9.35336, -1.86160, 0.00000, 1.00000
3.48430, -3.15040, 1.49161, 4.92852, -0.73511, 1.26333, 2.00000, 427344.00000, 206571.00000, 316957.50000, 12185179382.25000, 110386.50000, 0.91102, 1.82322, -1.63909, 0.81587, 0.00000, 1.00000
2.21782, -3.93313, 1.97536, 4.92852, -1.05736, 1.15840, 2.00000, 414438.00000, 173142.00000, 293790.00000, 14555939904.00000, 120648.00000, 0.91102, 6.05607, -10.56672, 5.51065, 1.00000, 0.00000
2.85909, -3.75484, 1.40973, 4.92550, -0.92001, 1.28053, 2.00000, 291998.00000, 77138.00000, 184568.00000, 11541204900.00000, 107430.00000, 0.94766, 7.02665, -9.32863, 3.30198, 0.00000, 1.00000
3.93313, -1.97536, 2.21782, 4.92852, -0.46544, 1.10403, 4.00000, 413882.00000, 211127.00000, 292440.50000, 6492375154.25000, 80575.27632, 0.91102, 0.95092, -0.49591, 0.54500, 0.50000, 0.50000
4.02561, -0.70086, 2.75567, 4.92853, -0.17237, 0.97747, 0.00000, 0.00000, 0.00000, 0.00000, 0.00000, 0.00000, 0.90081, 0.66888, -0.13313, 0.46424, 0.00000, 0.00000
3.15040, -1.49161, 3.48430, 4.92852, -0.44220, 0.78559, 1.00000, 115251.00000, 115251.00000, 115251.00000, 0.00000, 0.00000, 0.91102, 0.61936, -0.30829, 0.68893, 1.00000, 0.00000
3.75484, -1.40973, 2.85909, 4.92550, -0.35916, 0.95149, 2.00000, 438089.00000, 393264.00000, 415676.50000, 502320156.25000, 22412.50000, 0.94766, 0.71466, -0.25296, 0.53830, 0.50000, 0.50000
1.49161, -3.48430, 3.15040, 4.92852, -1.16631, 0.87732, 2.00000, 354394.00000, 221847.00000, 288120.50000, 4392176802.25000, 66273.50000, 0.91102, 1.29147, -2.88604, 2.59457, 1.00000, 0.00000
1.97536, -2.21782, 3.93313, 4.92852, -0.84316, 0.64677, 4.00000, 323248.00000, 190259.00000, 226015.50000, 3156124189.25000, 56179.39292, 0.91102, 0.54989, -0.60432, 1.05443, 0.50000, 0.50000
0.70086, -2.75567, 4.02561, 4.92853, -1.32174, 0.61496, 3.00000, 418842.00000, 196971.00000, 283136.33333, 9431579086.88889, 97116.31731, 0.90081, 0.39414, -1.37444, 1.98030, 1.00000, 0.00000
1.40973, -2.85909, 3.75484, 4.92550, -1.11271, 0.70390, 1.00000, 314648.00000, 314648.00000, 314648.00000, 0.00000, 0.00000, 0.94766, 0.58922, -1.25387, 1.66465, 1.00000, 0.00000
3.47499, -2.68919, 2.20355, 4.91558, -0.65860, 1.10596, 6.00000, 455003.00000, 223877.00000, 316903.00000, 7006821745.33333, 83706.76045, 1.08598, 1.15838, -0.90211, 0.74373, 0.16667, 0.83333
2.68919, -2.20355, 3.47499, 4.91558, -0.68646, 0.78564, 1.00000, 180840.00000, 180840.00000, 180840.00000, 0.00000, 0.00000, 1.08598, 0.68510, -0.56481, 0.87972, 1.00000, 0.00000
2.20355, -3.47499, 2.68919, 4.91558, -1.00567, 0.99193, 2.00000, 297218.00000, 274582.00000, 285900.00000, 128097124.00000, 11318.00000, 1.08598, 1.52573, -2.37638, 1.85065, 0.00000, 1.00000
2.83550, -2.83550, 2.83550, 4.91123, -0.78540, 0.95532, 0.00000, 0.00000, 0.00000, 0.00000, 0.00000, 0.00000, 1.14286, 1.00000, -1.00000, 1.00000, 0.00000, 0.00000
2.05481, -4.45876, 0.43315, 4.92853, -1.13896, 1.48280, 2.00000, 333784.00000, 66925.00000, 200354.50000, 17803431470.25000, 133429.50000, 0.90081, -0.98030, 2.22389, -0.24359, 0.50000, 0.50000
1.50894, -4.37124, 1.70460, 4.92852, -1.23841, 1.21764, 4.00000, 499586.00000, 222205.00000, 361813.75000, 10624804690.68750, 103076.69325, 0.91102, -1.19997, 3.63662, -1.43665, 0.25000, 0.75000
0.72621, -4.85499, 0.43811, 4.92852, -1.42232, 1.48179, 9.00000, 463239.00000, 83916.00000, 228678.22222, 15239540378.61728, 123448.53332, 0.91102, -0.18312, 1.31474, -0.13162, 0.00000, 1.00000
1.44936, -4.62611, 0.87126, 4.92550, -1.26718, 1.39297, 3.00000, 371096.00000, 39808.00000, 165208.66667, 21531008246.22223, 146734.48213, 0.94766, -0.66465, 2.02881, -0.36416, 0.00000, 1.00000
0.78273, -3.92241, 2.87963, 4.92852, -1.37383, 0.94680, 7.00000, 485221.00000, 128929.00000, 312233.85714, 11544787782.69388, 107446.67414, 0.91102, -2.08678, 10.75154, -7.66476, 0.42857, 0.57143
0.00000, -3.18882, 3.75791, 4.92853, -1.57080, 0.70366, 5.00000, 450799.00000, 171344.00000, 256966.60000, 11474329471.44000, 107118.29662, 0.90081, 0.00000, -7.64229, 8.64229, 1.00000, 0.00000
-0.78273, -3.92241, 2.87963, 4.92852, -1.76776, 0.94680, 5.00000, 448640.00000, 98590.00000, 279751.00000, 13908017093.60000, 117932.25637, 0.91102, 0.40335, 2.07817, -1.48153, 0.80000, 0.20000
0.00000, -3.73035, 3.21637, 4.92550, -1.57080, 0.85925, 3.00000, 428507.00000, 236121.00000, 309057.00000, 7250504930.66667, 85149.89683, 0.94766, -0.00000, 9.06739, -8.06739, 0.66667, 0.33333
-0.72621, -4.85499, 0.43811, 4.92852, -1.71928, 1.48179, 11.00000, 366305.00000, 52977.00000, 178066.00000, 12430868756.18182, 111493.80591, 0.91102, 0.13403, 0.96230, -0.09634, 0.00000, 1.00000
-1.50894, -4.37124, 1.70460, 4.92852, -1.90319, 1.21764, 5.00000, 286561.00000, 93327.00000, 180834.40000, 5325095099.84000, 72973.24921, 0.91102, 0.35294, 1.06961, -0.42255, 0.00000, 1.00000
-2.05481, -4.45876, 0.43315, 4.92853, -2.00263, 1.48280, 6.00000, 497819.00000, 61663.00000, 207761.66667, 20259752865.88890, 142336.75866, 0.90081, 0.33112, 0.75116, -0.08228, 0.00000, 1.00000
-1.44936, -4.62611, 0.87126, 4.92550, -1.87441, 1.39297, 9.00000, 442112.00000, 172266.00000, 300620.44444, 9469906773.35802, 97313.44600, 0.94766, 0.28534, 0.87099, -0.15634, 0.11111, 0.88889
0.78579, -4.35121, 2.14766, 4.91558, -1.39213, 1.11864, 4.00000, 456986.00000, 329097.00000, 403345.75000, 2260769590.18750, 47547.55083, 1.08598, -0.52573, 2.99442, -1.46868, 0.25000, 0.75000
-0.78579, -4.35121, 2.14766, 4.91558, -1.74946, 1.11864, 4.00000, 470268.00000, 331378.00000, 384282.50000, 2718627050.75000, 52140.45503, 1.08598, 0.25627, 1.45965, -0.71592, 0.50000, 0.50000
0.00000, -4.83686, 0.87622, 4.91558, -1.57080, 1.39159, 4.00000, 366741.00000, 190769.00000, 282013.50000, 4325227138.25000, 65766.45907, 1.08598, -0.00000, 1.22879, -0.22879, 0.25000, 0.75000
0.00000, -4.58794, 1.75244, 4.91123, -1.57080, 1.20593, 5.00000, 399544.00000, 71299.00000, 263015.00000, 15526220344.80000, 124604.25492, 1.14286, -0.00000, 1.61803, -0.61803, 0.20000, 0.80000
2.05481, -4.45876, -0.43315, 4.92853, -1.13896, 1.65880, 12.00000, 456587.00000, 17786.00000, 202156.41667, 15487630570.57639, 124449.30924, 0.90081, -0.65917, 1.49537, 0.16379, 0.00000, 1.00000
0.72621, -4.85499, -0.43811, 4.92852, -1.42232, 1.65981, 17.00000, 406726.00000, 35622.00000, 141913.00000, 9817521580.00000, 99083.40719, 0.91102, -0.14496, 1.04077, 0.10419, 0.05882, 0.94118
1.50894, -4.37124, -1.70460, 4.92852, -1.23841, 1.92396, 44.00000, 428582.00000, 15582.00000, 128013.13636, 9503169587.52686, 97484.20173, 0.91102, -0.30980, 0.93889, 0.37091, 0.00000, 1.00000
1.44936, -4.62611, -0.87126, 4.92550, -1.26718, 1.74862, 15.00000, 335615.00000, 78417.00000, 199963.40000, 7542556140.24000, 86847.89082, 0.94766, -0.38457, 1.17386, 0.21070, 0.06667, 0.93333
-0.72621, -4.85499, -0.43811, 4.92852, -1.71928, 1.65981, 12.00000, 441323.00000, 31716.00000, 181718.66667, 12962652936.72222, 113853.64701, 0.91102, 0.11238, 0.80685, 0.08077, 0.00000, 1.00000
-2.05481, -4.45876, -0.43315, 4.92853, -2.00263, 1.65880, 16.00000, 395298.00000, 43006.00000, 160923.50000, 8294853473.50000, 91076.08618, 0.90081, 0.28433, 0.64502, 0.07065, 0.12500, 0.87500
-1.50894, -4.37124, -1.70460, 4.92852, -1.90319, 1.92396, 31.00000, 491813.00000, 33398.00000, 180305.25806, 14021524463.15921, 118412.51819, 0.91102, 0.19128, 0.57970, 0.22901, 0.03226, 0.96774
-1.44936, -4.62611, -0.87126, 4.92550, -1.87441, 1.74862, 22.00000, 345556.00000, 45482.00000, 141309.45455, 5484606327.33884, 74058.12803, 0.94766, 0.21738, 0.66353, 0.11910, 0.04545, 0.95455
0.78273, -3.92241, -2.87963, 4.92852, -1.37383, 2.19479, 66.00000, 459036.00000, 11681.00000, 104888.60606, 11392598751.35996, 106736.11737, 0.91102, -0.12779, 0.65841, 0.46938, 0.00000, 1.00000
-0.78273, -3.92241, -2.87963, 4.92852, -1.76776, 2.19479, 54.00000, 426323.00000, 10029.00000, 102298.46296, 9366525489.35974, 96780.81158, 0.91102, 0.10178, 0.52439, 0.37383, 0.00000, 1.00000
0.00000, -3.18882, -3.75791, 4.92853, -1.57080, 2.43793, 123.00000, 481725.00000, 6446.00000, 90518.86179, 10867571065.84268, 104247.64297, 0.90081, 0.00000, 0.46930, 0.53070, 0.00000, 1.00000
0.00000, -3.73035, -3.21637, 4.92550, -1.57080, 2.28234, 85.00000, 491069.00000, 7787.00000, 101192.58824, 10582843702.64222, 102872.94932, 0.94766, -0.00000, 0.52918, 0.47082, 0.00000, 1.00000
0.00000, -4.83686, -0.87622, 4.91558, -1.57080, 1.75001, 20.00000, 457902.00000, 45104.00000, 154778.15000, 12762819280.62750, 112972.64837, 1.08598, -0.00000, 0.84303, 0.15697, 0.00000, 1.00000
-0.78579, -4.35121, -2.14766, 4.91558, -1.74946, 2.02296, 33.00000, 446381.00000, 15624.00000, 119982.48485, 10155487391.15886, 100774.43818, 1.08598, 0.10538, 0.60022, 0.29439, 0.03030, 0.96970
0.78579, -4.35121, -2.14766, 4.91558, -1.39213, 2.02296, 44.00000, 453794.00000, 20585.00000, 123768.04545, 12057506663.99793, 109806.67859, 1.08598, -0.13352, 0.76051, 0.37301, 0.00000, 1.00000
0.00000, -4.58794, -1.75244, 4.91123, -1.57080, 1.93566, 30.00000, 316984.00000, 29810.00000, 122496.76667, 4216077415.77889, 64931.32846, 1.14286, -0.00000, 0.72361, 0.27639, 0.00000, 1.00000
2.75567, -4.02561, -0.70086, 4.92853, -0.97053, 1.71348, 11.00000, 494215.00000, 41028.00000, 187632.18182, 16631335753.05785, 128962.53624, 0.90081, -1.37444, 1.98030, 0.39414, 0.00000, 1.00000
2.21782, -3.93313, -1.97536, 4.92852, -1.05736, 1.98319, 42.00000, 459772.00000, 23066.00000, 124233.14286, 10231451261.93197, 101150.63649, 0.91102, -0.60432, 1.05443, 0.54989, 0.00000, 1.00000
3.48430, -3.15040, -1.49161, 4.92852, -0.73511, 1.87827, 20.00000, 410196.00000, 25472.00000, 130091.90000, 9018594068.59000, 94966.27859, 0.91102, -2.88604, 2.59457, 1.29147, 0.00000, 1.00000
2.85909, -3.75484, -1.40973, 4.92550, -0.92001, 1.86107, 17.00000, 442446.00000, 39118.00000, 187497.94118, 18234068463.82007, 135033.58273, 0.94766, -1.25387, 1.66465, 0.58922, 0.00000, 1.00000
1.49161, -3.48430, -3.15040, 4.92852, -1.16631, 2.26428, 83.00000, 487783.00000, 5321.00000, 99795.85542, 9860305312.07548, 99299.07005, 0.91102, -0.30829, 0.68893, 0.61936, 0.00000, 1.00000
0.70086, -2.75567, -4.02561, 4.92853, -1.32174, 2.52663, 124.00000, 444596.00000, 7846.00000, 79514.93548, 7336323866.52810, 85652.34303, 0.90081, -0.13313, 0.46424, 0.66888, 0.00806, 0.99194
1.97536, -2.21782, -3.93313, 4.92852, -0.84316, 2.49482, 85.00000, 464152.00000, 12293.00000, 112057.10588, 11250537694.02409, 106068.55186, 0.91102, -0.49591, 0.54500, 0.95092, 0.01176, 0.98824
1.40973, -2.85909, -3.75484, 4.92550, -1.11271, 2.43770, 93.00000, 487343.00000, 11226.00000, 95587.01075, 9846151043.77408, 99227.77355, 0.94766, -0.25296, 0.53830, 0.71466, 0.00000, 1.00000
3.93313, -1.97536, -2.21782, 4.92852, -0.46544, 2.03756, 19.00000, 481101.00000, 22842.00000, 174576.47368, 17636661461.19667, 132803.09281, 0.91102, -10.56672, 5.51065, 6.05607, 0.00000, 1.00000
3.15040, -1.49161, -3.48430, 4.92852, -0.44220, 2.35600, 46.00000, 400428.00000, 21170.00000, 139103.17391, 10003326721.96975, 100016.63223, 0.91102, -1.63909, 0.81587, 1.82322, 0.00000, 1.00000
4.02561, -0.70086, -2.75567, 4.92853, -0.17237, 2.16413, 15.00000, 445423.00000, 65809.00000, 211804.60000, 16280729772.90667, 127595.96300, 0.90081, 9.35336, -1.86160, -6.49176, 0.00000, 1.00000
3.75484, -1.40973, -2.85909, 4.92550, -0.35916, 2.19010, 15.00000, 484037.00000, 53981.00000, 220994.53333, 20925512631.04889, 144656.53332, 0.94766, -9.32863, 3.30198, 7.02665, 0.00000, 1.00000
2.20355, -3.47499, -2.68919, 4.91558, -1.00567, 2.14966, 43.00000, 476336.00000, 19218.00000, 109638.18605, 8382942534.98864, 91558.41051, 1.08598, -0.56481, 0.87972, 0.68510, 0.00000, 1.00000
2.68919, -2.20355, -3.47499, 4.91558, -0.68646, 2.35595, 36.00000, 463543.00000, 22143.00000, 149119.16667, 16835036215.36111, 129749.89871, 1.08598, -0.90211, 0.74373, 1.15838, 0.00000, 1.00000
3.47499, -2.68919, -2.20355, 4.91558, -0.65860, 2.03563, 15.00000, 460700.00000, 33916.00000, 195119.73333, 14425120996.86222, 120104.62521, 1.08598, -2.37638, 1.85065, 1.52573, 0.00000, 1.00000
2.83550, -2.83550, -2.83550, 4.91123, -0.78540, 2.18628, 28.00000, 446586.00000, 32611.00000, 161662.32143, 14025912567.57525, 118431.04562, 1.14286, -1.00000, 1.00000, 1.00000, 0.00000, 1.00000
3.18882, -3.75791, 0.00000, 4.92853, -0.86714, 1.57080, 5.00000, 434796.00000, 69004.00000, 191101.40000, 17500800931.84000, 132290.59276, 0.90081, -7.64229, 8.64229, -0.00000, 0.00000, 1.00000
3.92241, -2.87963, -0.78273, 4.92852, -0.63328, 1.73029, 9.00000, 323294.00000, 44172.00000, 187305.11111, 7574399982.32099, 87031.02885, 0.91102, 10.75154, -7.66476, -2.08678, 0.00000, 1.00000
3.92241, -2.87963, 0.78273, 4.92852, -0.63328, 1.41130, 4.00000, 251705.00000, 95958.00000, 150067.00000, 3992329964.50000, 63184.88715, 0.91102, 2.07817, -1.48153, 0.40335, 0.25000, 0.75000
3.73035, -3.21637, 0.00000, 4.92550, -0.71154, 1.57080, 9.00000, 408789.00000, 52787.00000, 175496.44444, 14960326774.46914, 122312.41464, 0.94766, 9.06739, -8.06739, 0.00000, 0.00000, 1.00000
4.37124, -1.70460, -1.50894, 4.92852, -0.37182, 1.88196, 10.00000, 370948.00000, 49059.00000, 189063.40000, 11265246619.84000, 106137.86610, 0.91102, 3.63662, -1.43665, -1.19997, 0.00000, 1.00000
4.45876, -0.43315, -2.05481, 4.92853, -0.09684, 2.00085, 8.00000, 365025.00000, 53395.00000, 158251.62500, 8076322903.98438, 89868.36431, 0.90081, 2.22389, -0.24359, -0.98030, 0.00000, 1.00000
4.85499, -0.43811, -0.72621, 4.92852, -0.09000, 1.71868, 4.00000, 240295.00000, 90310.00000, 182494.50000, 3751099895.25000, 61246.22352, 0.91102, 1.31474, -0.13162, -0.18312, 0.00000, 1.00000
4.62611, -0.87126, -1.44936, 4.92550, -0.18616, 1.86947, 9.00000, 452456.00000, 24624.00000, 258973.77778, 17980309911.95062, 134090.67795, 0.94766, 2.02881, -0.36416, -0.66465, 0.00000, 1.00000
4.37124, -1.70460, 1.50894, 4.92852, -0.37182, 1.25963, 1.00000, 276618.00000, 276618.00000, 276618.00000, 0.00000, 0.00000, 0.91102, 1.06961, -0.42255, 0.35294, 0.00000, 1.00000
4.85499, -0.43811, 0.72621, 4.92852, -0.09000, 1.42291, 3.00000, 347649.00000, 146281.00000, 235642.00000, 7014599228.66667, 83753.20429, 0.91102, 0.96230, -0.09634, 0.13403, 0.00000, 1.00000
4.45876, -0.43315, 2.05481, 4.92853, -0.09684, 1.14074, 0.00000, 0.00000, 0.00000, 0.00000, 0.00000, 0.00000, 0.90081, 0.75116, -0.08228, 0.33112, 0.00000, 0.00000
4.62611, -0.87126, 1.44936, 4.92550, -0.18616, 1.27212, 3.00000, 387509.00000, 322336.00000, 352754.66667, 717318990.88889, 26782.81148, 0.94766, 0.87099, -0.15634, 0.28534, 0.66667, 0.33333
4.35121, -2.14766, -0.78579, 4.91558, -0.45850, 1.73134, 8.00000, 420370.00000, 88900.00000, 292948.75000, 12995800221.68750, 113999.12378, 1.08598, 2.99442, -1.46868, -0.52573, 0.00000, 1.00000
4.83686, -0.87622, 0.00000, 4.91558, -0.17921, 1.57080, 0.00000, 0.00000, 0.00000, 0.00000, 0.00000, 0.00000, 1.08598, 1.22879, -0.22879, 0.00000, 0.00000, 0.00000
4.35121, -2.14766, 0.78579, 4.91558, -0.45850, 1.41025, 2.00000, 299411.00000, 133188.00000, 216299.50000, 6907521432.25000, 83111.50000, 1.08598, 1.45965, -0.71592, 0.25627, 0.00000, 1.00000
4.58794, -1.75244, 0.00000, 4.91123, -0.36486, 1.57080, 4.00000, 233788.00000, 48377.00000, 138341.50000, 7863942952.25000, 88678.87546, 1.14286, 1.61803, -0.61803, 0.00000, 0.00000, 1.00000
0.43315, -2.05481, 4.45876, 4.92853, -1.36304, 0.44016, 4.00000, 468526.00000, 222017.00000, 291518.25000, 10571013475.18750, 102815.43403, 0.90081, 0.16379, -0.65917, 1.49537, 0.75000, 0.25000
1.70460, -1.50894, 4.37124, 4.92852, -0.72459, 0.48015, 7.00000, 398919.00000, 157037.00000, 270335.14286, 7937356523.83673, 89091.84319, 0.91102, 0.37091, -0.30980, 0.93889, 0.85714, 0.14286
0.43811, -0.72621, 4.85499, 4.92852, -1.02797, 0.17295, 8.00000, 475014.00000, 63541.00000, 211572.00000, 19375366956.75000, 139195.42721, 0.91102, 0.10419, -0.14496, 1.04077, 1.00000, 0.00000
0.87126, -1.44936, 4.62611, 4.92550, -1.02954, 0.35046, 3.00000, 461556.00000, 110639.00000, 313598.00000, 22036345148.66667, 148446.43865, 0.94766, 0.21070, -0.38457, 1.17386, 1.00000, 0.00000
2.87963, -0.78273, 3.92241, 4.92852, -0.26540, 0.65037, 1.00000, 492555.00000, 492555.00000, 492555.00000, 0.00000, 0.00000, 0.91102, 0.46938, -0.12779, 0.65841, 0.00000, 1.00000
3.75791, 0.00000, 3.18882, 4.92853, 0.00000, 0.86714, 0.00000, 0.00000, 0.00000, 0.00000, 0.00000, 0.00000, 0.90081, 0.53070, -0.00000, 0.46930, 0.00000, 0.00000
2.87963, 0.78273, 3.92241, 4.92852, 0.26540, 0.65037, 5.00000, 276412.00000, 154223.00000, 204189.20000, 2707269415.76000, 52031.42719, 0.91102, 0.37383, 0.10178, 0.52439, 1.00000, 0.00000
3.21637, 0.00000, 3.73035, 4.92550, 0.00000, 0.71154, 2.00000, 275228.00000, 126705.00000, 200966.50000, 5514770382.25000, 74261.50000, 0.94766, 0.47082, -0.00000, 0.52918, 1.00000, 0.00000
0.43811, 0.72621, 4.85499, 4.92852, 1.02797, 0.17295, 11.00000, 425515.00000, 47641.00000, 217469.45455, 12783192467.15703, 113062.78109, 0.91102, 0.08077, 0.11238, 0.80685, 1.00000, 0.00000
1.70460, 1.50894, 4.37124, 4.92852, 0.72459, 0.48015, 5.00000, 489053.00000, 74196.00000, 230080.60000, 23576513017.84000, 153546.45231, 0.91102, 0.22901, 0.19128, 0.57970, 1.00000, 0.00000
0.43315, 2.05481, 4.45876, 4.92853, 1.36304, 0.44016, 10.00000, 435960.00000, 40063.00000, 175662.20000, 20953955583.56000, 144754.81195, 0.90081, 0.07065, 0.28433, 0.64502, 1.00000, 0.00000
0.87126, 1.44936, 4.62611, 4.92550, 1.02954, 0.35046, 10.00000, 445223.00000, 87933.00000, 234490.50000, 12267892234.05000, 110760.51749, 0.94766, 0.11910, 0.21738, 0.66353, 1.00000, 0.00000
2.14766, -0.78579, 4.35121, 4.91558, -0.35075, 0.48390, 2.00000, 256789.00000, 144347.00000, 200568.00000, 3160800841.00000, 56221.00000, 1.08598, 0.37301, -0.13352, 0.76051, 1.00000, 0.00000
2.14766, 0.78579, 4.35121, 4.91558, 0.35075, 0.48390, 3.00000, 402488.00000, 219241.00000, 297700.66667, 5943150184.22222, 77091.82956, 1.08598, 0.29439, 0.10538, 0.60022, 1.00000, 0.00000
0.87622, 0.00000, 4.83686, 4.91558, 0.00000, 0.17921, 7.00000, 441184.00000, 171547.00000, 305248.85714, 8105397880.97959, 90029.98323, 1.08598, 0.15697, -0.00000, 0.84303, 1.00000, 0.00000
1.75244, 0.00000, 4.58794, 4.91123, 0.00000, 0.36486, 0.00000, 0.00000, 0.00000, 0.00000, 0.00000, 0.00000, 1.14286, 0.27639, 0.00000, 0.72361, 0.00000, 0.00000
-2.75567, -4.02561, 0.70086, 4.92853, -2.17107, 1.42811, 10.00000, 420509.00000, 65916.00000, 200688.50000, 13449547551.05000, 115972.18439, 0.90081, 0.46424, 0.66888, -0.13313, 0.10000, 0.90000
-2.21782, -3.93313, 1.97536, 4.92852, -2.08423, 1.15840, 8.00000, 487255.00000, 214658.00000, 318776.62500, 10253000901.98438, 101257.10297, 0.91102, 0.54500, 0.95092, -0.49591, 0.37500, 0.62500
-3.48430, -3.15040, 1.49161, 4.92852, -2.40648, 1.26333, 6.00000, 461680.00000, 122616.00000, 215918.16667, 13570294549.47222, 116491.60721, 0.91102, 0.68893, 0.61936, -0.30829, 1.00000, 0.00000
-2.85909, -3.75484, 1.40973, 4.92550, -2.22158, 1.28053, 7.00000, 488650.00000, 83738.00000, 239676.14286, 23286068848.69387, 152597.73540, 0.94766, 0.53830, 0.71466, -0.25296, 0.71429, 0.28571
-1.49161, -3.48430, 3.15040, 4.92852, -1.97528, 0.87732, 11.00000, 489872.00000, 60679.00000, 228241.81818, 12498148231.60330, 111795.11721, 0.91102, 0.81587, 1.82322, -1.63909, 1.00000, 0.00000
-0.70086, -2.75567, 4.02561, 4.92853, -1.81985, 0.61496, 4.00000, 374004.00000, 116572.00000, 205583.00000, 10131114533.50000, 100653.43776, 0.90081, -1.86160, -6.49176, 9.35336, 1.00000, 0.00000
-1.97536, -2.21782, 3.93313, 4.92852, -2.29844, 0.64677, 10.00000, 453209.00000, 132753.00000, 247415.00000, 10017658487.60000, 100088.25349, 0.91102, 5.51065, 6.05607, -10.56672, 1.00000, 0.00000
-1.40973, -2.85909, 3.75484, 4.92550, -2.02888, 0.70390, 8.00000, 499447.00000, 85285.00000, 270944.37500, 14479483795.23438, 120330.72673, 0.94766, 3.30198, 7.02665, -9.32863, 1.00000, 0.00000
-3.93313, -1.97536, 2.21782, 4.92852, -2.67616, 1.10403, 15.00000, 483307.00000, 63369.00000, 220538.33333, 13054797389.02222, 114257.59226, 0.91102, 1.05443, 0.54989, -0.60432, 0.93333, 0.06667
-3.15040, -1.49161, 3.48430, 4.92852, -2.69940, 0.78559, 28.00000, 349303.00000, 54361.00000, 155264.35714, 8141326163.44388, 90229.29770, 0.91102, 2.59457, 1.29147, -2.88604, 0.92857, 0.07143
-4.02561, -0.70086, 2.75567, 4.92853, -2.96922, 0.97747, 38.00000, 453381.00000, 19051.00000, 110130.63158, 8489816612.02216, 92140.20085, 0.90081, 1.98030, 0.39414, -1.37444, 1.00000, 0.00000
-3.75484, -1.40973, 2.85909, 4.92550, -2.78243, 0.95149, 22.00000, 484297.00000, 35734.00000, 185702.36364, 16111705671.32232, 126931.89383, 0.94766, 1.66465, 0.58922, -1.25387, 0.86364, 0.13636
-2.20355, -3.47499, 2.68919, 4.91558, -2.13592, 0.99193, 5.00000, 371932.00000, 113357.00000, 210657.40000, 7934806047.04000, 89077.52829, 1.08598, 0.74373, 1.15838, -0.90211, 0.80000, 0.20000
-2.68919, -2.20355, 3.47499, 4.91558, -2.45513, 0.78564, 10.00000, 442220.00000, 36316.00000, 192276.30000, 13961865592.81000, 118160.33849, 1.08598, 1.85065, 1.52573, -2.37638, 1.00000, 0.00000
-3.47499, -2.68919, 2.20355, 4.91558, -2.48299, 1.10596, 8.00000, 428197.00000, 63763.00000, 204703.75000, 16411025055.18750, 128105.52313, 1.08598, 0.87972, 0.68510, -0.56481, 1.00000, 0.00000
-2.83550, -2.83550, 2.83550, 4.91123, -2.35619, 0.95532, 9.00000, 469687.00000, 165960.00000, 292079.88889, 7307118831.65432, 85481.68711, 1.14286, 1.00000, 1.00000, -1.00000, 0.88889, 0.11111
-0.70086, -2.75567, -4.02561, 4.92853, -1.81985, 2.52663, 102.00000, 499010.00000, 11398.00000, 81580.71569, 7249937270.12505, 85146.56347, 0.90081, 0.10514, 0.36663, 0.52824, 0.00000, 1.00000
-1.49161, -3.48430, -3.15040, 4.92852, -1.97528, 2.26428, 76.00000, 481128.00000, 15271.00000, 128823.76316, 15464161814.33865, 124354.98307, 0.91102, 0.19070, 0.42617, 0.38313, 0.01316, 0.98684
-1.97536, -2.21782, -3.93313, 4.92852, -2.29844, 2.49482, 64.00000, 464922.00000, 15247.00000, 106111.84375, 10450123550.06934, 102225.84580, 0.91102, 0.24897, 0.27362, 0.47741, 0.00000, 1.00000
-1.40973, -2.85909, -3.75484, 4.92550, -2.02888, 2.43770, 66.00000, 374050.00000, 12119.00000, 84948.07576, 6683765046.52456, 81754.29681, 0.94766, 0.16798, 0.35746, 0.47456, 0.00000, 1.00000
-2.21782, -3.93313, -1.97536, 4.92852, -2.08423, 1.98319, 33.00000, 444290.00000, 28283.00000, 141658.78788, 8704241675.56107, 93296.52553, 0.91102, 0.27362, 0.47741, 0.24897, 0.06061, 0.93939
-2.75567, -4.02561, -0.70086, 4.92853, -2.17107, 1.71348, 14.00000, 490318.00000, 57188.00000, 230634.21429, 20812864635.73980, 144266.64422, 0.90081, 0.36663, 0.52824, 0.10514, 0.14286, 0.85714
-3.48430, -3.15040, -1.49161, 4.92852, -2.40648, 1.87827, 23.00000, 496065.00000, 22638.00000, 189785.47826, 14344986231.64083, 119770.55661, 0.91102, 0.42617, 0.38313, 0.19070, 0.13043, 0.86957
-2.85909, -3.75484, -1.40973, 4.92550, -2.22158, 1.86107, 18.00000, 499951.00000, 54159.00000, 229369.27778, 19856719669.31173, 140913.87323, 0.94766, 0.35746, 0.47456, 0.16798, 0.16667, 0.83333
-3.15040, -1.49161, -3.48430, 4.92852, -2.69940, 2.35600, 38.00000, 442775.00000, 20978.00000, 169723.31579, 13598715344.68975, 116613.52985, 0.91102, 0.38313, 0.19070, 0.42617, 0.05263, 0.94737
-3.93313, -1.97536, -2.21782, 4.92852, -2.67616, 2.03756, 17.00000, 416905.00000, 37991.00000, 186840.05882, 13360808044.05536, 115588.96160, 0.91102, 0.47741, 0.24897, 0.27362, 0.17647, 0.82353
-4.02561, -0.70086, -2.75567, 4.92853, -2.96922, 2.16413, 14.00000, 463820.00000, 60218.00000, 211797.14286, 15971861152.83673, 126379.82890, 0.90081, 0.52824, 0.10514, 0.36663, 0.35714, 0.64286
-3.75484, -1.40973, -2.85909, 4.92550, -2.78243, 2.19010, 27.00000, 475074.00000, 34803.00000, 211650.14815, 17828352161.82991, 133522.85258, 0.94766, 0.47456, 0.16798, 0.35746, 0.14815, 0.85185
-2.20355, -3.47499, -2.68919, 4.91558, -2.13592, 2.14966, 32.00000, 335614.00000, 19672.00000, 117861.37500, 6162002801.10938, 78498.42547, 1.08598, 0.26522, 0.41309, 0.32170, 0.00000, 1.00000
-3.47499, -2.68919, -2.20355, 4.91558, -2.48299, 2.03563, 21.00000, 474930.00000, 42333.00000, 238307.57143, 20186755037.29251, 142080.10078, 1.08598, 0.41309, 0.32170, 0.26522, 0.14286, 0.85714
-2.68919, -2.20355, -3.47499, 4.91558, -2.45513, 2.35595, 35.00000, 495653.00000, 13835.00000, 122903.00000, 13833813532.34286, 117617.23314, 1.08598, 0.32170, 0.26522, 0.41309, 0.05714, 0.94286
-2.83550, -2.83550, -2.83550, 4.91123, -2.35619, 2.18628, 45.00000, 499537.00000, 36519.00000, 166073.11111, 12523861897.74321, 111910.06165, 1.14286, 0.33333, 0.33333, 0.33333, 0.08889, 0.91111
3.75791, 0.00000, -3.18882, 4.92853, 0.00000, 2.27446, 12.00000, 400222.00000, 34708.00000, 181461.25000, 10975377752.68750, 104763.43710, 0.90081, 8.64229, 0.00000, -7.64229, 0.00000, 1.00000
2.87963, -0.78273, -3.92241, 4.92852, -0.26540, 2.49122, 34.00000, 459593.00000, 25962.00000, 122405.85294, 7695269586.18425, 87722.68570, 0.91102, -1.48153, 0.40335, 2.07817, 0.00000, 1.00000
2.87963, 0.78273, -3.92241, 4.92852, 0.26540, 2.49122, 23.00000, 472134.00000, 35784.00000, 166500.34783, 14660933080.22684, 121082.34008, 0.91102, -7.66476, -2.08678, 10.75154, 0.00000, 1.00000
3.21637, 0.00000, -3.73035, 4.92550, 0.00000, 2.43005, 24.00000, 438239.00000, 42259.00000, 182908.75000, 14654251112.18750, 121054.74428, 0.94766, -8.06739, -0.00000, 9.06739, 0.00000, 1.00000
1.70460, -1.50894, -4.37124, 4.92852, -0.72459, 2.66145, 83.00000, 491889.00000, 11643.00000, 100841.24096, 9692457927.02627, 98450.28150, 0.91102, -0.42255, 0.35294, 1.06961, 0.01205, 0.98795
0.43315, -2.05481, -4.45876, 4.92853, -1.36304, 2.70143, 117.00000, 481815.00000, 7095.00000, 81274.25641, 8788270667.64366, 93745.77680, 0.90081, -0.08228, 0.33112, 0.75116, 0.00000, 1.00000
0.43811, -0.72621, -4.85499, 4.92852, -1.02797, 2.96865, 89.00000, 494589.00000, 16739.00000, 103026.15730, 10744595719.77301, 103656.14174, 0.91102, -0.09634, 0.13403, 0.96230, 0.00000, 1.00000
0.87126, -1.44936, -4.62611, 4.92550, -1.02954, 2.79113, 84.00000, 376405.00000, 11869.00000, 96554.09524, 7163300940.08617, 84636.28619, 0.94766, -0.15634, 0.28534, 0.87099, 0.00000, 1.00000
1.70460, 1.50894, -4.37124, 4.92852, 0.72459, 2.66145, 22.00000, 407664.00000, 47048.00000, 151425.22727, 6714015990.81198, 81939.09928, 0.91102, -1.43665, -1.19997, 3.63662, 0.00000, 1.00000
0.43811, 0.72621, -4.85499, 4.92852, 1.02797, 2.96865, 45.00000, 450141.00000, 14418.00000, 140441.42222, 11905078193.26617, 109110.39452, 0.91102, -0.13162, -0.18312, 1.31474, 0.00000, 1.00000
0.43315, 2.05481, -4.45876, 4.92853, 1.36304, 2.70143, 15.00000, 488492.00000, 34724.00000, 182940.06667, 13887098276.19556, 117843.53303, 0.90081, -0.24359, -0.98030, 2.22389, 0.06667, 0.93333
0.87126, 1.44936, -4.62611, 4.92550, 1.02954, 2.79113, 18.00000, 432467.00000, 37010.00000, 164309.00000, 14539511571.77778, 120579.89705, 0.94766, -0.36416, -0.66465, 2.02881, 0.05556, 0.94444
2.14766, -0.78579, -4.35121, 4.91558, -0.35075, 2.65769, 40.00000, 442093.00000, 9921.00000, 107983.10000, 15039000127.99000, 122633.60114, 1.08598, -0.71592, 0.25627, 1.45965, 0.00000, 1.00000
0.87622, 0.00000, -4.83686, 4.91558, 0.00000, 2.96238, 41.00000, 499711.00000, 29944.00000, 142527.14634, 11802376607.78346, 108638.74359, 1.08598, -0.22879, -0.00000, 1.22879, 0.00000, 1.00000
2.14766, 0.78579, -4.35121, 4.91558, 0.35075, 2.65769, 22.00000, 387517.00000, 36828.00000, 186695.50000, 11663707771.34091, 107998.64708, 1.08598, -1.46868, -0.52573, 2.99442, 0.00000, 1.00000
1.75244, 0.00000, -4.58794, 4.91123, 0.00000, 2.77673, 36.00000, 478316.00000, 26563.00000, 152316.08333, 19433542434.02083, 139404.24109, 1.14286, -0.61803, -0.00000, 1.61803, 0.00000, 1.00000
4.45876, 0.43315, 2.05481, 4.92853, 0.09684, 1.14074, 2.00000, 479625.00000, 291972.00000, 385798.50000, 8803412102.25000, 93826.50000, 0.90081, 0.64502, 0.07065, 0.28433, 1.00000, 0.00000
4.85499, 0.43811, 0.72621, 4.92852, 0.09000, 1.42291, 4.00000, 375044.00000, 243251.00000, 289321.75000, 2586532561.18750, 50857.96458, 0.91102, 0.80685, 0.08077, 0.11238, 0.75000, 0.25000
4.37124, 1.70460, 1.50894, 4.92852, 0.37182, 1.25963, 1.00000, 445959.00000, 445959.00000, 445959.00000, 0.00000, 0.00000, 0.91102, 0.57970, 0.22901, 0.19128, 1.00000, 0.00000
4.62611, 0.87126, 1.44936, 4.92550, 0.18616, 1.27212, 2.00000, 453250.00000, 357148.00000, 405199.00000, 2308898601.00000, 48051.00000, 0.94766, 0.66353, 0.11910, 0.21738, 0.50000, 0.50000
4.85499, 0.43811, -0.72621, 4.92852, 0.09000, 1.71868, 4.00000, 498468.00000, 203346.00000, 381032.25000, 11977891844.18750, 109443.55552, 0.91102, 1.04077, 0.10419, -0.14496, 0.00000, 1.00000
4.45876, 0.43315, -2.05481, 4.92853, 0.09684, 2.00085, 6.00000, 386810.00000, 62931.00000, 208115.50000, 14747307717.58333, 121438.49356, 0.90081, 1.49537, 0.16379, -0.65917, 0.00000, 1.00000
4.37124, 1.70460, -1.50894, 4.92852, 0.37182, 1.88196, 5.00000, 417396.00000, 106784.00000, 246880.80000, 10501005037.36000, 102474.41162, 0.91102, 0.93889, 0.37091, -0.30980, 0.00000, 1.00000
4.62611, 0.87126, -1.44936, 4.92550, 0.18616, 1.86947, 3.00000, 423910.00000, 210989.00000, 329962.66667, 7869050720.22222, 88707.67002, 0.94766, 1.17386, 0.21070, -0.38457, 0.33333, 0.66667
3.92241, 2.87963, 0.78273, 4.92852, 0.63328, 1.41130, 1.00000, 345686.00000, 345686.00000, 345686.00000, 0.00000, 0.00000, 0.91102, 0.52439, 0.37383, 0.10178, 0.00000, 1.00000
3.92241, 2.87963, -0.78273, 4.92852, 0.63328, 1.73029, 2.00000, 463799.00000, 400984.00000, 432391.50000, 986431056.25000, 31407.50000, 0.91102, 0.65841, 0.46938, -0.12779, 0.00000, 1.00000
3.18882, 3.75791, 0.00000, 4.92853, 0.86714, 1.57080, 4.00000, 467665.00000, 158843.00000, 326496.75000, 12118059544.18750, 110082.05823, 0.90081, 0.46930, 0.53070, 0.00000, 0.75000, 0.25000
3.73035, 3.21637, 0.00000, 4.92550, 0.71154, 1.57080, 4.00000, 477506.00000, 143927.00000, 278261.00000, 18494130955.50000, 135993.12834, 0.94766, 0.52918, 0.47082, 0.00000, 0.25000, 0.75000
4.83686, 0.87622, 0.00000, 4.91558, 0.17921, 1.57080, 3.00000, 334277.00000, 274375.00000, 305928.66667, 603178681.55556, 24559.69628, 1.08598, 0.84303, 0.15697, 0.00000, 0.00000, 1.00000
4.35121, 2.14766, -0.78579, 4.91558, 0.45850, 1.73134, 6.00000, 455044.00000, 143405.00000, 285110.50000, 11114241644.91667, 105424.10372, 1.08598, 0.76051, 0.37301, -0.13352, 0.16667, 0.83333
4.35121, 2.14766, 0.78579, 4.91558, 0.45850, 1.41025, 1.00000, 460032.00000, 460032.00000, 460032.00000, 0.00000, 0.00000, 1.08598, 0.60022, 0.29439, 0.10538, 1.00000, 0.00000
4.58794, 1.75244, 0.00000, 4.91123, 0.36486, 1.57080, 1.00000, 460752.00000, 460752.00000, 460752.00000, 0.00000, 0.00000, 1.14286, 0.72361, 0.27639, -0.00000, 0.00000, 1.00000
