-2.75567, 4.02561, 0.70086, 4.92853, 2.17107, 1.42811, 0.00000, 0.00000, 0.00000, 0.00000, 0.00000, 0.00000, 0.90081, -1.37444, 1.98030, 0.39414, 0.00000, 0.00000
-3.48430, 3.15040, 1.49161, 4.92852, 2.40648, 1.26333, 2.00000, 412696.00000, 188341.00000, 300518.50000, 12583791506.25000, 112177.50000, 0.91102, -2.88604, 2.59457, 1.29147, 0.00000, 1.00000
-2.21782, 3.93313, 1.97536, 4.92852, 2.08423, 1.15840, 0.00000, 0.00000, 0.00000, 0.00000, 0.00000, 0.00000, 0.91102, -0.60432, 1.05443, 0.54989, 0.00000, 0.00000
-2.85909, 3.75484, 1.40973, 4.92550, 2.22158, 1.28053, 2.00000, 468275.00000, 177157.00000, 322716.00000, 21187422481.00000, 145559.00000, 0.94766, -1.25387, 1.66465, 0.58922, 0.50000, 0.50000
-3.93313, 1.97536, 2.21782, 4.92852, 2.67616, 1.10403, 1.00000, 446530.00000, 446530.00000, 446530.00000, 0.00000, 0.00000, 0.91102, -10.56672, 5.51065, 6.05607, 0.00000, 1.00000
-4.02561, 0.70086, 2.75567, 4.92853, 2.96922, 0.97747, 1.00000, 375728.00000, 375728.00000, 375728.00000, 0.00000, 0.00000, 0.90081, 9.35336, -1.86160, -6.49176, 0.00000, 1.00000
-3.15040, 1.49161, 3.48430, 4.92852, 2.69940, 0.78559, 1.00000, 457897.00000, 457897.00000, 457897.00000, 0.00000, 0.00000, 0.91102, -1.63909, 0.81587, 1.82322, 0.00000, 1.00000
-3.75484, 1.40973, 2.85909, 4.92550, 2.78243, 0.95149, 1.00000, 484713.00000, 484713.00000, 484713.00000, 0.00000, 0.00000, 0.94766, -9.32863, 3.30198, 7.02665, 0.00000, 1.00000
-1.49161, 3.48430, 3.15040, 4.92852, 1.97528, 0.87732, 2.00000, 477587.00000, 308982.00000, 393284.50000, 7106911506.25000, 84302.50000, 0.91102, -0.30829, 0.68893, 0.61936, 0.00000, 1.00000
-1.97536, 2.21782, 3.93313, 4.92852, 2.29844, 0.64677, 1.00000, 208073.00000, 208073.00000, 208073.00000, 0.00000, 0.00000, 0.91102, -0.49591, 0.54500, 0.95092, 0.00000, 1.00000
-0.70086, 2.75567, 4.02561, 4.92853, 1.81985, 0.61496, 0.00000, 0.00000, 0.00000, 0.00000, 0.00000, 0.00000, 0.90081, -0.13313, 0.46424, 0.66888, 0.00000, 0.00000
-1.40973, 2.85909, 3.75484, 4.92550, 2.02888, 0.70390, 0.00000, 0.00000, 0.00000, 0.00000, 0.00000, 0.00000, 0.94766, -0.25296, 0.53830, 0.71466, 0.00000, 0.00000
-3.47499, 2.68919, 2.20355, 4.91558, 2.48299, 1.10596, 1.00000, 354019.00000, 354019.00000, 354019.00000, 0.00000, 0.00000, 1.08598, -2.37638, 1.85065, 1.52573, 0.00000, 1.00000
-2.68919, 2.20355, 3.47499, 4.91558, 2.45513, 0.78564, 1.00000, 349293.00000, 349293.00000, 349293.00000, 0.00000, 0.00000, 1.08598, -0.90211, 0.74373, 1.15838, 0.00000, 1.00000
-2.20355, 3.47499, 2.68919, 4.91558, 2.13592, 0.99193, 0.00000, 0.00000, 0.00000, 0.00000, 0.00000, 0.00000, 1.08598, -0.56481, 0.87972, 0.68510, 0.00000, 0.00000
-2.83550, 2.83550, 2.83550, 4.91123, 2.35619, 0.95532, 0.00000, 0.00000, 0.00000, 0.00000, 0.00000, 0.00000, 1.14286, -1.00000, 1.00000, 1.00000, 0.00000, 0.00000
-2.05481, 4.45876, 0.43315, 4.92853, 2.00263, 1.48280, 0.00000, 0.00000, 0.00000, 0.00000, 0.00000, 0.00000, 0.90081, -0.65917, 1.49537, 0.16379, 0.00000, 0.00000
-1.50894, 4.37124, 1.70460, 4.92852, 1.90319, 1.21764, 0.00000, 0.00000, 0.00000, 0.00000, 0.00000, 0.00000, 0.91102, -0.30980, 0.93889, 0.37091, 0.00000, 0.00000
-0.72621, 4.85499, 0.43811, 4.92852, 1.71928, 1.48179, 0.00000, 0.00000, 0.00000, 0.00000, 0.00000, 0.00000, 0.91102, -0.14496, 1.04077, 0.10419, 0.00000, 0.00000
-1.44936, 4.62611, 0.87126, 4.92550, 1.87441, 1.39297, 0.00000, 0.00000, 0.00000, 0.00000, 0.00000, 0.00000, 0.94766, -0.38457, 1.17386, 0.21070, 0.00000, 0.00000
-0.78273, 3.92241, 2.87963, 4.92852, 1.76776, 0.94680, 0.00000, 0.00000, 0.00000, 0.00000, 0.00000, 0.00000, 0.91102, -0.12779, 0.65841, 0.46938, 0.00000, 0.00000
0.00000, 3.18882, 3.75791, 4.92853, 1.57080, 0.70366, 0.00000, 0.00000, 0.00000, 0.00000, 0.00000, 0.00000, 0.90081, -0.00000, 0.46930, 0.53070, 0.00000, 0.00000
0.78273, 3.92241, 2.87963, 4.92852, 1.37383, 0.94680, 2.00000, 451040.00000, 229622.00000, 340331.00000, 12256482681.00000, 110709.00000, 0.91102, 0.10178, 0.52439, 0.37383, 0.50000, 0.50000
0.00000, 3.73035, 3.21637, 4.92550, 1.57080, 0.85925, 0.00000, 0.00000, 0.00000, 0.00000, 0.00000, 0.00000, 0.94766, -0.00000, 0.52918, 0.47082, 0.00000, 0.00000
0.72621, 4.85499, 0.43811, 4.92852, 1.42232, 1.48179, 1.00000, 187939.00000, 187939.00000, 187939.00000, 0.00000, 0.00000, 0.91102, 0.11238, 0.80685, 0.08077, 1.00000, 0.00000
1.50894, 4.37124, 1.70460, 4.92852, 1.23841, 1.21764, 0.00000, 0.00000, 0.00000, 0.00000, 0.00000, 0.00000, 0.91102, 0.19128, 0.57970, 0.22901, 0.00000, 0.00000
2.05481, 4.45876, 0.43315, 4.92853, 1.13896, 1.48280, 0.00000, 0.00000, 0.00000, 0.00000, 0.00000, 0.00000, 0.90081, 0.28433, 0.64502, 0.07065, 0.00000, 0.00000
1.44936, 4.62611, 0.87126, 4.92550, 1.26718, 1.39297, 2.00000, 394435.00000, 268255.00000, 331345.00000, 3980348100.00000, 63090.00000, 0.94766, 0.21738, 0.66353, 0.11910, 1.00000, 0.00000
-0.78579, 4.35121, 2.14766, 4.91558, 1.74946, 1.11864, 0.00000, 0.00000, 0.00000, 0.00000, 0.00000, 0.00000, 1.08598, -0.13352, 0.76051, 0.37301, 0.00000, 0.00000
0.78579, 4.35121, 2.14766, 4.91558, 1.39213, 1.11864, 1.00000, 287632.00000, 287632.00000, 287632.00000, 0.00000, 0.00000, 1.08598, 0.10538, 0.60022, 0.29439, 1.00000, 0.00000
0.00000, 4.83686, 0.87622, 4.91558, 1.57080, 1.39159, 0.00000, 0.00000, 0.00000, 0.00000, 0.00000, 0.00000, 1.08598, -0.00000, 0.84303, 0.15697, 0.00000, 0.00000
0.00000, 4.58794, 1.75244, 4.91123, 1.57080, 1.20593, 0.00000, 0.00000, 0.00000, 0.00000, 0.00000, 0.00000, 1.14286, 0.00000, 0.72361, 0.27639, 0.00000, 0.00000
-2.05481, 4.45876, -0.43315, 4.92853, 2.00263, 1.65880, 1.00000, 428125.00000, 428125.00000, 428125.00000, 0.00000, 0.00000, 0.90081, -0.98030, 2.22389, -0.24359, 0.00000, 1.00000
-0.72621, 4.85499, -0.43811, 4.92852, 1.71928, 1.65981, 1.00000, 401628.00000, 401628.00000, 401628.00000, 0.00000, 0.00000, 0.91102, -0.18312, 1.31474, -0.13162, 1.00000, 0.00000
-1.50894, 4.37124, -1.70460, 4.92852, 1.90319, 1.92396, 2.00000, 217782.00000, 178533.00000, 198157.50000, 385121000.25000, 19624.50000, 0.91102, -1.19997, 3.63662, -1.43665, 0.50000, 0.50000
-1.44936, 4.62611, -0.87126, 4.92550, 1.87441, 1.74862, 2.00000, 470598.00000, 232064.00000, 351331.00000, 14224617289.00000, 119267.00000, 0.94766, -0.66465, 2.02881, -0.36416, 0.50000, 0.50000
0.72621, 4.85499, -0.43811, 4.92852, 1.42232, 1.65981, 0.00000, 0.00000, 0.00000, 0.00000, 0.00000, 0.00000, 0.91102, 0.13403, 0.96230, -0.09634, 0.00000, 0.00000
2.05481, 4.45876, -0.43315, 4.92853, 1.13896, 1.65880, 2.00000, 277987.00000, 151438.00000, 214712.50000, 4003662350.25000, 63274.50000, 0.90081, 0.33112, 0.75116, -0.08228, 1.00000, 0.00000
1.50894, 4.37124, -1.70460, 4.92852, 1.23841, 1.92396, 5.00000, 378113.00000, 169259.00000, 248317.00000, 6052249694.40000, 77796.20617, 0.91102, 0.35294, 1.06961, -0.42255, 1.00000, 0.00000
1.44936, 4.62611, -0.87126, 4.92550, 1.26718, 1.74862, 3.00000, 323083.00000, 181305.00000, 271906.00000, 4127292768.66667, 64244.00959, 0.94766, 0.28534, 0.87099, -0.15634, 0.66667, 0.33333
-0.78273, 3.92241, -2.87963, 4.92852, 1.76776, 2.19479, 6.00000, 337810.00000, 91133.00000, 226352.50000, 6345215479.58333, 79656.86084, 0.91102, -2.08678, 10.75154, -7.66476, 0.66667, 0.33333
0.78273, 3.92241, -2.87963, 4.92852, 1.37383, 2.19479, 5.00000, 437059.00000, 216986.00000, 292504.20000, 5666419037.36000, 75275.62047, 0.91102, 0.40335, 2.07817, -1.48153, 1.00000, 0.00000
0.00000, 3.18882, -3.75791, 4.92853, 1.57080, 2.43793, 12.00000, 460772.00000, 75429.00000, 225711.83333, 12113462238.80556, 110061.17498, 0.90081, -0.00000, -7.64229, 8.64229, 0.75000, 0.25000
0.00000, 3.73035, -3.21637, 4.92550, 1.57080, 2.28234, 6.00000, 364573.00000, 109539.00000, 199688.83333, 12837910472.80556, 113304.50332, 0.94766, 0.00000, 9.06739, -8.06739, 0.83333, 0.16667
0.00000, 4.83686, -0.87622, 4.91558, 1.57080, 1.75001, 0.00000, 0.00000, 0.00000, 0.00000, 0.00000, 0.00000, 1.08598, 0.00000, 1.22879, -0.22879, 0.00000, 0.00000
0.78579, 4.35121, -2.14766, 4.91558, 1.39213, 2.02296, 8.00000, 472993.00000, 134071.00000, 223740.00000, 11139029026.75000, 105541.59856, 1.08598, 0.25627, 1.45965, -0.71592, 0.75000, 0.25000
-0.78579, 4.35121, -2.14766, 4.91558, 1.74946, 2.02296, 3.00000, 384392.00000, 151262.00000, 272550.66667, 9102892203.55556, 95409.07820, 1.08598, -0.52573, 2.99442, -1.46868, 1.00000, 0.00000
0.00000, 4.58794, -1.75244, 4.91123, 1.57080, 1.93566, 6.00000, 465514.00000, 182069.00000, 332218.83333, 11759951546.47222, 108443.31029, 1.14286, 0.00000, 1.61803, -0.61803, 0.66667, 0.33333
-2.75567, 4.02561, -0.70086, 4.92853, 2.17107, 1.71348, 4.00000, 493903.00000, 196830.00000, 382163.75000, 12541980821.68750, 111990.98545, 0.90081, -6.49176, 9.35336, -1.86160, 0.50000, 0.50000
-2.21782, 3.93313, -1.97536, 4.92852, 2.08423, 1.98319, 5.00000, 484699.00000, 138518.00000, 319097.20000, 14646609610.96000, 121023.17799, 0.91102, 6.05607, -10.56672, 5.51065, 0.40000, 0.60000
-3.48430, 3.15040, -1.49161, 4.92852, 2.40648, 1.87827, 3.00000, 288789.00000, 138544.00000, 221133.00000, 3873757248.66667, 62239.51517, 0.91102, 1.82322, -1.63909, 0.81587, 0.00000, 1.00000
-2.85909, 3.75484, -1.40973, 4.92550, 2.22158, 1.86107, 3.00000, 230340.00000, 132733.00000, 180211.00000, 1591368308.66667, 39891.95794, 0.94766, 7.02665, -9.32863, 3.30198, 0.33333, 0.66667
-1.49161, 3.48430, -3.15040, 4.92852, 1.97528, 2.26428, 7.00000, 322400.00000, 71708.00000, 212149.42857, 8723675413.38775, 93400.61784, 0.91102, 1.29147, -2.88604, 2.59457, 0.71429, 0.28571
-0.70086, 2.75567, -4.02561, 4.92853, 1.81985, 2.52663, 12.00000, 350306.00000, 75859.00000, 205256.58333, 6746827845.40972, 82139.07624, 0.90081, 0.39414, -1.37444, 1.98030, 0.75000, 0.25000
-1.97536, 2.21782, -3.93313, 4.92852, 2.29844, 2.49482, 14.00000, 440454.00000, 38271.00000, 203192.78571, 11225793502.31122, 105951.84520, 0.91102, 0.54989, -0.60432, 1.05443, 0.50000, 0.50000
-1.40973, 2.85909, -3.75484, 4.92550, 2.02888, 2.43770, 5.00000, 391370.00000, 116583.00000, 261368.20000, 11067787478.96000, 105203.55260, 0.94766, 0.58922, -1.25387, 1.66465, 0.60000, 0.40000
-3.93313, 1.97536, -2.21782, 4.92852, 2.67616, 2.03756, 4.00000, 242480.00000, 67206.00000, 163356.75000, 4054120899.68750, 63671.97892, 0.91102, 0.95092, -0.49591, 0.54500, 0.50000, 0.50000
-3.15040, 1.49161, -3.48430, 4.92852, 2.69940, 2.35600, 14.00000, 466300.00000, 37991.00000, 200123.92857, 13341968293.92347, 115507.43826, 0.91102, 0.61936, -0.30829, 0.68893, 0.21429, 0.78571
-4.02561, 0.70086, -2.75567, 4.92853, 2.96922, 2.16413, 16.00000, 454399.00000, 61261.00000, 210279.37500, 14024605435.35938, 118425.52696, 0.90081, 0.66888, -0.13313, 0.46424, 0.25000, 0.75000
-3.75484, 1.40973, -2.85909, 4.92550, 2.78243, 2.19010, 14.00000, 454180.00000, 78205.00000, 268215.42857, 15316034364.95918, 123757.96687, 0.94766, 0.71466, -0.25296, 0.53830, 0.28571, 0.71429
-2.20355, 3.47499, -2.68919, 4.91558, 2.13592, 2.14966, 6.00000, 486919.00000, 225393.00000, 306256.00000, 7819620424.33333, 88428.61768, 1.08598, 1.52573, -2.37638, 1.85065, 0.66667, 0.33333
-2.68919, 2.20355, -3.47499, 4.91558, 2.45513, 2.35595, 7.00000, 401013.00000, 88763.00000, 270305.57143, 13213861642.81633, 114951.56216, 1.08598, 0.68510, -0.56481, 0.87972, 0.28571, 0.71429
-3.47499, 2.68919, -2.20355, 4.91558, 2.48299, 2.03563, 2.00000, 86277.00000, 43451.00000, 64864.00000, 458516569.00000, 21413.00000, 1.08598, 1.15838, -0.90211, 0.74373, 1.00000, 0.00000
-2.83550, 2.83550, -2.83550, 4.91123, 2.35619, 2.18628, 9.00000, 452240.00000, 90813.00000, 263269.33333, 14227496802.66667, 119279.07110, 1.14286, 1.00000, -1.00000, 1.00000, 0.44444, 0.55556
-3.18882, 3.75791, 0.00000, 4.92853, 2.27446, 1.57080, 3.00000, 456318.00000, 148275.00000, 299995.66667, 15825669309.55556, 125800.11649, 0.90081, -7.64229, 8.64229, 0.00000, 0.66667, 0.33333
-3.92241, 2.87963, -0.78273, 4.92852, 2.50831, 1.73029, 6.00000, 445525.00000, 301005.00000, 357089.00000, 2457329105.00000, 49571.45454, 0.91102, 2.07817, -1.48153, 0.40335, 0.50000, 0.50000
-3.92241, 2.87963, 0.78273, 4.92852, 2.50831, 1.41130, 2.00000, 400370.00000, 347955.00000, 374162.50000, 686833056.25000, 26207.50000, 0.91102, 10.75154, -7.66476, -2.08678, 0.00000, 1.00000
-3.73035, 3.21637, 0.00000, 4.92550, 2.43005, 1.57080, 4.00000, 465247.00000, 156332.00000, 292629.25000, 14275558977.68750, 119480.37068, 0.94766, 9.06739, -8.06739, -0.00000, 0.25000, 0.75000
-4.37124, 1.70460, -1.50894, 4.92852, 2.76977, 1.88196, 10.00000, 496177.00000, 122896.00000, 313981.30000, 14492316550.61000, 120384.03777, 0.91102, 1.06961, -0.42255, 0.35294, 0.40000, 0.60000
-4.45876, 0.43315, -2.05481, 4.92853, 3.04475, 2.00085, 7.00000, 461994.00000, 226080.00000, 297049.42857, 5924073683.95918, 76968.00429, 0.90081, 0.75116, -0.08228, 0.33112, 0.00000, 1.00000
-4.85499, 0.43811, -0.72621, 4.92852, 3.05160, 1.71868, 8.00000, 271341.00000, 63493.00000, 160800.50000, 5317608902.75000, 72921.93705, 0.91102, 0.96230, -0.09634, 0.13403, 0.00000, 1.00000
-4.62611, 0.87126, -1.44936, 4.92550, 2.95544, 1.86947, 9.00000, 406529.00000, 165044.00000, 255912.77778, 6813395640.83951, 82543.29555, 0.94766, 0.87099, -0.15634, 0.28534, 0.22222, 0.77778
-4.37124, 1.70460, 1.50894, 4.92852, 2.76977, 1.25963, 0.00000, 0.00000, 0.00000, 0.00000, 0.00000, 0.00000, 0.91102, 3.63662, -1.43665, -1.19997, 0.00000, 0.00000
-4.85499, 0.43811, 0.72621, 4.92852, 3.05160, 1.42291, 4.00000, 460316.00000, 271488.00000, 387111.00000, 5230064117.00000, 72319.18222, 0.91102, 1.31474, -0.13162, -0.18312, 0.00000, 1.00000
-4.45876, 0.43315, 2.05481, 4.92853, 3.04475, 1.14074, 3.00000, 426126.00000, 271533.00000, 353539.00000, 4027524722.00000, 63462.78218, 0.90081, 2.22389, -0.24359, -0.98030, 0.00000, 1.00000
-4.62611, 0.87126, 1.44936, 4.92550, 2.95544, 1.27212, 3.00000, 309285.00000, 89831.00000, 173337.33333, 9401723073.55556, 96962.48281, 0.94766, 2.02881, -0.36416, -0.66465, 0.00000, 1.00000
-4.35121, 2.14766, -0.78579, 4.91558, 2.68310, 1.73134, 2.00000, 348417.00000, 175501.00000, 261959.00000, 7474985764.00000, 86458.00000, 1.08598, 1.45965, -0.71592, 0.25627, 0.50000, 0.50000
-4.83686, 0.87622, 0.00000, 4.91558, 2.96238, 1.57080, 4.00000, 470620.00000, 125535.00000, 310224.00000, 23619849291.50000, 153687.50532, 1.08598, 1.22879, -0.22879, -0.00000, 0.50000, 0.50000
-4.35121, 2.14766, 0.78579, 4.91558, 2.68310, 1.41025, 2.00000, 394922.00000, 257879.00000, 326400.50000, 4695195962.25000, 68521.50000, 1.08598, 2.99442, -1.46868, -0.52573, 0.00000, 1.00000
-4.58794, 1.75244, 0.00000, 4.91123, 2.77673, 1.57080, 2.00000, 300560.00000, 178216.00000, 239388.00000, 3742013584.00000, 61172.00000, 1.14286, 1.61803, -0.61803, -0.00000, 0.00000, 1.00000
2.75567, 4.02561, 0.70086, 4.92853, 0.97053, 1.42811, 0.00000, 0.00000, 0.00000, 0.00000, 0.00000, 0.00000, 0.90081, 0.36663, 0.52824, 0.10514, 0.00000, 0.00000
2.21782, 3.93313, 1.97536, 4.92852, 1.05736, 1.15840, 0.00000, 0.00000, 0.00000, 0.00000, 0.00000, 0.00000, 0.91102, 0.27362, 0.47741, 0.24897, 0.00000, 0.00000
3.48430, 3.15040, 1.49161, 4.92852, 0.73511, 1.26333, 0.00000, 0.00000, 0.00000, 0.00000, 0.00000, 0.00000, 0.91102, 0.42617, 0.38313, 0.19070, 0.00000, 0.00000
2.85909, 3.75484, 1.40973, 4.92550, 0.92001, 1.28053, 1.00000, 220664.00000, 220664.00000, 220664.00000, 0.00000, 0.00000, 0.94766, 0.35746, 0.47456, 0.16798, 0.00000, 1.00000
1.49161, 3.48430, 3.15040, 4.92852, 1.16631, 0.87732, 0.00000, 0.00000, 0.00000, 0.00000, 0.00000, 0.00000, 0.91102, 0.19070, 0.42617, 0.38313, 0.00000, 0.00000
0.70086, 2.75567, 4.02561, 4.92853, 1.32174, 0.61496, 0.00000, 0.00000, 0.00000, 0.00000, 0.00000, 0.00000, 0.90081, 0.10514, 0.36663, 0.52824, 0.00000, 0.00000
1.97536, 2.21782, 3.93313, 4.92852, 0.84316, 0.64677, 0.00000, 0.00000, 0.00000, 0.00000, 0.00000, 0.00000, 0.91102, 0.24897, 0.27362, 0.47741, 0.00000, 0.00000
1.40973, 2.85909, 3.75484, 4.92550, 1.11271, 0.70390, 0.00000, 0.00000, 0.00000, 0.00000, 0.00000, 0.00000, 0.94766, 0.16798, 0.35746, 0.47456, 0.00000, 0.00000
3.93313, 1.97536, 2.21782, 4.92852, 0.46544, 1.10403, 3.00000, 479922.00000, 281661.00000, 350466.33333, 8390468820.22222, 91599.50229, 0.91102, 0.47741, 0.24897, 0.27362, 1.00000, 0.00000
3.15040, 1.49161, 3.48430, 4.92852, 0.44220, 0.78559, 0.00000, 0.00000, 0.00000, 0.00000, 0.00000, 0.00000, 0.91102, 0.38313, 0.19070, 0.42617, 0.00000, 0.00000
4.02561, 0.70086, 2.75567, 4.92853, 0.17237, 0.97747, 1.00000, 244776.00000, 244776.00000, 244776.00000, 0.00000, 0.00000, 0.90081, 0.52824, 0.10514, 0.36663, 0.00000, 1.00000
3.75484, 1.40973, 2.85909, 4.92550, 0.35916, 0.95149, 1.00000, 486003.00000, 486003.00000, 486003.00000, 0.00000, 0.00000, 0.94766, 0.47456, 0.16798, 0.35746, 0.00000, 1.00000
2.20355, 3.47499, 2.68919, 4.91558, 1.00567, 0.99193, 0.00000, 0.00000, 0.00000, 0.00000, 0.00000, 0.00000, 1.08598, 0.26522, 0.41309, 0.32170, 0.00000, 0.00000
2.68919, 2.20355, 3.47499, 4.91558, 0.68646, 0.78564, 0.00000, 0.00000, 0.00000, 0.00000, 0.00000, 0.00000, 1.08598, 0.32170, 0.26522, 0.41309, 0.00000, 0.00000
3.47499, 2.68919, 2.20355, 4.91558, 0.65860, 1.10596, 0.00000, 0.00000, 0.00000, 0.00000, 0.00000, 0.00000, 1.08598, 0.41309, 0.32170, 0.26522, 0.00000, 0.00000
2.83550, 2.83550, 2.83550, 4.91123, 0.78540, 0.95532, 1.00000, 456013.00000, 456013.00000, 456013.00000, 0.00000, 0.00000, 1.14286, 0.33333, 0.33333, 0.33333, 1.00000, 0.00000
-0.43315, 2.05481, 4.45876, 4.92853, 1.77855, 0.44016, 0.00000, 0.00000, 0.00000, 0.00000, 0.00000, 0.00000, 0.90081, -0.08228, 0.33112, 0.75116, 0.00000, 0.00000
-1.70460, 1.50894, 4.37124, 4.92852, 2.41700, 0.48015, 0.00000, 0.00000, 0.00000, 0.00000, 0.00000, 0.00000, 0.91102, -0.42255, 0.35294, 1.06961, 0.00000, 0.00000
-0.43811, 0.72621, 4.85499, 4.92852, 2.11363, 0.17295, 1.00000, 346341.00000, 346341.00000, 346341.00000, 0.00000, 0.00000, 0.91102, -0.09634, 0.13403, 0.96230, 0.00000, 1.00000
-0.87126, 1.44936, 4.62611, 4.92550, 2.11205, 0.35046, 1.00000, 339839.00000, 339839.00000, 339839.00000, 0.00000, 0.00000, 0.94766, -0.15634, 0.28534, 0.87099, 0.00000, 1.00000
-2.87963, 0.78273, 3.92241, 4.92852, 2.87619, 0.65037, 0.00000, 0.00000, 0.00000, 0.00000, 0.00000, 0.00000, 0.91102, -1.48153, 0.40335, 2.07817, 0.00000, 0.00000
-3.75791, 0.00000, 3.18882, 4.92853, 3.14159, 0.86714, 2.00000, 224312.00000, 175714.00000, 200013.00000, 590441401.00000, 24299.00000, 0.90081, 8.64229, -0.00000, -7.64229, 0.00000, 1.00000
-2.87963, -0.78273, 3.92241, 4.92852, -2.87619, 0.65037, 5.00000, 481211.00000, 205901.00000, 356473.80000, 13734679191.36000, 117195.04764, 0.91102, -7.66476, -2.08678, 10.75154, 0.00000, 1.00000
-3.21637, 0.00000, 3.73035, 4.92550, 3.14159, 0.71154, 0.00000, 0.00000, 0.00000, 0.00000, 0.00000, 0.00000, 0.94766, -8.06739, 0.00000, 9.06739, 0.00000, 0.00000
-0.43811, -0.72621, 4.85499, 4.92852, -2.11363, 0.17295, 1.00000, 131530.00000, 131530.00000, 131530.00000, 0.00000, 0.00000, 0.91102, -0.13162, -0.18312, 1.31474, 0.00000, 1.00000
-1.70460, -1.50894, 4.37124, 4.92852, -2.41700, 0.48015, 0.00000, 0.00000, 0.00000, 0.00000, 0.00000, 0.00000, 0.91102, -1.43665, -1.19997, 3.63662, 0.00000, 0.00000
-0.43315, -2.05481, 4.45876, 4.92853, -1.77855, 0.44016, 0.00000, 0.00000, 0.00000, 0.00000, 0.00000, 0.00000, 0.90081, -0.24359, -0.98030, 2.22389, 0.00000, 0.00000
-0.87126, -1.44936, 4.62611, 4.92550, -2.11205, 0.35046, 1.00000, 384088.00000, 384088.00000, 384088.00000, 0.00000, 0.00000, 0.94766, -0.36416, -0.66465, 2.02881, 0.00000, 1.00000
-2.14766, 0.78579, 4.35121, 4.91558, 2.79084, 0.48390, 1.00000, 311812.00000, 311812.00000, 311812.00000, 0.00000, 0.00000, 1.08598, -0.71592, 0.25627, 1.45965, 0.00000, 1.00000
-2.14766, -0.78579, 4.35121, 4.91558, -2.79084, 0.48390, 0.00000, 0.00000, 0.00000, 0.00000, 0.00000, 0.00000, 1.08598, -1.46868, -0.52573, 2.99442, 0.00000, 0.00000
-0.87622, 0.00000, 4.83686, 4.91558, 3.14159, 0.17921, 0.00000, 0.00000, 0.00000, 0.00000, 0.00000, 0.00000, 1.08598, -0.22879, 0.00000, 1.22879, 0.00000, 0.00000
-1.75244, 0.00000, 4.58794, 4.91123, 3.14159, 0.36486, 3.00000, 434551.00000, 245474.00000, 353951.00000, 6346915552.66667, 79667.53136, 1.14286, -0.61803, 0.00000, 1.61803, 0.33333, 0.66667
-4.45876, -0.43315, 2.05481, 4.92853, -3.04475, 1.14074, 2.00000, 256200.00000, 164053.00000, 210126.50000, 2122767402.25000, 46073.50000, 0.90081, 1.49537, 0.16379, -0.65917, 0.00000, 1.00000
-4.85499, -0.43811, 0.72621, 4.92852, -3.05160, 1.42291, 8.00000, 315999.00000, 134303.00000, 216135.12500, 3882390729.35938, 62308.83348, 0.91102, 1.04077, 0.10419, -0.14496, 0.12500, 0.87500
-4.37124, -1.70460, 1.50894, 4.92852, -2.76977, 1.25963, 11.00000, 447000.00000, 75345.00000, 252137.81818, 16003061373.78512, 126503.20697, 0.91102, 0.93889, 0.37091, -0.30980, 0.00000, 1.00000
-4.62611, -0.87126, 1.44936, 4.92550, -2.95544, 1.27212, 1.00000, 461620.00000, 461620.00000, 461620.00000, 0.00000, 0.00000, 0.94766, 1.17386, 0.21070, -0.38457, 1.00000, 0.00000
-4.85499, -0.43811, -0.72621, 4.92852, -3.05160, 1.71868, 20.00000, 441329.00000, 46745.00000, 226734.50000, 11773892129.85000, 108507.56715, 0.91102, 0.80685, 0.08077, 0.11238, 0.15000, 0.85000
-4.45876, -0.43315, -2.05481, 4.92853, -3.04475, 2.00085, 18.00000, 483591.00000, 19124.00000, 210145.94444, 27567134337.71913, 166033.53377, 0.90081, 0.64502, 0.07065, 0.28433, 0.11111, 0.88889
-4.37124, -1.70460, -1.50894, 4.92852, -2.76977, 1.88196, 39.00000, 461636.00000, 21379.00000, 159549.23077, 9472888736.84418, 97328.76624, 0.91102, 0.57970, 0.22901, 0.19128, 0.15385, 0.84615
-4.62611, -0.87126, -1.44936, 4.92550, -2.95544, 1.86947, 12.00000, 385206.00000, 50450.00000, 172238.25000, 9907858308.85417, 99538.22537, 0.94766, 0.66353, 0.11910, 0.21738, 0.08333, 0.91667
-3.92241, -2.87963, 0.78273, 4.92852, -2.50831, 1.41130, 19.00000, 404215.00000, 46156.00000, 190345.84211, 10335765806.65928, 101664.96843, 0.91102, 0.65841, 0.46938, -0.12779, 0.10526, 0.89474
-3.92241, -2.87963, -0.78273, 4.92852, -2.50831, 1.73029, 41.00000, 455160.00000, 20199.00000, 139235.68293, 11410768266.94825, 106821.19765, 0.91102, 0.52439, 0.37383, 0.10178, 0.12195, 0.87805
-3.18882, -3.75791, 0.00000, 4.92853, -2.27446, 1.57080, 29.00000, 478387.00000, 21114.00000, 180556.41379, 17295438832.17361, 131512.12428, 0.90081, 0.46930, 0.53070, 0.00000, 0.03448, 0.96552
-3.73035, -3.21637, 0.00000, 4.92550, -2.43005, 1.57080, 18.00000, 373604.00000, 35371.00000, 160376.11111, 10580695238.20988, 102862.50647, 0.94766, 0.52918, 0.47082, -0.00000, 0.00000, 1.00000
-4.83686, -0.87622, 0.00000, 4.91558, -2.96238, 1.57080, 8.00000, 453881.00000, 170463.00000, 298130.25000, 9309839682.93750, 96487.51050, 1.08598, 0.84303, 0.15697, -0.00000, 0.00000, 1.00000
-4.35121, -2.14766, -0.78579, 4.91558, -2.68310, 1.73134, 24.00000, 425483.00000, 29325.00000, 182726.20833, 13943404380.74827, 118082.19333, 1.08598, 0.60022, 0.29439, 0.10538, 0.00000, 1.00000
-4.35121, -2.14766, 0.78579, 4.91558, -2.68310, 1.41025, 7.00000, 356207.00000, 45125.00000, 132400.28571, 9951977003.63265, 99759.59605, 1.08598, 0.76051, 0.37301, -0.13352, 0.00000, 1.00000
-4.58794, -1.75244, 0.00000, 4.91123, -2.77673, 1.57080, 15.00000, 469909.00000, 55130.00000, 206773.46667, 16412615605.84889, 128111.73095, 1.14286, 0.72361, 0.27639, -0.00000, 0.00000, 1.00000
-3.75791, 0.00000, -3.18882, 4.92853, 3.14159, 2.27446, 17.00000, 471928.00000, 46925.00000, 204734.41176, 16749401766.83045, 129419.47986, 0.90081, 0.53070, -0.00000, 0.46930, 0.35294, 0.64706
-2.87963, 0.78273, -3.92241, 4.92852, 2.87619, 2.49122, 23.00000, 495782.00000, 36589.00000, 198912.26087, 15161397878.36673, 123131.62826, 0.91102, 0.46938, -0.12779, 0.65841, 0.47826, 0.52174
-2.87963, -0.78273, -3.92241, 4.92852, -2.87619, 2.49122, 44.00000, 466716.00000, 21282.00000, 154454.95455, 14679047021.99793, 121157.11709, 0.91102, 0.37383, 0.10178, 0.52439, 0.36364, 0.63636
-3.21637, 0.00000, -3.73035, 4.92550, 3.14159, 2.43005, 34.00000, 479161.00000, 36373.00000, 192603.73529, 16741834278.95934, 129390.24028, 0.94766, 0.47082, 0.00000, 0.52918, 0.26471, 0.73529
-1.70460, 1.50894, -4.37124, 4.92852, 2.41700, 2.66145, 30.00000, 458574.00000, 44348.00000, 199814.70000, 10822406620.54333, 104030.79650, 0.91102, 0.37091, -0.30980, 0.93889, 0.73333, 0.26667
-0.43315, 2.05481, -4.45876, 4.92853, 1.77855, 2.70143, 23.00000, 494917.00000, 25390.00000, 223373.43478, 20033421155.20227, 141539.46854, 0.90081, 0.16379, -0.65917, 1.49537, 0.56522, 0.43478
-0.43811, 0.72621, -4.85499, 4.92852, 2.11363, 2.96865, 56.00000, 499101.00000, 19570.00000, 167755.03571, 13034039986.99872, 114166.72014, 0.91102, 0.10419, -0.14496, 1.04077, 0.76786, 0.23214
-0.87126, 1.44936, -4.62611, 4.92550, 2.11205, 2.79113, 27.00000, 489888.00000, 58560.00000, 252945.48148, 20063151731.06447, 141644.45535, 0.94766, 0.21070, -0.38457, 1.17386, 0.77778, 0.22222
-1.70460, -1.50894, -4.37124, 4.92852, -2.41700, 2.66145, 102.00000, 494726.00000, 14112.00000, 138606.27451, 12883991764.23837, 113507.67271, 0.91102, 0.22901, 0.19128, 0.57970, 0.40196, 0.59804
-0.43811, -0.72621, -4.85499, 4.92852, -2.11363, 2.96865, 89.00000, 487103.00000, 18805.00000, 164260.96629, 15306704519.38088, 123720.26721, 0.91102, 0.08077, 0.11238, 0.80685, 0.61798, 0.38202
-0.43315, -2.05481, -4.45876, 4.92853, -1.77855, 2.70143, 99.00000, 472737.00000, 11443.00000, 114910.32323, 10568993615.79451, 102805.61082, 0.90081, 0.07065, 0.28433, 0.64502, 0.44444, 0.55556
-0.87126, -1.44936, -4.62611, 4.92550, -2.11205, 2.79113, 70.00000, 487996.00000, 15780.00000, 118063.75714, 13094737502.78388, 114432.23979, 0.94766, 0.11910, 0.21738, 0.66353, 0.41429, 0.58571
-2.14766, 0.78579, -4.35121, 4.91558, 2.79084, 2.65769, 28.00000, 399952.00000, 42836.00000, 196754.25000, 10286588575.75893, 101422.82078, 1.08598, 0.37301, -0.13352, 0.76051, 0.35714, 0.64286
-0.87622, 0.00000, -4.83686, 4.91558, 3.14159, 2.96238, 40.00000, 427098.00000, 29130.00000, 157082.10000, 12671292486.64000, 112566.83564, 1.08598, 0.15697, 0.00000, 0.84303, 0.62500, 0.37500
-2.14766, -0.78579, -4.35121, 4.91558, -2.79084, 2.65769, 35.00000, 411844.00000, 19570.00000, 133808.14286, 8826889192.57959, 93951.52576, 1.08598, 0.29439, 0.10538, 0.60022, 0.34286, 0.65714
-1.75244, 0.00000, -4.58794, 4.91123, 3.14159, 2.77673, 39.00000, 474492.00000, 35128.00000, 188540.71795, 16473932923.38199, 128350.81972, 1.14286, 0.27639, 0.00000, 0.72361, 0.58974, 0.41026
0.70086, 2.75567, -4.02561, 4.92853, 1.32174, 2.52663, 13.00000, 456284.00000, 56602.00000, 230757.07692, 16633241241.45562, 128969.92379, 0.90081, -1.86160, -6.49176, 9.35336, 0.69231, 0.30769
1.49161, 3.48430, -3.15040, 4.92852, 1.16631, 2.26428, 8.00000, 341481.00000, 67433.00000, 183471.37500, 8592568917.73438, 92696.11059, 0.91102, 0.81587, 1.82322, -1.63909, 0.87500, 0.12500
1.97536, 2.21782, -3.93313, 4.92852, 0.84316, 2.49482, 23.00000, 496699.00000, 33726.00000, 201988.30435, 15938018180.47259, 126245.86401, 0.91102, 5.51065, 6.05607, -10.56672, 0.86957, 0.13043
1.40973, 2.85909, -3.75484, 4.92550, 1.11271, 2.43770, 12.00000, 423645.00000, 47105.00000, 238605.33333, 16897077406.55556, 129988.75877, 0.94766, 3.30198, 7.02665, -9.32863, 1.00000, 0.00000
2.21782, 3.93313, -1.97536, 4.92852, 1.05736, 1.98319, 5.00000, 442618.00000, 106000.00000, 277498.00000, 14056774632.00000, 118561.26953, 0.91102, 0.54500, 0.95092, -0.49591, 0.80000, 0.20000
2.75567, 4.02561, -0.70086, 4.92853, 0.97053, 1.71348, 3.00000, 493136.00000, 366721.00000, 419022.66667, 2901333105.55556, 53864.02422, 0.90081, 0.46424, 0.66888, -0.13313, 1.00000, 0.00000
3.48430, 3.15040, -1.49161, 4.92852, 0.73511, 1.87827, 14.00000, 465254.00000, 125956.00000, 294149.35714, 9196601272.80102, 95898.91174, 0.91102, 0.68893, 0.61936, -0.30829, 0.85714, 0.14286
2.85909, 3.75484, -1.40973, 4.92550, 0.92001, 1.86107, 2.00000, 473333.00000, 237761.00000, 355547.00000, 13873541796.00000, 117786.00000, 0.94766, 0.53830, 0.71466, -0.25296, 1.00000, 0.00000
3.15040, 1.49161, -3.48430, 4.92852, 0.44220, 2.35600, 22.00000, 497278.00000, 63475.00000, 235719.68182, 17384613775.12603, 131850.72535, 0.91102, 2.59457, 1.29147, -2.88604, 0.95455, 0.04545
3.93313, 1.97536, -2.21782, 4.92852, 0.46544, 2.03756, 16.00000, 497902.00000, 36825.00000, 194356.87500, 17927971726.60938, 133895.37605, 0.91102, 1.05443, 0.54989, -0.60432, 0.87500, 0.12500
4.02561, 0.70086, -2.75567, 4.92853, 0.17237, 2.16413, 19.00000, 489765.00000, 50990.00000, 211464.05263, 21950098021.10249, 148155.65471, 0.90081, 1.98030, 0.39414, -1.37444, 0.89474, 0.10526
3.75484, 1.40973, -2.85909, 4.92550, 0.35916, 2.19010, 15.00000, 489263.00000, 23351.00000, 166423.93333, 14315107725.52889, 119645.75933, 0.94766, 1.66465, 0.58922, -1.25387, 0.86667, 0.13333
2.20355, 3.47499, -2.68919, 4.91558, 1.00567, 2.14966, 5.00000, 354495.00000, 89533.00000, 186874.00000, 10732567701.20000, 103598.10665, 1.08598, 0.74373, 1.15838, -0.90211, 1.00000, 0.00000
3.47499, 2.68919, -2.20355, 4.91558, 0.65860, 2.03563, 2.00000, 289955.00000, 126542.00000, 208248.50000, 6675952142.25000, 81706.50000, 1.08598, 0.87972, 0.68510, -0.56481, 1.00000, 0.00000
2.68919, 2.20355, -3.47499, 4.91558, 0.68646, 2.35595, 13.00000, 462985.00000, 50672.00000, 210281.00000, 15463226049.69231, 124351.22054, 1.08598, 1.85065, 1.52573, -2.37638, 1.00000, 0.00000
2.83550, 2.83550, -2.83550, 4.91123, 0.78540, 2.18628, 13.00000, 479953.00000, 49294.00000, 213585.38462, 22312212698.23669, 149372.73077, 1.14286, 1.00000, 1.00000, -1.00000, 0.92308, 0.07692
2.75567, -4.02561, 0.70086, 4.92853, -0.97053, 1.42811, 11.00000, 412458.00000, 118922.00000, 233306.81818, 7246129267.60331, 85124.19907, 0.90081, -6.49176, 9.35336, -1.86160, 0.72727, 0.27273
3.48430, -3.15040, 1.49161, 4.92852, -0.73511, 1.26333, 7.00000, 438759.00000, 124868.00000, 225721.28571, 13837339055.06122, 117632.21946, 0.91102, 1.82322, -1.63909, 0.81587, 0.71429, 0.28571
2.21782, -3.93313, 1.97536, 4.92852, -1.05736, 1.15840, 5.00000, 351834.00000, 99213.00000, 242855.80000, 10799041539.76000, 103918.43696, 0.91102, 6.05607, -10.56672, 5.51065, 0.40000, 0.60000
2.85909, -3.75484, 1.40973, 4.92550, -0.92001, 1.28053, 8.00000, 490149.00000, 42643.00000, 281390.37500, 27338170507.98438, 165342.58528, 0.94766, 7.02665, -9.32863, 3.30198, 0.37500, 0.62500
3.93313, -1.97536, 2.21782, 4.92852, -0.46544, 1.10403, 8.00000, 448067.00000, 135924.00000, 286416.12500, 9903677562.10938, 99517.22244, 0.91102, 0.95092, -0.49591, 0.54500, 0.87500, 0.12500
4.02561, -0.70086, 2.75567, 4.92853, -0.17237, 0.97747, 2.00000, 294361.00000, 238517.00000, 266439.00000, 779638084.00000, 27922.00000, 0.90081, 0.66888, -0.13313, 0.46424, 0.50000, 0.50000
3.15040, -1.49161, 3.48430, 4.92852, -0.44220, 0.78559, 2.00000, 431075.00000, 293831.00000, 362453.00000, 4708978884.00000, 68622.00000, 0.91102, 0.61936, -0.30829, 0.68893, 0.00000, 1.00000
3.75484, -1.40973, 2.85909, 4.92550, -0.35916, 0.95149, 0.00000, 0.00000, 0.00000, 0.00000, 0.00000, 0.00000, 0.94766, 0.71466, -0.25296, 0.53830, 0.00000, 0.00000
1.49161, -3.48430, 3.15040, 4.92852, -1.16631, 0.87732, 6.00000, 483410.00000, 151173.00000, 343460.00000, 19058450453.66667, 138052.34679, 0.91102, 1.29147, -2.88604, 2.59457, 0.16667, 0.83333
1.97536, -2.21782, 3.93313, 4.92852, -0.84316, 0.64677, 0.00000, 0.00000, 0.00000, 0.00000, 0.00000, 0.00000, 0.91102, 0.54989, -0.60432, 1.05443, 0.00000, 0.00000
0.70086, -2.75567, 4.02561, 4.92853, -1.32174, 0.61496, 7.00000, 416365.00000, 110031.00000, 235954.85714, 11871466329.26531, 108956.25879, 0.90081, 0.39414, -1.37444, 1.98030, 0.57143, 0.42857
1.40973, -2.85909, 3.75484, 4.92550, -1.11271, 0.70390, 2.00000, 432599.00000, 139160.00000, 285879.50000, 21526611680.25000, 146719.50000, 0.94766, 0.58922, -1.25387, 1.66465, 0.50000, 0.50000
3.47499, -2.68919, 2.20355, 4.91558, -0.65860, 1.10596, 2.00000, 353888.00000, 143951.00000, 248919.50000, 11018385992.25000, 104968.50000, 1.08598, 1.15838, -0.90211, 0.74373, 1.00000, 0.00000
2.68919, -2.20355, 3.47499, 4.91558, -0.68646, 0.78564, 2.00000, 352933.00000, 156492.00000, 254712.50000, 9647266620.25000, 98220.50000, 1.08598, 0.68510, -0.56481, 0.87972, 0.00000, 1.00000
2.20355, -3.47499, 2.68919, 4.91558, -1.00567, 0.99193, 1.00000, 125174.00000, 125174.00000, 125174.00000, 0.00000, 0.00000, 1.08598, 1.52573, -2.37638, 1.85065, 0.00000, 1.00000
2.83550, -2.83550, 2.83550, 4.91123, -0.78540, 0.95532, 4.00000, 379246.00000, 134536.00000, 252527.25000, 7831852171.68750, 88497.75235, 1.14286, 1.00000, -1.00000, 1.00000, 0.25000, 0.75000
2.05481, -4.45876, 0.43315, 4.92853, -1.13896, 1.48280, 16.00000, 495217.00000, 68618.00000, 240959.81250, 15477425929.65234, 124408.30330, 0.90081, -0.98030, 2.22389, -0.24359, 0.31250, 0.68750
1.50894, -4.37124, 1.70460, 4.92852, -1.23841, 1.21764, 12.00000, 383372.00000, 99182.00000, 239362.08333, 8339033514.07639, 91318.30876, 0.91102, -1.19997, 3.63662, -1.43665, 0.41667, 0.58333
0.72621, -4.85499, 0.43811, 4.92852, -1.42232, 1.48179, 31.00000, 483704.00000, 40572.00000, 161133.87097, 13584392655.53174, 116552.10275, 0.91102, -0.18312, 1.31474, -0.13162, 0.12903, 0.87097
1.44936, -4.62611, 0.87126, 4.92550, -1.26718, 1.39297, 9.00000, 220707.00000, 71808.00000, 128631.22222, 1887179800.61728, 43441.68276, 0.94766, -0.66465, 2.02881, -0.36416, 0.11111, 0.88889
0.78273, -3.92241, 2.87963, 4.92852, -1.37383, 0.94680, 9.00000, 462139.00000, 96105.00000, 286695.11111, 17201952742.98766, 131156.21504, 0.91102, -2.08678, 10.75154, -7.66476, 0.22222, 0.77778
0.00000, -3.18882, 3.75791, 4.92853, -1.57080, 0.70366, 4.00000, 299002.00000, 66004.00000, 180962.75000, 6804697198.68750, 82490.58855, 0.90081, 0.00000, -7.64229, 8.64229, 0.50000, 0.50000
-0.78273, -3.92241, 2.87963, 4.92852, -1.76776, 0.94680, 9.00000, 465816.00000, 86836.00000, 233096.33333, 13302268556.88889, 115335.46097, 0.91102, 0.40335, 2.07817, -1.48153, 0.11111, 0.88889
0.00000, -3.73035, 3.21637, 4.92550, -1.57080, 0.85925, 3.00000, 181149.00000, 63147.00000, 139414.00000, 2916974846.00000, 54009.02560, 0.94766, -0.00000, 9.06739, -8.06739, 0.00000, 1.00000
-0.72621, -4.85499, 0.43811, 4.92852, -1.71928, 1.48179, 36.00000, 470116.00000, 20527.00000, 134631.69444, 12231792943.98997, 110597.43643, 0.91102, 0.13403, 0.96230, -0.09634, 0.13889, 0.86111
-1.50894, -4.37124, 1.70460, 4.92852, -1.90319, 1.21764, 20.00000, 456534.00000, 47450.00000, 207193.10000, 15590868538.59000, 124863.39952, 0.91102, 0.35294, 1.06961, -0.42255, 0.10000, 0.90000
-2.05481, -4.45876, 0.43315, 4.92853, -2.00263, 1.48280, 32.00000, 406473.00000, 27803.00000, 160979.71875, 9827161494.01465, 99132.04070, 0.90081, 0.33112, 0.75116, -0.08228, 0.00000, 1.00000
-1.44936, -4.62611, 0.87126, 4.92550, -1.87441, 1.39297, 20.00000, 416505.00000, 57527.00000, 152820.80000, 7373628013.86000, 85869.83180, 0.94766, 0.28534, 0.87099, -0.15634, 0.10000, 0.90000
0.78579, -4.35121, 2.14766, 4.91558, -1.39213, 1.11864, 13.00000, 469502.00000, 66447.00000, 263596.07692, 14105654463.60947, 118767.22807, 1.08598, -0.52573, 2.99442, -1.46868, 0.23077, 0.76923
-0.78579, -4.35121, 2.14766, 4.91558, -1.74946, 1.11864, 7.00000, 499266.00000, 118549.00000, 283831.42857, 15286060754.24490, 123636.80987, 1.08598, 0.25627, 1.45965, -0.71592, 0.00000, 1.00000
0.00000, -4.83686, 0.87622, 4.91558, -1.57080, 1.39159, 15.00000, 445685.00000, 32402.00000, 215402.46667, 12762207971.98222, 112969.94278, 1.08598, -0.00000, 1.22879, -0.22879, 0.26667, 0.73333
0.00000, -4.58794, 1.75244, 4.91123, -1.57080, 1.20593, 14.00000, 493506.00000, 62582.00000, 261594.21429, 21161035369.02551, 145468.33116, 1.14286, -0.00000, 1.61803, -0.61803, 0.07143, 0.92857
2.05481, -4.45876, -0.43315, 4.92853, -1.13896, 1.65880, 18.00000, 486154.00000, 56278.00000, 215614.83333, 13672470555.13889, 116929.34001, 0.90081, -0.65917, 1.49537, 0.16379, 0.33333, 0.66667
0.72621, -4.85499, -0.43811, 4.92852, -1.42232, 1.65981, 40.00000, 491434.00000, 22196.00000, 148084.17500, 11619264869.79437, 107792.69395, 0.91102, -0.14496, 1.04077, 0.10419, 0.12500, 0.87500
1.50894, -4.37124, -1.70460, 4.92852, -1.23841, 1.92396, 58.00000, 386121.00000, 18218.00000, 137481.93103, 9162939895.20214, 95723.24637, 0.91102, -0.30980, 0.93889, 0.37091, 0.22414, 0.77586
1.44936, -4.62611, -0.87126, 4.92550, -1.26718, 1.74862, 28.00000, 416450.00000, 25914.00000, 200359.85714, 11510547191.83673, 107287.21821, 0.94766, -0.38457, 1.17386, 0.21070, 0.50000, 0.50000
-0.72621, -4.85499, -0.43811, 4.92852, -1.71928, 1.65981, 60.00000, 465483.00000, 21194.00000, 145498.80000, 12442398705.82667, 111545.50061, 0.91102, 0.11238, 0.80685, 0.08077, 0.16667, 0.83333
-2.05481, -4.45876, -0.43315, 4.92853, -2.00263, 1.65880, 52.00000, 482186.00000, 16149.00000, 116561.34615, 9955313481.38018, 99776.31724, 0.90081, 0.28433, 0.64502, 0.07065, 0.07692, 0.92308
-1.50894, -4.37124, -1.70460, 4.92852, -1.90319, 1.92396, 159.00000, 438261.00000, 5860.00000, 80854.58491, 6673624761.87801, 81692.25644, 0.91102, 0.19128, 0.57970, 0.22901, 0.04403, 0.95597
-1.44936, -4.62611, -0.87126, 4.92550, -1.87441, 1.74862, 71.00000, 495277.00000, 9780.00000, 120371.76056, 13013612401.47788, 114077.22122, 0.94766, 0.21738, 0.66353, 0.11910, 0.09859, 0.90141
0.78273, -3.92241, -2.87963, 4.92852, -1.37383, 2.19479, 97.00000, 484859.00000, 13023.00000, 117063.18557, 12005525962.23361, 109569.73105, 0.91102, -0.12779, 0.65841, 0.46938, 0.23711, 0.76289
-0.78273, -3.92241, -2.87963, 4.92852, -1.76776, 2.19479, 165.00000, 408670.00000, 6351.00000, 83040.84242, 7894049464.15699, 88848.46349, 0.91102, 0.10178, 0.52439, 0.37383, 0.12121, 0.87879
0.00000, -3.18882, -3.75791, 4.92853, -1.57080, 2.43793, 132.00000, 468123.00000, 10348.00000, 109774.84848, 11140022233.34068, 105546.30374, 0.90081, 0.00000, 0.46930, 0.53070, 0.32576, 0.67424
0.00000, -3.73035, -3.21637, 4.92550, -1.57080, 2.28234, 129.00000, 444831.00000, 8488.00000, 91682.22481, 7776511816.00373, 88184.53275, 0.94766, -0.00000, 0.52918, 0.47082, 0.26357, 0.73643
0.00000, -4.83686, -0.87622, 4.91558, -1.57080, 1.75001, 57.00000, 428485.00000, 23232.00000, 133715.66667, 11428511693.02924, 106904.21738, 1.08598, -0.00000, 0.84303, 0.15697, 0.17544, 0.82456
-0.78579, -4.35121, -2.14766, 4.91558, -1.74946, 2.02296, 105.00000, 449325.00000, 10231.00000, 110148.71429, 10812679301.97551, 103984.03388, 1.08598, 0.10538, 0.60022, 0.29439, 0.06667, 0.93333
0.78579, -4.35121, -2.14766, 4.91558, -1.39213, 2.02296, 54.00000, 488610.00000, 19083.00000, 117930.35185, 12759517320.48731, 112958.03345, 1.08598, -0.13352, 0.76051, 0.37301, 0.20370, 0.79630
0.00000, -4.58794, -1.75244, 4.91123, -1.57080, 1.93566, 82.00000, 429708.00000, 13019.00000, 120014.75610, 10651760433.74539, 103207.36618, 1.14286, -0.00000, 0.72361, 0.27639, 0.15854, 0.84146
2.75567, -4.02561, -0.70086, 4.92853, -0.97053, 1.71348, 26.00000, 494220.00000, 43080.00000, 208012.46154, 19970649220.86391, 141317.54746, 0.90081, -1.37444, 1.98030, 0.39414, 0.61538, 0.38462
2.21782, -3.93313, -1.97536, 4.92852, -1.05736, 1.98319, 50.00000, 483527.00000, 16361.00000, 138545.50000, 12568398334.97000, 112108.86823, 0.91102, -0.60432, 1.05443, 0.54989, 0.50000, 0.50000
3.48430, -3.15040, -1.49161, 4.92852, -0.73511, 1.87827, 33.00000, 471140.00000, 52461.00000, 207505.39394, 16839702391.75391, 129767.87889, 0.91102, -2.88604, 2.59457, 1.29147, 0.63636, 0.36364
2.85909, -3.75484, -1.40973, 4.92550, -0.92001, 1.86107, 25.00000, 475849.00000, 33273.00000, 197436.04000, 16506989785.39840, 128479.53061, 0.94766, -1.25387, 1.66465, 0.58922, 0.52000, 0.48000
1.49161, -3.48430, -3.15040, 4.92852, -1.16631, 2.26428, 94.00000, 481946.00000, 22186.00000, 138303.46809, 13714175906.44047, 117107.53992, 0.91102, -0.30829, 0.68893, 0.61936, 0.48936, 0.51064
0.70086, -2.75567, -4.02561, 4.92853, -1.32174, 2.52663, 126.00000, 435270.00000, 11577.00000, 107058.19841, 7517572481.17492, 86703.93579, 0.90081, -0.13313, 0.46424, 0.66888, 0.54762, 0.45238
1.97536, -2.21782, -3.93313, 4.92852, -0.84316, 2.49482, 97.00000, 484646.00000, 11971.00000, 130856.52577, 14291720392.12562, 119547.98364, 0.91102, -0.49591, 0.54500, 0.95092, 0.72165, 0.27835
1.40973, -2.85909, -3.75484, 4.92550, -1.11271, 2.43770, 89.00000, 472926.00000, 17281.00000, 140228.89888, 12713813777.70888, 112755.54877, 0.94766, -0.25296, 0.53830, 0.71466, 0.61798, 0.38202
3.93313, -1.97536, -2.21782, 4.92852, -0.46544, 2.03756, 33.00000, 491960.00000, 37612.00000, 158069.78788, 10530642202.65198, 102618.91737, 0.91102, -10.56672, 5.51065, 6.05607, 0.75758, 0.24242
3.15040, -1.49161, -3.48430, 4.92852, -0.44220, 2.35600, 64.00000, 493362.00000, 19104.00000, 141171.89062, 12497272118.75366, 111791.19875, 0.91102, -1.63909, 0.81587, 1.82322, 0.85938, 0.14062
4.02561, -0.70086, -2.75567, 4.92853, -0.17237, 2.16413, 27.00000, 471052.00000, 35206.00000, 182125.22222, 13896915813.95061, 117885.18064, 0.90081, 9.35336, -1.86160, -6.49176, 0.81481, 0.18519
3.75484, -1.40973, -2.85909, 4.92550, -0.35916, 2.19010, 34.00000, 473802.00000, 36319.00000, 181831.55882, 11354544988.54066, 106557.70732, 0.94766, -9.32863, 3.30198, 7.02665, 0.79412, 0.20588
2.20355, -3.47499, -2.68919, 4.91558, -1.00567, 2.14966, 60.00000, 456905.00000, 19537.00000, 136781.73333, 12236290967.86222, 110617.76967, 1.08598, -0.56481, 0.87972, 0.68510, 0.61667, 0.38333
2.68919, -2.20355, -3.47499, 4.91558, -0.68646, 2.35595, 74.00000, 470439.00000, 21938.00000, 134591.83784, 10985344709.81154, 104810.99518, 1.08598, -0.90211, 0.74373, 1.15838, 0.82432, 0.17568
3.47499, -2.68919, -2.20355, 4.91558, -0.65860, 2.03563, 30.00000, 496796.00000, 37742.00000, 195687.66667, 15199718757.35556, 123287.13946, 1.08598, -2.37638, 1.85065, 1.52573, 0.66667, 0.33333
2.83550, -2.83550, -2.83550, 4.91123, -0.78540, 2.18628, 59.00000, 480963.00000, 22549.00000, 180777.03390, 19646203183.01580, 140164.91424, 1.14286, -1.00000, 1.00000, 1.00000, 0.72881, 0.27119
3.18882, -3.75791, 0.00000, 4.92853, -0.86714, 1.57080, 15.00000, 491419.00000, 78540.00000, 277132.40000, 16720405177.97333, 129307.40574, 0.90081, -7.64229, 8.64229, -0.00000, 0.40000, 0.60000
3.92241, -2.87963, -0.78273, 4.92852, -0.63328, 1.73029, 26.00000, 454475.00000, 71225.00000, 218795.46154, 13455910885.63313, 115999.61589, 0.91102, 10.75154, -7.66476, -2.08678, 0.69231, 0.30769
3.92241, -2.87963, 0.78273, 4.92852, -0.63328, 1.41130, 6.00000, 356592.00000, 70404.00000, 174030.50000, 7755300496.91667, 88064.18396, 0.91102, 2.07817, -1.48153, 0.40335, 0.50000, 0.50000
3.73035, -3.21637, 0.00000, 4.92550, -0.71154, 1.57080, 11.00000, 329372.00000, 80518.00000, 225341.90909, 8166962921.90083, 90371.25053, 0.94766, 9.06739, -8.06739, 0.00000, 0.63636, 0.36364
4.37124, -1.70460, -1.50894, 4.92852, -0.37182, 1.88196, 26.00000, 438078.00000, 29734.00000, 183139.23077, 11137167945.63906, 105532.78138, 0.91102, 3.63662, -1.43665, -1.19997, 0.73077, 0.26923
4.45876, -0.43315, -2.05481, 4.92853, -0.09684, 2.00085, 16.00000, 491831.00000, 50729.00000, 178229.81250, 15312923311.52734, 123745.39713, 0.90081, 2.22389, -0.24359, -0.98030, 0.87500, 0.12500
4.85499, -0.43811, -0.72621, 4.92852, -0.09000, 1.71868, 14.00000, 394548.00000, 79376.00000, 215501.64286, 11607716650.37245, 107739.11384, 0.91102, 1.31474, -0.13162, -0.18312, 0.85714, 0.14286
4.62611, -0.87126, -1.44936, 4.92550, -0.18616, 1.86947, 16.00000, 462963.00000, 75319.00000, 225551.50000, 14052291121.25000, 118542.36003, 0.94766, 2.02881, -0.36416, -0.66465, 0.75000, 0.25000
4.37124, -1.70460, 1.50894, 4.92852, -0.37182, 1.25963, 5.00000, 495446.00000, 145596.00000, 318361.80000, 13280133924.56000, 115239.46340, 0.91102, 1.06961, -0.42255, 0.35294, 0.80000, 0.20000
4.85499, -0.43811, 0.72621, 4.92852, -0.09000, 1.42291, 3.00000, 455549.00000, 100027.00000, 230015.66667, 25630373744.88889, 160094.88982, 0.91102, 0.96230, -0.09634, 0.13403, 1.00000, 0.00000
4.45876, -0.43315, 2.05481, 4.92853, -0.09684, 1.14074, 0.00000, 0.00000, 0.00000, 0.00000, 0.00000, 0.00000, 0.90081, 0.75116, -0.08228, 0.33112, 0.00000, 0.00000
4.62611, -0.87126, 1.44936, 4.92550, -0.18616, 1.27212, 4.00000, 447735.00000, 112286.00000, 329021.75000, 16565744608.68750, 128707.98192, 0.94766, 0.87099, -0.15634, 0.28534, 1.00000, 0.00000
4.35121, -2.14766, -0.78579, 4.91558, -0.45850, 1.73134, 15.00000, 399293.00000, 61960.00000, 225891.40000, 10482630741.04000, 102384.71928, 1.08598, 2.99442, -1.46868, -0.52573, 0.86667, 0.13333
4.83686, -0.87622, 0.00000, 4.91558, -0.17921, 1.57080, 6.00000, 367531.00000, 122391.00000, 220063.83333, 7856086054.80555, 88634.56467, 1.08598, 1.22879, -0.22879, 0.00000, 0.83333, 0.16667
4.35121, -2.14766, 0.78579, 4.91558, -0.45850, 1.41025, 6.00000, 282294.00000, 120686.00000, 209566.83333, 2878117487.13889, 53648.08931, 1.08598, 1.45965, -0.71592, 0.25627, 0.66667, 0.33333
4.58794, -1.75244, 0.00000, 4.91123, -0.36486, 1.57080, 12.00000, 496349.00000, 104249.00000, 231175.41667, 15526013661.90972, 124603.42556, 1.14286, 1.61803, -0.61803, 0.00000, 0.75000, 0.25000
0.43315, -2.05481, 4.45876, 4.92853, -1.36304, 0.44016, 2.00000, 363232.00000, 311742.00000, 337487.00000, 662805025.00000, 25745.00000, 0.90081, 0.16379, -0.65917, 1.49537, 0.50000, 0.50000
1.70460, -1.50894, 4.37124, 4.92852, -0.72459, 0.48015, 2.00000, 316373.00000, 223861.00000, 270117.00000, 2139617536.00000, 46256.00000, 0.91102, 0.37091, -0.30980, 0.93889, 0.50000, 0.50000
0.43811, -0.72621, 4.85499, 4.92852, -1.02797, 0.17295, 1.00000, 130878.00000, 130878.00000, 130878.00000, 0.00000, 0.00000, 0.91102, 0.10419, -0.14496, 1.04077, 0.00000, 1.00000
0.87126, -1.44936, 4.62611, 4.92550, -1.02954, 0.35046, 0.00000, 0.00000, 0.00000, 0.00000, 0.00000, 0.00000, 0.94766, 0.21070, -0.38457, 1.17386, 0.00000, 0.00000
2.87963, -0.78273, 3.92241, 4.92852, -0.26540, 0.65037, 3.00000, 474449.00000, 144863.00000, 278597.66667, 20033728704.88889, 141540.55498, 0.91102, 0.46938, -0.12779, 0.65841, 0.66667, 0.33333
3.75791, 0.00000, 3.18882, 4.92853, 0.00000, 0.86714, 1.00000, 358521.00000, 358521.00000, 358521.00000, 0.00000, 0.00000, 0.90081, 0.53070, -0.00000, 0.46930, 1.00000, 0.00000
2.87963, 0.78273, 3.92241, 4.92852, 0.26540, 0.65037, 1.00000, 381547.00000, 381547.00000, 381547.00000, 0.00000, 0.00000, 0.91102, 0.37383, 0.10178, 0.52439, 1.00000, 0.00000
3.21637, 0.00000, 3.73035, 4.92550, 0.00000, 0.71154, 1.00000, 400257.00000, 400257.00000, 400257.00000, 0.00000, 0.00000, 0.94766, 0.47082, -0.00000, 0.52918, 1.00000, 0.00000
0.43811, 0.72621, 4.85499, 4.92852, 1.02797, 0.17295, 0.00000, 0.00000, 0.00000, 0.00000, 0.00000, 0.00000, 0.91102, 0.08077, 0.11238, 0.80685, 0.00000, 0.00000
1.70460, 1.50894, 4.37124, 4.92852, 0.72459, 0.48015, 1.00000, 282625.00000, 282625.00000, 282625.00000, 0.00000, 0.00000, 0.91102, 0.22901, 0.19128, 0.57970, 1.00000, 0.00000
0.43315, 2.05481, 4.45876, 4.92853, 1.36304, 0.44016, 0.00000, 0.00000, 0.00000, 0.00000, 0.00000, 0.00000, 0.90081, 0.07065, 0.28433, 0.64502, 0.00000, 0.00000
0.87126, 1.44936, 4.62611, 4.92550, 1.02954, 0.35046, 0.00000, 0.00000, 0.00000, 0.00000, 0.00000, 0.00000, 0.94766, 0.11910, 0.21738, 0.66353, 0.00000, 0.00000
2.14766, -0.78579, 4.35121, 4.91558, -0.35075, 0.48390, 1.00000, 254519.00000, 254519.00000, 254519.00000, 0.00000, 0.00000, 1.08598, 0.37301, -0.13352, 0.76051, 0.00000, 1.00000
2.14766, 0.78579, 4.35121, 4.91558, 0.35075, 0.48390, 1.00000, 316667.00000, 316667.00000, 316667.00000, 0.00000, 0.00000, 1.08598, 0.29439, 0.10538, 0.60022, 0.00000, 1.00000
0.87622, 0.00000, 4.83686, 4.91558, 0.00000, 0.17921, 2.00000, 480728.00000, 205370.00000, 343049.00000, 18955507041.00000, 137679.00000, 1.08598, 0.15697, -0.00000, 0.84303, 0.00000, 1.00000
1.75244, 0.00000, 4.58794, 4.91123, 0.00000, 0.36486, 0.00000, 0.00000, 0.00000, 0.00000, 0.00000, 0.00000, 1.14286, 0.27639, 0.00000, 0.72361, 0.00000, 0.00000
-2.75567, -4.02561, 0.70086, 4.92853, -2.17107, 1.42811, 21.00000, 486838.00000, 43783.00000, 176140.85714, 15893325435.07483, 126068.73298, 0.90081, 0.46424, 0.66888, -0.13313, 0.04762, 0.95238
-2.21782, -3.93313, 1.97536, 4.92852, -2.08423, 1.15840, 13.00000, 484130.00000, 54872.00000, 214644.46154, 14340025085.01775, 119749.84378, 0.91102, 0.54500, 0.95092, -0.49591, 0.07692, 0.92308
-3.48430, -3.15040, 1.49161, 4.92852, -2.40648, 1.26333, 13.00000, 462478.00000, 72650.00000, 226956.23077, 11287948858.48521, 106244.75920, 0.91102, 0.68893, 0.61936, -0.30829, 0.07692, 0.92308
-2.85909, -3.75484, 1.40973, 4.92550, -2.22158, 1.28053, 18.00000, 490975.00000, 67507.00000, 219598.16667, 17635791436.69444, 132799.81716, 0.94766, 0.53830, 0.71466, -0.25296, 0.00000, 1.00000
-1.49161, -3.48430, 3.15040, 4.92852, -1.97528, 0.87732, 7.00000, 453691.00000, 121964.00000, 279492.85714, 13902402961.55102, 117908.45161, 0.91102, 0.81587, 1.82322, -1.63909, 0.14286, 0.85714
-0.70086, -2.75567, 4.02561, 4.92853, -1.81985, 0.61496, 0.00000, 0.00000, 0.00000, 0.00000, 0.00000, 0.00000, 0.90081, -1.86160, -6.49176, 9.35336, 0.00000, 0.00000
-1.97536, -2.21782, 3.93313, 4.92852, -2.29844, 0.64677, 1.00000, 128848.00000, 128848.00000, 128848.00000, 0.00000, 0.00000, 0.91102, 5.51065, 6.05607, -10.56672, 0.00000, 1.00000
-1.40973, -2.85909, 3.75484, 4.92550, -2.02888, 0.70390, 4.00000, 329661.00000, 303161.00000, 315809.50000, 159222016.75000, 12618.32068, 0.94766, 3.30198, 7.02665, -9.32863, 0.25000, 0.75000
-3.93313, -1.97536, 2.21782, 4.92852, -2.67616, 1.10403, 3.00000, 103511.00000, 80618.00000, 94526.00000, 99466206.00000, 9973.27459, 0.91102, 1.05443, 0.54989, -0.60432, 0.00000, 1.00000
-3.15040, -1.49161, 3.48430, 4.92852, -2.69940, 0.78559, 1.00000, 355784.00000, 355784.00000, 355784.00000, 0.00000, 0.00000, 0.91102, 2.59457, 1.29147, -2.88604, 0.00000, 1.00000
-4.02561, -0.70086, 2.75567, 4.92853, -2.96922, 0.97747, 6.00000, 361383.00000, 66572.00000, 227276.66667, 8902381994.55556, 94352.43502, 0.90081, 1.98030, 0.39414, -1.37444, 0.00000, 1.00000
-3.75484, -1.40973, 2.85909, 4.92550, -2.78243, 0.95149, 2.00000, 333869.00000, 87753.00000, 210811.00000, 15143271364.00000, 123058.00000, 0.94766, 1.66465, 0.58922, -1.25387, 0.00000, 1.00000
-2.20355, -3.47499, 2.68919, 4.91558, -2.13592, 0.99193, 3.00000, 97036.00000, 83259.00000, 92057.00000, 38926668.66667, 6239.12403, 1.08598, 0.74373, 1.15838, -0.90211, 0.00000, 1.00000
-2.68919, -2.20355, 3.47499, 4.91558, -2.45513, 0.78564, 4.00000, 326119.00000, 53531.00000, 220967.50000, 10988610744.75000, 104826.57461, 1.08598, 1.85065, 1.52573, -2.37638, 0.00000, 1.00000
-3.47499, -2.68919, 2.20355, 4.91558, -2.48299, 1.10596, 11.00000, 390727.00000, 64896.00000, 152900.81818, 7172675591.05785, 84691.65007, 1.08598, 0.87972, 0.68510, -0.56481, 0.00000, 1.00000
-2.83550, -2.83550, 2.83550, 4.91123, -2.35619, 0.95532, 7.00000, 466741.00000, 110671.00000, 259346.85714, 13629192394.40816, 116744.13216, 1.14286, 1.00000, 1.00000, -1.00000, 0.14286, 0.85714
-0.70086, -2.75567, -4.02561, 4.92853, -1.81985, 2.52663, 152.00000, 465312.00000, 9090.00000, 109943.85526, 10156415897.41326, 100779.04493, 0.90081, 0.10514, 0.36663, 0.52824, 0.28289, 0.71711
-1.49161, -3.48430, -3.15040, 4.92852, -1.97528, 2.26428, 225.00000, 485158.00000, 5336.00000, 77341.44000, 8455499476.64640, 91953.78990, 0.91102, 0.19070, 0.42617, 0.38313, 0.09333, 0.90667
-1.97536, -2.21782, -3.93313, 4.92852, -2.29844, 2.49482, 137.00000, 464358.00000, 7701.00000, 108949.83212, 11704648286.03751, 108188.02284, 0.91102, 0.24897, 0.27362, 0.47741, 0.18978, 0.81022
-1.40973, -2.85909, -3.75484, 4.92550, -2.02888, 2.43770, 128.00000, 467872.00000, 9619.00000, 90790.27344, 8892049239.13617, 94297.66296, 0.94766, 0.16798, 0.35746, 0.47456, 0.17188, 0.82812
-2.21782, -3.93313, -1.97536, 4.92852, -2.08423, 1.98319, 152.00000, 456993.00000, 8752.00000, 90613.69737, 9266898426.46104, 96264.73096, 0.91102, 0.27362, 0.47741, 0.24897, 0.06579, 0.93421
-2.75567, -4.02561, -0.70086, 4.92853, -2.17107, 1.71348, 42.00000, 343755.00000, 10953.00000, 119109.42857, 9024334525.95918, 94996.49744, 0.90081, 0.36663, 0.52824, 0.10514, 0.07143, 0.92857
-3.48430, -3.15040, -1.49161, 4.92852, -2.40648, 1.87827, 64.00000, 488545.00000, 12002.00000, 128850.98438, 15324324782.04663, 123791.45682, 0.91102, 0.42617, 0.38313, 0.19070, 0.10938, 0.89062
-2.85909, -3.75484, -1.40973, 4.92550, -2.22158, 1.86107, 82.00000, 480377.00000, 12025.00000, 110165.06098, 11172020489.08165, 105697.77902, 0.94766, 0.35746, 0.47456, 0.16798, 0.07317, 0.92683
-3.15040, -1.49161, -3.48430, 4.92852, -2.69940, 2.35600, 58.00000, 477750.00000, 17805.00000, 134387.53448, 11991850865.62812, 109507.30964, 0.91102, 0.38313, 0.19070, 0.42617, 0.22414, 0.77586
-3.93313, -1.97536, -2.21782, 4.92852, -2.67616, 2.03756, 61.00000, 490163.00000, 23629.00000, 141544.31148, 15939573905.65709, 126252.02535, 0.91102, 0.47741, 0.24897, 0.27362, 0.09836, 0.90164
-4.02561, -0.70086, -2.75567, 4.92853, -2.96922, 2.16413, 29.00000, 467215.00000, 22709.00000, 151918.72414, 14399607379.51011, 119998.36407, 0.90081, 0.52824, 0.10514, 0.36663, 0.10345, 0.89655
-3.75484, -1.40973, -2.85909, 4.92550, -2.78243, 2.19010, 45.00000, 456258.00000, 22122.00000, 138864.31111, 14586036774.56988, 120772.66568, 0.94766, 0.47456, 0.16798, 0.35746, 0.17778, 0.82222
-2.20355, -3.47499, -2.68919, 4.91558, -2.13592, 2.14966, 132.00000, 442493.00000, 8308.00000, 87608.43182, 9014733766.68475, 94945.95182, 1.08598, 0.26522, 0.41309, 0.32170, 0.09091, 0.90909
-3.47499, -2.68919, -2.20355, 4.91558, -2.48299, 2.03563, 62.00000, 409185.00000, 11985.00000, 111526.88710, 9866816424.16467, 99331.85000, 1.08598, 0.41309, 0.32170, 0.26522, 0.00000, 1.00000
-2.68919, -2.20355, -3.47499, 4.91558, -2.45513, 2.35595, 75.00000, 494516.00000, 8796.00000, 114666.25333, 15009879961.60249, 122514.81527, 1.08598, 0.32170, 0.26522, 0.41309, 0.21333, 0.78667
-2.83550, -2.83550, -2.83550, 4.91123, -2.35619, 2.18628, 120.00000, 344182.00000, 11563.00000, 92751.67500, 6089376681.48604, 78034.45830, 1.14286, 0.33333, 0.33333, 0.33333, 0.10833, 0.89167
3.75791, 0.00000, -3.18882, 4.92853, 0.00000, 2.27446, 33.00000, 497807.00000, 27231.00000, 190657.75758, 14886053676.97153, 122008.41642, 0.90081, 8.64229, 0.00000, -7.64229, 0.84848, 0.15152
2.87963, -0.78273, -3.92241, 4.92852, -0.26540, 2.49122, 104.00000, 458665.00000, 17093.00000, 134415.91346, 11553869764.44444, 107488.92857, 0.91102, -1.48153, 0.40335, 2.07817, 0.86538, 0.13462
2.87963, 0.78273, -3.92241, 4.92852, 0.26540, 2.49122, 48.00000, 479357.00000, 29023.00000, 174555.33333, 15884411511.63889, 126033.37459, 0.91102, -7.66476, -2.08678, 10.75154, 0.91667, 0.08333
3.21637, 0.00000, -3.73035, 4.92550, 0.00000, 2.43005, 34.00000, 478102.00000, 29586.00000, 163401.00000, 16908165272.29412, 130031.40110, 0.94766, -8.06739, -0.00000, 9.06739, 0.94118, 0.05882
1.70460, -1.50894, -4.37124, 4.92852, -0.72459, 2.66145, 96.00000, 412773.00000, 10938.00000, 109088.31250, 9115466426.25651, 95474.95183, 0.91102, -0.42255, 0.35294, 1.06961, 0.78125, 0.21875
0.43315, -2.05481, -4.45876, 4.92853, -1.36304, 2.70143, 127.00000, 432327.00000, 9472.00000, 114704.96850, 9624479609.18011, 98104.43216, 0.90081, -0.08228, 0.33112, 0.75116, 0.59843, 0.40157
0.43811, -0.72621, -4.85499, 4.92852, -1.02797, 2.96865, 88.00000, 486760.00000, 11786.00000, 130849.31818, 13969436381.10330, 118192.37023, 0.91102, -0.09634, 0.13403, 0.96230, 0.82955, 0.17045
0.87126, -1.44936, -4.62611, 4.92550, -1.02954, 2.79113, 92.00000, 483700.00000, 17902.00000, 125973.52174, 10481395234.77127, 102378.68545, 0.94766, -0.15634, 0.28534, 0.87099, 0.69565, 0.30435
1.70460, 1.50894, -4.37124, 4.92852, 0.72459, 2.66145, 42.00000, 461692.00000, 34517.00000, 169870.59524, 11772221479.62188, 108499.86857, 0.91102, -1.43665, -1.19997, 3.63662, 0.83333, 0.16667
0.43811, 0.72621, -4.85499, 4.92852, 1.02797, 2.96865, 56.00000, 469844.00000, 20083.00000, 168785.08929, 11832092162.22417, 108775.42076, 0.91102, -0.13162, -0.18312, 1.31474, 0.83929, 0.16071
0.43315, 2.05481, -4.45876, 4.92853, 1.36304, 2.70143, 26.00000, 471289.00000, 32991.00000, 218027.80769, 15749191188.77071, 125495.78156, 0.90081, -0.24359, -0.98030, 2.22389, 0.84615, 0.15385
0.87126, 1.44936, -4.62611, 4.92550, 1.02954, 2.79113, 26.00000, 459396.00000, 24745.00000, 178901.38462, 11931014524.62130, 109229.18348, 0.94766, -0.36416, -0.66465, 2.02881, 0.84615, 0.15385
2.14766, -0.78579, -4.35121, 4.91558, -0.35075, 2.65769, 61.00000, 485127.00000, 20435.00000, 150344.63934, 14368759631.21419, 119869.76112, 1.08598, -0.71592, 0.25627, 1.45965, 0.81967, 0.18033
0.87622, 0.00000, -4.83686, 4.91558, 0.00000, 2.96238, 40.00000, 472651.00000, 15027.00000, 144675.02500, 13538445217.67437, 116354.82464, 1.08598, -0.22879, -0.00000, 1.22879, 0.85000, 0.15000
2.14766, 0.78579, -4.35121, 4.91558, 0.35075, 2.65769, 27.00000, 489122.00000, 21580.00000, 162618.18519, 13678936534.89163, 116956.98583, 1.08598, -1.46868, -0.52573, 2.99442, 0.88889, 0.11111
1.75244, 0.00000, -4.58794, 4.91123, 0.00000, 2.77673, 84.00000, 482263.00000, 12450.00000, 125102.02381, 11318445033.80896, 106388.18089, 1.14286, -0.61803, -0.00000, 1.61803, 0.91667, 0.08333
4.45876, 0.43315, 2.05481, 4.92853, 0.09684, 1.14074, 1.00000, 191015.00000, 191015.00000, 191015.00000, 0.00000, 0.00000, 0.90081, 0.64502, 0.07065, 0.28433, 1.00000, 0.00000
4.85499, 0.43811, 0.72621, 4.92852, 0.09000, 1.42291, 6.00000, 334409.00000, 86592.00000, 205798.33333, 7441076137.55555, 86261.67247, 0.91102, 0.80685, 0.08077, 0.11238, 1.00000, 0.00000
4.37124, 1.70460, 1.50894, 4.92852, 0.37182, 1.25963, 3.00000, 498041.00000, 119556.00000, 357082.00000, 28537741948.66667, 168931.17518, 0.91102, 0.57970, 0.22901, 0.19128, 1.00000, 0.00000
4.62611, 0.87126, 1.44936, 4.92550, 0.18616, 1.27212, 1.00000, 444239.00000, 444239.00000, 444239.00000, 0.00000, 0.00000, 0.94766, 0.66353, 0.11910, 0.21738, 1.00000, 0.00000
4.85499, 0.43811, -0.72621, 4.92852, 0.09000, 1.71868, 8.00000, 446944.00000, 98866.00000, 192983.62500, 17755213955.98438, 133248.69214, 0.91102, 1.04077, 0.10419, -0.14496, 1.00000, 0.00000
4.45876, 0.43315, -2.05481, 4.92853, 0.09684, 2.00085, 23.00000, 425723.00000, 73638.00000, 193212.82609, 11638601044.40454, 107882.34816, 0.90081, 1.49537, 0.16379, -0.65917, 0.95652, 0.04348
4.37124, 1.70460, -1.50894, 4.92852, 0.37182, 1.88196, 9.00000, 466001.00000, 99059.00000, 303523.88889, 18790927360.32099, 137080.00350, 0.91102, 0.93889, 0.37091, -0.30980, 1.00000, 0.00000
4.62611, 0.87126, -1.44936, 4.92550, 0.18616, 1.86947, 10.00000, 464722.00000, 48601.00000, 224390.50000, 13401693838.85000, 115765.68507, 0.94766, 1.17386, 0.21070, -0.38457, 1.00000, 0.00000
3.92241, 2.87963, 0.78273, 4.92852, 0.63328, 1.41130, 3.00000, 495876.00000, 243564.00000, 342393.33333, 12103717646.22222, 110016.89709, 0.91102, 0.52439, 0.37383, 0.10178, 0.66667, 0.33333
3.92241, 2.87963, -0.78273, 4.92852, 0.63328, 1.73029, 6.00000, 498863.00000, 96979.00000, 292467.16667, 15855462380.80556, 125918.47514, 0.91102, 0.65841, 0.46938, -0.12779, 1.00000, 0.00000
3.18882, 3.75791, 0.00000, 4.92853, 0.86714, 1.57080, 2.00000, 155203.00000, 100376.00000, 127789.50000, 751499982.25000, 27413.50000, 0.90081, 0.46930, 0.53070, 0.00000, 1.00000, 0.00000
3.73035, 3.21637, 0.00000, 4.92550, 0.71154, 1.57080, 2.00000, 389943.00000, 260962.00000, 325452.50000, 4159024590.25000, 64490.50000, 0.94766, 0.52918, 0.47082, 0.00000, 1.00000, 0.00000
4.83686, 0.87622, 0.00000, 4.91558, 0.17921, 1.57080, 3.00000, 471376.00000, 209539.00000, 313940.33333, 12832756017.55556, 113281.75501, 1.08598, 0.84303, 0.15697, 0.00000, 1.00000, 0.00000
4.35121, 2.14766, -0.78579, 4.91558, 0.45850, 1.73134, 2.00000, 206681.00000, 167506.00000, 187093.50000, 383670156.25000, 19587.50000, 1.08598, 0.76051, 0.37301, -0.13352, 1.00000, 0.00000
4.35121, 2.14766, 0.78579, 4.91558, 0.45850, 1.41025, 2.00000, 310897.00000, 175853.00000, 243375.00000, 4559220484.00000, 67522.00000, 1.08598, 0.60022, 0.29439, 0.10538, 0.50000, 0.50000
4.58794, 1.75244, 0.00000, 4.91123, 0.36486, 1.57080, 1.00000, 288059.00000, 288059.00000, 288059.00000, 0.00000, 0.00000, 1.14286, 0.72361, 0.27639, -0.00000, 1.00000, 0.00000
