-2.75567, 4.02561, 0.70086, 4.92853, 2.17107, 1.42811, 6.00000, 454275.00000, 293026.00000, 373222.33333, 4237331402.22222, 65094.78783, 0.90081, -1.37444, 1.98030, 0.39414, 1.00000, 0.00000
-3.48430, 3.15040, 1.49161, 4.92852, 2.40648, 1.26333, 1.00000, 290459.00000, 290459.00000, 290459.00000, 0.00000, 0.00000, 0.91102, -2.88604, 2.59457, 1.29147, 1.00000, 0.00000
-2.21782, 3.93313, 1.97536, 4.92852, 2.08423, 1.15840, 1.00000, 360825.00000, 360825.00000, 360825.00000, 0.00000, 0.00000, 0.91102, -0.60432, 1.05443, 0.54989, 1.00000, 0.00000
-2.85909, 3.75484, 1.40973, 4.92550, 2.22158, 1.28053, 3.00000, 404187.00000, 381207.00000, 390362.33333, 98914736.88889, 9945.58882, 0.94766, -1.25387, 1.66465, 0.58922, 1.00000, 0.00000
-3.93313, 1.97536, 2.21782, 4.92852, 2.67616, 1.10403, 4.00000, 396982.00000, 172901.00000, 258901.25000, 7106342220.68750, 84299.12349, 0.91102, -10.56672, 5.51065, 6.05607, 0.75000, 0.25000
-4.02561, 0.70086, 2.75567, 4.92853, 2.96922, 0.97747, 0.00000, 0.00000, 0.00000, 0.00000, 0.00000, 0.00000, 0.90081, 9.35336, -1.86160, -6.49176, 0.00000, 0.00000
-3.15040, 1.49161, 3.48430, 4.92852, 2.69940, 0.78559, 1.00000, 354900.00000, 354900.00000, 354900.00000, 0.00000, 0.00000, 0.91102, -1.63909, 0.81587, 1.82322, 1.00000, 0.00000
-3.75484, 1.40973, 2.85909, 4.92550, 2.78243, 0.95149, 0.00000, 0.00000, 0.00000, 0.00000, 0.00000, 0.00000, 0.94766, -9.32863, 3.30198, 7.02665, 0.00000, 0.00000
-1.49161, 3.48430, 3.15040, 4.92852, 1.97528, 0.87732, 3.00000, 394442.00000, 198706.00000, 312030.66667, 6863247371.55556, 82844.71843, 0.91102, -0.30829, 0.68893, 0.61936, 1.00000, 0.00000
-1.97536, 2.21782, 3.93313, 4.92852, 2.29844, 0.64677, 0.00000, 0.00000, 0.00000, 0.00000, 0.00000, 0.00000, 0.91102, -0.49591, 0.54500, 0.95092, 0.00000, 0.00000
-0.70086, 2.75567, 4.02561, 4.92853, 1.81985, 0.61496, 4.00000, 494767.00000, 399429.00000, 464490.00000, 1438761732.50000, 37931.01281, 0.90081, -0.13313, 0.46424, 0.66888, 1.00000, 0.00000
-1.40973, 2.85909, 3.75484, 4.92550, 2.02888, 0.70390, 2.00000, 268847.00000, 159365.00000, 214106.00000, 2996577081.00000, 54741.00000, 0.94766, -0.25296, 0.53830, 0.71466, 1.00000, 0.00000
-3.47499, 2.68919, 2.20355, 4.91558, 2.48299, 1.10596, 0.00000, 0.00000, 0.00000, 0.00000, 0.00000, 0.00000, 1.08598, -2.37638, 1.85065, 1.52573, 0.00000, 0.00000
-2.68919, 2.20355, 3.47499, 4.91558, 2.45513, 0.78564, 1.00000, 446210.00000, 446210.00000, 446210.00000, 0.00000, 0.00000, 1.08598, -0.90211, 0.74373, 1.15838, 1.00000, 0.00000
-2.20355, 3.47499, 2.68919, 4.91558, 2.13592, 0.99193, 2.00000, 476739.00000, 93973.00000, 285356.00000, 36627452689.00000, 191383.00000, 1.08598, -0.56481, 0.87972, 0.68510, 1.00000, 0.00000
-2.83550, 2.83550, 2.83550, 4.91123, 2.35619, 0.95532, 1.00000, 321889.00000, 321889.00000, 321889.00000, 0.00000, 0.00000, 1.14286, -1.00000, 1.00000, 1.00000, 1.00000, 0.00000
-2.05481, 4.45876, 0.43315, 4.92853, 2.00263, 1.48280, 8.00000, 490318.00000, 135656.00000, 350182.12500, 15825034045.35938, 125797.59157, 0.90081, -0.65917, 1.49537, 0.16379, 1.00000, 0.00000
-1.50894, 4.37124, 1.70460, 4.92852, 1.90319, 1.21764, 7.00000, 391606.00000, 154079.00000, 256598.71429, 8666708744.77551, 93095.15962, 0.91102, -0.30980, 0.93889, 0.37091, 1.00000, 0.00000
-0.72621, 4.85499, 0.43811, 4.92852, 1.71928, 1.48179, 14.00000, 491637.00000, 103388.00000, 267743.57143, 14132595956.10204, 118880.59537, 0.91102, -0.14496, 1.04077, 0.10419, 1.00000, 0.00000
-1.44936, 4.62611, 0.87126, 4.92550, 1.87441, 1.39297, 5.00000, 351955.00000, 192986.00000, 256860.20000, 2806463086.96000, 52976.06145, 0.94766, -0.38457, 1.17386, 0.21070, 1.00000, 0.00000
-0.78273, 3.92241, 2.87963, 4.92852, 1.76776, 0.94680, 1.00000, 312170.00000, 312170.00000, 312170.00000, 0.00000, 0.00000, 0.91102, -0.12779, 0.65841, 0.46938, 1.00000, 0.00000
0.00000, 3.18882, 3.75791, 4.92853, 1.57080, 0.70366, 1.00000, 197410.00000, 197410.00000, 197410.00000, 0.00000, 0.00000, 0.90081, -0.00000, 0.46930, 0.53070, 1.00000, 0.00000
0.78273, 3.92241, 2.87963, 4.92852, 1.37383, 0.94680, 3.00000, 181204.00000, 86949.00000, 135892.00000, 1487259584.66667, 38565.00466, 0.91102, 0.10178, 0.52439, 0.37383, 1.00000, 0.00000
0.00000, 3.73035, 3.21637, 4.92550, 1.57080, 0.85925, 4.00000, 397200.00000, 218445.00000, 292240.25000, 4470320072.68750, 66860.45223, 0.94766, -0.00000, 0.52918, 0.47082, 0.75000, 0.25000
0.72621, 4.85499, 0.43811, 4.92852, 1.42232, 1.48179, 14.00000, 470702.00000, 42828.00000, 198499.71429, 13902652396.20408, 117909.50935, 0.91102, 0.11238, 0.80685, 0.08077, 1.00000, 0.00000
1.50894, 4.37124, 1.70460, 4.92852, 1.23841, 1.21764, 8.00000, 430337.00000, 158734.00000, 322775.25000, 10856306888.18750, 104193.60291, 0.91102, 0.19128, 0.57970, 0.22901, 0.62500, 0.37500
2.05481, 4.45876, 0.43315, 4.92853, 1.13896, 1.48280, 16.00000, 449156.00000, 94628.00000, 287806.25000, 11591183883.18750, 107662.36057, 0.90081, 0.28433, 0.64502, 0.07065, 0.81250, 0.18750
1.44936, 4.62611, 0.87126, 4.92550, 1.26718, 1.39297, 8.00000, 479012.00000, 106088.00000, 258138.25000, 15976085425.18750, 126396.54040, 0.94766, 0.21738, 0.66353, 0.11910, 1.00000, 0.00000
-0.78579, 4.35121, 2.14766, 4.91558, 1.74946, 1.11864, 4.00000, 464647.00000, 80904.00000, 338300.75000, 22703259956.18750, 150676.00989, 1.08598, -0.13352, 0.76051, 0.37301, 0.75000, 0.25000
0.78579, 4.35121, 2.14766, 4.91558, 1.39213, 1.11864, 2.00000, 397057.00000, 220399.00000, 308728.00000, 7802012241.00000, 88329.00000, 1.08598, 0.10538, 0.60022, 0.29439, 1.00000, 0.00000
0.00000, 4.83686, 0.87622, 4.91558, 1.57080, 1.39159, 11.00000, 437644.00000, 106610.00000, 275378.45455, 10514472283.52066, 102540.10086, 1.08598, -0.00000, 0.84303, 0.15697, 1.00000, 0.00000
0.00000, 4.58794, 1.75244, 4.91123, 1.57080, 1.20593, 3.00000, 470740.00000, 191145.00000, 327937.33333, 13046956057.55556, 114223.27284, 1.14286, 0.00000, 0.72361, 0.27639, 1.00000, 0.00000
-2.05481, 4.45876, -0.43315, 4.92853, 2.00263, 1.65880, 16.00000, 478504.00000, 87171.00000, 200166.06250, 10389660622.43359, 101929.68470, 0.90081, -0.98030, 2.22389, -0.24359, 1.00000, 0.00000
-0.72621, 4.85499, -0.43811, 4.92852, 1.71928, 1.65981, 26.00000, 431916.00000, 61245.00000, 247904.80769, 12513074551.77071, 111861.85477, 0.91102, -0.18312, 1.31474, -0.13162, 1.00000, 0.00000
-1.50894, 4.37124, -1.70460, 4.92852, 1.90319, 1.92396, 30.00000, 458823.00000, 38881.00000, 200111.36667, 15345435673.23223, 123876.69544, 0.91102, -1.19997, 3.63662, -1.43665, 0.96667, 0.03333
-1.44936, 4.62611, -0.87126, 4.92550, 1.87441, 1.74862, 19.00000, 410350.00000, 58764.00000, 226573.05263, 11768029387.94460, 108480.54843, 0.94766, -0.66465, 2.02881, -0.36416, 0.94737, 0.05263
0.72621, 4.85499, -0.43811, 4.92852, 1.42232, 1.65981, 17.00000, 436654.00000, 31884.00000, 199917.64706, 16158076012.34602, 127114.42095, 0.91102, 0.13403, 0.96230, -0.09634, 1.00000, 0.00000
2.05481, 4.45876, -0.43315, 4.92853, 1.13896, 1.65880, 27.00000, 399065.00000, 45504.00000, 200750.62963, 12318093510.30727, 110986.90693, 0.90081, 0.33112, 0.75116, -0.08228, 0.85185, 0.14815
1.50894, 4.37124, -1.70460, 4.92852, 1.23841, 1.92396, 39.00000, 477052.00000, 27281.00000, 174151.79487, 17876684801.80408, 133703.72022, 0.91102, 0.35294, 1.06961, -0.42255, 1.00000, 0.00000
1.44936, 4.62611, -0.87126, 4.92550, 1.26718, 1.74862, 10.00000, 327018.00000, 58501.00000, 153813.00000, 4802911336.20000, 69303.03988, 0.94766, 0.28534, 0.87099, -0.15634, 1.00000, 0.00000
-0.78273, 3.92241, -2.87963, 4.92852, 1.76776, 2.19479, 52.00000, 463065.00000, 34981.00000, 151365.23077, 14775607732.71597, 121554.95766, 0.91102, -2.08678, 10.75154, -7.66476, 1.00000, 0.00000
0.78273, 3.92241, -2.87963, 4.92852, 1.37383, 2.19479, 53.00000, 444632.00000, 24987.00000, 157758.73585, 12905167034.00570, 113600.91124, 0.91102, 0.40335, 2.07817, -1.48153, 0.98113, 0.01887
0.00000, 3.18882, -3.75791, 4.92853, 1.57080, 2.43793, 43.00000, 462082.00000, 22020.00000, 152221.16279, 16834846606.22932, 129749.16804, 0.90081, -0.00000, -7.64229, 8.64229, 0.97674, 0.02326
0.00000, 3.73035, -3.21637, 4.92550, 1.57080, 2.28234, 44.00000, 410825.00000, 23991.00000, 148352.45455, 13279628891.83884, 115237.27215, 0.94766, 0.00000, 9.06739, -8.06739, 0.97727, 0.02273
0.00000, 4.83686, -0.87622, 4.91558, 1.57080, 1.75001, 25.00000, 459976.00000, 50873.00000, 207689.04000, 16976352526.59840, 130293.33263, 1.08598, 0.00000, 1.22879, -0.22879, 0.96000, 0.04000
0.78579, 4.35121, -2.14766, 4.91558, 1.39213, 2.02296, 25.00000, 423168.00000, 32183.00000, 194160.76000, 16980941000.10240, 130310.93968, 1.08598, 0.25627, 1.45965, -0.71592, 1.00000, 0.00000
-0.78579, 4.35121, -2.14766, 4.91558, 1.74946, 2.02296, 27.00000, 332141.00000, 27877.00000, 128358.88889, 6588265855.72840, 81168.13325, 1.08598, -0.52573, 2.99442, -1.46868, 1.00000, 0.00000
0.00000, 4.58794, -1.75244, 4.91123, 1.57080, 1.93566, 31.00000, 418496.00000, 38878.00000, 167286.87097, 13091579873.85432, 114418.44202, 1.14286, 0.00000, 1.61803, -0.61803, 1.00000, 0.00000
-2.75567, 4.02561, -0.70086, 4.92853, 2.17107, 1.71348, 11.00000, 478738.00000, 47089.00000, 285227.63636, 19351615987.32231, 139110.08586, 0.90081, -6.49176, 9.35336, -1.86160, 1.00000, 0.00000
-2.21782, 3.93313, -1.97536, 4.92852, 2.08423, 1.98319, 30.00000, 430486.00000, 37127.00000, 228018.56667, 11123304974.51222, 105467.08005, 0.91102, 6.05607, -10.56672, 5.51065, 1.00000, 0.00000
-3.48430, 3.15040, -1.49161, 4.92852, 2.40648, 1.87827, 11.00000, 479129.00000, 132853.00000, 281080.63636, 14743063710.41322, 121421.01840, 0.91102, 1.82322, -1.63909, 0.81587, 1.00000, 0.00000
-2.85909, 3.75484, -1.40973, 4.92550, 2.22158, 1.86107, 20.00000, 498872.00000, 73273.00000, 252557.30000, 21291041145.81000, 145914.49944, 0.94766, 7.02665, -9.32863, 3.30198, 1.00000, 0.00000
-1.49161, 3.48430, -3.15040, 4.92852, 1.97528, 2.26428, 44.00000, 497138.00000, 30084.00000, 180646.20455, 16932239428.38998, 130123.93872, 0.91102, 1.29147, -2.88604, 2.59457, 1.00000, 0.00000
-0.70086, 2.75567, -4.02561, 4.92853, 1.81985, 2.52663, 40.00000, 475469.00000, 34007.00000, 160796.62500, 15886937069.73438, 126043.39360, 0.90081, 0.39414, -1.37444, 1.98030, 1.00000, 0.00000
-1.97536, 2.21782, -3.93313, 4.92852, 2.29844, 2.49482, 37.00000, 467386.00000, 26464.00000, 175475.05405, 13012588793.07816, 114072.73466, 0.91102, 0.54989, -0.60432, 1.05443, 0.91892, 0.08108
-1.40973, 2.85909, -3.75484, 4.92550, 2.02888, 2.43770, 38.00000, 435981.00000, 25777.00000, 166100.63158, 15589415405.65374, 124857.58049, 0.94766, 0.58922, -1.25387, 1.66465, 0.97368, 0.02632
-3.93313, 1.97536, -2.21782, 4.92852, 2.67616, 2.03756, 12.00000, 467022.00000, 90967.00000, 271374.50000, 10417749640.91667, 102067.37795, 0.91102, 0.95092, -0.49591, 0.54500, 1.00000, 0.00000
-3.15040, 1.49161, -3.48430, 4.92852, 2.69940, 2.35600, 20.00000, 488559.00000, 73937.00000, 232606.45000, 15547583114.64750, 124689.94793, 0.91102, 0.61936, -0.30829, 0.68893, 1.00000, 0.00000
-4.02561, 0.70086, -2.75567, 4.92853, 2.96922, 2.16413, 9.00000, 440506.00000, 106904.00000, 214332.11111, 8853204568.54321, 94091.46916, 0.90081, 0.66888, -0.13313, 0.46424, 0.88889, 0.11111
-3.75484, 1.40973, -2.85909, 4.92550, 2.78243, 2.19010, 9.00000, 370637.00000, 97006.00000, 212197.88889, 10644399338.32099, 103171.69834, 0.94766, 0.71466, -0.25296, 0.53830, 0.88889, 0.11111
-2.20355, 3.47499, -2.68919, 4.91558, 2.13592, 2.14966, 22.00000, 476299.00000, 39242.00000, 211716.63636, 13897711427.86777, 117888.55512, 1.08598, 1.52573, -2.37638, 1.85065, 1.00000, 0.00000
-2.68919, 2.20355, -3.47499, 4.91558, 2.45513, 2.35595, 16.00000, 388263.00000, 54621.00000, 215385.43750, 8005848170.49609, 89475.40539, 1.08598, 0.68510, -0.56481, 0.87972, 1.00000, 0.00000
-3.47499, 2.68919, -2.20355, 4.91558, 2.48299, 2.03563, 10.00000, 479418.00000, 44371.00000, 230526.10000, 22011822668.89000, 148363.81860, 1.08598, 1.15838, -0.90211, 0.74373, 0.90000, 0.10000
-2.83550, 2.83550, -2.83550, 4.91123, 2.35619, 2.18628, 24.00000, 474139.00000, 33555.00000, 185515.33333, 15196821191.13889, 123275.38761, 1.14286, 1.00000, -1.00000, 1.00000, 0.95833, 0.04167
-3.18882, 3.75791, 0.00000, 4.92853, 2.27446, 1.57080, 6.00000, 458576.00000, 180572.00000, 294554.66667, 7895690595.55556, 88857.69857, 0.90081, -7.64229, 8.64229, 0.00000, 1.00000, 0.00000
-3.92241, 2.87963, -0.78273, 4.92852, 2.50831, 1.73029, 3.00000, 216154.00000, 144253.00000, 179034.66667, 864357976.22222, 29399.96558, 0.91102, 2.07817, -1.48153, 0.40335, 1.00000, 0.00000
-3.92241, 2.87963, 0.78273, 4.92852, 2.50831, 1.41130, 5.00000, 272704.00000, 129568.00000, 192044.80000, 2986146824.56000, 54645.64781, 0.91102, 10.75154, -7.66476, -2.08678, 1.00000, 0.00000
-3.73035, 3.21637, 0.00000, 4.92550, 2.43005, 1.57080, 5.00000, 278458.00000, 163763.00000, 215959.60000, 1568842923.44000, 39608.62183, 0.94766, 9.06739, -8.06739, -0.00000, 1.00000, 0.00000
-4.37124, 1.70460, -1.50894, 4.92852, 2.76977, 1.88196, 2.00000, 352060.00000, 266538.00000, 309299.00000, 1828503121.00000, 42761.00000, 0.91102, 1.06961, -0.42255, 0.35294, 1.00000, 0.00000
-4.45876, 0.43315, -2.05481, 4.92853, 3.04475, 2.00085, 2.00000, 441325.00000, 185136.00000, 313230.50000, 16408200930.25000, 128094.50000, 0.90081, 0.75116, -0.08228, 0.33112, 1.00000, 0.00000
-4.85499, 0.43811, -0.72621, 4.92852, 3.05160, 1.71868, 4.00000, 476401.00000, 252304.00000, 404792.25000, 7914590716.68750, 88963.98550, 0.91102, 0.96230, -0.09634, 0.13403, 1.00000, 0.00000
-4.62611, 0.87126, -1.44936, 4.92550, 2.95544, 1.86947, 7.00000, 475736.00000, 96763.00000, 319184.71429, 17956678074.20408, 134002.53010, 0.94766, 0.87099, -0.15634, 0.28534, 0.85714, 0.14286
-4.37124, 1.70460, 1.50894, 4.92852, 2.76977, 1.25963, 1.00000, 439550.00000, 439550.00000, 439550.00000, 0.00000, 0.00000, 0.91102, 3.63662, -1.43665, -1.19997, 1.00000, 0.00000
-4.85499, 0.43811, 0.72621, 4.92852, 3.05160, 1.42291, 1.00000, 368631.00000, 368631.00000, 368631.00000, 0.00000, 0.00000, 0.91102, 1.31474, -0.13162, -0.18312, 1.00000, 0.00000
-4.45876, 0.43315, 2.05481, 4.92853, 3.04475, 1.14074, 1.00000, 310766.00000, 310766.00000, 310766.00000, 0.00000, 0.00000, 0.90081, 2.22389, -0.24359, -0.98030, 1.00000, 0.00000
-4.62611, 0.87126, 1.44936, 4.92550, 2.95544, 1.27212, 1.00000, 338986.00000, 338986.00000, 338986.00000, 0.00000, 0.00000, 0.94766, 2.02881, -0.36416, -0.66465, 1.00000, 0.00000
-4.35121, 2.14766, -0.78579, 4.91558, 2.68310, 1.73134, 2.00000, 379641.00000, 234867.00000, 307254.00000, 5239877769.00000, 72387.00000, 1.08598, 1.45965, -0.71592, 0.25627, 1.00000, 0.00000
-4.83686, 0.87622, 0.00000, 4.91558, 2.96238, 1.57080, 3.00000, 494268.00000, 313984.00000, 381604.66667, 6431474352.88889, 80196.47344, 1.08598, 1.22879, -0.22879, -0.00000, 1.00000, 0.00000
-4.35121, 2.14766, 0.78579, 4.91558, 2.68310, 1.41025, 2.00000, 227818.00000, 221757.00000, 224787.50000, 9183930.25000, 3030.50000, 1.08598, 2.99442, -1.46868, -0.52573, 1.00000, 0.00000
-4.58794, 1.75244, 0.00000, 4.91123, 2.77673, 1.57080, 4.00000, 484467.00000, 176599.00000, 366939.25000, 13184612978.18750, 114824.26999, 1.14286, 1.61803, -0.61803, -0.00000, 1.00000, 0.00000
2.75567, 4.02561, 0.70086, 4.92853, 0.97053, 1.42811, 6.00000, 268768.00000, 118424.00000, 183242.83333, 2601584648.13889, 51005.73152, 0.90081, 0.36663, 0.52824, 0.10514, 0.83333, 0.16667
2.21782, 3.93313, 1.97536, 4.92852, 1.05736, 1.15840, 6.00000, 365088.00000, 177812.00000, 265609.16667, 4610850015.80556, 67903.24010, 0.91102, 0.27362, 0.47741, 0.24897, 0.83333, 0.16667
3.48430, 3.15040, 1.49161, 4.92852, 0.73511, 1.26333, 3.00000, 444681.00000, 111421.00000, 248386.00000, 20270395716.66667, 142374.13992, 0.91102, 0.42617, 0.38313, 0.19070, 1.00000, 0.00000
2.85909, 3.75484, 1.40973, 4.92550, 0.92001, 1.28053, 5.00000, 451649.00000, 176515.00000, 305998.40000, 8682712431.04000, 93181.07335, 0.94766, 0.35746, 0.47456, 0.16798, 0.80000, 0.20000
1.49161, 3.48430, 3.15040, 4.92852, 1.16631, 0.87732, 5.00000, 448493.00000, 200882.00000, 329452.80000, 10032225188.56000, 100160.99634, 0.91102, 0.19070, 0.42617, 0.38313, 1.00000, 0.00000
0.70086, 2.75567, 4.02561, 4.92853, 1.32174, 0.61496, 2.00000, 290674.00000, 187558.00000, 239116.00000, 2658227364.00000, 51558.00000, 0.90081, 0.10514, 0.36663, 0.52824, 1.00000, 0.00000
1.97536, 2.21782, 3.93313, 4.92852, 0.84316, 0.64677, 2.00000, 345597.00000, 184033.00000, 264815.00000, 6525731524.00000, 80782.00000, 0.91102, 0.24897, 0.27362, 0.47741, 0.00000, 1.00000
1.40973, 2.85909, 3.75484, 4.92550, 1.11271, 0.70390, 2.00000, 329677.00000, 141445.00000, 235561.00000, 8857821456.00000, 94116.00000, 0.94766, 0.16798, 0.35746, 0.47456, 1.00000, 0.00000
3.93313, 1.97536, 2.21782, 4.92852, 0.46544, 1.10403, 3.00000, 485450.00000, 162030.00000, 275191.00000, 22147426868.66667, 148820.11581, 0.91102, 0.47741, 0.24897, 0.27362, 0.66667, 0.33333
3.15040, 1.49161, 3.48430, 4.92852, 0.44220, 0.78559, 4.00000, 386290.00000, 167180.00000, 294012.00000, 7631336573.50000, 87357.52156, 0.91102, 0.38313, 0.19070, 0.42617, 0.00000, 1.00000
4.02561, 0.70086, 2.75567, 4.92853, 0.17237, 0.97747, 7.00000, 336121.00000, 112724.00000, 214340.14286, 6076983398.69388, 77955.00881, 0.90081, 0.52824, 0.10514, 0.36663, 0.14286, 0.85714
3.75484, 1.40973, 2.85909, 4.92550, 0.35916, 0.95149, 1.00000, 365352.00000, 365352.00000, 365352.00000, 0.00000, 0.00000, 0.94766, 0.47456, 0.16798, 0.35746, 0.00000, 1.00000
2.20355, 3.47499, 2.68919, 4.91558, 1.00567, 0.99193, 3.00000, 404720.00000, 99315.00000, 227355.00000, 16761846816.66667, 129467.55121, 1.08598, 0.26522, 0.41309, 0.32170, 0.66667, 0.33333
2.68919, 2.20355, 3.47499, 4.91558, 0.68646, 0.78564, 6.00000, 479906.00000, 207668.00000, 322535.16667, 13257938365.13889, 115143.12122, 1.08598, 0.32170, 0.26522, 0.41309, 0.33333, 0.66667
3.47499, 2.68919, 2.20355, 4.91558, 0.65860, 1.10596, 3.00000, 328349.00000, 124839.00000, 202400.33333, 8073387030.22222, 89852.02853, 1.08598, 0.41309, 0.32170, 0.26522, 0.33333, 0.66667
2.83550, 2.83550, 2.83550, 4.91123, 0.78540, 0.95532, 4.00000, 491227.00000, 172855.00000, 347179.00000, 21141888354.50000, 145402.50464, 1.14286, 0.33333, 0.33333, 0.33333, 0.75000, 0.25000
-0.43315, 2.05481, 4.45876, 4.92853, 1.77855, 0.44016, 1.00000, 393975.00000, 393975.00000, 393975.00000, 0.00000, 0.00000, 0.90081, -0.08228, 0.33112, 0.75116, 0.00000, 1.00000
-1.70460, 1.50894, 4.37124, 4.92852, 2.41700, 0.48015, 1.00000, 422541.00000, 422541.00000, 422541.00000, 0.00000, 0.00000, 0.91102, -0.42255, 0.35294, 1.06961, 1.00000, 0.00000
-0.43811, 0.72621, 4.85499, 4.92852, 2.11363, 0.17295, 1.00000, 285784.00000, 285784.00000, 285784.00000, 0.00000, 0.00000, 0.91102, -0.09634, 0.13403, 0.96230, 0.00000, 1.00000
-0.87126, 1.44936, 4.62611, 4.92550, 2.11205, 0.35046, 2.00000, 404388.00000, 122384.00000, 263386.00000, 19881564004.00000, 141002.00000, 0.94766, -0.15634, 0.28534, 0.87099, 1.00000, 0.00000
-2.87963, 0.78273, 3.92241, 4.92852, 2.87619, 0.65037, 1.00000, 310151.00000, 310151.00000, 310151.00000, 0.00000, 0.00000, 0.91102, -1.48153, 0.40335, 2.07817, 0.00000, 1.00000
-3.75791, 0.00000, 3.18882, 4.92853, 3.14159, 0.86714, 0.00000, 0.00000, 0.00000, 0.00000, 0.00000, 0.00000, 0.90081, 8.64229, -0.00000, -7.64229, 0.00000, 0.00000
-2.87963, -0.78273, 3.92241, 4.92852, -2.87619, 0.65037, 1.00000, 330415.00000, 330415.00000, 330415.00000, 0.00000, 0.00000, 0.91102, -7.66476, -2.08678, 10.75154, 0.00000, 1.00000
-3.21637, 0.00000, 3.73035, 4.92550, 3.14159, 0.71154, 1.00000, 404504.00000, 404504.00000, 404504.00000, 0.00000, 0.00000, 0.94766, -8.06739, 0.00000, 9.06739, 0.00000, 1.00000
-0.43811, -0.72621, 4.85499, 4.92852, -2.11363, 0.17295, 1.00000, 126031.00000, 126031.00000, 126031.00000, 0.00000, 0.00000, 0.91102, -0.13162, -0.18312, 1.31474, 0.00000, 1.00000
-1.70460, -1.50894, 4.37124, 4.92852, -2.41700, 0.48015, 2.00000, 304192.00000, 149211.00000, 226701.50000, 6004777590.25000, 77490.50000, 0.91102, -1.43665, -1.19997, 3.63662, 0.50000, 0.50000
-0.43315, -2.05481, 4.45876, 4.92853, -1.77855, 0.44016, 3.00000, 313769.00000, 195674.00000, 251927.66667, 2340015846.88889, 48373.71029, 0.90081, -0.24359, -0.98030, 2.22389, 0.00000, 1.00000
-0.87126, -1.44936, 4.62611, 4.92550, -2.11205, 0.35046, 0.00000, 0.00000, 0.00000, 0.00000, 0.00000, 0.00000, 0.94766, -0.36416, -0.66465, 2.02881, 0.00000, 0.00000
-2.14766, 0.78579, 4.35121, 4.91558, 2.79084, 0.48390, 0.00000, 0.00000, 0.00000, 0.00000, 0.00000, 0.00000, 1.08598, -0.71592, 0.25627, 1.45965, 0.00000, 0.00000
-2.14766, -0.78579, 4.35121, 4.91558, -2.79084, 0.48390, 0.00000, 0.00000, 0.00000, 0.00000, 0.00000, 0.00000, 1.08598, -1.46868, -0.52573, 2.99442, 0.00000, 0.00000
-0.87622, 0.00000, 4.83686, 4.91558, 3.14159, 0.17921, 0.00000, 0.00000, 0.00000, 0.00000, 0.00000, 0.00000, 1.08598, -0.22879, 0.00000, 1.22879, 0.00000, 0.00000
-1.75244, 0.00000, 4.58794, 4.91123, 3.14159, 0.36486, 1.00000, 438680.00000, 438680.00000, 438680.00000, 0.00000, 0.00000, 1.14286, -0.61803, 0.00000, 1.61803, 1.00000, 0.00000
-4.45876, -0.43315, 2.05481, 4.92853, -3.04475, 1.14074, 1.00000, 186880.00000, 186880.00000, 186880.00000, 0.00000, 0.00000, 0.90081, 1.49537, 0.16379, -0.65917, 0.00000, 1.00000
-4.85499, -0.43811, 0.72621, 4.92852, -3.05160, 1.42291, 1.00000, 391438.00000, 391438.00000, 391438.00000, 0.00000, 0.00000, 0.91102, 1.04077, 0.10419, -0.14496, 0.00000, 1.00000
-4.37124, -1.70460, 1.50894, 4.92852, -2.76977, 1.25963, 0.00000, 0.00000, 0.00000, 0.00000, 0.00000, 0.00000, 0.91102, 0.93889, 0.37091, -0.30980, 0.00000, 0.00000
-4.62611, -0.87126, 1.44936, 4.92550, -2.95544, 1.27212, 0.00000, 0.00000, 0.00000, 0.00000, 0.00000, 0.00000, 0.94766, 1.17386, 0.21070, -0.38457, 0.00000, 0.00000
-4.85499, -0.43811, -0.72621, 4.92852, -3.05160, 1.71868, 1.00000, 168301.00000, 168301.00000, 168301.00000, 0.00000, 0.00000, 0.91102, 0.80685, 0.08077, 0.11238, 1.00000, 0.00000
-4.45876, -0.43315, -2.05481, 4.92853, -3.04475, 2.00085, 5.00000, 475296.00000, 217845.00000, 388715.20000, 8725991675.36000, 93413.01663, 0.90081, 0.64502, 0.07065, 0.28433, 0.40000, 0.60000
-4.37124, -1.70460, -1.50894, 4.92852, -2.76977, 1.88196, 5.00000, 462158.00000, 285400.00000, 353503.20000, 3466787319.76000, 58879.43036, 0.91102, 0.57970, 0.22901, 0.19128, 0.60000, 0.40000
-4.62611, -0.87126, -1.44936, 4.92550, -2.95544, 1.86947, 4.00000, 485465.00000, 156493.00000, 268470.50000, 16467981382.25000, 128327.63296, 0.94766, 0.66353, 0.11910, 0.21738, 0.75000, 0.25000
-3.92241, -2.87963, 0.78273, 4.92852, -2.50831, 1.41130, 3.00000, 157195.00000, 90915.00000, 120352.33333, 759592547.55556, 27560.70659, 0.91102, 0.65841, 0.46938, -0.12779, 0.00000, 1.00000
-3.92241, -2.87963, -0.78273, 4.92852, -2.50831, 1.73029, 3.00000, 468318.00000, 266991.00000, 393769.00000, 8119361042.00000, 90107.49715, 0.91102, 0.52439, 0.37383, 0.10178, 0.00000, 1.00000
-3.18882, -3.75791, 0.00000, 4.92853, -2.27446, 1.57080, 4.00000, 422837.00000, 108038.00000, 204232.50000, 16407589815.25000, 128092.11457, 0.90081, 0.46930, 0.53070, 0.00000, 0.25000, 0.75000
-3.73035, -3.21637, 0.00000, 4.92550, -2.43005, 1.57080, 2.00000, 385133.00000, 346083.00000, 365608.00000, 381225625.00000, 19525.00000, 0.94766, 0.52918, 0.47082, -0.00000, 0.00000, 1.00000
-4.83686, -0.87622, 0.00000, 4.91558, -2.96238, 1.57080, 0.00000, 0.00000, 0.00000, 0.00000, 0.00000, 0.00000, 1.08598, 0.84303, 0.15697, -0.00000, 0.00000, 0.00000
-4.35121, -2.14766, -0.78579, 4.91558, -2.68310, 1.73134, 1.00000, 449506.00000, 449506.00000, 449506.00000, 0.00000, 0.00000, 1.08598, 0.60022, 0.29439, 0.10538, 0.00000, 1.00000
-4.35121, -2.14766, 0.78579, 4.91558, -2.68310, 1.41025, 2.00000, 479889.00000, 117684.00000, 298786.50000, 32798115506.25000, 181102.50000, 1.08598, 0.76051, 0.37301, -0.13352, 0.00000, 1.00000
-4.58794, -1.75244, 0.00000, 4.91123, -2.77673, 1.57080, 0.00000, 0.00000, 0.00000, 0.00000, 0.00000, 0.00000, 1.14286, 0.72361, 0.27639, -0.00000, 0.00000, 0.00000
-3.75791, 0.00000, -3.18882, 4.92853, 3.14159, 2.27446, 4.00000, 464035.00000, 213524.00000, 292569.75000, 10244886447.68750, 101217.02647, 0.90081, 0.53070, -0.00000, 0.46930, 1.00000, 0.00000
-2.87963, 0.78273, -3.92241, 4.92852, 2.87619, 2.49122, 21.00000, 484691.00000, 42391.00000, 208676.61905, 14660930804.71202, 121082.33069, 0.91102, 0.46938, -0.12779, 0.65841, 0.95238, 0.04762
-2.87963, -0.78273, -3.92241, 4.92852, -2.87619, 2.49122, 7.00000, 423295.00000, 102659.00000, 251374.28571, 9995519714.20408, 99977.59606, 0.91102, 0.37383, 0.10178, 0.52439, 0.85714, 0.14286
-3.21637, 0.00000, -3.73035, 4.92550, 3.14159, 2.43005, 5.00000, 413952.00000, 92814.00000, 237110.40000, 13313685390.64000, 115384.94438, 0.94766, 0.47082, 0.00000, 0.52918, 1.00000, 0.00000
-1.70460, 1.50894, -4.37124, 4.92852, 2.41700, 2.66145, 20.00000, 449392.00000, 35504.00000, 171393.60000, 15188677090.14000, 123242.35104, 0.91102, 0.37091, -0.30980, 0.93889, 1.00000, 0.00000
-0.43315, 2.05481, -4.45876, 4.92853, 1.77855, 2.70143, 34.00000, 393278.00000, 37751.00000, 159857.02941, 9709697783.32266, 98537.79875, 0.90081, 0.16379, -0.65917, 1.49537, 0.94118, 0.05882
-0.43811, 0.72621, -4.85499, 4.92852, 2.11363, 2.96865, 22.00000, 463508.00000, 34680.00000, 226097.54545, 12977011518.88430, 113916.68674, 0.91102, 0.10419, -0.14496, 1.04077, 0.81818, 0.18182
-0.87126, 1.44936, -4.62611, 4.92550, 2.11205, 2.79113, 30.00000, 409575.00000, 55234.00000, 183115.26667, 12319491728.59556, 110993.20578, 0.94766, 0.21070, -0.38457, 1.17386, 0.96667, 0.03333
-1.70460, -1.50894, -4.37124, 4.92852, -2.41700, 2.66145, 10.00000, 483383.00000, 97571.00000, 276728.30000, 18670661243.81000, 136640.62809, 0.91102, 0.22901, 0.19128, 0.57970, 0.80000, 0.20000
-0.43811, -0.72621, -4.85499, 4.92852, -2.11363, 2.96865, 19.00000, 485495.00000, 103514.00000, 248403.31579, 15895029218.95291, 126075.49016, 0.91102, 0.08077, 0.11238, 0.80685, 0.68421, 0.31579
-0.43315, -2.05481, -4.45876, 4.92853, -1.77855, 2.70143, 14.00000, 458339.00000, 69187.00000, 204447.14286, 10988676639.55102, 104826.88891, 0.90081, 0.07065, 0.28433, 0.64502, 0.57143, 0.42857
-0.87126, -1.44936, -4.62611, 4.92550, -2.11205, 2.79113, 13.00000, 425868.00000, 63975.00000, 243138.61538, 15687408290.39053, 125249.38439, 0.94766, 0.11910, 0.21738, 0.66353, 0.61538, 0.38462
-2.14766, 0.78579, -4.35121, 4.91558, 2.79084, 2.65769, 10.00000, 425358.00000, 69134.00000, 200310.80000, 11635471367.36000, 107867.84214, 1.08598, 0.37301, -0.13352, 0.76051, 1.00000, 0.00000
-0.87622, 0.00000, -4.83686, 4.91558, 3.14159, 2.96238, 26.00000, 479657.00000, 59146.00000, 274441.96154, 17565211075.80621, 132533.81107, 1.08598, 0.15697, 0.00000, 0.84303, 0.80769, 0.19231
-2.14766, -0.78579, -4.35121, 4.91558, -2.79084, 2.65769, 6.00000, 385417.00000, 201470.00000, 291557.00000, 3828724400.00000, 61876.68705, 1.08598, 0.29439, 0.10538, 0.60022, 0.66667, 0.33333
-1.75244, 0.00000, -4.58794, 4.91123, 3.14159, 2.77673, 24.00000, 498928.00000, 47413.00000, 279651.54167, 17923860474.83160, 133880.02269, 1.14286, 0.27639, 0.00000, 0.72361, 0.87500, 0.12500
0.70086, 2.75567, -4.02561, 4.92853, 1.32174, 2.52663, 39.00000, 409810.00000, 36931.00000, 131134.25641, 8250664729.83169, 90833.16977, 0.90081, -1.86160, -6.49176, 9.35336, 0.97436, 0.02564
1.49161, 3.48430, -3.15040, 4.92852, 1.16631, 2.26428, 61.00000, 495291.00000, 31686.00000, 144992.47541, 10521270123.88874, 102573.24273, 0.91102, 0.81587, 1.82322, -1.63909, 0.93443, 0.06557
1.97536, 2.21782, -3.93313, 4.92852, 0.84316, 2.49482, 50.00000, 482061.00000, 30132.00000, 176567.08000, 14914813547.67360, 122126.21974, 0.91102, 5.51065, 6.05607, -10.56672, 0.92000, 0.08000
1.40973, 2.85909, -3.75484, 4.92550, 1.11271, 2.43770, 38.00000, 495613.00000, 58417.00000, 153466.94737, 9550254679.62881, 97725.40447, 0.94766, 3.30198, 7.02665, -9.32863, 0.97368, 0.02632
2.21782, 3.93313, -1.97536, 4.92852, 1.05736, 1.98319, 38.00000, 452229.00000, 27166.00000, 153218.63158, 11287385294.12742, 106242.10697, 0.91102, 0.54500, 0.95092, -0.49591, 0.97368, 0.02632
2.75567, 4.02561, -0.70086, 4.92853, 0.97053, 1.71348, 17.00000, 440649.00000, 40428.00000, 196733.05882, 10240517674.17301, 101195.44295, 0.90081, 0.46424, 0.66888, -0.13313, 1.00000, 0.00000
3.48430, 3.15040, -1.49161, 4.92852, 0.73511, 1.87827, 15.00000, 484140.00000, 80907.00000, 231766.93333, 16941380388.59555, 130159.05804, 0.91102, 0.68893, 0.61936, -0.30829, 0.66667, 0.33333
2.85909, 3.75484, -1.40973, 4.92550, 0.92001, 1.86107, 18.00000, 454438.00000, 71986.00000, 211729.38889, 13843719495.79321, 117659.33663, 0.94766, 0.53830, 0.71466, -0.25296, 1.00000, 0.00000
3.15040, 1.49161, -3.48430, 4.92852, 0.44220, 2.35600, 32.00000, 488932.00000, 69111.00000, 222131.46875, 13269516673.37402, 115193.38815, 0.91102, 2.59457, 1.29147, -2.88604, 0.84375, 0.15625
3.93313, 1.97536, -2.21782, 4.92852, 0.46544, 2.03756, 26.00000, 421571.00000, 69291.00000, 197443.53846, 11757616794.55621, 108432.54490, 0.91102, 1.05443, 0.54989, -0.60432, 0.53846, 0.46154
4.02561, 0.70086, -2.75567, 4.92853, 0.17237, 2.16413, 27.00000, 420884.00000, 34740.00000, 178920.22222, 12003472376.02469, 109560.35951, 0.90081, 1.98030, 0.39414, -1.37444, 0.22222, 0.77778
3.75484, 1.40973, -2.85909, 4.92550, 0.35916, 2.19010, 14.00000, 484727.00000, 45980.00000, 241550.64286, 15632432328.08673, 125029.72578, 0.94766, 1.66465, 0.58922, -1.25387, 0.71429, 0.28571
2.20355, 3.47499, -2.68919, 4.91558, 1.00567, 2.14966, 35.00000, 460511.00000, 36643.00000, 167261.54286, 14606073312.13388, 120855.58867, 1.08598, 0.74373, 1.15838, -0.90211, 1.00000, 0.00000
3.47499, 2.68919, -2.20355, 4.91558, 0.65860, 2.03563, 8.00000, 316082.00000, 54582.00000, 137066.75000, 7316409512.93750, 85536.01296, 1.08598, 0.87972, 0.68510, -0.56481, 0.75000, 0.25000
2.68919, 2.20355, -3.47499, 4.91558, 0.68646, 2.35595, 27.00000, 385693.00000, 35715.00000, 193281.66667, 10817389707.18518, 104006.68107, 1.08598, 1.85065, 1.52573, -2.37638, 0.88889, 0.11111
2.83550, 2.83550, -2.83550, 4.91123, 0.78540, 2.18628, 27.00000, 376499.00000, 42263.00000, 194963.25926, 9620253282.41427, 98082.88986, 1.14286, 1.00000, 1.00000, -1.00000, 0.85185, 0.14815
2.75567, -4.02561, 0.70086, 4.92853, -0.97053, 1.42811, 58.00000, 375272.00000, 14397.00000, 99961.12069, 7913302015.83026, 88956.74239, 0.90081, -6.49176, 9.35336, -1.86160, 0.00000, 1.00000
3.48430, -3.15040, 1.49161, 4.92852, -0.73511, 1.26333, 46.00000, 336117.00000, 24662.00000, 120371.54348, 7743622329.50898, 87997.85412, 0.91102, 1.82322, -1.63909, 0.81587, 0.02174, 0.97826
2.21782, -3.93313, 1.97536, 4.92852, -1.05736, 1.15840, 40.00000, 494800.00000, 27583.00000, 172693.12500, 16699478710.20938, 129226.46289, 0.91102, 6.05607, -10.56672, 5.51065, 0.00000, 1.00000
2.85909, -3.75484, 1.40973, 4.92550, -0.92001, 1.28053, 59.00000, 443623.00000, 15183.00000, 139606.16949, 12920300552.07297, 113667.49998, 0.94766, 7.02665, -9.32863, 3.30198, 0.00000, 1.00000
3.93313, -1.97536, 2.21782, 4.92852, -0.46544, 1.10403, 36.00000, 492984.00000, 20576.00000, 155780.02778, 12127122778.02701, 110123.21634, 0.91102, 0.95092, -0.49591, 0.54500, 0.00000, 1.00000
4.02561, -0.70086, 2.75567, 4.92853, -0.17237, 0.97747, 13.00000, 466065.00000, 41749.00000, 147386.07692, 12882007547.60947, 113498.93192, 0.90081, 0.66888, -0.13313, 0.46424, 0.00000, 1.00000
3.15040, -1.49161, 3.48430, 4.92852, -0.44220, 0.78559, 10.00000, 472702.00000, 73386.00000, 245662.30000, 18162412715.01000, 134767.99589, 0.91102, 0.61936, -0.30829, 0.68893, 0.00000, 1.00000
3.75484, -1.40973, 2.85909, 4.92550, -0.35916, 0.95149, 20.00000, 471192.00000, 69397.00000, 246265.65000, 16335419837.42750, 127810.09286, 0.94766, 0.71466, -0.25296, 0.53830, 0.05000, 0.95000
1.49161, -3.48430, 3.15040, 4.92852, -1.16631, 0.87732, 15.00000, 356536.00000, 74547.00000, 184462.60000, 7542826760.24000, 86849.44882, 0.91102, 1.29147, -2.88604, 2.59457, 0.00000, 1.00000
1.97536, -2.21782, 3.93313, 4.92852, -0.84316, 0.64677, 8.00000, 492180.00000, 111641.00000, 262387.87500, 19487672405.85938, 139598.25359, 0.91102, 0.54989, -0.60432, 1.05443, 0.00000, 1.00000
0.70086, -2.75567, 4.02561, 4.92853, -1.32174, 0.61496, 6.00000, 369118.00000, 86872.00000, 242316.66667, 9796300797.88889, 98976.26381, 0.90081, 0.39414, -1.37444, 1.98030, 0.00000, 1.00000
1.40973, -2.85909, 3.75484, 4.92550, -1.11271, 0.70390, 9.00000, 469350.00000, 69403.00000, 191653.33333, 11417389451.33333, 106852.18506, 0.94766, 0.58922, -1.25387, 1.66465, 0.00000, 1.00000
3.47499, -2.68919, 2.20355, 4.91558, -0.65860, 1.10596, 29.00000, 478880.00000, 24141.00000, 173284.93103, 17247263072.75386, 131328.83565, 1.08598, 1.15838, -0.90211, 0.74373, 0.00000, 1.00000
2.68919, -2.20355, 3.47499, 4.91558, -0.68646, 0.78564, 11.00000, 452526.00000, 50757.00000, 227922.72727, 13838175677.83471, 117635.77550, 1.08598, 0.68510, -0.56481, 0.87972, 0.00000, 1.00000
2.20355, -3.47499, 2.68919, 4.91558, -1.00567, 0.99193, 15.00000, 487168.00000, 26925.00000, 223761.46667, 14546946590.64889, 120610.72337, 1.08598, 1.52573, -2.37638, 1.85065, 0.00000, 1.00000
2.83550, -2.83550, 2.83550, 4.91123, -0.78540, 0.95532, 25.00000, 489210.00000, 24005.00000, 188660.76000, 13644173059.94240, 116808.27479, 1.14286, 1.00000, -1.00000, 1.00000, 0.00000, 1.00000
2.05481, -4.45876, 0.43315, 4.92853, -1.13896, 1.48280, 58.00000, 491376.00000, 18165.00000, 100878.37931, 7502854835.37336, 86619.02121, 0.90081, -0.98030, 2.22389, -0.24359, 0.00000, 1.00000
1.50894, -4.37124, 1.70460, 4.92852, -1.23841, 1.21764, 48.00000, 430019.00000, 33925.00000, 176351.64583, 13153665800.72873, 114689.43195, 0.91102, -1.19997, 3.63662, -1.43665, 0.02083, 0.97917
0.72621, -4.85499, 0.43811, 4.92852, -1.42232, 1.48179, 32.00000, 481656.00000, 22271.00000, 141448.68750, 13740292229.52734, 117218.99261, 0.91102, -0.18312, 1.31474, -0.13162, 0.03125, 0.96875
1.44936, -4.62611, 0.87126, 4.92550, -1.26718, 1.39297, 38.00000, 491160.00000, 21665.00000, 147484.94737, 14904291597.10249, 122083.13396, 0.94766, -0.66465, 2.02881, -0.36416, 0.02632, 0.97368
0.78273, -3.92241, 2.87963, 4.92852, -1.37383, 0.94680, 20.00000, 400179.00000, 38863.00000, 178762.25000, 10709924151.08750, 103488.76340, 0.91102, -2.08678, 10.75154, -7.66476, 0.00000, 1.00000
0.00000, -3.18882, 3.75791, 4.92853, -1.57080, 0.70366, 2.00000, 341613.00000, 204317.00000, 272965.00000, 4712547904.00000, 68648.00000, 0.90081, 0.00000, -7.64229, 8.64229, 0.00000, 1.00000
-0.78273, -3.92241, 2.87963, 4.92852, -1.76776, 0.94680, 10.00000, 434873.00000, 84994.00000, 267145.90000, 14037391910.49000, 118479.49996, 0.91102, 0.40335, 2.07817, -1.48153, 0.00000, 1.00000
0.00000, -3.73035, 3.21637, 4.92550, -1.57080, 0.85925, 4.00000, 429305.00000, 87188.00000, 217120.50000, 19136190887.25000, 138333.62168, 0.94766, -0.00000, 9.06739, -8.06739, 0.00000, 1.00000
-0.72621, -4.85499, 0.43811, 4.92852, -1.71928, 1.48179, 17.00000, 491947.00000, 65631.00000, 175049.76471, 13523548274.65052, 116290.79187, 0.91102, 0.13403, 0.96230, -0.09634, 0.00000, 1.00000
-1.50894, -4.37124, 1.70460, 4.92852, -1.90319, 1.21764, 10.00000, 395380.00000, 120732.00000, 234605.10000, 9981986213.29000, 99909.89047, 0.91102, 0.35294, 1.06961, -0.42255, 0.00000, 1.00000
-2.05481, -4.45876, 0.43315, 4.92853, -2.00263, 1.48280, 8.00000, 498918.00000, 101441.00000, 272408.62500, 21258586938.73438, 145803.24735, 0.90081, 0.33112, 0.75116, -0.08228, 0.00000, 1.00000
-1.44936, -4.62611, 0.87126, 4.92550, -1.87441, 1.39297, 6.00000, 428224.00000, 53835.00000, 197767.00000, 16670891137.66667, 129115.80514, 0.94766, 0.28534, 0.87099, -0.15634, 0.00000, 1.00000
0.78579, -4.35121, 2.14766, 4.91558, -1.39213, 1.11864, 18.00000, 260787.00000, 65721.00000, 154238.50000, 4099411020.36111, 64026.64305, 1.08598, -0.52573, 2.99442, -1.46868, 0.00000, 1.00000
-0.78579, -4.35121, 2.14766, 4.91558, -1.74946, 1.11864, 11.00000, 463183.00000, 95358.00000, 244842.18182, 10398859560.69422, 101974.79865, 1.08598, 0.25627, 1.45965, -0.71592, 0.00000, 1.00000
0.00000, -4.83686, 0.87622, 4.91558, -1.57080, 1.39159, 4.00000, 374590.00000, 56411.00000, 174957.25000, 14311601946.18750, 119631.10777, 1.08598, -0.00000, 1.22879, -0.22879, 0.00000, 1.00000
0.00000, -4.58794, 1.75244, 4.91123, -1.57080, 1.20593, 14.00000, 499654.00000, 34535.00000, 220035.14286, 21069791645.83673, 145154.37178, 1.14286, -0.00000, 1.61803, -0.61803, 0.00000, 1.00000
2.05481, -4.45876, -0.43315, 4.92853, -1.13896, 1.65880, 80.00000, 480805.00000, 10901.00000, 108085.36250, 9444166908.80610, 97181.10366, 0.90081, -0.65917, 1.49537, 0.16379, 0.01250, 0.98750
0.72621, -4.85499, -0.43811, 4.92852, -1.42232, 1.65981, 36.00000, 445302.00000, 30414.00000, 167328.30556, 15030187346.71219, 122597.66452, 0.91102, -0.14496, 1.04077, 0.10419, 0.00000, 1.00000
1.50894, -4.37124, -1.70460, 4.92852, -1.23841, 1.92396, 64.00000, 431829.00000, 8623.00000, 118394.37500, 12158898625.20312, 110267.39602, 0.91102, -0.30980, 0.93889, 0.37091, 0.03125, 0.96875
1.44936, -4.62611, -0.87126, 4.92550, -1.26718, 1.74862, 65.00000, 462535.00000, 13907.00000, 136670.78462, 13829426581.46130, 117598.58240, 0.94766, -0.38457, 1.17386, 0.21070, 0.00000, 1.00000
-0.72621, -4.85499, -0.43811, 4.92852, -1.71928, 1.65981, 16.00000, 391534.00000, 35428.00000, 160769.87500, 10327167657.98438, 101622.67295, 0.91102, 0.11238, 0.80685, 0.08077, 0.00000, 1.00000
-2.05481, -4.45876, -0.43315, 4.92853, -2.00263, 1.65880, 8.00000, 361913.00000, 79104.00000, 188747.75000, 7205701050.68750, 84886.40086, 0.90081, 0.28433, 0.64502, 0.07065, 0.00000, 1.00000
-1.50894, -4.37124, -1.70460, 4.92852, -1.90319, 1.92396, 17.00000, 426711.00000, 59194.00000, 246529.11765, 16946026246.57439, 130176.90366, 0.91102, 0.19128, 0.57970, 0.22901, 0.11765, 0.88235
-1.44936, -4.62611, -0.87126, 4.92550, -1.87441, 1.74862, 5.00000, 229624.00000, 38994.00000, 132260.40000, 5694272361.84000, 75460.40261, 0.94766, 0.21738, 0.66353, 0.11910, 0.00000, 1.00000
0.78273, -3.92241, -2.87963, 4.92852, -1.37383, 2.19479, 33.00000, 476962.00000, 24797.00000, 164031.03030, 16105396286.69605, 126907.03797, 0.91102, -0.12779, 0.65841, 0.46938, 0.03030, 0.96970
-0.78273, -3.92241, -2.87963, 4.92852, -1.76776, 2.19479, 16.00000, 428809.00000, 39191.00000, 185518.56250, 10497428722.74609, 102456.96034, 0.91102, 0.10178, 0.52439, 0.37383, 0.12500, 0.87500
0.00000, -3.18882, -3.75791, 4.92853, -1.57080, 2.43793, 17.00000, 443653.00000, 26972.00000, 216778.76471, 23181387463.23875, 152254.35121, 0.90081, 0.00000, 0.46930, 0.53070, 0.11765, 0.88235
0.00000, -3.73035, -3.21637, 4.92550, -1.57080, 2.28234, 12.00000, 418730.00000, 60405.00000, 192440.16667, 11432623070.30556, 106923.44490, 0.94766, -0.00000, 0.52918, 0.47082, 0.08333, 0.91667
0.00000, -4.83686, -0.87622, 4.91558, -1.57080, 1.75001, 19.00000, 470998.00000, 47136.00000, 146297.63158, 12196219239.70637, 110436.49415, 1.08598, -0.00000, 0.84303, 0.15697, 0.05263, 0.94737
-0.78579, -4.35121, -2.14766, 4.91558, -1.74946, 2.02296, 13.00000, 372847.00000, 47838.00000, 188660.92308, 11678288280.99408, 108066.12920, 1.08598, 0.10538, 0.60022, 0.29439, 0.23077, 0.76923
0.78579, -4.35121, -2.14766, 4.91558, -1.39213, 2.02296, 24.00000, 467446.00000, 29250.00000, 171447.58333, 12252744878.49306, 110692.11751, 1.08598, -0.13352, 0.76051, 0.37301, 0.00000, 1.00000
0.00000, -4.58794, -1.75244, 4.91123, -1.57080, 1.93566, 26.00000, 490877.00000, 43001.00000, 168978.42308, 18581295556.39793, 136313.22590, 1.14286, -0.00000, 0.72361, 0.27639, 0.03846, 0.96154
2.75567, -4.02561, -0.70086, 4.92853, -0.97053, 1.71348, 97.00000, 437247.00000, 7614.00000, 82355.09278, 6675269745.19758, 81702.32399, 0.90081, -1.37444, 1.98030, 0.39414, 0.00000, 1.00000
2.21782, -3.93313, -1.97536, 4.92852, -1.05736, 1.98319, 95.00000, 459162.00000, 8472.00000, 117776.92632, 13037813050.51036, 114183.24330, 0.91102, -0.60432, 1.05443, 0.54989, 0.01053, 0.98947
3.48430, -3.15040, -1.49161, 4.92852, -0.73511, 1.87827, 124.00000, 498491.00000, 11132.00000, 92719.62097, 11222535876.02569, 105936.47094, 0.91102, -2.88604, 2.59457, 1.29147, 0.01613, 0.98387
2.85909, -3.75484, -1.40973, 4.92550, -0.92001, 1.86107, 100.00000, 426447.00000, 12996.00000, 107810.52000, 10192378939.48960, 100957.31246, 0.94766, -1.25387, 1.66465, 0.58922, 0.01000, 0.99000
1.49161, -3.48430, -3.15040, 4.92852, -1.16631, 2.26428, 44.00000, 440337.00000, 17039.00000, 148853.18182, 12493376696.14876, 111773.77463, 0.91102, -0.30829, 0.68893, 0.61936, 0.06818, 0.93182
0.70086, -2.75567, -4.02561, 4.92853, -1.32174, 2.52663, 22.00000, 483971.00000, 21297.00000, 175125.40909, 18847323896.42355, 137285.55604, 0.90081, -0.13313, 0.46424, 0.66888, 0.09091, 0.90909
1.97536, -2.21782, -3.93313, 4.92852, -0.84316, 2.49482, 36.00000, 467457.00000, 12810.00000, 177248.63889, 13904582880.28627, 117917.69537, 0.91102, -0.49591, 0.54500, 0.95092, 0.22222, 0.77778
1.40973, -2.85909, -3.75484, 4.92550, -1.11271, 2.43770, 36.00000, 475145.00000, 18253.00000, 163071.58333, 14147464830.46528, 118943.11594, 0.94766, -0.25296, 0.53830, 0.71466, 0.11111, 0.88889
3.93313, -1.97536, -2.21782, 4.92852, -0.46544, 2.03756, 96.00000, 487661.00000, 13656.00000, 126160.38542, 14008328724.09104, 118356.78571, 0.91102, -10.56672, 5.51065, 6.05607, 0.04167, 0.95833
3.15040, -1.49161, -3.48430, 4.92852, -0.44220, 2.35600, 44.00000, 446865.00000, 17372.00000, 146362.45455, 13976328632.24793, 118221.52356, 0.91102, -1.63909, 0.81587, 1.82322, 0.20455, 0.79545
4.02561, -0.70086, -2.75567, 4.92853, -0.17237, 2.16413, 28.00000, 476862.00000, 23091.00000, 155220.60714, 11548265292.09566, 107462.85541, 0.90081, 9.35336, -1.86160, -6.49176, 0.10714, 0.89286
3.75484, -1.40973, -2.85909, 4.92550, -0.35916, 2.19010, 49.00000, 491643.00000, 22519.00000, 164755.91837, 20572631832.72803, 143431.62773, 0.94766, -9.32863, 3.30198, 7.02665, 0.12245, 0.87755
2.20355, -3.47499, -2.68919, 4.91558, -1.00567, 2.14966, 50.00000, 477967.00000, 7125.00000, 115919.64000, 14421144236.15040, 120088.06867, 1.08598, -0.56481, 0.87972, 0.68510, 0.02000, 0.98000
2.68919, -2.20355, -3.47499, 4.91558, -0.68646, 2.35595, 45.00000, 481163.00000, 22941.00000, 163434.62222, 17702610943.70173, 133051.15912, 1.08598, -0.90211, 0.74373, 1.15838, 0.08889, 0.91111
3.47499, -2.68919, -2.20355, 4.91558, -0.65860, 2.03563, 78.00000, 475619.00000, 12898.00000, 103981.69231, 11825879789.80276, 108746.86106, 1.08598, -2.37638, 1.85065, 1.52573, 0.02564, 0.97436
2.83550, -2.83550, -2.83550, 4.91123, -0.78540, 2.18628, 76.00000, 492405.00000, 7335.00000, 103243.98684, 11661901975.77614, 107990.28649, 1.14286, -1.00000, 1.00000, 1.00000, 0.02632, 0.97368
3.18882, -3.75791, 0.00000, 4.92853, -0.86714, 1.57080, 100.00000, 488077.00000, 11198.00000, 100775.50000, 10536743466.23000, 102648.64084, 0.90081, -7.64229, 8.64229, -0.00000, 0.00000, 1.00000
3.92241, -2.87963, -0.78273, 4.92852, -0.63328, 1.73029, 119.00000, 497396.00000, 10050.00000, 85103.14286, 8288359967.53421, 91040.43040, 0.91102, 10.75154, -7.66476, -2.08678, 0.00840, 0.99160
3.92241, -2.87963, 0.78273, 4.92852, -0.63328, 1.41130, 85.00000, 487946.00000, 14996.00000, 126894.02353, 13072971821.27003, 114337.09731, 0.91102, 2.07817, -1.48153, 0.40335, 0.03529, 0.96471
3.73035, -3.21637, 0.00000, 4.92550, -0.71154, 1.57080, 81.00000, 432948.00000, 6212.00000, 93421.85185, 7045716864.94101, 83938.76855, 0.94766, 9.06739, -8.06739, 0.00000, 0.00000, 1.00000
4.37124, -1.70460, -1.50894, 4.92852, -0.37182, 1.88196, 78.00000, 436977.00000, 11807.00000, 91349.42308, 7170720685.37229, 84680.10797, 0.91102, 3.63662, -1.43665, -1.19997, 0.05128, 0.94872
4.45876, -0.43315, -2.05481, 4.92853, -0.09684, 2.00085, 26.00000, 417136.00000, 21704.00000, 154210.61538, 15091796483.15976, 122848.67310, 0.90081, 2.22389, -0.24359, -0.98030, 0.07692, 0.92308
4.85499, -0.43811, -0.72621, 4.92852, -0.09000, 1.71868, 32.00000, 432190.00000, 24261.00000, 159627.71875, 13615173584.32715, 116684.07597, 0.91102, 1.31474, -0.13162, -0.18312, 0.12500, 0.87500
4.62611, -0.87126, -1.44936, 4.92550, -0.18616, 1.86947, 26.00000, 423424.00000, 34157.00000, 130186.19231, 8255062971.07840, 90857.37709, 0.94766, 2.02881, -0.36416, -0.66465, 0.00000, 1.00000
4.37124, -1.70460, 1.50894, 4.92852, -0.37182, 1.25963, 59.00000, 427875.00000, 28917.00000, 154479.50847, 12279378383.67365, 110812.35664, 0.91102, 1.06961, -0.42255, 0.35294, 0.01695, 0.98305
4.85499, -0.43811, 0.72621, 4.92852, -0.09000, 1.42291, 24.00000, 481893.00000, 36905.00000, 203137.54167, 15287377589.41493, 123642.13517, 0.91102, 0.96230, -0.09634, 0.13403, 0.08333, 0.91667
4.45876, -0.43315, 2.05481, 4.92853, -0.09684, 1.14074, 15.00000, 328398.00000, 26380.00000, 190402.46667, 7936826103.71556, 89088.86633, 0.90081, 0.75116, -0.08228, 0.33112, 0.00000, 1.00000
4.62611, -0.87126, 1.44936, 4.92550, -0.18616, 1.27212, 27.00000, 474714.00000, 16110.00000, 177061.96296, 18823291594.25789, 137198.00142, 0.94766, 0.87099, -0.15634, 0.28534, 0.00000, 1.00000
4.35121, -2.14766, -0.78579, 4.91558, -0.45850, 1.73134, 77.00000, 459409.00000, 12468.00000, 104305.03896, 9861885131.77770, 99307.02458, 1.08598, 2.99442, -1.46868, -0.52573, 0.02597, 0.97403
4.83686, -0.87622, 0.00000, 4.91558, -0.17921, 1.57080, 26.00000, 387914.00000, 25464.00000, 142478.30769, 10879264278.59763, 104303.71172, 1.08598, 1.22879, -0.22879, 0.00000, 0.03846, 0.96154
4.35121, -2.14766, 0.78579, 4.91558, -0.45850, 1.41025, 53.00000, 376278.00000, 22336.00000, 115480.64151, 10731713684.79601, 103593.98479, 1.08598, 1.45965, -0.71592, 0.25627, 0.00000, 1.00000
4.58794, -1.75244, 0.00000, 4.91123, -0.36486, 1.57080, 61.00000, 468053.00000, 16987.00000, 129504.73770, 10434214126.94759, 102148.00109, 1.14286, 1.61803, -0.61803, 0.00000, 0.04918, 0.95082
0.43315, -2.05481, 4.45876, 4.92853, -1.36304, 0.44016, 4.00000, 435914.00000, 93038.00000, 274621.25000, 16913813509.68750, 130053.11803, 0.90081, 0.16379, -0.65917, 1.49537, 0.00000, 1.00000
1.70460, -1.50894, 4.37124, 4.92852, -0.72459, 0.48015, 5.00000, 345011.00000, 225977.00000, 280051.00000, 1710672520.00000, 41360.27708, 0.91102, 0.37091, -0.30980, 0.93889, 0.00000, 1.00000
0.43811, -0.72621, 4.85499, 4.92852, -1.02797, 0.17295, 4.00000, 330170.00000, 131236.00000, 227658.75000, 6180615830.68750, 78616.89278, 0.91102, 0.10419, -0.14496, 1.04077, 0.00000, 1.00000
0.87126, -1.44936, 4.62611, 4.92550, -1.02954, 0.35046, 4.00000, 373922.00000, 221390.00000, 283856.00000, 3253131690.50000, 57036.23138, 0.94766, 0.21070, -0.38457, 1.17386, 0.00000, 1.00000
2.87963, -0.78273, 3.92241, 4.92852, -0.26540, 0.65037, 6.00000, 490564.00000, 110939.00000, 289348.83333, 12309376587.13889, 110947.62993, 0.91102, 0.46938, -0.12779, 0.65841, 0.16667, 0.83333
3.75791, 0.00000, 3.18882, 4.92853, 0.00000, 0.86714, 6.00000, 471942.00000, 114296.00000, 252104.50000, 20406702561.58333, 142852.03030, 0.90081, 0.53070, -0.00000, 0.46930, 0.33333, 0.66667
2.87963, 0.78273, 3.92241, 4.92852, 0.26540, 0.65037, 2.00000, 436362.00000, 105501.00000, 270931.50000, 27367250330.25000, 165430.50000, 0.91102, 0.37383, 0.10178, 0.52439, 0.00000, 1.00000
3.21637, 0.00000, 3.73035, 4.92550, 0.00000, 0.71154, 4.00000, 414088.00000, 105246.00000, 255531.50000, 12287871668.75000, 110850.67284, 0.94766, 0.47082, -0.00000, 0.52918, 0.00000, 1.00000
0.43811, 0.72621, 4.85499, 4.92852, 1.02797, 0.17295, 0.00000, 0.00000, 0.00000, 0.00000, 0.00000, 0.00000, 0.91102, 0.08077, 0.11238, 0.80685, 0.00000, 0.00000
1.70460, 1.50894, 4.37124, 4.92852, 0.72459, 0.48015, 1.00000, 409766.00000, 409766.00000, 409766.00000, 0.00000, 0.00000, 0.91102, 0.22901, 0.19128, 0.57970, 0.00000, 1.00000
0.43315, 2.05481, 4.45876, 4.92853, 1.36304, 0.44016, 2.00000, 345250.00000, 182129.00000, 263689.50000, 6652115160.25000, 81560.50000, 0.90081, 0.07065, 0.28433, 0.64502, 0.50000, 0.50000
0.87126, 1.44936, 4.62611, 4.92550, 1.02954, 0.35046, 1.00000, 491163.00000, 491163.00000, 491163.00000, 0.00000, 0.00000, 0.94766, 0.11910, 0.21738, 0.66353, 0.00000, 1.00000
2.14766, -0.78579, 4.35121, 4.91558, -0.35075, 0.48390, 5.00000, 480555.00000, 82564.00000, 208720.20000, 19636859678.16000, 140131.57987, 1.08598, 0.37301, -0.13352, 0.76051, 0.00000, 1.00000
2.14766, 0.78579, 4.35121, 4.91558, 0.35075, 0.48390, 2.00000, 306297.00000, 190994.00000, 248645.50000, 3323695452.25000, 57651.50000, 1.08598, 0.29439, 0.10538, 0.60022, 0.00000, 1.00000
0.87622, 0.00000, 4.83686, 4.91558, 0.00000, 0.17921, 2.00000, 396350.00000, 375446.00000, 385898.00000, 109244304.00000, 10452.00000, 1.08598, 0.15697, -0.00000, 0.84303, 0.50000, 0.50000
1.75244, 0.00000, 4.58794, 4.91123, 0.00000, 0.36486, 5.00000, 426849.00000, 127034.00000, 258071.40000, 16610166789.04000, 128880.43602, 1.14286, 0.27639, 0.00000, 0.72361, 0.00000, 1.00000
-2.75567, -4.02561, 0.70086, 4.92853, -2.17107, 1.42811, 2.00000, 190302.00000, 121101.00000, 155701.50000, 1197194600.25000, 34600.50000, 0.90081, 0.46424, 0.66888, -0.13313, 0.00000, 1.00000
-2.21782, -3.93313, 1.97536, 4.92852, -2.08423, 1.15840, 8.00000, 484768.00000, 93560.00000, 258039.75000, 18478633175.68750, 135936.13639, 0.91102, 0.54500, 0.95092, -0.49591, 0.00000, 1.00000
-3.48430, -3.15040, 1.49161, 4.92852, -2.40648, 1.26333, 2.00000, 387016.00000, 170358.00000, 278687.00000, 11735172241.00000, 108329.00000, 0.91102, 0.68893, 0.61936, -0.30829, 0.00000, 1.00000
-2.85909, -3.75484, 1.40973, 4.92550, -2.22158, 1.28053, 7.00000, 494991.00000, 76825.00000, 306069.85714, 22040100481.55102, 148459.08689, 0.94766, 0.53830, 0.71466, -0.25296, 0.00000, 1.00000
-1.49161, -3.48430, 3.15040, 4.92852, -1.97528, 0.87732, 2.00000, 241832.00000, 165973.00000, 203902.50000, 1438646970.25000, 37929.50000, 0.91102, 0.81587, 1.82322, -1.63909, 0.00000, 1.00000
-0.70086, -2.75567, 4.02561, 4.92853, -1.81985, 0.61496, 6.00000, 420559.00000, 79755.00000, 268830.33333, 11135083075.88889, 105522.90309, 0.90081, -1.86160, -6.49176, 9.35336, 0.00000, 1.00000
-1.97536, -2.21782, 3.93313, 4.92852, -2.29844, 0.64677, 3.00000, 334086.00000, 207132.00000, 272314.66667, 2692038283.55556, 51884.85601, 0.91102, 5.51065, 6.05607, -10.56672, 0.00000, 1.00000
-1.40973, -2.85909, 3.75484, 4.92550, -2.02888, 0.70390, 3.00000, 395838.00000, 278015.00000, 354411.00000, 2925125368.66667, 54084.42815, 0.94766, 3.30198, 7.02665, -9.32863, 0.00000, 1.00000
-3.93313, -1.97536, 2.21782, 4.92852, -2.67616, 1.10403, 2.00000, 320117.00000, 288838.00000, 304477.50000, 244593960.25000, 15639.50000, 0.91102, 1.05443, 0.54989, -0.60432, 0.50000, 0.50000
-3.15040, -1.49161, 3.48430, 4.92852, -2.69940, 0.78559, 2.00000, 377655.00000, 203344.00000, 290499.50000, 7596081180.25000, 87155.50000, 0.91102, 2.59457, 1.29147, -2.88604, 0.50000, 0.50000
-4.02561, -0.70086, 2.75567, 4.92853, -2.96922, 0.97747, 0.00000, 0.00000, 0.00000, 0.00000, 0.00000, 0.00000, 0.90081, 1.98030, 0.39414, -1.37444, 0.00000, 0.00000
-3.75484, -1.40973, 2.85909, 4.92550, -2.78243, 0.95149, 1.00000, 183139.00000, 183139.00000, 183139.00000, 0.00000, 0.00000, 0.94766, 1.66465, 0.58922, -1.25387, 0.00000, 1.00000
-2.20355, -3.47499, 2.68919, 4.91558, -2.13592, 0.99193, 3.00000, 478232.00000, 330261.00000, 412255.00000, 3777508284.66667, 61461.43738, 1.08598, 0.74373, 1.15838, -0.90211, 0.00000, 1.00000
-2.68919, -2.20355, 3.47499, 4.91558, -2.45513, 0.78564, 0.00000, 0.00000, 0.00000, 0.00000, 0.00000, 0.00000, 1.08598, 1.85065, 1.52573, -2.37638, 0.00000, 0.00000
-3.47499, -2.68919, 2.20355, 4.91558, -2.48299, 1.10596, 1.00000, 337980.00000, 337980.00000, 337980.00000, 0.00000, 0.00000, 1.08598, 0.87972, 0.68510, -0.56481, 0.00000, 1.00000
-2.83550, -2.83550, 2.83550, 4.91123, -2.35619, 0.95532, 1.00000, 137557.00000, 137557.00000, 137557.00000, 0.00000, 0.00000, 1.14286, 1.00000, 1.00000, -1.00000, 0.00000, 1.00000
-0.70086, -2.75567, -4.02561, 4.92853, -1.81985, 2.52663, 17.00000, 477669.00000, 73836.00000, 200204.94118, 7944483120.40830, 89131.83001, 0.90081, 0.10514, 0.36663, 0.52824, 0.23529, 0.76471
-1.49161, -3.48430, -3.15040, 4.92852, -1.97528, 2.26428, 12.00000, 440763.00000, 67052.00000, 180784.66667, 16428440071.55556, 128173.47647, 0.91102, 0.19070, 0.42617, 0.38313, 0.16667, 0.83333
-1.97536, -2.21782, -3.93313, 4.92852, -2.29844, 2.49482, 3.00000, 250600.00000, 61302.00000, 166831.00000, 6209037600.66667, 78797.44666, 0.91102, 0.24897, 0.27362, 0.47741, 0.00000, 1.00000
-1.40973, -2.85909, -3.75484, 4.92550, -2.02888, 2.43770, 10.00000, 396165.00000, 61700.00000, 225500.70000, 11159379145.61000, 105637.96262, 0.94766, 0.16798, 0.35746, 0.47456, 0.40000, 0.60000
-2.21782, -3.93313, -1.97536, 4.92852, -2.08423, 1.98319, 7.00000, 482173.00000, 49211.00000, 189246.85714, 21566487346.69387, 146855.32795, 0.91102, 0.27362, 0.47741, 0.24897, 0.00000, 1.00000
-2.75567, -4.02561, -0.70086, 4.92853, -2.17107, 1.71348, 2.00000, 301224.00000, 284642.00000, 292933.00000, 68740681.00000, 8291.00000, 0.90081, 0.36663, 0.52824, 0.10514, 0.00000, 1.00000
-3.48430, -3.15040, -1.49161, 4.92852, -2.40648, 1.87827, 7.00000, 446308.00000, 55145.00000, 270458.00000, 19854759408.57143, 140906.91753, 0.91102, 0.42617, 0.38313, 0.19070, 0.14286, 0.85714
-2.85909, -3.75484, -1.40973, 4.92550, -2.22158, 1.86107, 6.00000, 445563.00000, 192648.00000, 326508.00000, 9051687988.00000, 95140.35941, 0.94766, 0.35746, 0.47456, 0.16798, 0.00000, 1.00000
-3.15040, -1.49161, -3.48430, 4.92852, -2.69940, 2.35600, 6.00000, 442208.00000, 115408.00000, 265491.50000, 10953880649.91667, 104660.78850, 0.91102, 0.38313, 0.19070, 0.42617, 0.83333, 0.16667
-3.93313, -1.97536, -2.21782, 4.92852, -2.67616, 2.03756, 2.00000, 287790.00000, 173930.00000, 230860.00000, 3241024900.00000, 56930.00000, 0.91102, 0.47741, 0.24897, 0.27362, 0.50000, 0.50000
-4.02561, -0.70086, -2.75567, 4.92853, -2.96922, 2.16413, 4.00000, 446904.00000, 78902.00000, 270332.00000, 19748078841.50000, 140527.85788, 0.90081, 0.52824, 0.10514, 0.36663, 0.75000, 0.25000
-3.75484, -1.40973, -2.85909, 4.92550, -2.78243, 2.19010, 6.00000, 449832.00000, 194568.00000, 350596.00000, 7908510459.66667, 88929.80636, 0.94766, 0.47456, 0.16798, 0.35746, 0.66667, 0.33333
-2.20355, -3.47499, -2.68919, 4.91558, -2.13592, 2.14966, 9.00000, 425748.00000, 107362.00000, 236248.33333, 12636468073.33333, 112412.04594, 1.08598, 0.26522, 0.41309, 0.32170, 0.33333, 0.66667
-3.47499, -2.68919, -2.20355, 4.91558, -2.48299, 2.03563, 2.00000, 360315.00000, 171511.00000, 265913.00000, 8911737604.00000, 94402.00000, 1.08598, 0.41309, 0.32170, 0.26522, 0.50000, 0.50000
-2.68919, -2.20355, -3.47499, 4.91558, -2.45513, 2.35595, 1.00000, 181959.00000, 181959.00000, 181959.00000, 0.00000, 0.00000, 1.08598, 0.32170, 0.26522, 0.41309, 0.00000, 1.00000
-2.83550, -2.83550, -2.83550, 4.91123, -2.35619, 2.18628, 1.00000, 294443.00000, 294443.00000, 294443.00000, 0.00000, 0.00000, 1.14286, 0.33333, 0.33333, 0.33333, 1.00000, 0.00000
3.75791, 0.00000, -3.18882, 4.92853, 0.00000, 2.27446, 29.00000, 451318.00000, 45860.00000, 173911.17241, 15125093262.34958, 122984.11793, 0.90081, 8.64229, 0.00000, -7.64229, 0.34483, 0.65517
2.87963, -0.78273, -3.92241, 4.92852, -0.26540, 2.49122, 30.00000, 481846.00000, 45490.00000, 186207.63333, 11630680506.23222, 107845.63276, 0.91102, -1.48153, 0.40335, 2.07817, 0.23333, 0.76667
2.87963, 0.78273, -3.92241, 4.92852, 0.26540, 2.49122, 27.00000, 499772.00000, 43617.00000, 208707.00000, 15187115620.96296, 123236.01592, 0.91102, -7.66476, -2.08678, 10.75154, 0.66667, 0.33333
3.21637, 0.00000, -3.73035, 4.92550, 0.00000, 2.43005, 19.00000, 484016.00000, 88719.00000, 227342.00000, 12035487198.84211, 109706.36809, 0.94766, -8.06739, -0.00000, 9.06739, 0.42105, 0.57895
1.70460, -1.50894, -4.37124, 4.92852, -0.72459, 2.66145, 28.00000, 474443.00000, 30035.00000, 178465.32143, 12139946351.93240, 110181.42471, 0.91102, -0.42255, 0.35294, 1.06961, 0.25000, 0.75000
0.43315, -2.05481, -4.45876, 4.92853, -1.36304, 2.70143, 14.00000, 482391.00000, 61085.00000, 185971.28571, 17143254234.48980, 130932.25055, 0.90081, -0.08228, 0.33112, 0.75116, 0.28571, 0.71429
0.43811, -0.72621, -4.85499, 4.92852, -1.02797, 2.96865, 27.00000, 499195.00000, 66142.00000, 258496.48148, 16983542333.58299, 130320.92055, 0.91102, -0.09634, 0.13403, 0.96230, 0.44444, 0.55556
0.87126, -1.44936, -4.62611, 4.92550, -1.02954, 2.79113, 22.00000, 444925.00000, 41384.00000, 190637.68182, 12184130982.67149, 110381.75113, 0.94766, -0.15634, 0.28534, 0.87099, 0.50000, 0.50000
1.70460, 1.50894, -4.37124, 4.92852, 0.72459, 2.66145, 34.00000, 496990.00000, 20509.00000, 206060.29412, 14015732235.50173, 118388.05782, 0.91102, -1.43665, -1.19997, 3.63662, 0.82353, 0.17647
0.43811, 0.72621, -4.85499, 4.92852, 1.02797, 2.96865, 32.00000, 407752.00000, 28164.00000, 190156.87500, 10563267660.67188, 102777.75859, 0.91102, -0.13162, -0.18312, 1.31474, 0.75000, 0.25000
0.43315, 2.05481, -4.45876, 4.92853, 1.36304, 2.70143, 30.00000, 446766.00000, 23897.00000, 150668.10000, 10840424453.49000, 104117.35904, 0.90081, -0.24359, -0.98030, 2.22389, 0.86667, 0.13333
0.87126, 1.44936, -4.62611, 4.92550, 1.02954, 2.79113, 41.00000, 498390.00000, 30181.00000, 193961.07317, 15543357451.87270, 124673.00210, 0.94766, -0.36416, -0.66465, 2.02881, 0.85366, 0.14634
2.14766, -0.78579, -4.35121, 4.91558, -0.35075, 2.65769, 22.00000, 399168.00000, 39232.00000, 199708.31818, 12854590048.39876, 113378.08452, 1.08598, -0.71592, 0.25627, 1.45965, 0.36364, 0.63636
0.87622, 0.00000, -4.83686, 4.91558, 0.00000, 2.96238, 19.00000, 443370.00000, 42115.00000, 172818.63158, 11219817345.49585, 105923.63922, 1.08598, -0.22879, -0.00000, 1.22879, 0.73684, 0.26316
2.14766, 0.78579, -4.35121, 4.91558, 0.35075, 2.65769, 15.00000, 417725.00000, 81938.00000, 199581.66667, 12496794683.55555, 111789.06335, 1.08598, -1.46868, -0.52573, 2.99442, 0.66667, 0.33333
1.75244, 0.00000, -4.58794, 4.91123, 0.00000, 2.77673, 36.00000, 485666.00000, 43446.00000, 214788.44444, 17562279492.13580, 132522.75085, 1.14286, -0.61803, -0.00000, 1.61803, 0.63889, 0.36111
4.45876, 0.43315, 2.05481, 4.92853, 0.09684, 1.14074, 9.00000, 347542.00000, 57258.00000, 202372.44444, 9155727154.24691, 95685.56398, 0.90081, 0.64502, 0.07065, 0.28433, 0.11111, 0.88889
4.85499, 0.43811, 0.72621, 4.92852, 0.09000, 1.42291, 15.00000, 498259.00000, 72895.00000, 226797.26667, 15141322418.32889, 123050.08094, 0.91102, 0.80685, 0.08077, 0.11238, 0.26667, 0.73333
4.37124, 1.70460, 1.50894, 4.92852, 0.37182, 1.25963, 8.00000, 282737.00000, 72904.00000, 188883.75000, 4084140263.18750, 63907.27864, 0.91102, 0.57970, 0.22901, 0.19128, 0.25000, 0.75000
4.62611, 0.87126, 1.44936, 4.92550, 0.18616, 1.27212, 11.00000, 384441.00000, 83718.00000, 199339.63636, 7346718342.41322, 85712.99984, 0.94766, 0.66353, 0.11910, 0.21738, 0.36364, 0.63636
4.85499, 0.43811, -0.72621, 4.92852, 0.09000, 1.71868, 23.00000, 450385.00000, 57319.00000, 205200.52174, 11917497682.07561, 109167.29218, 0.91102, 1.04077, 0.10419, -0.14496, 0.30435, 0.69565
4.45876, 0.43315, -2.05481, 4.92853, 0.09684, 2.00085, 24.00000, 454140.00000, 38393.00000, 248813.95833, 15417999039.95660, 124169.23548, 0.90081, 1.49537, 0.16379, -0.65917, 0.33333, 0.66667
4.37124, 1.70460, -1.50894, 4.92852, 0.37182, 1.88196, 22.00000, 426720.00000, 49448.00000, 186442.81818, 8594051181.51240, 92704.10553, 0.91102, 0.93889, 0.37091, -0.30980, 0.59091, 0.40909
4.62611, 0.87126, -1.44936, 4.92550, 0.18616, 1.86947, 13.00000, 494555.00000, 106561.00000, 240122.07692, 14326457692.07100, 119693.18148, 0.94766, 1.17386, 0.21070, -0.38457, 0.30769, 0.69231
3.92241, 2.87963, 0.78273, 4.92852, 0.63328, 1.41130, 6.00000, 406158.00000, 99219.00000, 218276.66667, 10558535423.22222, 102754.73431, 0.91102, 0.52439, 0.37383, 0.10178, 0.33333, 0.66667
3.92241, 2.87963, -0.78273, 4.92852, 0.63328, 1.73029, 15.00000, 477071.00000, 71010.00000, 295689.06667, 13007083710.19555, 114048.60240, 0.91102, 0.65841, 0.46938, -0.12779, 0.53333, 0.46667
3.18882, 3.75791, 0.00000, 4.92853, 0.86714, 1.57080, 9.00000, 458470.00000, 62729.00000, 222935.00000, 12842349937.77778, 113324.09249, 0.90081, 0.46930, 0.53070, 0.00000, 0.88889, 0.11111
3.73035, 3.21637, 0.00000, 4.92550, 0.71154, 1.57080, 6.00000, 467030.00000, 78183.00000, 322445.00000, 18646004868.00000, 136550.37484, 0.94766, 0.52918, 0.47082, 0.00000, 0.66667, 0.33333
4.83686, 0.87622, 0.00000, 4.91558, 0.17921, 1.57080, 12.00000, 480767.00000, 40145.00000, 182131.83333, 15567363643.63889, 124769.24158, 1.08598, 0.84303, 0.15697, 0.00000, 0.16667, 0.83333
4.35121, 2.14766, -0.78579, 4.91558, 0.45850, 1.73134, 7.00000, 406584.00000, 74915.00000, 276524.14286, 10405444335.26531, 102007.07983, 1.08598, 0.76051, 0.37301, -0.13352, 0.71429, 0.28571
4.35121, 2.14766, 0.78579, 4.91558, 0.45850, 1.41025, 12.00000, 478274.00000, 73659.00000, 280631.16667, 12534323669.47222, 111956.79376, 1.08598, 0.60022, 0.29439, 0.10538, 0.41667, 0.58333
4.58794, 1.75244, 0.00000, 4.91123, 0.36486, 1.57080, 9.00000, 475833.00000, 76922.00000, 212844.88889, 16419624409.43210, 128139.08229, 1.14286, 0.72361, 0.27639, -0.00000, 0.44444, 0.55556
