-2.75567, 4.02561, 0.70086, 4.92853, 2.17107, 1.42811, 57.00000, 479532.00000, 14845.00000, 128640.49123, 12534877276.91659, 111959.26615, 0.90081, -1.37444, 1.98030, 0.39414, 0.96491, 0.03509
-3.48430, 3.15040, 1.49161, 4.92852, 2.40648, 1.26333, 60.00000, 470911.00000, 19877.00000, 164944.73333, 14072754500.76222, 118628.64115, 0.91102, -2.88604, 2.59457, 1.29147, 0.90000, 0.10000
-2.21782, 3.93313, 1.97536, 4.92852, 2.08423, 1.15840, 49.00000, 441547.00000, 20384.00000, 153874.10204, 15348093399.68347, 123887.42228, 0.91102, -0.60432, 1.05443, 0.54989, 0.97959, 0.02041
-2.85909, 3.75484, 1.40973, 4.92550, 2.22158, 1.28053, 43.00000, 393431.00000, 20601.00000, 135941.20930, 10405960719.46782, 102009.61092, 0.94766, -1.25387, 1.66465, 0.58922, 0.97674, 0.02326
-3.93313, 1.97536, 2.21782, 4.92852, 2.67616, 1.10403, 36.00000, 494339.00000, 30956.00000, 196785.91667, 13867513731.57639, 117760.40817, 0.91102, -10.56672, 5.51065, 6.05607, 0.86111, 0.13889
-4.02561, 0.70086, 2.75567, 4.92853, 2.96922, 0.97747, 18.00000, 456314.00000, 55244.00000, 224512.88889, 12426263548.54321, 111473.15169, 0.90081, 9.35336, -1.86160, -6.49176, 0.66667, 0.33333
-3.15040, 1.49161, 3.48430, 4.92852, 2.69940, 0.78559, 20.00000, 462887.00000, 99882.00000, 254217.00000, 12810294574.20000, 113182.57187, 0.91102, -1.63909, 0.81587, 1.82322, 0.50000, 0.50000
-3.75484, 1.40973, 2.85909, 4.92550, 2.78243, 0.95149, 17.00000, 429317.00000, 54019.00000, 221932.58824, 14430125600.83045, 120125.45775, 0.94766, -9.32863, 3.30198, 7.02665, 0.82353, 0.17647
-1.49161, 3.48430, 3.15040, 4.92852, 1.97528, 0.87732, 40.00000, 407409.00000, 35488.00000, 177932.35000, 10852787703.57750, 104176.71383, 0.91102, -0.30829, 0.68893, 0.61936, 0.77500, 0.22500
-1.97536, 2.21782, 3.93313, 4.92852, 2.29844, 0.64677, 27.00000, 482765.00000, 41162.00000, 202840.96296, 15181243652.62826, 123212.18955, 0.91102, -0.49591, 0.54500, 0.95092, 0.40741, 0.59259
-0.70086, 2.75567, 4.02561, 4.92853, 1.81985, 0.61496, 26.00000, 348469.00000, 53479.00000, 144013.69231, 6431242585.05917, 80195.02843, 0.90081, -0.13313, 0.46424, 0.66888, 0.30769, 0.69231
-1.40973, 2.85909, 3.75484, 4.92550, 2.02888, 0.70390, 20.00000, 485587.00000, 40172.00000, 238393.15000, 15802527757.12750, 125708.10538, 0.94766, -0.25296, 0.53830, 0.71466, 0.45000, 0.55000
-3.47499, 2.68919, 2.20355, 4.91558, 2.48299, 1.10596, 18.00000, 448010.00000, 38822.00000, 206813.00000, 14405865245.66667, 120024.43604, 1.08598, -2.37638, 1.85065, 1.52573, 0.83333, 0.16667
-2.68919, 2.20355, 3.47499, 4.91558, 2.45513, 0.78564, 25.00000, 431895.00000, 42194.00000, 197999.60000, 13384065310.88000, 115689.52118, 1.08598, -0.90211, 0.74373, 1.15838, 0.64000, 0.36000
-2.20355, 3.47499, 2.68919, 4.91558, 2.13592, 0.99193, 27.00000, 469707.00000, 40664.00000, 142564.77778, 11044492272.32099, 105092.77935, 1.08598, -0.56481, 0.87972, 0.68510, 0.77778, 0.22222
-2.83550, 2.83550, 2.83550, 4.91123, 2.35619, 0.95532, 25.00000, 479923.00000, 48749.00000, 207562.96000, 15883665470.59840, 126030.41486, 1.14286, -1.00000, 1.00000, 1.00000, 0.84000, 0.16000
-2.05481, 4.45876, 0.43315, 4.92853, 2.00263, 1.48280, 70.00000, 498385.00000, 15744.00000, 126166.71429, 11905520486.28979, 109112.42132, 0.90081, -0.65917, 1.49537, 0.16379, 0.98571, 0.01429
-1.50894, 4.37124, 1.70460, 4.92852, 1.90319, 1.21764, 56.00000, 473216.00000, 16702.00000, 154550.10714, 13715199543.84566, 117111.91034, 0.91102, -0.30980, 0.93889, 0.37091, 0.87500, 0.12500
-0.72621, 4.85499, 0.43811, 4.92852, 1.71928, 1.48179, 70.00000, 492659.00000, 14664.00000, 137407.38571, 12801764379.80837, 113144.88225, 0.91102, -0.14496, 1.04077, 0.10419, 0.94286, 0.05714
-1.44936, 4.62611, 0.87126, 4.92550, 1.87441, 1.39297, 68.00000, 452751.00000, 10999.00000, 137343.73529, 13178701533.95934, 114798.52584, 0.94766, -0.38457, 1.17386, 0.21070, 0.95588, 0.04412
-0.78273, 3.92241, 2.87963, 4.92852, 1.76776, 0.94680, 39.00000, 461999.00000, 45890.00000, 192787.30769, 14970570391.08481, 122354.28228, 0.91102, -0.12779, 0.65841, 0.46938, 0.58974, 0.41026
0.00000, 3.18882, 3.75791, 4.92853, 1.57080, 0.70366, 31.00000, 462591.00000, 46315.00000, 207399.54839, 13111484442.63476, 114505.39045, 0.90081, -0.00000, 0.46930, 0.53070, 0.35484, 0.64516
0.78273, 3.92241, 2.87963, 4.92852, 1.37383, 0.94680, 31.00000, 466523.00000, 45192.00000, 211218.03226, 18151019034.67638, 134725.71779, 0.91102, 0.10178, 0.52439, 0.37383, 0.32258, 0.67742
0.00000, 3.73035, 3.21637, 4.92550, 1.57080, 0.85925, 30.00000, 475486.00000, 29785.00000, 191843.00000, 13080559850.33333, 114370.27520, 0.94766, -0.00000, 0.52918, 0.47082, 0.43333, 0.56667
0.72621, 4.85499, 0.43811, 4.92852, 1.42232, 1.48179, 37.00000, 486407.00000, 19875.00000, 196961.10811, 17171291172.25858, 131039.27340, 0.91102, 0.11238, 0.80685, 0.08077, 0.86486, 0.13514
1.50894, 4.37124, 1.70460, 4.92852, 1.23841, 1.21764, 25.00000, 469705.00000, 47378.00000, 175799.72000, 12633373479.96160, 112398.28059, 0.91102, 0.19128, 0.57970, 0.22901, 0.44000, 0.56000
2.05481, 4.45876, 0.43315, 4.92853, 1.13896, 1.48280, 24.00000, 451424.00000, 33244.00000, 233727.70833, 16935148899.37326, 130135.11786, 0.90081, 0.28433, 0.64502, 0.07065, 0.79167, 0.20833
1.44936, 4.62611, 0.87126, 4.92550, 1.26718, 1.39297, 24.00000, 448141.00000, 61052.00000, 214243.75000, 15525569735.93750, 124601.64419, 0.94766, 0.21738, 0.66353, 0.11910, 0.79167, 0.20833
-0.78579, 4.35121, 2.14766, 4.91558, 1.74946, 1.11864, 35.00000, 469060.00000, 24668.00000, 165791.45714, 13450286891.21959, 115975.37192, 1.08598, -0.13352, 0.76051, 0.37301, 0.71429, 0.28571
0.78579, 4.35121, 2.14766, 4.91558, 1.39213, 1.11864, 18.00000, 404102.00000, 56784.00000, 179451.44444, 7829259344.91358, 88483.10203, 1.08598, 0.10538, 0.60022, 0.29439, 0.55556, 0.44444
0.00000, 4.83686, 0.87622, 4.91558, 1.57080, 1.39159, 28.00000, 498352.00000, 33325.00000, 168710.32143, 13733459947.64668, 117189.84575, 1.08598, -0.00000, 0.84303, 0.15697, 0.85714, 0.14286
0.00000, 4.58794, 1.75244, 4.91123, 1.57080, 1.20593, 33.00000, 406117.00000, 48829.00000, 175323.33333, 10963867174.04040, 104708.48664, 1.14286, 0.00000, 0.72361, 0.27639, 0.78788, 0.21212
-2.05481, 4.45876, -0.43315, 4.92853, 2.00263, 1.65880, 89.00000, 441361.00000, 13280.00000, 106792.29213, 7465876907.33039, 86405.30601, 0.90081, -0.98030, 2.22389, -0.24359, 0.96629, 0.03371
-0.72621, 4.85499, -0.43811, 4.92852, 1.71928, 1.65981, 61.00000, 466276.00000, 25069.00000, 159309.65574, 14298220677.86509, 119575.16748, 0.91102, -0.18312, 1.31474, -0.13162, 1.00000, 0.00000
-1.50894, 4.37124, -1.70460, 4.92852, 1.90319, 1.92396, 61.00000, 473032.00000, 21105.00000, 137010.00000, 13659801820.19672, 116875.15485, 0.91102, -1.19997, 3.63662, -1.43665, 0.98361, 0.01639
-1.44936, 4.62611, -0.87126, 4.92550, 1.87441, 1.74862, 64.00000, 425681.00000, 15211.00000, 120604.68750, 8730740861.93359, 93438.43354, 0.94766, -0.66465, 2.02881, -0.36416, 1.00000, 0.00000
0.72621, 4.85499, -0.43811, 4.92852, 1.42232, 1.65981, 39.00000, 387296.00000, 19675.00000, 162393.35897, 12774910836.12755, 113026.15112, 0.91102, 0.13403, 0.96230, -0.09634, 0.89744, 0.10256
2.05481, 4.45876, -0.43315, 4.92853, 1.13896, 1.65880, 11.00000, 453751.00000, 68779.00000, 191231.18182, 12295199731.23967, 110883.72167, 0.90081, 0.33112, 0.75116, -0.08228, 0.90909, 0.09091
1.50894, 4.37124, -1.70460, 4.92852, 1.23841, 1.92396, 25.00000, 486691.00000, 24439.00000, 206319.64000, 17735743269.51040, 133175.61064, 0.91102, 0.35294, 1.06961, -0.42255, 0.96000, 0.04000
1.44936, 4.62611, -0.87126, 4.92550, 1.26718, 1.74862, 16.00000, 476571.00000, 65359.00000, 216001.68750, 17293464812.33984, 131504.61898, 0.94766, 0.28534, 0.87099, -0.15634, 0.93750, 0.06250
-0.78273, 3.92241, -2.87963, 4.92852, 1.76776, 2.19479, 36.00000, 480570.00000, 28251.00000, 188765.61111, 16967247619.45988, 130258.38790, 0.91102, -2.08678, 10.75154, -7.66476, 0.94444, 0.05556
0.78273, 3.92241, -2.87963, 4.92852, 1.37383, 2.19479, 22.00000, 479746.00000, 47915.00000, 193840.72727, 15392711912.47108, 124067.36844, 0.91102, 0.40335, 2.07817, -1.48153, 0.95455, 0.04545
0.00000, 3.18882, -3.75791, 4.92853, 1.57080, 2.43793, 14.00000, 472745.00000, 50792.00000, 206480.07143, 15735791756.49489, 125442.38421, 0.90081, -0.00000, -7.64229, 8.64229, 0.92857, 0.07143
0.00000, 3.73035, -3.21637, 4.92550, 1.57080, 2.28234, 21.00000, 456868.00000, 76084.00000, 215254.14286, 10134337605.36054, 100669.44723, 0.94766, 0.00000, 9.06739, -8.06739, 1.00000, 0.00000
0.00000, 4.83686, -0.87622, 4.91558, 1.57080, 1.75001, 28.00000, 443238.00000, 22800.00000, 172555.53571, 22957008057.46301, 151515.70235, 1.08598, 0.00000, 1.22879, -0.22879, 0.92857, 0.07143
0.78579, 4.35121, -2.14766, 4.91558, 1.39213, 2.02296, 19.00000, 471619.00000, 51203.00000, 226296.78947, 15543213397.74515, 124672.42437, 1.08598, 0.25627, 1.45965, -0.71592, 1.00000, 0.00000
-0.78579, 4.35121, -2.14766, 4.91558, 1.74946, 2.02296, 49.00000, 451300.00000, 23317.00000, 173990.91837, 13202695172.44231, 114902.98156, 1.08598, -0.52573, 2.99442, -1.46868, 0.97959, 0.02041
0.00000, 4.58794, -1.75244, 4.91123, 1.57080, 1.93566, 47.00000, 457409.00000, 23783.00000, 151527.57447, 12977976271.47849, 113920.92113, 1.14286, 0.00000, 1.61803, -0.61803, 1.00000, 0.00000
-2.75567, 4.02561, -0.70086, 4.92853, 2.17107, 1.71348, 84.00000, 425264.00000, 13089.00000, 131666.73810, 12305527868.19331, 110930.28382, 0.90081, -6.49176, 9.35336, -1.86160, 1.00000, 0.00000
-2.21782, 3.93313, -1.97536, 4.92852, 2.08423, 1.98319, 57.00000, 431257.00000, 21690.00000, 110274.24561, 8645391877.93967, 92980.59947, 0.91102, 6.05607, -10.56672, 5.51065, 0.98246, 0.01754
-3.48430, 3.15040, -1.49161, 4.92852, 2.40648, 1.87827, 55.00000, 419142.00000, 21563.00000, 141578.61818, 8652826023.87240, 93020.56775, 0.91102, 1.82322, -1.63909, 0.81587, 1.00000, 0.00000
-2.85909, 3.75484, -1.40973, 4.92550, 2.22158, 1.86107, 58.00000, 370954.00000, 21106.00000, 118522.51724, 9807587717.80143, 99033.26571, 0.94766, 7.02665, -9.32863, 3.30198, 1.00000, 0.00000
-1.49161, 3.48430, -3.15040, 4.92852, 1.97528, 2.26428, 31.00000, 452265.00000, 29841.00000, 183517.90323, 16728722222.60354, 129339.56171, 0.91102, 1.29147, -2.88604, 2.59457, 0.96774, 0.03226
-0.70086, 2.75567, -4.02561, 4.92853, 1.81985, 2.52663, 8.00000, 350064.00000, 84993.00000, 169809.50000, 9799543755.25000, 98992.64496, 0.90081, 0.39414, -1.37444, 1.98030, 1.00000, 0.00000
-1.97536, 2.21782, -3.93313, 4.92852, 2.29844, 2.49482, 19.00000, 393434.00000, 25986.00000, 148488.31579, 8037110098.84765, 89649.93084, 0.91102, 0.54989, -0.60432, 1.05443, 1.00000, 0.00000
-1.40973, 2.85909, -3.75484, 4.92550, 2.02888, 2.43770, 32.00000, 480311.00000, 25622.00000, 152064.84375, 11157427046.06934, 105628.72264, 0.94766, 0.58922, -1.25387, 1.66465, 1.00000, 0.00000
-3.93313, 1.97536, -2.21782, 4.92852, 2.67616, 2.03756, 36.00000, 465263.00000, 46935.00000, 148182.27778, 10833150855.97840, 104082.42338, 0.91102, 0.95092, -0.49591, 0.54500, 1.00000, 0.00000
-3.15040, 1.49161, -3.48430, 4.92852, 2.69940, 2.35600, 15.00000, 465662.00000, 58670.00000, 192603.00000, 17197891966.93333, 131140.73344, 0.91102, 0.61936, -0.30829, 0.68893, 1.00000, 0.00000
-4.02561, 0.70086, -2.75567, 4.92853, 2.96922, 2.16413, 9.00000, 448773.00000, 86155.00000, 256757.00000, 17490902794.22222, 132253.17688, 0.90081, 0.66888, -0.13313, 0.46424, 1.00000, 0.00000
-3.75484, 1.40973, -2.85909, 4.92550, 2.78243, 2.19010, 20.00000, 414913.00000, 20292.00000, 186108.65000, 16465714913.42750, 128318.80187, 0.94766, 0.71466, -0.25296, 0.53830, 1.00000, 0.00000
-2.20355, 3.47499, -2.68919, 4.91558, 2.13592, 2.14966, 24.00000, 400943.00000, 27071.00000, 147033.00000, 11421706519.66667, 106872.38427, 1.08598, 1.52573, -2.37638, 1.85065, 1.00000, 0.00000
-2.68919, 2.20355, -3.47499, 4.91558, 2.45513, 2.35595, 17.00000, 438340.00000, 40697.00000, 149790.82353, 13570353637.91003, 116491.86082, 1.08598, 0.68510, -0.56481, 0.87972, 1.00000, 0.00000
-3.47499, 2.68919, -2.20355, 4.91558, 2.48299, 2.03563, 27.00000, 492277.00000, 21270.00000, 150931.55556, 13162880690.83950, 114729.59815, 1.08598, 1.15838, -0.90211, 0.74373, 1.00000, 0.00000
-2.83550, 2.83550, -2.83550, 4.91123, 2.35619, 2.18628, 28.00000, 493729.00000, 33760.00000, 146882.00000, 18330873186.35714, 135391.55508, 1.14286, 1.00000, -1.00000, 1.00000, 0.96429, 0.03571
-3.18882, 3.75791, 0.00000, 4.92853, 2.27446, 1.57080, 54.00000, 499177.00000, 19267.00000, 140560.98148, 13004156585.87003, 114035.76889, 0.90081, -7.64229, 8.64229, 0.00000, 0.98148, 0.01852
-3.92241, 2.87963, -0.78273, 4.92852, 2.50831, 1.73029, 50.00000, 498192.00000, 21712.00000, 143896.26000, 13043358459.75240, 114207.52366, 0.91102, 2.07817, -1.48153, 0.40335, 0.98000, 0.02000
-3.92241, 2.87963, 0.78273, 4.92852, 2.50831, 1.41130, 54.00000, 496669.00000, 24842.00000, 173938.33333, 15592685258.14815, 124870.67413, 0.91102, 10.75154, -7.66476, -2.08678, 0.98148, 0.01852
-3.73035, 3.21637, 0.00000, 4.92550, 2.43005, 1.57080, 67.00000, 489322.00000, 17546.00000, 155375.97015, 15341372275.73045, 123860.29338, 0.94766, 9.06739, -8.06739, -0.00000, 0.97015, 0.02985
-4.37124, 1.70460, -1.50894, 4.92852, 2.76977, 1.88196, 29.00000, 449371.00000, 45979.00000, 185593.58621, 13273700035.62188, 115211.54472, 0.91102, 1.06961, -0.42255, 0.35294, 0.96552, 0.03448
-4.45876, 0.43315, -2.05481, 4.92853, 3.04475, 2.00085, 11.00000, 457902.00000, 43041.00000, 191045.81818, 14751248767.05785, 121454.71900, 0.90081, 0.75116, -0.08228, 0.33112, 1.00000, 0.00000
-4.85499, 0.43811, -0.72621, 4.92852, 3.05160, 1.71868, 13.00000, 458499.00000, 90545.00000, 251930.00000, 12094713955.69231, 109975.96990, 0.91102, 0.96230, -0.09634, 0.13403, 1.00000, 0.00000
-4.62611, 0.87126, -1.44936, 4.92550, 2.95544, 1.86947, 14.00000, 495827.00000, 91344.00000, 274039.07143, 22066624626.63775, 148548.39153, 0.94766, 0.87099, -0.15634, 0.28534, 1.00000, 0.00000
-4.37124, 1.70460, 1.50894, 4.92852, 2.76977, 1.25963, 18.00000, 474180.00000, 43446.00000, 223173.33333, 16141666030.22222, 127049.85647, 0.91102, 3.63662, -1.43665, -1.19997, 0.83333, 0.16667
-4.85499, 0.43811, 0.72621, 4.92852, 3.05160, 1.42291, 12.00000, 482249.00000, 82660.00000, 226338.75000, 16216315584.18750, 127343.29815, 0.91102, 1.31474, -0.13162, -0.18312, 0.83333, 0.16667
-4.45876, 0.43315, 2.05481, 4.92853, 3.04475, 1.14074, 16.00000, 487351.00000, 65465.00000, 244943.00000, 15344680161.50000, 123873.64595, 0.90081, 2.22389, -0.24359, -0.98030, 0.81250, 0.18750
-4.62611, 0.87126, 1.44936, 4.92550, 2.95544, 1.27212, 20.00000, 378940.00000, 51071.00000, 181889.20000, 12986254379.96000, 113957.24804, 0.94766, 2.02881, -0.36416, -0.66465, 1.00000, 0.00000
-4.35121, 2.14766, -0.78579, 4.91558, 2.68310, 1.73134, 25.00000, 481125.00000, 14605.00000, 186269.76000, 20679557638.90240, 143803.88604, 1.08598, 1.45965, -0.71592, 0.25627, 0.92000, 0.08000
-4.83686, 0.87622, 0.00000, 4.91558, 2.96238, 1.57080, 7.00000, 434621.00000, 47688.00000, 197261.71429, 17304746941.63265, 131547.50831, 1.08598, 1.22879, -0.22879, -0.00000, 0.85714, 0.14286
-4.35121, 2.14766, 0.78579, 4.91558, 2.68310, 1.41025, 31.00000, 333098.00000, 31722.00000, 153916.96774, 8711945262.35380, 93337.80189, 1.08598, 2.99442, -1.46868, -0.52573, 1.00000, 0.00000
-4.58794, 1.75244, 0.00000, 4.91123, 2.77673, 1.57080, 25.00000, 475001.00000, 55606.00000, 214475.28000, 17041127247.40160, 130541.66863, 1.14286, 1.61803, -0.61803, -0.00000, 0.92000, 0.08000
2.75567, 4.02561, 0.70086, 4.92853, 0.97053, 1.42811, 10.00000, 479934.00000, 172258.00000, 303347.80000, 10917975568.96000, 104489.11699, 0.90081, 0.36663, 0.52824, 0.10514, 0.50000, 0.50000
2.21782, 3.93313, 1.97536, 4.92852, 1.05736, 1.15840, 20.00000, 444097.00000, 69872.00000, 232388.50000, 13013882850.05000, 114078.40659, 0.91102, 0.27362, 0.47741, 0.24897, 0.35000, 0.65000
3.48430, 3.15040, 1.49161, 4.92852, 0.73511, 1.26333, 11.00000, 426744.00000, 34306.00000, 211107.27273, 9845730468.01653, 99225.65428, 0.91102, 0.42617, 0.38313, 0.19070, 0.45455, 0.54545
2.85909, 3.75484, 1.40973, 4.92550, 0.92001, 1.28053, 10.00000, 493574.00000, 111441.00000, 274388.90000, 15757641251.09000, 125529.44376, 0.94766, 0.35746, 0.47456, 0.16798, 0.30000, 0.70000
1.49161, 3.48430, 3.15040, 4.92852, 1.16631, 0.87732, 33.00000, 470906.00000, 29833.00000, 218729.06061, 19167355506.78421, 138446.21882, 0.91102, 0.19070, 0.42617, 0.38313, 0.27273, 0.72727
0.70086, 2.75567, 4.02561, 4.92853, 1.32174, 0.61496, 38.00000, 453063.00000, 36142.00000, 169701.31579, 12991325424.53185, 113979.49563, 0.90081, 0.10514, 0.36663, 0.52824, 0.18421, 0.81579
1.97536, 2.21782, 3.93313, 4.92852, 0.84316, 0.64677, 54.00000, 499688.00000, 30007.00000, 190019.00000, 17685992935.33333, 132988.69477, 0.91102, 0.24897, 0.27362, 0.47741, 0.14815, 0.85185
1.40973, 2.85909, 3.75484, 4.92550, 1.11271, 0.70390, 28.00000, 411917.00000, 35576.00000, 181298.50000, 10399435237.53572, 101977.62126, 0.94766, 0.16798, 0.35746, 0.47456, 0.14286, 0.85714
3.93313, 1.97536, 2.21782, 4.92852, 0.46544, 1.10403, 14.00000, 460828.00000, 58503.00000, 196837.35714, 16225523975.65816, 127379.44880, 0.91102, 0.47741, 0.24897, 0.27362, 0.07143, 0.92857
3.15040, 1.49161, 3.48430, 4.92852, 0.44220, 0.78559, 46.00000, 445301.00000, 24665.00000, 168752.76087, 12007635273.44282, 109579.35606, 0.91102, 0.38313, 0.19070, 0.42617, 0.00000, 1.00000
4.02561, 0.70086, 2.75567, 4.92853, 0.17237, 0.97747, 23.00000, 355817.00000, 53714.00000, 174933.52174, 8641182266.77127, 92957.95967, 0.90081, 0.52824, 0.10514, 0.36663, 0.08696, 0.91304
3.75484, 1.40973, 2.85909, 4.92550, 0.35916, 0.95149, 20.00000, 382855.00000, 60044.00000, 192249.40000, 10624147492.74000, 103073.50529, 0.94766, 0.47456, 0.16798, 0.35746, 0.05000, 0.95000
2.20355, 3.47499, 2.68919, 4.91558, 1.00567, 0.99193, 17.00000, 452076.00000, 50550.00000, 227906.94118, 17733865854.64360, 133168.56181, 1.08598, 0.26522, 0.41309, 0.32170, 0.17647, 0.82353
2.68919, 2.20355, 3.47499, 4.91558, 0.68646, 0.78564, 42.00000, 492241.00000, 34256.00000, 188001.30952, 18343240317.21372, 135437.21910, 1.08598, 0.32170, 0.26522, 0.41309, 0.09524, 0.90476
3.47499, 2.68919, 2.20355, 4.91558, 0.65860, 1.10596, 17.00000, 491032.00000, 35066.00000, 215648.17647, 13176464813.43945, 114788.78348, 1.08598, 0.41309, 0.32170, 0.26522, 0.17647, 0.82353
2.83550, 2.83550, 2.83550, 4.91123, 0.78540, 0.95532, 21.00000, 457594.00000, 48020.00000, 187596.09524, 12599377969.32426, 112246.95082, 1.14286, 0.33333, 0.33333, 0.33333, 0.04762, 0.95238
-0.43315, 2.05481, 4.45876, 4.92853, 1.77855, 0.44016, 36.00000, 470665.00000, 21211.00000, 180706.22222, 17389054165.72839, 131867.56298, 0.90081, -0.08228, 0.33112, 0.75116, 0.13889, 0.86111
-1.70460, 1.50894, 4.37124, 4.92852, 2.41700, 0.48015, 29.00000, 405406.00000, 33155.00000, 169890.48276, 9745061278.38763, 98717.07693, 0.91102, -0.42255, 0.35294, 1.06961, 0.20690, 0.79310
-0.43811, 0.72621, 4.85499, 4.92852, 2.11363, 0.17295, 55.00000, 469599.00000, 17793.00000, 163936.92727, 14038880484.46744, 118485.78178, 0.91102, -0.09634, 0.13403, 0.96230, 0.03636, 0.96364
-0.87126, 1.44936, 4.62611, 4.92550, 2.11205, 0.35046, 32.00000, 444531.00000, 33934.00000, 166987.93750, 10850505552.30859, 104165.75998, 0.94766, -0.15634, 0.28534, 0.87099, 0.15625, 0.84375
-2.87963, 0.78273, 3.92241, 4.92852, 2.87619, 0.65037, 18.00000, 455790.00000, 55253.00000, 221291.27778, 9637513540.64506, 98170.83855, 0.91102, -1.48153, 0.40335, 2.07817, 0.33333, 0.66667
-3.75791, 0.00000, 3.18882, 4.92853, 3.14159, 0.86714, 9.00000, 427666.00000, 155838.00000, 289200.88889, 7664496431.65432, 87547.10978, 0.90081, 8.64229, -0.00000, -7.64229, 0.33333, 0.66667
-2.87963, -0.78273, 3.92241, 4.92852, -2.87619, 0.65037, 12.00000, 457472.00000, 68542.00000, 227025.91667, 19107453666.57639, 138229.71340, 0.91102, -7.66476, -2.08678, 10.75154, 0.16667, 0.83333
-3.21637, 0.00000, 3.73035, 4.92550, 3.14159, 0.71154, 9.00000, 498054.00000, 54060.00000, 245838.33333, 22236530311.77778, 149119.18157, 0.94766, -8.06739, 0.00000, 9.06739, 0.22222, 0.77778
-0.43811, -0.72621, 4.85499, 4.92852, -2.11363, 0.17295, 46.00000, 434838.00000, 29445.00000, 186453.67391, 13037393823.21976, 114181.40752, 0.91102, -0.13162, -0.18312, 1.31474, 0.00000, 1.00000
-1.70460, -1.50894, 4.37124, 4.92852, -2.41700, 0.48015, 19.00000, 474509.00000, 38642.00000, 269530.57895, 18642534330.87535, 136537.66634, 0.91102, -1.43665, -1.19997, 3.63662, 0.05263, 0.94737
-0.43315, -2.05481, 4.45876, 4.92853, -1.77855, 0.44016, 25.00000, 419774.00000, 42272.00000, 187404.96000, 10494182748.51840, 102441.11845, 0.90081, -0.24359, -0.98030, 2.22389, 0.00000, 1.00000
-0.87126, -1.44936, 4.62611, 4.92550, -2.11205, 0.35046, 22.00000, 496903.00000, 32440.00000, 223316.90909, 16871383416.90083, 129889.88959, 0.94766, -0.36416, -0.66465, 2.02881, 0.09091, 0.90909
-2.14766, 0.78579, 4.35121, 4.91558, 2.79084, 0.48390, 33.00000, 482579.00000, 64397.00000, 260211.21212, 17671080639.01561, 132932.61691, 1.08598, -0.71592, 0.25627, 1.45965, 0.15152, 0.84848
-2.14766, -0.78579, 4.35121, 4.91558, -2.79084, 0.48390, 15.00000, 387847.00000, 55949.00000, 229563.13333, 12653050033.31555, 112485.77703, 1.08598, -1.46868, -0.52573, 2.99442, 0.20000, 0.80000
-0.87622, 0.00000, 4.83686, 4.91558, 3.14159, 0.17921, 18.00000, 494612.00000, 33116.00000, 224237.11111, 17864092930.54321, 133656.62322, 1.08598, -0.22879, 0.00000, 1.22879, 0.16667, 0.83333
-1.75244, 0.00000, 4.58794, 4.91123, 3.14159, 0.36486, 28.00000, 483234.00000, 61584.00000, 257030.21429, 14944424035.88265, 122247.38867, 1.14286, -0.61803, 0.00000, 1.61803, 0.21429, 0.78571
-4.45876, -0.43315, 2.05481, 4.92853, -3.04475, 1.14074, 9.00000, 476155.00000, 84739.00000, 262902.88889, 21413582688.76543, 146333.80569, 0.90081, 1.49537, 0.16379, -0.65917, 0.44444, 0.55556
-4.85499, -0.43811, 0.72621, 4.92852, -3.05160, 1.42291, 8.00000, 482426.00000, 63135.00000, 246762.00000, 16533105953.50000, 128581.12596, 0.91102, 1.04077, 0.10419, -0.14496, 0.87500, 0.12500
-4.37124, -1.70460, 1.50894, 4.92852, -2.76977, 1.25963, 6.00000, 482725.00000, 108414.00000, 319538.16667, 25050452653.13889, 158273.34789, 0.91102, 0.93889, 0.37091, -0.30980, 0.50000, 0.50000
-4.62611, -0.87126, 1.44936, 4.92550, -2.95544, 1.27212, 3.00000, 412931.00000, 122764.00000, 281198.33333, 14389304149.55556, 119955.42568, 0.94766, 1.17386, 0.21070, -0.38457, 1.00000, 0.00000
-4.85499, -0.43811, -0.72621, 4.92852, -3.05160, 1.71868, 3.00000, 460607.00000, 246109.00000, 364424.66667, 7913174222.88889, 88956.02410, 0.91102, 0.80685, 0.08077, 0.11238, 0.66667, 0.33333
-4.45876, -0.43315, -2.05481, 4.92853, -3.04475, 2.00085, 5.00000, 465761.00000, 126333.00000, 300263.40000, 15489499874.64000, 124456.81932, 0.90081, 0.64502, 0.07065, 0.28433, 0.80000, 0.20000
-4.37124, -1.70460, -1.50894, 4.92852, -2.76977, 1.88196, 4.00000, 437192.00000, 135446.00000, 286262.50000, 12646530161.25000, 112456.79242, 0.91102, 0.57970, 0.22901, 0.19128, 1.00000, 0.00000
-4.62611, -0.87126, -1.44936, 4.92550, -2.95544, 1.86947, 1.00000, 254730.00000, 254730.00000, 254730.00000, 0.00000, 0.00000, 0.94766, 0.66353, 0.11910, 0.21738, 1.00000, 0.00000
-3.92241, -2.87963, 0.78273, 4.92852, -2.50831, 1.41130, 5.00000, 499236.00000, 91934.00000, 352105.20000, 21388036919.36000, 146246.49370, 0.91102, 0.65841, 0.46938, -0.12779, 0.80000, 0.20000
-3.92241, -2.87963, -0.78273, 4.92852, -2.50831, 1.73029, 2.00000, 421443.00000, 317786.00000, 369614.50000, 2686193412.25000, 51828.50000, 0.91102, 0.52439, 0.37383, 0.10178, 0.50000, 0.50000
-3.18882, -3.75791, 0.00000, 4.92853, -2.27446, 1.57080, 5.00000, 409251.00000, 161972.00000, 315826.00000, 8315298824.00000, 91188.26034, 0.90081, 0.46930, 0.53070, 0.00000, 0.40000, 0.60000
-3.73035, -3.21637, 0.00000, 4.92550, -2.43005, 1.57080, 0.00000, 0.00000, 0.00000, 0.00000, 0.00000, 0.00000, 0.94766, 0.52918, 0.47082, -0.00000, 0.00000, 0.00000
-4.83686, -0.87622, 0.00000, 4.91558, -2.96238, 1.57080, 4.00000, 459549.00000, 108615.00000, 339952.75000, 18563147976.18750, 136246.64391, 1.08598, 0.84303, 0.15697, -0.00000, 1.00000, 0.00000
-4.35121, -2.14766, -0.78579, 4.91558, -2.68310, 1.73134, 6.00000, 488015.00000, 164243.00000, 330667.50000, 11262495346.91667, 106124.90446, 1.08598, 0.60022, 0.29439, 0.10538, 1.00000, 0.00000
-4.35121, -2.14766, 0.78579, 4.91558, -2.68310, 1.41025, 2.00000, 413594.00000, 340691.00000, 377142.50000, 1328711852.25000, 36451.50000, 1.08598, 0.76051, 0.37301, -0.13352, 1.00000, 0.00000
-4.58794, -1.75244, 0.00000, 4.91123, -2.77673, 1.57080, 5.00000, 387525.00000, 118934.00000, 239413.00000, 11394827757.20000, 106746.55853, 1.14286, 0.72361, 0.27639, -0.00000, 0.80000, 0.20000
-3.75791, 0.00000, -3.18882, 4.92853, 3.14159, 2.27446, 7.00000, 448067.00000, 86217.00000, 318840.71429, 15085003710.77551, 122821.02308, 0.90081, 0.53070, -0.00000, 0.46930, 1.00000, 0.00000
-2.87963, 0.78273, -3.92241, 4.92852, 2.87619, 2.49122, 12.00000, 421202.00000, 40411.00000, 180586.41667, 13636798347.24306, 116776.70293, 0.91102, 0.46938, -0.12779, 0.65841, 1.00000, 0.00000
-2.87963, -0.78273, -3.92241, 4.92852, -2.87619, 2.49122, 2.00000, 379977.00000, 292614.00000, 336295.50000, 1908073442.25000, 43681.50000, 0.91102, 0.37383, 0.10178, 0.52439, 1.00000, 0.00000
-3.21637, 0.00000, -3.73035, 4.92550, 3.14159, 2.43005, 5.00000, 483065.00000, 106102.00000, 287192.40000, 24173899932.64000, 155479.58044, 0.94766, 0.47082, 0.00000, 0.52918, 1.00000, 0.00000
-1.70460, 1.50894, -4.37124, 4.92852, 2.41700, 2.66145, 13.00000, 493263.00000, 75665.00000, 273803.53846, 14225082296.71006, 119268.94942, 0.91102, 0.37091, -0.30980, 0.93889, 1.00000, 0.00000
-0.43315, 2.05481, -4.45876, 4.92853, 1.77855, 2.70143, 7.00000, 402003.00000, 56881.00000, 252385.57143, 10528790293.10204, 102609.89374, 0.90081, 0.16379, -0.65917, 1.49537, 1.00000, 0.00000
-0.43811, 0.72621, -4.85499, 4.92852, 2.11363, 2.96865, 6.00000, 493977.00000, 88305.00000, 277020.00000, 21506249547.33333, 146650.09222, 0.91102, 0.10419, -0.14496, 1.04077, 1.00000, 0.00000
-0.87126, 1.44936, -4.62611, 4.92550, 2.11205, 2.79113, 9.00000, 296425.00000, 104182.00000, 210016.22222, 3710826039.72840, 60916.54980, 0.94766, 0.21070, -0.38457, 1.17386, 1.00000, 0.00000
-1.70460, -1.50894, -4.37124, 4.92852, -2.41700, 2.66145, 1.00000, 302736.00000, 302736.00000, 302736.00000, 0.00000, 0.00000, 0.91102, 0.22901, 0.19128, 0.57970, 1.00000, 0.00000
-0.43811, -0.72621, -4.85499, 4.92852, -2.11363, 2.96865, 3.00000, 497435.00000, 351132.00000, 428475.33333, 3602570901.55556, 60021.42036, 0.91102, 0.08077, 0.11238, 0.80685, 1.00000, 0.00000
-0.43315, -2.05481, -4.45876, 4.92853, -1.77855, 2.70143, 1.00000, 382691.00000, 382691.00000, 382691.00000, 0.00000, 0.00000, 0.90081, 0.07065, 0.28433, 0.64502, 1.00000, 0.00000
-0.87126, -1.44936, -4.62611, 4.92550, -2.11205, 2.79113, 1.00000, 212479.00000, 212479.00000, 212479.00000, 0.00000, 0.00000, 0.94766, 0.11910, 0.21738, 0.66353, 1.00000, 0.00000
-2.14766, 0.78579, -4.35121, 4.91558, 2.79084, 2.65769, 2.00000, 395701.00000, 136877.00000, 266289.00000, 16747465744.00000, 129412.00000, 1.08598, 0.37301, -0.13352, 0.76051, 1.00000, 0.00000
-0.87622, 0.00000, -4.83686, 4.91558, 3.14159, 2.96238, 2.00000, 447378.00000, 235041.00000, 341209.50000, 11271750392.25000, 106168.50000, 1.08598, 0.15697, 0.00000, 0.84303, 0.50000, 0.50000
-2.14766, -0.78579, -4.35121, 4.91558, -2.79084, 2.65769, 3.00000, 380020.00000, 172087.00000, 269107.66667, 7302511282.88889, 85454.73236, 1.08598, 0.29439, 0.10538, 0.60022, 1.00000, 0.00000
-1.75244, 0.00000, -4.58794, 4.91123, 3.14159, 2.77673, 2.00000, 470876.00000, 313700.00000, 392288.00000, 6176073744.00000, 78588.00000, 1.14286, 0.27639, 0.00000, 0.72361, 1.00000, 0.00000
0.70086, 2.75567, -4.02561, 4.92853, 1.32174, 2.52663, 7.00000, 453479.00000, 84409.00000, 269305.00000, 13364763887.71428, 115606.07202, 0.90081, -1.86160, -6.49176, 9.35336, 1.00000, 0.00000
1.49161, 3.48430, -3.15040, 4.92852, 1.16631, 2.26428, 10.00000, 442436.00000, 44181.00000, 248179.90000, 17864443231.68999, 133657.93367, 0.91102, 0.81587, 1.82322, -1.63909, 0.90000, 0.10000
1.97536, 2.21782, -3.93313, 4.92852, 0.84316, 2.49482, 9.00000, 360708.00000, 143777.00000, 257494.22222, 4866711021.06173, 69761.81635, 0.91102, 5.51065, 6.05607, -10.56672, 0.88889, 0.11111
1.40973, 2.85909, -3.75484, 4.92550, 1.11271, 2.43770, 9.00000, 463788.00000, 119895.00000, 260684.88889, 16172098996.76543, 127169.56789, 0.94766, 3.30198, 7.02665, -9.32863, 1.00000, 0.00000
2.21782, 3.93313, -1.97536, 4.92852, 1.05736, 1.98319, 15.00000, 467016.00000, 59145.00000, 249544.06667, 15633867180.19556, 125035.46369, 0.91102, 0.54500, 0.95092, -0.49591, 0.86667, 0.13333
2.75567, 4.02561, -0.70086, 4.92853, 0.97053, 1.71348, 8.00000, 487808.00000, 102462.00000, 249274.37500, 20194332056.73438, 142106.76288, 0.90081, 0.46424, 0.66888, -0.13313, 0.87500, 0.12500
3.48430, 3.15040, -1.49161, 4.92852, 0.73511, 1.87827, 5.00000, 492977.00000, 180323.00000, 341672.40000, 12892490937.04000, 113545.10530, 0.91102, 0.68893, 0.61936, -0.30829, 0.20000, 0.80000
2.85909, 3.75484, -1.40973, 4.92550, 0.92001, 1.86107, 3.00000, 225698.00000, 78451.00000, 152609.33333, 3614185261.55556, 60118.09429, 0.94766, 0.53830, 0.71466, -0.25296, 0.66667, 0.33333
3.15040, 1.49161, -3.48430, 4.92852, 0.44220, 2.35600, 4.00000, 316645.00000, 162187.00000, 249495.50000, 3373823238.75000, 58084.62136, 0.91102, 2.59457, 1.29147, -2.88604, 0.75000, 0.25000
3.93313, 1.97536, -2.21782, 4.92852, 0.46544, 2.03756, 4.00000, 324907.00000, 135284.00000, 260114.25000, 5648343382.18750, 75155.46143, 0.91102, 1.05443, 0.54989, -0.60432, 0.25000, 0.75000
4.02561, 0.70086, -2.75567, 4.92853, 0.17237, 2.16413, 1.00000, 251070.00000, 251070.00000, 251070.00000, 0.00000, 0.00000, 0.90081, 1.98030, 0.39414, -1.37444, 1.00000, 0.00000
3.75484, 1.40973, -2.85909, 4.92550, 0.35916, 2.19010, 0.00000, 0.00000, 0.00000, 0.00000, 0.00000, 0.00000, 0.94766, 1.66465, 0.58922, -1.25387, 0.00000, 0.00000
2.20355, 3.47499, -2.68919, 4.91558, 1.00567, 2.14966, 12.00000, 462986.00000, 71416.00000, 272210.58333, 18213903333.90973, 134958.89498, 1.08598, 0.74373, 1.15838, -0.90211, 1.00000, 0.00000
3.47499, 2.68919, -2.20355, 4.91558, 0.65860, 2.03563, 3.00000, 468020.00000, 110425.00000, 232829.00000, 27672817688.66667, 166351.48839, 1.08598, 0.87972, 0.68510, -0.56481, 1.00000, 0.00000
2.68919, 2.20355, -3.47499, 4.91558, 0.68646, 2.35595, 5.00000, 360145.00000, 149632.00000, 268054.20000, 6144386830.16000, 78386.13927, 1.08598, 1.85065, 1.52573, -2.37638, 1.00000, 0.00000
2.83550, 2.83550, -2.83550, 4.91123, 0.78540, 2.18628, 6.00000, 454331.00000, 131381.00000, 317880.83333, 10887888226.80556, 104345.04409, 1.14286, 1.00000, 1.00000, -1.00000, 1.00000, 0.00000
2.75567, -4.02561, 0.70086, 4.92853, -0.97053, 1.42811, 4.00000, 490115.00000, 286098.00000, 352290.50000, 6646547783.25000, 81526.36250, 0.90081, -6.49176, 9.35336, -1.86160, 0.00000, 1.00000
3.48430, -3.15040, 1.49161, 4.92852, -0.73511, 1.26333, 11.00000, 486971.00000, 95674.00000, 247846.18182, 15374610149.60331, 123994.39564, 0.91102, 1.82322, -1.63909, 0.81587, 0.00000, 1.00000
2.21782, -3.93313, 1.97536, 4.92852, -1.05736, 1.15840, 6.00000, 441331.00000, 95277.00000, 183704.00000, 15725066748.66667, 125399.62818, 0.91102, 6.05607, -10.56672, 5.51065, 0.16667, 0.83333
2.85909, -3.75484, 1.40973, 4.92550, -0.92001, 1.28053, 9.00000, 423168.00000, 88659.00000, 253379.66667, 13480547541.77778, 116105.76016, 0.94766, 7.02665, -9.32863, 3.30198, 0.00000, 1.00000
3.93313, -1.97536, 2.21782, 4.92852, -0.46544, 1.10403, 18.00000, 493751.00000, 49428.00000, 212941.61111, 23577194430.01543, 153548.67121, 0.91102, 0.95092, -0.49591, 0.54500, 0.00000, 1.00000
4.02561, -0.70086, 2.75567, 4.92853, -0.17237, 0.97747, 25.00000, 469942.00000, 64878.00000, 217442.32000, 12988675625.81760, 113967.87102, 0.90081, 0.66888, -0.13313, 0.46424, 0.00000, 1.00000
3.15040, -1.49161, 3.48430, 4.92852, -0.44220, 0.78559, 39.00000, 415132.00000, 24564.00000, 170296.48718, 12465009785.63445, 111646.80822, 0.91102, 0.61936, -0.30829, 0.68893, 0.00000, 1.00000
3.75484, -1.40973, 2.85909, 4.92550, -0.35916, 0.95149, 25.00000, 483609.00000, 33722.00000, 182257.16000, 15230357687.33440, 123411.33533, 0.94766, 0.71466, -0.25296, 0.53830, 0.00000, 1.00000
1.49161, -3.48430, 3.15040, 4.92852, -1.16631, 0.87732, 14.00000, 341960.00000, 39279.00000, 170572.50000, 9436836222.53572, 97143.37972, 0.91102, 1.29147, -2.88604, 2.59457, 0.00000, 1.00000
1.97536, -2.21782, 3.93313, 4.92852, -0.84316, 0.64677, 35.00000, 473492.00000, 24084.00000, 204736.42857, 16859195468.81633, 129842.96465, 0.91102, 0.54989, -0.60432, 1.05443, 0.00000, 1.00000
0.70086, -2.75567, 4.02561, 4.92853, -1.32174, 0.61496, 27.00000, 467553.00000, 43101.00000, 169611.00000, 13011525321.77778, 114068.07319, 0.90081, 0.39414, -1.37444, 1.98030, 0.00000, 1.00000
1.40973, -2.85909, 3.75484, 4.92550, -1.11271, 0.70390, 16.00000, 436920.00000, 49509.00000, 191128.68750, 11044415900.33984, 105092.41600, 0.94766, 0.58922, -1.25387, 1.66465, 0.00000, 1.00000
3.47499, -2.68919, 2.20355, 4.91558, -0.65860, 1.10596, 14.00000, 467631.00000, 76411.00000, 231603.00000, 16765378496.28572, 129481.18974, 1.08598, 1.15838, -0.90211, 0.74373, 0.00000, 1.00000
2.68919, -2.20355, 3.47499, 4.91558, -0.68646, 0.78564, 20.00000, 433522.00000, 61054.00000, 172141.65000, 9636532758.02750, 98165.84313, 1.08598, 0.68510, -0.56481, 0.87972, 0.05000, 0.95000
2.20355, -3.47499, 2.68919, 4.91558, -1.00567, 0.99193, 10.00000, 453308.00000, 77566.00000, 264857.60000, 14029611655.84000, 118446.66165, 1.08598, 1.52573, -2.37638, 1.85065, 0.00000, 1.00000
2.83550, -2.83550, 2.83550, 4.91123, -0.78540, 0.95532, 27.00000, 419715.00000, 34410.00000, 182770.11111, 11732832459.58025, 108318.20004, 1.14286, 1.00000, -1.00000, 1.00000, 0.00000, 1.00000
2.05481, -4.45876, 0.43315, 4.92853, -1.13896, 1.48280, 3.00000, 489371.00000, 291074.00000, 383702.33333, 6638641848.22222, 81477.86109, 0.90081, -0.98030, 2.22389, -0.24359, 0.33333, 0.66667
1.50894, -4.37124, 1.70460, 4.92852, -1.23841, 1.21764, 11.00000, 468972.00000, 90033.00000, 261762.00000, 19420789414.00000, 139358.49244, 0.91102, -1.19997, 3.63662, -1.43665, 0.00000, 1.00000
0.72621, -4.85499, 0.43811, 4.92852, -1.42232, 1.48179, 3.00000, 252673.00000, 201558.00000, 228099.33333, 437393060.22222, 20913.94416, 0.91102, -0.18312, 1.31474, -0.13162, 0.00000, 1.00000
1.44936, -4.62611, 0.87126, 4.92550, -1.26718, 1.39297, 1.00000, 316516.00000, 316516.00000, 316516.00000, 0.00000, 0.00000, 0.94766, -0.66465, 2.02881, -0.36416, 0.00000, 1.00000
0.78273, -3.92241, 2.87963, 4.92852, -1.37383, 0.94680, 10.00000, 407597.00000, 82551.00000, 222843.70000, 11924611051.41000, 109199.86745, 0.91102, -2.08678, 10.75154, -7.66476, 0.00000, 1.00000
0.00000, -3.18882, 3.75791, 4.92853, -1.57080, 0.70366, 13.00000, 349133.00000, 43897.00000, 184215.84615, 10035334010.59172, 100176.51427, 0.90081, 0.00000, -7.64229, 8.64229, 0.07692, 0.92308
-0.78273, -3.92241, 2.87963, 4.92852, -1.76776, 0.94680, 6.00000, 431806.00000, 114565.00000, 261167.83333, 13394646604.13889, 115735.24357, 0.91102, 0.40335, 2.07817, -1.48153, 0.00000, 1.00000
0.00000, -3.73035, 3.21637, 4.92550, -1.57080, 0.85925, 9.00000, 441646.00000, 108912.00000, 304782.22222, 11940317305.06173, 109271.75895, 0.94766, -0.00000, 9.06739, -8.06739, 0.11111, 0.88889
-0.72621, -4.85499, 0.43811, 4.92852, -1.71928, 1.48179, 1.00000, 295706.00000, 295706.00000, 295706.00000, 0.00000, 0.00000, 0.91102, 0.13403, 0.96230, -0.09634, 0.00000, 1.00000
-1.50894, -4.37124, 1.70460, 4.92852, -1.90319, 1.21764, 1.00000, 471617.00000, 471617.00000, 471617.00000, 0.00000, 0.00000, 0.91102, 0.35294, 1.06961, -0.42255, 0.00000, 1.00000
-2.05481, -4.45876, 0.43315, 4.92853, -2.00263, 1.48280, 1.00000, 345056.00000, 345056.00000, 345056.00000, 0.00000, 0.00000, 0.90081, 0.33112, 0.75116, -0.08228, 0.00000, 1.00000
-1.44936, -4.62611, 0.87126, 4.92550, -1.87441, 1.39297, 5.00000, 494463.00000, 171751.00000, 375136.20000, 13540270689.36000, 116362.66880, 0.94766, 0.28534, 0.87099, -0.15634, 0.40000, 0.60000
0.78579, -4.35121, 2.14766, 4.91558, -1.39213, 1.11864, 5.00000, 404895.00000, 98375.00000, 242884.00000, 11693016570.80000, 108134.25253, 1.08598, -0.52573, 2.99442, -1.46868, 0.00000, 1.00000
-0.78579, -4.35121, 2.14766, 4.91558, -1.74946, 1.11864, 4.00000, 440454.00000, 211948.00000, 340641.50000, 7463151445.25000, 86389.53319, 1.08598, 0.25627, 1.45965, -0.71592, 0.00000, 1.00000
0.00000, -4.83686, 0.87622, 4.91558, -1.57080, 1.39159, 3.00000, 386959.00000, 244659.00000, 336532.33333, 4233794755.55556, 65067.61680, 1.08598, -0.00000, 1.22879, -0.22879, 0.00000, 1.00000
0.00000, -4.58794, 1.75244, 4.91123, -1.57080, 1.20593, 5.00000, 484263.00000, 70358.00000, 237996.00000, 24164004417.60000, 155447.75462, 1.14286, -0.00000, 1.61803, -0.61803, 0.00000, 1.00000
2.05481, -4.45876, -0.43315, 4.92853, -1.13896, 1.65880, 1.00000, 435829.00000, 435829.00000, 435829.00000, 0.00000, 0.00000, 0.90081, -0.65917, 1.49537, 0.16379, 0.00000, 1.00000
0.72621, -4.85499, -0.43811, 4.92852, -1.42232, 1.65981, 6.00000, 459422.00000, 102473.00000, 335966.33333, 16565314014.55556, 128706.30915, 0.91102, -0.14496, 1.04077, 0.10419, 0.00000, 1.00000
1.50894, -4.37124, -1.70460, 4.92852, -1.23841, 1.92396, 0.00000, 0.00000, 0.00000, 0.00000, 0.00000, 0.00000, 0.91102, -0.30980, 0.93889, 0.37091, 0.00000, 0.00000
1.44936, -4.62611, -0.87126, 4.92550, -1.26718, 1.74862, 0.00000, 0.00000, 0.00000, 0.00000, 0.00000, 0.00000, 0.94766, -0.38457, 1.17386, 0.21070, 0.00000, 0.00000
-0.72621, -4.85499, -0.43811, 4.92852, -1.71928, 1.65981, 0.00000, 0.00000, 0.00000, 0.00000, 0.00000, 0.00000, 0.91102, 0.11238, 0.80685, 0.08077, 0.00000, 0.00000
-2.05481, -4.45876, -0.43315, 4.92853, -2.00263, 1.65880, 2.00000, 332238.00000, 241569.00000, 286903.50000, 2055216890.25000, 45334.50000, 0.90081, 0.28433, 0.64502, 0.07065, 0.50000, 0.50000
-1.50894, -4.37124, -1.70460, 4.92852, -1.90319, 1.92396, 0.00000, 0.00000, 0.00000, 0.00000, 0.00000, 0.00000, 0.91102, 0.19128, 0.57970, 0.22901, 0.00000, 0.00000
-1.44936, -4.62611, -0.87126, 4.92550, -1.87441, 1.74862, 1.00000, 274599.00000, 274599.00000, 274599.00000, 0.00000, 0.00000, 0.94766, 0.21738, 0.66353, 0.11910, 0.00000, 1.00000
0.78273, -3.92241, -2.87963, 4.92852, -1.37383, 2.19479, 0.00000, 0.00000, 0.00000, 0.00000, 0.00000, 0.00000, 0.91102, -0.12779, 0.65841, 0.46938, 0.00000, 0.00000
-0.78273, -3.92241, -2.87963, 4.92852, -1.76776, 2.19479, 0.00000, 0.00000, 0.00000, 0.00000, 0.00000, 0.00000, 0.91102, 0.10178, 0.52439, 0.37383, 0.00000, 0.00000
0.00000, -3.18882, -3.75791, 4.92853, -1.57080, 2.43793, 0.00000, 0.00000, 0.00000, 0.00000, 0.00000, 0.00000, 0.90081, 0.00000, 0.46930, 0.53070, 0.00000, 0.00000
0.00000, -3.73035, -3.21637, 4.92550, -1.57080, 2.28234, 0.00000, 0.00000, 0.00000, 0.00000, 0.00000, 0.00000, 0.94766, -0.00000, 0.52918, 0.47082, 0.00000, 0.00000
0.00000, -4.83686, -0.87622, 4.91558, -1.57080, 1.75001, 1.00000, 128175.00000, 128175.00000, 128175.00000, 0.00000, 0.00000, 1.08598, -0.00000, 0.84303, 0.15697, 0.00000, 1.00000
-0.78579, -4.35121, -2.14766, 4.91558, -1.74946, 2.02296, 1.00000, 488422.00000, 488422.00000, 488422.00000, 0.00000, 0.00000, 1.08598, 0.10538, 0.60022, 0.29439, 0.00000, 1.00000
0.78579, -4.35121, -2.14766, 4.91558, -1.39213, 2.02296, 2.00000, 397808.00000, 248130.00000, 322969.00000, 5600875921.00000, 74839.00000, 1.08598, -0.13352, 0.76051, 0.37301, 0.00000, 1.00000
0.00000, -4.58794, -1.75244, 4.91123, -1.57080, 1.93566, 2.00000, 308872.00000, 166753.00000, 237812.50000, 5049452540.25000, 71059.50000, 1.14286, -0.00000, 0.72361, 0.27639, 0.00000, 1.00000
2.75567, -4.02561, -0.70086, 4.92853, -0.97053, 1.71348, 1.00000, 296416.00000, 296416.00000, 296416.00000, 0.00000, 0.00000, 0.90081, -1.37444, 1.98030, 0.39414, 0.00000, 1.00000
2.21782, -3.93313, -1.97536, 4.92852, -1.05736, 1.98319, 0.00000, 0.00000, 0.00000, 0.00000, 0.00000, 0.00000, 0.91102, -0.60432, 1.05443, 0.54989, 0.00000, 0.00000
3.48430, -3.15040, -1.49161, 4.92852, -0.73511, 1.87827, 1.00000, 348363.00000, 348363.00000, 348363.00000, 0.00000, 0.00000, 0.91102, -2.88604, 2.59457, 1.29147, 0.00000, 1.00000
2.85909, -3.75484, -1.40973, 4.92550, -0.92001, 1.86107, 2.00000, 469727.00000, 436900.00000, 453313.50000, 269402982.25000, 16413.50000, 0.94766, -1.25387, 1.66465, 0.58922, 0.50000, 0.50000
1.49161, -3.48430, -3.15040, 4.92852, -1.16631, 2.26428, 0.00000, 0.00000, 0.00000, 0.00000, 0.00000, 0.00000, 0.91102, -0.30829, 0.68893, 0.61936, 0.00000, 0.00000
0.70086, -2.75567, -4.02561, 4.92853, -1.32174, 2.52663, 0.00000, 0.00000, 0.00000, 0.00000, 0.00000, 0.00000, 0.90081, -0.13313, 0.46424, 0.66888, 0.00000, 0.00000
1.97536, -2.21782, -3.93313, 4.92852, -0.84316, 2.49482, 3.00000, 430925.00000, 299293.00000, 364376.00000, 2888905148.66667, 53748.53625, 0.91102, -0.49591, 0.54500, 0.95092, 0.66667, 0.33333
1.40973, -2.85909, -3.75484, 4.92550, -1.11271, 2.43770, 1.00000, 248190.00000, 248190.00000, 248190.00000, 0.00000, 0.00000, 0.94766, -0.25296, 0.53830, 0.71466, 1.00000, 0.00000
3.93313, -1.97536, -2.21782, 4.92852, -0.46544, 2.03756, 1.00000, 199851.00000, 199851.00000, 199851.00000, 0.00000, 0.00000, 0.91102, -10.56672, 5.51065, 6.05607, 0.00000, 1.00000
3.15040, -1.49161, -3.48430, 4.92852, -0.44220, 2.35600, 0.00000, 0.00000, 0.00000, 0.00000, 0.00000, 0.00000, 0.91102, -1.63909, 0.81587, 1.82322, 0.00000, 0.00000
4.02561, -0.70086, -2.75567, 4.92853, -0.17237, 2.16413, 0.00000, 0.00000, 0.00000, 0.00000, 0.00000, 0.00000, 0.90081, 9.35336, -1.86160, -6.49176, 0.00000, 0.00000
3.75484, -1.40973, -2.85909, 4.92550, -0.35916, 2.19010, 0.00000, 0.00000, 0.00000, 0.00000, 0.00000, 0.00000, 0.94766, -9.32863, 3.30198, 7.02665, 0.00000, 0.00000
2.20355, -3.47499, -2.68919, 4.91558, -1.00567, 2.14966, 0.00000, 0.00000, 0.00000, 0.00000, 0.00000, 0.00000, 1.08598, -0.56481, 0.87972, 0.68510, 0.00000, 0.00000
2.68919, -2.20355, -3.47499, 4.91558, -0.68646, 2.35595, 1.00000, 459387.00000, 459387.00000, 459387.00000, 0.00000, 0.00000, 1.08598, -0.90211, 0.74373, 1.15838, 0.00000, 1.00000
3.47499, -2.68919, -2.20355, 4.91558, -0.65860, 2.03563, 2.00000, 472950.00000, 184133.00000, 328541.50000, 20853814872.25000, 144408.50000, 1.08598, -2.37638, 1.85065, 1.52573, 0.00000, 1.00000
2.83550, -2.83550, -2.83550, 4.91123, -0.78540, 2.18628, 1.00000, 86330.00000, 86330.00000, 86330.00000, 0.00000, 0.00000, 1.14286, -1.00000, 1.00000, 1.00000, 0.00000, 1.00000
3.18882, -3.75791, 0.00000, 4.92853, -0.86714, 1.57080, 3.00000, 406601.00000, 152882.00000, 279686.66667, 10728894506.88889, 103580.37704, 0.90081, -7.64229, 8.64229, -0.00000, 0.00000, 1.00000
3.92241, -2.87963, -0.78273, 4.92852, -0.63328, 1.73029, 2.00000, 404763.00000, 244288.00000, 324525.50000, 6438056406.25000, 80237.50000, 0.91102, 10.75154, -7.66476, -2.08678, 0.00000, 1.00000
3.92241, -2.87963, 0.78273, 4.92852, -0.63328, 1.41130, 7.00000, 471526.00000, 78792.00000, 241086.57143, 20149090140.24490, 141947.49079, 0.91102, 2.07817, -1.48153, 0.40335, 0.14286, 0.85714
3.73035, -3.21637, 0.00000, 4.92550, -0.71154, 1.57080, 5.00000, 421994.00000, 58972.00000, 235385.20000, 15502925751.76000, 124510.74553, 0.94766, 9.06739, -8.06739, 0.00000, 0.00000, 1.00000
4.37124, -1.70460, -1.50894, 4.92852, -0.37182, 1.88196, 3.00000, 434674.00000, 199477.00000, 325990.00000, 9378541422.00000, 96842.86975, 0.91102, 3.63662, -1.43665, -1.19997, 0.00000, 1.00000
4.45876, -0.43315, -2.05481, 4.92853, -0.09684, 2.00085, 1.00000, 264954.00000, 264954.00000, 264954.00000, 0.00000, 0.00000, 0.90081, 2.22389, -0.24359, -0.98030, 1.00000, 0.00000
4.85499, -0.43811, -0.72621, 4.92852, -0.09000, 1.71868, 4.00000, 412857.00000, 152707.00000, 327172.25000, 10461148698.68750, 102279.75703, 0.91102, 1.31474, -0.13162, -0.18312, 0.25000, 0.75000
4.62611, -0.87126, -1.44936, 4.92550, -0.18616, 1.86947, 2.00000, 499002.00000, 332692.00000, 415847.00000, 6914754025.00000, 83155.00000, 0.94766, 2.02881, -0.36416, -0.66465, 0.50000, 0.50000
4.37124, -1.70460, 1.50894, 4.92852, -0.37182, 1.25963, 8.00000, 367933.00000, 75478.00000, 212509.12500, 6760513754.10938, 82222.34340, 0.91102, 1.06961, -0.42255, 0.35294, 0.00000, 1.00000
4.85499, -0.43811, 0.72621, 4.92852, -0.09000, 1.42291, 12.00000, 455301.00000, 92632.00000, 248386.00000, 14150355280.33333, 118955.26588, 0.91102, 0.96230, -0.09634, 0.13403, 0.16667, 0.83333
4.45876, -0.43315, 2.05481, 4.92853, -0.09684, 1.14074, 18.00000, 391591.00000, 51558.00000, 182174.11111, 13187329555.54321, 114836.09866, 0.90081, 0.75116, -0.08228, 0.33112, 0.05556, 0.94444
4.62611, -0.87126, 1.44936, 4.92550, -0.18616, 1.27212, 10.00000, 466769.00000, 75057.00000, 258086.90000, 15449295059.09000, 124295.19323, 0.94766, 0.87099, -0.15634, 0.28534, 0.10000, 0.90000
4.35121, -2.14766, -0.78579, 4.91558, -0.45850, 1.73134, 1.00000, 344022.00000, 344022.00000, 344022.00000, 0.00000, 0.00000, 1.08598, 2.99442, -1.46868, -0.52573, 0.00000, 1.00000
4.83686, -0.87622, 0.00000, 4.91558, -0.17921, 1.57080, 4.00000, 388961.00000, 169312.00000, 232250.50000, 8250298471.25000, 90831.15364, 1.08598, 1.22879, -0.22879, 0.00000, 0.00000, 1.00000
4.35121, -2.14766, 0.78579, 4.91558, -0.45850, 1.41025, 5.00000, 332115.00000, 101010.00000, 188098.60000, 6565408991.44000, 81027.21143, 1.08598, 1.45965, -0.71592, 0.25627, 0.00000, 1.00000
4.58794, -1.75244, 0.00000, 4.91123, -0.36486, 1.57080, 2.00000, 212606.00000, 165134.00000, 188870.00000, 563397696.00000, 23736.00000, 1.14286, 1.61803, -0.61803, 0.00000, 0.00000, 1.00000
0.43315, -2.05481, 4.45876, 4.92853, -1.36304, 0.44016, 36.00000, 477189.00000, 29197.00000, 134247.08333, 9334785480.18750, 96616.69359, 0.90081, 0.16379, -0.65917, 1.49537, 0.00000, 1.00000
1.70460, -1.50894, 4.37124, 4.92852, -0.72459, 0.48015, 45.00000, 498499.00000, 25784.00000, 142292.73333, 13486761445.48444, 116132.51674, 0.91102, 0.37091, -0.30980, 0.93889, 0.00000, 1.00000
0.43811, -0.72621, 4.85499, 4.92852, -1.02797, 0.17295, 59.00000, 406114.00000, 18040.00000, 136829.44068, 11221110232.34817, 105929.74196, 0.91102, 0.10419, -0.14496, 1.04077, 0.01695, 0.98305
0.87126, -1.44936, 4.62611, 4.92550, -1.02954, 0.35046, 52.00000, 457676.00000, 31534.00000, 138482.61538, 12581164415.08284, 112165.78986, 0.94766, 0.21070, -0.38457, 1.17386, 0.00000, 1.00000
2.87963, -0.78273, 3.92241, 4.92852, -0.26540, 0.65037, 57.00000, 486880.00000, 31087.00000, 147106.73684, 9971723374.01847, 99858.51678, 0.91102, 0.46938, -0.12779, 0.65841, 0.00000, 1.00000
3.75791, 0.00000, 3.18882, 4.92853, 0.00000, 0.86714, 31.00000, 423543.00000, 24934.00000, 175840.87097, 13777450369.85432, 117377.38441, 0.90081, 0.53070, -0.00000, 0.46930, 0.00000, 1.00000
2.87963, 0.78273, 3.92241, 4.92852, 0.26540, 0.65037, 53.00000, 490393.00000, 19748.00000, 135256.35849, 14290731566.45639, 119543.84788, 0.91102, 0.37383, 0.10178, 0.52439, 0.00000, 1.00000
3.21637, 0.00000, 3.73035, 4.92550, 0.00000, 0.71154, 47.00000, 442866.00000, 30099.00000, 170537.19149, 12216354077.30376, 110527.61681, 0.94766, 0.47082, -0.00000, 0.52918, 0.04255, 0.95745
0.43811, 0.72621, 4.85499, 4.92852, 1.02797, 0.17295, 59.00000, 354048.00000, 16329.00000, 120116.10169, 7696347169.82017, 87728.82747, 0.91102, 0.08077, 0.11238, 0.80685, 0.01695, 0.98305
1.70460, 1.50894, 4.37124, 4.92852, 0.72459, 0.48015, 62.00000, 447872.00000, 13877.00000, 139536.22581, 13178579841.65869, 114797.99581, 0.91102, 0.22901, 0.19128, 0.57970, 0.01613, 0.98387
0.43315, 2.05481, 4.45876, 4.92853, 1.36304, 0.44016, 40.00000, 388590.00000, 39742.00000, 149407.77500, 9177001460.82438, 95796.66727, 0.90081, 0.07065, 0.28433, 0.64502, 0.07500, 0.92500
0.87126, 1.44936, 4.62611, 4.92550, 1.02954, 0.35046, 43.00000, 483266.00000, 26584.00000, 169405.74419, 16424484529.44619, 128158.04512, 0.94766, 0.11910, 0.21738, 0.66353, 0.09302, 0.90698
2.14766, -0.78579, 4.35121, 4.91558, -0.35075, 0.48390, 50.00000, 426364.00000, 30154.00000, 147191.00000, 12670810313.04000, 112564.69390, 1.08598, 0.37301, -0.13352, 0.76051, 0.02000, 0.98000
2.14766, 0.78579, 4.35121, 4.91558, 0.35075, 0.48390, 50.00000, 444126.00000, 24423.00000, 138188.86000, 8719958809.24040, 93380.71969, 1.08598, 0.29439, 0.10538, 0.60022, 0.00000, 1.00000
0.87622, 0.00000, 4.83686, 4.91558, 0.00000, 0.17921, 36.00000, 346596.00000, 24571.00000, 127771.02778, 8127733887.86034, 90153.94549, 1.08598, 0.15697, -0.00000, 0.84303, 0.05556, 0.94444
1.75244, 0.00000, 4.58794, 4.91123, 0.00000, 0.36486, 53.00000, 418458.00000, 21367.00000, 122780.03774, 9466809724.45141, 97297.53195, 1.14286, 0.27639, 0.00000, 0.72361, 0.00000, 1.00000
-2.75567, -4.02561, 0.70086, 4.92853, -2.17107, 1.42811, 1.00000, 421151.00000, 421151.00000, 421151.00000, 0.00000, 0.00000, 0.90081, 0.46424, 0.66888, -0.13313, 1.00000, 0.00000
-2.21782, -3.93313, 1.97536, 4.92852, -2.08423, 1.15840, 7.00000, 407336.00000, 255270.00000, 324432.28571, 2315705056.48980, 48121.77321, 0.91102, 0.54500, 0.95092, -0.49591, 0.14286, 0.85714
-3.48430, -3.15040, 1.49161, 4.92852, -2.40648, 1.26333, 3.00000, 499193.00000, 266917.00000, 383891.33333, 8993422269.55556, 94833.65579, 0.91102, 0.68893, 0.61936, -0.30829, 0.00000, 1.00000
-2.85909, -3.75484, 1.40973, 4.92550, -2.22158, 1.28053, 4.00000, 316638.00000, 217929.00000, 251135.00000, 1481194952.50000, 38486.29565, 0.94766, 0.53830, 0.71466, -0.25296, 0.00000, 1.00000
-1.49161, -3.48430, 3.15040, 4.92852, -1.97528, 0.87732, 7.00000, 493304.00000, 156641.00000, 300909.42857, 14929266565.95918, 122185.37787, 0.91102, 0.81587, 1.82322, -1.63909, 0.00000, 1.00000
-0.70086, -2.75567, 4.02561, 4.92853, -1.81985, 0.61496, 11.00000, 449550.00000, 63773.00000, 219048.36364, 12312112735.32231, 110959.96005, 0.90081, -1.86160, -6.49176, 9.35336, 0.00000, 1.00000
-1.97536, -2.21782, 3.93313, 4.92852, -2.29844, 0.64677, 15.00000, 492140.00000, 65786.00000, 212918.66667, 16531372677.28889, 128574.38577, 0.91102, 5.51065, 6.05607, -10.56672, 0.00000, 1.00000
-1.40973, -2.85909, 3.75484, 4.92550, -2.02888, 0.70390, 10.00000, 438456.00000, 64483.00000, 256815.00000, 16017506240.20000, 126560.28698, 0.94766, 3.30198, 7.02665, -9.32863, 0.10000, 0.90000
-3.93313, -1.97536, 2.21782, 4.92852, -2.67616, 1.10403, 8.00000, 475114.00000, 183736.00000, 283200.62500, 11862528137.23438, 108915.23372, 0.91102, 1.05443, 0.54989, -0.60432, 0.62500, 0.37500
-3.15040, -1.49161, 3.48430, 4.92852, -2.69940, 0.78559, 10.00000, 402868.00000, 86846.00000, 251734.60000, 9647606903.64000, 98222.23223, 0.91102, 2.59457, 1.29147, -2.88604, 0.00000, 1.00000
-4.02561, -0.70086, 2.75567, 4.92853, -2.96922, 0.97747, 8.00000, 349894.00000, 151382.00000, 229705.62500, 3223446115.48438, 56775.40062, 0.90081, 1.98030, 0.39414, -1.37444, 0.37500, 0.62500
-3.75484, -1.40973, 2.85909, 4.92550, -2.78243, 0.95149, 5.00000, 449373.00000, 149969.00000, 286239.20000, 15671243932.16000, 125184.83907, 0.94766, 1.66465, 0.58922, -1.25387, 0.20000, 0.80000
-2.20355, -3.47499, 2.68919, 4.91558, -2.13592, 0.99193, 2.00000, 336081.00000, 155106.00000, 245593.50000, 8187987656.25000, 90487.50000, 1.08598, 0.74373, 1.15838, -0.90211, 0.00000, 1.00000
-2.68919, -2.20355, 3.47499, 4.91558, -2.45513, 0.78564, 11.00000, 419502.00000, 82050.00000, 261507.09091, 11084550666.99174, 105283.19271, 1.08598, 1.85065, 1.52573, -2.37638, 0.09091, 0.90909
-3.47499, -2.68919, 2.20355, 4.91558, -2.48299, 1.10596, 5.00000, 487469.00000, 321860.00000, 382839.40000, 3137835844.24000, 56016.38907, 1.08598, 0.87972, 0.68510, -0.56481, 0.20000, 0.80000
-2.83550, -2.83550, 2.83550, 4.91123, -2.35619, 0.95532, 5.00000, 474688.00000, 279298.00000, 410267.20000, 4749103561.36000, 68913.74000, 1.14286, 1.00000, 1.00000, -1.00000, 0.20000, 0.80000
-0.70086, -2.75567, -4.02561, 4.92853, -1.81985, 2.52663, 1.00000, 362243.00000, 362243.00000, 362243.00000, 0.00000, 0.00000, 0.90081, 0.10514, 0.36663, 0.52824, 1.00000, 0.00000
-1.49161, -3.48430, -3.15040, 4.92852, -1.97528, 2.26428, 4.00000, 468679.00000, 194592.00000, 382275.25000, 12459225286.68750, 111620.89987, 0.91102, 0.19070, 0.42617, 0.38313, 1.00000, 0.00000
-1.97536, -2.21782, -3.93313, 4.92852, -2.29844, 2.49482, 3.00000, 314694.00000, 247518.00000, 272330.66667, 906115446.22222, 30101.75155, 0.91102, 0.24897, 0.27362, 0.47741, 1.00000, 0.00000
-1.40973, -2.85909, -3.75484, 4.92550, -2.02888, 2.43770, 0.00000, 0.00000, 0.00000, 0.00000, 0.00000, 0.00000, 0.94766, 0.16798, 0.35746, 0.47456, 0.00000, 0.00000
-2.21782, -3.93313, -1.97536, 4.92852, -2.08423, 1.98319, 1.00000, 216194.00000, 216194.00000, 216194.00000, 0.00000, 0.00000, 0.91102, 0.27362, 0.47741, 0.24897, 0.00000, 1.00000
-2.75567, -4.02561, -0.70086, 4.92853, -2.17107, 1.71348, 1.00000, 417559.00000, 417559.00000, 417559.00000, 0.00000, 0.00000, 0.90081, 0.36663, 0.52824, 0.10514, 0.00000, 1.00000
-3.48430, -3.15040, -1.49161, 4.92852, -2.40648, 1.87827, 4.00000, 414909.00000, 122920.00000, 300108.75000, 12556972548.68750, 112057.89820, 0.91102, 0.42617, 0.38313, 0.19070, 1.00000, 0.00000
-2.85909, -3.75484, -1.40973, 4.92550, -2.22158, 1.86107, 1.00000, 385852.00000, 385852.00000, 385852.00000, 0.00000, 0.00000, 0.94766, 0.35746, 0.47456, 0.16798, 1.00000, 0.00000
-3.15040, -1.49161, -3.48430, 4.92852, -2.69940, 2.35600, 5.00000, 492504.00000, 73478.00000, 254592.20000, 23703979127.36000, 153960.96625, 0.91102, 0.38313, 0.19070, 0.42617, 1.00000, 0.00000
-3.93313, -1.97536, -2.21782, 4.92852, -2.67616, 2.03756, 3.00000, 466194.00000, 197195.00000, 316002.66667, 12552544266.88889, 112038.13756, 0.91102, 0.47741, 0.24897, 0.27362, 0.66667, 0.33333
-4.02561, -0.70086, -2.75567, 4.92853, -2.96922, 2.16413, 4.00000, 376563.00000, 53820.00000, 248980.75000, 14571560266.18750, 120712.71791, 0.90081, 0.52824, 0.10514, 0.36663, 1.00000, 0.00000
-3.75484, -1.40973, -2.85909, 4.92550, -2.78243, 2.19010, 3.00000, 495839.00000, 287338.00000, 370032.00000, 8174809884.66667, 90414.65525, 0.94766, 0.47456, 0.16798, 0.35746, 1.00000, 0.00000
-2.20355, -3.47499, -2.68919, 4.91558, -2.13592, 2.14966, 0.00000, 0.00000, 0.00000, 0.00000, 0.00000, 0.00000, 1.08598, 0.26522, 0.41309, 0.32170, 0.00000, 0.00000
-3.47499, -2.68919, -2.20355, 4.91558, -2.48299, 2.03563, 0.00000, 0.00000, 0.00000, 0.00000, 0.00000, 0.00000, 1.08598, 0.41309, 0.32170, 0.26522, 0.00000, 0.00000
-2.68919, -2.20355, -3.47499, 4.91558, -2.45513, 2.35595, 1.00000, 226923.00000, 226923.00000, 226923.00000, 0.00000, 0.00000, 1.08598, 0.32170, 0.26522, 0.41309, 1.00000, 0.00000
-2.83550, -2.83550, -2.83550, 4.91123, -2.35619, 2.18628, 2.00000, 312096.00000, 274449.00000, 293272.50000, 354324152.25000, 18823.50000, 1.14286, 0.33333, 0.33333, 0.33333, 1.00000, 0.00000
3.75791, 0.00000, -3.18882, 4.92853, 0.00000, 2.27446, 1.00000, 250728.00000, 250728.00000, 250728.00000, 0.00000, 0.00000, 0.90081, 8.64229, 0.00000, -7.64229, 0.00000, 1.00000
2.87963, -0.78273, -3.92241, 4.92852, -0.26540, 2.49122, 1.00000, 386146.00000, 386146.00000, 386146.00000, 0.00000, 0.00000, 0.91102, -1.48153, 0.40335, 2.07817, 1.00000, 0.00000
2.87963, 0.78273, -3.92241, 4.92852, 0.26540, 2.49122, 2.00000, 264947.00000, 161519.00000, 213233.00000, 2674337796.00000, 51714.00000, 0.91102, -7.66476, -2.08678, 10.75154, 1.00000, 0.00000
3.21637, 0.00000, -3.73035, 4.92550, 0.00000, 2.43005, 2.00000, 393019.00000, 366022.00000, 379520.50000, 182209502.25000, 13498.50000, 0.94766, -8.06739, -0.00000, 9.06739, 1.00000, 0.00000
1.70460, -1.50894, -4.37124, 4.92852, -0.72459, 2.66145, 1.00000, 445571.00000, 445571.00000, 445571.00000, 0.00000, 0.00000, 0.91102, -0.42255, 0.35294, 1.06961, 1.00000, 0.00000
0.43315, -2.05481, -4.45876, 4.92853, -1.36304, 2.70143, 2.00000, 391939.00000, 223125.00000, 307532.00000, 7124541649.00000, 84407.00000, 0.90081, -0.08228, 0.33112, 0.75116, 1.00000, 0.00000
0.43811, -0.72621, -4.85499, 4.92852, -1.02797, 2.96865, 1.00000, 392975.00000, 392975.00000, 392975.00000, 0.00000, 0.00000, 0.91102, -0.09634, 0.13403, 0.96230, 0.00000, 1.00000
0.87126, -1.44936, -4.62611, 4.92550, -1.02954, 2.79113, 1.00000, 458887.00000, 458887.00000, 458887.00000, 0.00000, 0.00000, 0.94766, -0.15634, 0.28534, 0.87099, 0.00000, 1.00000
1.70460, 1.50894, -4.37124, 4.92852, 0.72459, 2.66145, 5.00000, 421820.00000, 211493.00000, 318139.80000, 5770696420.56000, 75965.10002, 0.91102, -1.43665, -1.19997, 3.63662, 1.00000, 0.00000
0.43811, 0.72621, -4.85499, 4.92852, 1.02797, 2.96865, 6.00000, 466585.00000, 164122.00000, 315759.16667, 10234209394.47222, 101164.26936, 0.91102, -0.13162, -0.18312, 1.31474, 1.00000, 0.00000
0.43315, 2.05481, -4.45876, 4.92853, 1.36304, 2.70143, 3.00000, 350591.00000, 122707.00000, 217155.33333, 9415192322.88889, 97031.91394, 0.90081, -0.24359, -0.98030, 2.22389, 1.00000, 0.00000
0.87126, 1.44936, -4.62611, 4.92550, 1.02954, 2.79113, 5.00000, 443093.00000, 79590.00000, 249224.20000, 17952626814.16000, 133987.41289, 0.94766, -0.36416, -0.66465, 2.02881, 1.00000, 0.00000
2.14766, -0.78579, -4.35121, 4.91558, -0.35075, 2.65769, 0.00000, 0.00000, 0.00000, 0.00000, 0.00000, 0.00000, 1.08598, -0.71592, 0.25627, 1.45965, 0.00000, 0.00000
0.87622, 0.00000, -4.83686, 4.91558, 0.00000, 2.96238, 2.00000, 181358.00000, 135548.00000, 158453.00000, 524639025.00000, 22905.00000, 1.08598, -0.22879, -0.00000, 1.22879, 1.00000, 0.00000
2.14766, 0.78579, -4.35121, 4.91558, 0.35075, 2.65769, 0.00000, 0.00000, 0.00000, 0.00000, 0.00000, 0.00000, 1.08598, -1.46868, -0.52573, 2.99442, 0.00000, 0.00000
1.75244, 0.00000, -4.58794, 4.91123, 0.00000, 2.77673, 1.00000, 332670.00000, 332670.00000, 332670.00000, 0.00000, 0.00000, 1.14286, -0.61803, -0.00000, 1.61803, 0.00000, 1.00000
4.45876, 0.43315, 2.05481, 4.92853, 0.09684, 1.14074, 16.00000, 474852.00000, 46917.00000, 214006.56250, 17439777018.37109, 132059.74791, 0.90081, 0.64502, 0.07065, 0.28433, 0.06250, 0.93750
4.85499, 0.43811, 0.72621, 4.92852, 0.09000, 1.42291, 8.00000, 413502.00000, 125095.00000, 256591.12500, 10062651873.60938, 100312.77024, 0.91102, 0.80685, 0.08077, 0.11238, 0.12500, 0.87500
4.37124, 1.70460, 1.50894, 4.92852, 0.37182, 1.25963, 18.00000, 459525.00000, 62008.00000, 228079.11111, 14682443940.98765, 121171.13493, 0.91102, 0.57970, 0.22901, 0.19128, 0.11111, 0.88889
4.62611, 0.87126, 1.44936, 4.92550, 0.18616, 1.27212, 5.00000, 362589.00000, 51814.00000, 262242.40000, 15592688845.84000, 124870.68850, 0.94766, 0.66353, 0.11910, 0.21738, 0.00000, 1.00000
4.85499, 0.43811, -0.72621, 4.92852, 0.09000, 1.71868, 8.00000, 381139.00000, 117082.00000, 257749.75000, 6617855699.93750, 81350.20406, 0.91102, 1.04077, 0.10419, -0.14496, 0.62500, 0.37500
4.45876, 0.43315, -2.05481, 4.92853, 0.09684, 2.00085, 3.00000, 238132.00000, 137502.00000, 191792.66667, 1719344667.55556, 41464.98122, 0.90081, 1.49537, 0.16379, -0.65917, 0.00000, 1.00000
4.37124, 1.70460, -1.50894, 4.92852, 0.37182, 1.88196, 6.00000, 485800.00000, 193524.00000, 308703.00000, 13421319963.66667, 115850.42065, 0.91102, 0.93889, 0.37091, -0.30980, 0.16667, 0.83333
4.62611, 0.87126, -1.44936, 4.92550, 0.18616, 1.86947, 2.00000, 170147.00000, 82670.00000, 126408.50000, 1913056382.25000, 43738.50000, 0.94766, 1.17386, 0.21070, -0.38457, 1.00000, 0.00000
3.92241, 2.87963, 0.78273, 4.92852, 0.63328, 1.41130, 11.00000, 403824.00000, 63376.00000, 250276.18182, 13610694097.23967, 116664.87945, 0.91102, 0.52439, 0.37383, 0.10178, 0.09091, 0.90909
3.92241, 2.87963, -0.78273, 4.92852, 0.63328, 1.73029, 8.00000, 492974.00000, 70606.00000, 314934.62500, 13862043018.73438, 117737.17773, 0.91102, 0.65841, 0.46938, -0.12779, 0.50000, 0.50000
3.18882, 3.75791, 0.00000, 4.92853, 0.86714, 1.57080, 10.00000, 490723.00000, 93785.00000, 246693.70000, 16707337017.01000, 129256.86449, 0.90081, 0.46930, 0.53070, 0.00000, 0.60000, 0.40000
3.73035, 3.21637, 0.00000, 4.92550, 0.71154, 1.57080, 4.00000, 361427.00000, 87564.00000, 169317.00000, 12513431163.50000, 111863.44874, 0.94766, 0.52918, 0.47082, 0.00000, 0.25000, 0.75000
4.83686, 0.87622, 0.00000, 4.91558, 0.17921, 1.57080, 6.00000, 453275.00000, 96492.00000, 295007.16667, 12103839339.80556, 110017.45016, 1.08598, 0.84303, 0.15697, 0.00000, 0.16667, 0.83333
4.35121, 2.14766, -0.78579, 4.91558, 0.45850, 1.73134, 5.00000, 465712.00000, 131523.00000, 331500.20000, 12746278284.56000, 112899.41667, 1.08598, 0.76051, 0.37301, -0.13352, 0.60000, 0.40000
4.35121, 2.14766, 0.78579, 4.91558, 0.45850, 1.41025, 3.00000, 323512.00000, 166710.00000, 259145.33333, 4491736224.88889, 67020.41648, 1.08598, 0.60022, 0.29439, 0.10538, 0.33333, 0.66667
4.58794, 1.75244, 0.00000, 4.91123, 0.36486, 1.57080, 7.00000, 472934.00000, 125838.00000, 222890.85714, 11987243340.40816, 109486.27010, 1.14286, 0.72361, 0.27639, -0.00000, 0.28571, 0.71429
