-2.75567, 4.02561, 0.70086, 4.92853, 2.17107, 1.42811, 11.00000, 431999.00000, 33337.00000, 219458.63636, 13259807223.68595, 115151.23631, 0.90081, -1.37444, 1.98030, 0.39414, 0.54545, 0.45455
-3.48430, 3.15040, 1.49161, 4.92852, 2.40648, 1.26333, 9.00000, 454329.00000, 110587.00000, 249653.88889, 13482211733.43210, 116112.92664, 0.91102, -2.88604, 2.59457, 1.29147, 0.22222, 0.77778
-2.21782, 3.93313, 1.97536, 4.92852, 2.08423, 1.15840, 26.00000, 430056.00000, 47801.00000, 175654.92308, 7332205399.07101, 85628.29789, 0.91102, -0.60432, 1.05443, 0.54989, 0.23077, 0.76923
-2.85909, 3.75484, 1.40973, 4.92550, 2.22158, 1.28053, 9.00000, 455263.00000, 81672.00000, 201372.33333, 15481387530.66667, 124424.22405, 0.94766, -1.25387, 1.66465, 0.58922, 0.44444, 0.55556
-3.93313, 1.97536, 2.21782, 4.92852, 2.67616, 1.10403, 13.00000, 426695.00000, 87237.00000, 218106.69231, 11499288844.05917, 107234.73711, 0.91102, -10.56672, 5.51065, 6.05607, 0.07692, 0.92308
-4.02561, 0.70086, 2.75567, 4.92853, 2.96922, 0.97747, 5.00000, 435776.00000, 184891.00000, 268751.80000, 8838668225.76000, 94014.19162, 0.90081, 9.35336, -1.86160, -6.49176, 0.00000, 1.00000
-3.15040, 1.49161, 3.48430, 4.92852, 2.69940, 0.78559, 18.00000, 494275.00000, 46956.00000, 199579.27778, 18725205859.08951, 136840.07402, 0.91102, -1.63909, 0.81587, 1.82322, 0.05556, 0.94444
-3.75484, 1.40973, 2.85909, 4.92550, 2.78243, 0.95149, 10.00000, 482622.00000, 101898.00000, 265788.70000, 14869638959.01000, 121941.12907, 0.94766, -9.32863, 3.30198, 7.02665, 0.20000, 0.80000
-1.49161, 3.48430, 3.15040, 4.92852, 1.97528, 0.87732, 50.00000, 438689.00000, 26824.00000, 159798.48000, 14092686416.96960, 118712.62114, 0.91102, -0.30829, 0.68893, 0.61936, 0.10000, 0.90000
-1.97536, 2.21782, 3.93313, 4.92852, 2.29844, 0.64677, 40.00000, 404468.00000, 27577.00000, 163356.42500, 8885555433.54438, 94263.22418, 0.91102, -0.49591, 0.54500, 0.95092, 0.02500, 0.97500
-0.70086, 2.75567, 4.02561, 4.92853, 1.81985, 0.61496, 47.00000, 497157.00000, 20182.00000, 139022.21277, 19258018079.01856, 138773.26140, 0.90081, -0.13313, 0.46424, 0.66888, 0.04255, 0.95745
-1.40973, 2.85909, 3.75484, 4.92550, 2.02888, 0.70390, 40.00000, 484799.00000, 22114.00000, 146548.37500, 12034935753.23438, 109703.85478, 0.94766, -0.25296, 0.53830, 0.71466, 0.07500, 0.92500
-3.47499, 2.68919, 2.20355, 4.91558, 2.48299, 1.10596, 12.00000, 451985.00000, 79694.00000, 212132.58333, 10305138160.40972, 101514.22639, 1.08598, -2.37638, 1.85065, 1.52573, 0.16667, 0.83333
-2.68919, 2.20355, 3.47499, 4.91558, 2.45513, 0.78564, 19.00000, 489549.00000, 28815.00000, 214633.42105, 17415963676.87535, 131969.55587, 1.08598, -0.90211, 0.74373, 1.15838, 0.21053, 0.78947
-2.20355, 3.47499, 2.68919, 4.91558, 2.13592, 0.99193, 19.00000, 497071.00000, 42526.00000, 176492.42105, 13753903338.24377, 117277.03670, 1.08598, -0.56481, 0.87972, 0.68510, 0.36842, 0.63158
-2.83550, 2.83550, 2.83550, 4.91123, 2.35619, 0.95532, 18.00000, 494250.00000, 45144.00000, 190512.61111, 15627103287.23765, 125008.41287, 1.14286, -1.00000, 1.00000, 1.00000, 0.22222, 0.77778
-2.05481, 4.45876, 0.43315, 4.92853, 2.00263, 1.48280, 20.00000, 448535.00000, 52826.00000, 203322.95000, 13247797468.14750, 115099.07675, 0.90081, -0.65917, 1.49537, 0.16379, 0.70000, 0.30000
-1.50894, 4.37124, 1.70460, 4.92852, 1.90319, 1.21764, 20.00000, 480573.00000, 27550.00000, 242593.65000, 16931064384.22750, 130119.42355, 0.91102, -0.30980, 0.93889, 0.37091, 0.55000, 0.45000
-0.72621, 4.85499, 0.43811, 4.92852, 1.71928, 1.48179, 26.00000, 453176.00000, 31437.00000, 190627.50000, 15787480951.94231, 125648.24293, 0.91102, -0.14496, 1.04077, 0.10419, 0.88462, 0.11538
-1.44936, 4.62611, 0.87126, 4.92550, 1.87441, 1.39297, 23.00000, 453195.00000, 32876.00000, 216688.34783, 15777124217.27032, 125607.02296, 0.94766, -0.38457, 1.17386, 0.21070, 0.52174, 0.47826
-0.78273, 3.92241, 2.87963, 4.92852, 1.76776, 0.94680, 37.00000, 487121.00000, 42685.00000, 184950.67568, 15731111710.27319, 125423.72866, 0.91102, -0.12779, 0.65841, 0.46938, 0.16216, 0.83784
0.00000, 3.18882, 3.75791, 4.92853, 1.57080, 0.70366, 47.00000, 450020.00000, 16698.00000, 96435.65957, 8056111860.13943, 89755.84583, 0.90081, -0.00000, 0.46930, 0.53070, 0.04255, 0.95745
0.78273, 3.92241, 2.87963, 4.92852, 1.37383, 0.94680, 52.00000, 478591.00000, 24198.00000, 171332.15385, 16681581848.86094, 129157.19821, 0.91102, 0.10178, 0.52439, 0.37383, 0.17308, 0.82692
0.00000, 3.73035, 3.21637, 4.92550, 1.57080, 0.85925, 32.00000, 499534.00000, 38260.00000, 163648.46875, 16680172282.43652, 129151.74131, 0.94766, -0.00000, 0.52918, 0.47082, 0.12500, 0.87500
0.72621, 4.85499, 0.43811, 4.92852, 1.42232, 1.48179, 63.00000, 486091.00000, 19249.00000, 145614.34921, 13549758018.00504, 116403.42786, 0.91102, 0.11238, 0.80685, 0.08077, 0.87302, 0.12698
1.50894, 4.37124, 1.70460, 4.92852, 1.23841, 1.21764, 62.00000, 489074.00000, 46661.00000, 180633.56452, 13293094613.05229, 115295.68341, 0.91102, 0.19128, 0.57970, 0.22901, 0.53226, 0.46774
2.05481, 4.45876, 0.43315, 4.92853, 1.13896, 1.48280, 67.00000, 486281.00000, 11519.00000, 154193.19403, 16540105292.45489, 128608.34068, 0.90081, 0.28433, 0.64502, 0.07065, 0.83582, 0.16418
1.44936, 4.62611, 0.87126, 4.92550, 1.26718, 1.39297, 51.00000, 446819.00000, 16093.00000, 159164.78431, 16575734522.60054, 128746.78451, 0.94766, 0.21738, 0.66353, 0.11910, 0.70588, 0.29412
-0.78579, 4.35121, 2.14766, 4.91558, 1.74946, 1.11864, 31.00000, 457142.00000, 27724.00000, 209709.45161, 12430724957.73153, 111493.16104, 1.08598, -0.13352, 0.76051, 0.37301, 0.38710, 0.61290
0.78579, 4.35121, 2.14766, 4.91558, 1.39213, 1.11864, 35.00000, 435098.00000, 36362.00000, 171795.65714, 13146244839.08245, 114657.07496, 1.08598, 0.10538, 0.60022, 0.29439, 0.40000, 0.60000
0.00000, 4.83686, 0.87622, 4.91558, 1.57080, 1.39159, 23.00000, 462603.00000, 24640.00000, 165891.86957, 13515064698.89603, 116254.31045, 1.08598, -0.00000, 0.84303, 0.15697, 0.73913, 0.26087
0.00000, 4.58794, 1.75244, 4.91123, 1.57080, 1.20593, 43.00000, 466820.00000, 30660.00000, 180255.72093, 11880297131.73607, 108996.77579, 1.14286, 0.00000, 0.72361, 0.27639, 0.55814, 0.44186
-2.05481, 4.45876, -0.43315, 4.92853, 2.00263, 1.65880, 14.00000, 383534.00000, 58460.00000, 196407.28571, 6922513923.63265, 83201.64616, 0.90081, -0.98030, 2.22389, -0.24359, 0.71429, 0.28571
-0.72621, 4.85499, -0.43811, 4.92852, 1.71928, 1.65981, 38.00000, 499223.00000, 29133.00000, 171223.52632, 12459997318.30194, 111624.35809, 0.91102, -0.18312, 1.31474, -0.13162, 0.89474, 0.10526
-1.50894, 4.37124, -1.70460, 4.92852, 1.90319, 1.92396, 42.00000, 456412.00000, 32520.00000, 146566.47619, 12648493812.53514, 112465.52277, 0.91102, -1.19997, 3.63662, -1.43665, 0.90476, 0.09524
-1.44936, 4.62611, -0.87126, 4.92550, 1.87441, 1.74862, 20.00000, 418503.00000, 16621.00000, 124177.30000, 9433245382.01000, 97124.89579, 0.94766, -0.66465, 2.02881, -0.36416, 1.00000, 0.00000
0.72621, 4.85499, -0.43811, 4.92852, 1.42232, 1.65981, 85.00000, 499410.00000, 16112.00000, 119695.15294, 12812795206.67073, 113193.61822, 0.91102, 0.13403, 0.96230, -0.09634, 0.92941, 0.07059
2.05481, 4.45876, -0.43315, 4.92853, 1.13896, 1.65880, 80.00000, 452439.00000, 7508.00000, 120245.82500, 14679509999.86938, 121159.02773, 0.90081, 0.33112, 0.75116, -0.08228, 1.00000, 0.00000
1.50894, 4.37124, -1.70460, 4.92852, 1.23841, 1.92396, 138.00000, 490472.00000, 8685.00000, 99649.13043, 10588389730.31632, 102899.90151, 0.91102, 0.35294, 1.06961, -0.42255, 0.97826, 0.02174
1.44936, 4.62611, -0.87126, 4.92550, 1.26718, 1.74862, 88.00000, 407217.00000, 9829.00000, 98405.68182, 8276100729.26240, 90973.07695, 0.94766, 0.28534, 0.87099, -0.15634, 0.94318, 0.05682
-0.78273, 3.92241, -2.87963, 4.92852, 1.76776, 2.19479, 37.00000, 466364.00000, 31614.00000, 121129.37838, 7658564890.61359, 87513.22695, 0.91102, -2.08678, 10.75154, -7.66476, 1.00000, 0.00000
0.78273, 3.92241, -2.87963, 4.92852, 1.37383, 2.19479, 89.00000, 456296.00000, 14763.00000, 99269.62921, 8060518220.50297, 89780.38884, 0.91102, 0.40335, 2.07817, -1.48153, 1.00000, 0.00000
0.00000, 3.18882, -3.75791, 4.92853, 1.57080, 2.43793, 52.00000, 495099.00000, 14491.00000, 144789.90385, 13849693300.08691, 117684.71991, 0.90081, -0.00000, -7.64229, 8.64229, 0.98077, 0.01923
0.00000, 3.73035, -3.21637, 4.92550, 1.57080, 2.28234, 47.00000, 481020.00000, 14672.00000, 125224.72340, 11158932863.85966, 105635.85028, 0.94766, 0.00000, 9.06739, -8.06739, 1.00000, 0.00000
0.00000, 4.83686, -0.87622, 4.91558, 1.57080, 1.75001, 34.00000, 479736.00000, 14514.00000, 132346.67647, 13476113913.33650, 116086.66553, 1.08598, 0.00000, 1.22879, -0.22879, 0.94118, 0.05882
0.78579, 4.35121, -2.14766, 4.91558, 1.39213, 2.02296, 83.00000, 498512.00000, 14480.00000, 107281.24096, 12013612208.35158, 109606.62484, 1.08598, 0.25627, 1.45965, -0.71592, 0.97590, 0.02410
-0.78579, 4.35121, -2.14766, 4.91558, 1.74946, 2.02296, 35.00000, 496836.00000, 15780.00000, 111364.62857, 9691299980.11918, 98444.40045, 1.08598, -0.52573, 2.99442, -1.46868, 1.00000, 0.00000
0.00000, 4.58794, -1.75244, 4.91123, 1.57080, 1.93566, 53.00000, 467746.00000, 11539.00000, 121428.50943, 11678324499.49519, 108066.29678, 1.14286, 0.00000, 1.61803, -0.61803, 0.96226, 0.03774
-2.75567, 4.02561, -0.70086, 4.92853, 2.17107, 1.71348, 16.00000, 394461.00000, 64532.00000, 193134.00000, 7979900019.37500, 89330.28613, 0.90081, -6.49176, 9.35336, -1.86160, 1.00000, 0.00000
-2.21782, 3.93313, -1.97536, 4.92852, 2.08423, 1.98319, 23.00000, 476871.00000, 25622.00000, 229414.43478, 18383951686.33271, 135587.43189, 0.91102, 6.05607, -10.56672, 5.51065, 1.00000, 0.00000
-3.48430, 3.15040, -1.49161, 4.92852, 2.40648, 1.87827, 17.00000, 447600.00000, 70919.00000, 271310.17647, 11863148852.85121, 108918.08322, 0.91102, 1.82322, -1.63909, 0.81587, 0.94118, 0.05882
-2.85909, 3.75484, -1.40973, 4.92550, 2.22158, 1.86107, 8.00000, 427829.00000, 99373.00000, 222034.62500, 11290661214.73438, 106257.52310, 0.94766, 7.02665, -9.32863, 3.30198, 1.00000, 0.00000
-1.49161, 3.48430, -3.15040, 4.92852, 1.97528, 2.26428, 29.00000, 499074.00000, 36377.00000, 199386.79310, 19265048374.09512, 138798.58924, 0.91102, 1.29147, -2.88604, 2.59457, 1.00000, 0.00000
-0.70086, 2.75567, -4.02561, 4.92853, 1.81985, 2.52663, 20.00000, 475815.00000, 36257.00000, 158125.40000, 13838429907.64000, 117636.85608, 0.90081, 0.39414, -1.37444, 1.98030, 1.00000, 0.00000
-1.97536, 2.21782, -3.93313, 4.92852, 2.29844, 2.49482, 9.00000, 470579.00000, 105080.00000, 250661.44444, 14464555613.35802, 120268.68093, 0.91102, 0.54989, -0.60432, 1.05443, 1.00000, 0.00000
-1.40973, 2.85909, -3.75484, 4.92550, 2.02888, 2.43770, 14.00000, 443034.00000, 25517.00000, 159409.50000, 13912486462.82143, 117951.20374, 0.94766, 0.58922, -1.25387, 1.66465, 1.00000, 0.00000
-3.93313, 1.97536, -2.21782, 4.92852, 2.67616, 2.03756, 2.00000, 362153.00000, 124233.00000, 243193.00000, 14151481600.00000, 118960.00000, 0.91102, 0.95092, -0.49591, 0.54500, 1.00000, 0.00000
-3.15040, 1.49161, -3.48430, 4.92852, 2.69940, 2.35600, 6.00000, 478805.00000, 46776.00000, 291568.16667, 20948423597.80555, 144735.70257, 0.91102, 0.61936, -0.30829, 0.68893, 0.83333, 0.16667
-4.02561, 0.70086, -2.75567, 4.92853, 2.96922, 2.16413, 2.00000, 296703.00000, 215092.00000, 255897.50000, 1665088830.25000, 40805.50000, 0.90081, 0.66888, -0.13313, 0.46424, 1.00000, 0.00000
-3.75484, 1.40973, -2.85909, 4.92550, 2.78243, 2.19010, 2.00000, 361076.00000, 225447.00000, 293261.50000, 4598806410.25000, 67814.50000, 0.94766, 0.71466, -0.25296, 0.53830, 1.00000, 0.00000
-2.20355, 3.47499, -2.68919, 4.91558, 2.13592, 2.14966, 11.00000, 335613.00000, 45845.00000, 211269.09091, 9055562924.62810, 95160.72154, 1.08598, 1.52573, -2.37638, 1.85065, 0.90909, 0.09091
-2.68919, 2.20355, -3.47499, 4.91558, 2.45513, 2.35595, 9.00000, 358259.00000, 63727.00000, 203874.11111, 10465911424.54321, 102303.03722, 1.08598, 0.68510, -0.56481, 0.87972, 0.88889, 0.11111
-3.47499, 2.68919, -2.20355, 4.91558, 2.48299, 2.03563, 6.00000, 367428.00000, 93247.00000, 254131.00000, 9472907143.33333, 97328.86079, 1.08598, 1.15838, -0.90211, 0.74373, 1.00000, 0.00000
-2.83550, 2.83550, -2.83550, 4.91123, 2.35619, 2.18628, 14.00000, 444981.00000, 41726.00000, 220053.85714, 19842581895.26531, 140863.69971, 1.14286, 1.00000, -1.00000, 1.00000, 0.85714, 0.14286
-3.18882, 3.75791, 0.00000, 4.92853, 2.27446, 1.57080, 8.00000, 380738.00000, 77508.00000, 218739.00000, 10991977409.00000, 104842.63164, 0.90081, -7.64229, 8.64229, 0.00000, 0.75000, 0.25000
-3.92241, 2.87963, -0.78273, 4.92852, 2.50831, 1.73029, 6.00000, 436270.00000, 176407.00000, 282509.50000, 7127263915.58333, 84423.12429, 0.91102, 2.07817, -1.48153, 0.40335, 0.83333, 0.16667
-3.92241, 2.87963, 0.78273, 4.92852, 2.50831, 1.41130, 6.00000, 414311.00000, 108959.00000, 237640.33333, 9455175159.55556, 97237.72498, 0.91102, 10.75154, -7.66476, -2.08678, 0.50000, 0.50000
-3.73035, 3.21637, 0.00000, 4.92550, 2.43005, 1.57080, 14.00000, 430574.00000, 86848.00000, 239656.85714, 10526666989.69388, 102599.54673, 0.94766, 9.06739, -8.06739, -0.00000, 0.64286, 0.35714
-4.37124, 1.70460, -1.50894, 4.92852, 2.76977, 1.88196, 5.00000, 486513.00000, 262035.00000, 371140.40000, 7559557074.64000, 86945.71338, 0.91102, 1.06961, -0.42255, 0.35294, 0.60000, 0.40000
-4.45876, 0.43315, -2.05481, 4.92853, 3.04475, 2.00085, 2.00000, 296800.00000, 111293.00000, 204046.50000, 8603211762.25000, 92753.50000, 0.90081, 0.75116, -0.08228, 0.33112, 1.00000, 0.00000
-4.85499, 0.43811, -0.72621, 4.92852, 3.05160, 1.71868, 1.00000, 267624.00000, 267624.00000, 267624.00000, 0.00000, 0.00000, 0.91102, 0.96230, -0.09634, 0.13403, 0.00000, 1.00000
-4.62611, 0.87126, -1.44936, 4.92550, 2.95544, 1.86947, 2.00000, 410687.00000, 90016.00000, 250351.50000, 25707472560.25000, 160335.50000, 0.94766, 0.87099, -0.15634, 0.28534, 0.50000, 0.50000
-4.37124, 1.70460, 1.50894, 4.92852, 2.76977, 1.25963, 9.00000, 491139.00000, 72859.00000, 263785.55556, 17414078284.24691, 131962.41239, 0.91102, 3.63662, -1.43665, -1.19997, 0.33333, 0.66667
-4.85499, 0.43811, 0.72621, 4.92852, 3.05160, 1.42291, 3.00000, 454419.00000, 92072.00000, 226613.33333, 26231676004.22223, 161961.95851, 0.91102, 1.31474, -0.13162, -0.18312, 0.00000, 1.00000
-4.45876, 0.43315, 2.05481, 4.92853, 3.04475, 1.14074, 2.00000, 401954.00000, 116118.00000, 259036.00000, 20425554724.00000, 142918.00000, 0.90081, 2.22389, -0.24359, -0.98030, 0.00000, 1.00000
-4.62611, 0.87126, 1.44936, 4.92550, 2.95544, 1.27212, 3.00000, 497232.00000, 92379.00000, 359992.66667, 35816391997.55555, 189252.19153, 0.94766, 2.02881, -0.36416, -0.66465, 0.66667, 0.33333
-4.35121, 2.14766, -0.78579, 4.91558, 2.68310, 1.73134, 4.00000, 364455.00000, 151159.00000, 272085.75000, 6752590539.68750, 82174.14764, 1.08598, 1.45965, -0.71592, 0.25627, 0.25000, 0.75000
-4.83686, 0.87622, 0.00000, 4.91558, 2.96238, 1.57080, 0.00000, 0.00000, 0.00000, 0.00000, 0.00000, 0.00000, 1.08598, 1.22879, -0.22879, -0.00000, 0.00000, 0.00000
-4.35121, 2.14766, 0.78579, 4.91558, 2.68310, 1.41025, 7.00000, 484104.00000, 57075.00000, 276729.00000, 16005465007.42857, 126512.70690, 1.08598, 2.99442, -1.46868, -0.52573, 0.42857, 0.57143
-4.58794, 1.75244, 0.00000, 4.91123, 2.77673, 1.57080, 5.00000, 495451.00000, 245871.00000, 362465.80000, 7530152816.96000, 86776.45313, 1.14286, 1.61803, -0.61803, -0.00000, 0.20000, 0.80000
2.75567, 4.02561, 0.70086, 4.92853, 0.97053, 1.42811, 48.00000, 488530.00000, 18670.00000, 126416.18750, 12881999433.69401, 113498.89618, 0.90081, 0.36663, 0.52824, 0.10514, 0.85417, 0.14583
2.21782, 3.93313, 1.97536, 4.92852, 1.05736, 1.15840, 48.00000, 466469.00000, 24916.00000, 173441.35417, 14569832267.31207, 120705.56022, 0.91102, 0.27362, 0.47741, 0.24897, 0.54167, 0.45833
3.48430, 3.15040, 1.49161, 4.92852, 0.73511, 1.26333, 35.00000, 482335.00000, 49126.00000, 215543.91429, 13073023135.27837, 114337.32171, 0.91102, 0.42617, 0.38313, 0.19070, 0.65714, 0.34286
2.85909, 3.75484, 1.40973, 4.92550, 0.92001, 1.28053, 43.00000, 458360.00000, 27006.00000, 191438.25581, 16187512090.51596, 127230.15401, 0.94766, 0.35746, 0.47456, 0.16798, 0.60465, 0.39535
1.49161, 3.48430, 3.15040, 4.92852, 1.16631, 0.87732, 66.00000, 468041.00000, 21522.00000, 158011.68182, 14913274201.42906, 122119.91730, 0.91102, 0.19070, 0.42617, 0.38313, 0.18182, 0.81818
0.70086, 2.75567, 4.02561, 4.92853, 1.32174, 0.61496, 73.00000, 472951.00000, 17091.00000, 147752.46575, 16708400337.09814, 129260.97763, 0.90081, 0.10514, 0.36663, 0.52824, 0.06849, 0.93151
1.97536, 2.21782, 3.93313, 4.92852, 0.84316, 0.64677, 86.00000, 454026.00000, 12550.00000, 122248.13953, 12201377230.53867, 110459.84443, 0.91102, 0.24897, 0.27362, 0.47741, 0.03488, 0.96512
1.40973, 2.85909, 3.75484, 4.92550, 1.11271, 0.70390, 61.00000, 447022.00000, 17151.00000, 116721.98361, 12845514864.24563, 113338.05568, 0.94766, 0.16798, 0.35746, 0.47456, 0.09836, 0.90164
3.93313, 1.97536, 2.21782, 4.92852, 0.46544, 1.10403, 29.00000, 457456.00000, 36814.00000, 192157.82759, 14556903329.24614, 120651.99265, 0.91102, 0.47741, 0.24897, 0.27362, 0.34483, 0.65517
3.15040, 1.49161, 3.48430, 4.92852, 0.44220, 0.78559, 67.00000, 425670.00000, 22318.00000, 127785.10448, 9278194002.24282, 96323.38243, 0.91102, 0.38313, 0.19070, 0.42617, 0.11940, 0.88060
4.02561, 0.70086, 2.75567, 4.92853, 0.17237, 0.97747, 31.00000, 400216.00000, 37559.00000, 195221.83871, 12700645368.45786, 112697.14002, 0.90081, 0.52824, 0.10514, 0.36663, 0.16129, 0.83871
3.75484, 1.40973, 2.85909, 4.92550, 0.35916, 0.95149, 33.00000, 409891.00000, 26390.00000, 115272.12121, 6504677189.37925, 80651.57896, 0.94766, 0.47456, 0.16798, 0.35746, 0.15152, 0.84848
2.20355, 3.47499, 2.68919, 4.91558, 1.00567, 0.99193, 35.00000, 470688.00000, 31422.00000, 193720.54286, 15498897652.19102, 124494.56877, 1.08598, 0.26522, 0.41309, 0.32170, 0.28571, 0.71429
2.68919, 2.20355, 3.47499, 4.91558, 0.68646, 0.78564, 54.00000, 438830.00000, 17333.00000, 136910.22222, 14593457400.39506, 120803.38323, 1.08598, 0.32170, 0.26522, 0.41309, 0.16667, 0.83333
3.47499, 2.68919, 2.20355, 4.91558, 0.65860, 1.10596, 32.00000, 478179.00000, 21074.00000, 191371.75000, 18911991246.68750, 137520.87568, 1.08598, 0.41309, 0.32170, 0.26522, 0.28125, 0.71875
2.83550, 2.83550, 2.83550, 4.91123, 0.78540, 0.95532, 40.00000, 467054.00000, 24613.00000, 129065.57500, 10203144969.74437, 101010.61810, 1.14286, 0.33333, 0.33333, 0.33333, 0.22500, 0.77500
-0.43315, 2.05481, 4.45876, 4.92853, 1.77855, 0.44016, 94.00000, 491522.00000, 12638.00000, 114684.20213, 10955839127.31021, 104670.14439, 0.90081, -0.08228, 0.33112, 0.75116, 0.03191, 0.96809
-1.70460, 1.50894, 4.37124, 4.92852, 2.41700, 0.48015, 48.00000, 346138.00000, 10558.00000, 131534.02083, 8221744638.56207, 90673.83657, 0.91102, -0.42255, 0.35294, 1.06961, 0.04167, 0.95833
-0.43811, 0.72621, 4.85499, 4.92852, 2.11363, 0.17295, 78.00000, 384843.00000, 14318.00000, 114811.96154, 9428264015.49852, 97099.24827, 0.91102, -0.09634, 0.13403, 0.96230, 0.01282, 0.98718
-0.87126, 1.44936, 4.62611, 4.92550, 2.11205, 0.35046, 53.00000, 469569.00000, 12777.00000, 119520.26415, 10933624512.34532, 104563.97330, 0.94766, -0.15634, 0.28534, 0.87099, 0.00000, 1.00000
-2.87963, 0.78273, 3.92241, 4.92852, 2.87619, 0.65037, 19.00000, 499004.00000, 57798.00000, 189169.26316, 16582927486.93075, 128774.71602, 0.91102, -1.48153, 0.40335, 2.07817, 0.00000, 1.00000
-3.75791, 0.00000, 3.18882, 4.92853, 3.14159, 0.86714, 6.00000, 496563.00000, 96632.00000, 238346.66667, 20641809330.88889, 143672.57682, 0.90081, 8.64229, -0.00000, -7.64229, 0.00000, 1.00000
-2.87963, -0.78273, 3.92241, 4.92852, -2.87619, 0.65037, 17.00000, 436979.00000, 90826.00000, 217772.82353, 12098051874.26298, 109991.14453, 0.91102, -7.66476, -2.08678, 10.75154, 0.00000, 1.00000
-3.21637, 0.00000, 3.73035, 4.92550, 3.14159, 0.71154, 10.00000, 414683.00000, 87181.00000, 181790.60000, 10619693761.84000, 103051.89839, 0.94766, -8.06739, 0.00000, 9.06739, 0.10000, 0.90000
-0.43811, -0.72621, 4.85499, 4.92852, -2.11363, 0.17295, 46.00000, 408438.00000, 22338.00000, 131978.15217, 8621968996.73771, 92854.55830, 0.91102, -0.13162, -0.18312, 1.31474, 0.00000, 1.00000
-1.70460, -1.50894, 4.37124, 4.92852, -2.41700, 0.48015, 15.00000, 449193.00000, 78514.00000, 218574.80000, 12705617230.02667, 112719.19637, 0.91102, -1.43665, -1.19997, 3.63662, 0.00000, 1.00000
-0.43315, -2.05481, 4.45876, 4.92853, -1.77855, 0.44016, 18.00000, 436706.00000, 27023.00000, 193273.00000, 15424907542.11111, 124197.05126, 0.90081, -0.24359, -0.98030, 2.22389, 0.00000, 1.00000
-0.87126, -1.44936, 4.62611, 4.92550, -2.11205, 0.35046, 28.00000, 463583.00000, 42973.00000, 174839.25000, 8786334185.75893, 93735.44786, 0.94766, -0.36416, -0.66465, 2.02881, 0.03571, 0.96429
-2.14766, 0.78579, 4.35121, 4.91558, 2.79084, 0.48390, 30.00000, 420678.00000, 42682.00000, 139997.46667, 11054433950.71556, 105140.06825, 1.08598, -0.71592, 0.25627, 1.45965, 0.00000, 1.00000
-2.14766, -0.78579, 4.35121, 4.91558, -2.79084, 0.48390, 18.00000, 360609.00000, 37143.00000, 170248.50000, 9691883361.47222, 98447.36341, 1.08598, -1.46868, -0.52573, 2.99442, 0.00000, 1.00000
-0.87622, 0.00000, 4.83686, 4.91558, 3.14159, 0.17921, 31.00000, 232276.00000, 22357.00000, 84988.54839, 2739443986.95734, 52339.69800, 1.08598, -0.22879, 0.00000, 1.22879, 0.00000, 1.00000
-1.75244, 0.00000, 4.58794, 4.91123, 3.14159, 0.36486, 20.00000, 466525.00000, 24740.00000, 151346.55000, 15588048479.74750, 124852.10643, 1.14286, -0.61803, 0.00000, 1.61803, 0.00000, 1.00000
-4.45876, -0.43315, 2.05481, 4.92853, -3.04475, 1.14074, 3.00000, 355633.00000, 298377.00000, 333920.00000, 642009372.66667, 25337.90387, 0.90081, 1.49537, 0.16379, -0.65917, 0.33333, 0.66667
-4.85499, -0.43811, 0.72621, 4.92852, -3.05160, 1.42291, 3.00000, 434960.00000, 289850.00000, 356536.00000, 3578375672.00000, 59819.52584, 0.91102, 1.04077, 0.10419, -0.14496, 0.00000, 1.00000
-4.37124, -1.70460, 1.50894, 4.92852, -2.76977, 1.25963, 4.00000, 349597.00000, 79217.00000, 206771.75000, 10614592488.68750, 103027.14443, 0.91102, 0.93889, 0.37091, -0.30980, 0.00000, 1.00000
-4.62611, -0.87126, 1.44936, 4.92550, -2.95544, 1.27212, 8.00000, 389843.00000, 70206.00000, 230974.12500, 13578403001.10938, 116526.40474, 0.94766, 1.17386, 0.21070, -0.38457, 0.00000, 1.00000
-4.85499, -0.43811, -0.72621, 4.92852, -3.05160, 1.71868, 2.00000, 366767.00000, 252677.00000, 309722.00000, 3254132025.00000, 57045.00000, 0.91102, 0.80685, 0.08077, 0.11238, 0.50000, 0.50000
-4.45876, -0.43315, -2.05481, 4.92853, -3.04475, 2.00085, 0.00000, 0.00000, 0.00000, 0.00000, 0.00000, 0.00000, 0.90081, 0.64502, 0.07065, 0.28433, 0.00000, 0.00000
-4.37124, -1.70460, -1.50894, 4.92852, -2.76977, 1.88196, 3.00000, 364225.00000, 290729.00000, 337058.00000, 1083868124.66667, 32922.15249, 0.91102, 0.57970, 0.22901, 0.19128, 0.00000, 1.00000
-4.62611, -0.87126, -1.44936, 4.92550, -2.95544, 1.86947, 1.00000, 480569.00000, 480569.00000, 480569.00000, 0.00000, 0.00000, 0.94766, 0.66353, 0.11910, 0.21738, 1.00000, 0.00000
-3.92241, -2.87963, 0.78273, 4.92852, -2.50831, 1.41130, 1.00000, 235925.00000, 235925.00000, 235925.00000, 0.00000, 0.00000, 0.91102, 0.65841, 0.46938, -0.12779, 1.00000, 0.00000
-3.92241, -2.87963, -0.78273, 4.92852, -2.50831, 1.73029, 3.00000, 366227.00000, 218287.00000, 310196.66667, 4291370546.88889, 65508.55323, 0.91102, 0.52439, 0.37383, 0.10178, 0.00000, 1.00000
-3.18882, -3.75791, 0.00000, 4.92853, -2.27446, 1.57080, 1.00000, 261373.00000, 261373.00000, 261373.00000, 0.00000, 0.00000, 0.90081, 0.46930, 0.53070, 0.00000, 0.00000, 1.00000
-3.73035, -3.21637, 0.00000, 4.92550, -2.43005, 1.57080, 1.00000, 407827.00000, 407827.00000, 407827.00000, 0.00000, 0.00000, 0.94766, 0.52918, 0.47082, -0.00000, 1.00000, 0.00000
-4.83686, -0.87622, 0.00000, 4.91558, -2.96238, 1.57080, 0.00000, 0.00000, 0.00000, 0.00000, 0.00000, 0.00000, 1.08598, 0.84303, 0.15697, -0.00000, 0.00000, 0.00000
-4.35121, -2.14766, -0.78579, 4.91558, -2.68310, 1.73134, 2.00000, 429358.00000, 415574.00000, 422466.00000, 47499664.00000, 6892.00000, 1.08598, 0.60022, 0.29439, 0.10538, 1.00000, 0.00000
-4.35121, -2.14766, 0.78579, 4.91558, -2.68310, 1.41025, 2.00000, 419909.00000, 415558.00000, 417733.50000, 4732800.25000, 2175.50000, 1.08598, 0.76051, 0.37301, -0.13352, 0.50000, 0.50000
-4.58794, -1.75244, 0.00000, 4.91123, -2.77673, 1.57080, 0.00000, 0.00000, 0.00000, 0.00000, 0.00000, 0.00000, 1.14286, 0.72361, 0.27639, -0.00000, 0.00000, 0.00000
-3.75791, 0.00000, -3.18882, 4.92853, 3.14159, 2.27446, 1.00000, 289020.00000, 289020.00000, 289020.00000, 0.00000, 0.00000, 0.90081, 0.53070, -0.00000, 0.46930, 1.00000, 0.00000
-2.87963, 0.78273, -3.92241, 4.92852, 2.87619, 2.49122, 1.00000, 189041.00000, 189041.00000, 189041.00000, 0.00000, 0.00000, 0.91102, 0.46938, -0.12779, 0.65841, 1.00000, 0.00000
-2.87963, -0.78273, -3.92241, 4.92852, -2.87619, 2.49122, 4.00000, 293124.00000, 79482.00000, 198564.00000, 6505388246.00000, 80655.98704, 0.91102, 0.37383, 0.10178, 0.52439, 1.00000, 0.00000
-3.21637, 0.00000, -3.73035, 4.92550, 3.14159, 2.43005, 3.00000, 361711.00000, 207355.00000, 291598.00000, 4070790906.00000, 63802.74999, 0.94766, 0.47082, 0.00000, 0.52918, 0.66667, 0.33333
-1.70460, 1.50894, -4.37124, 4.92852, 2.41700, 2.66145, 10.00000, 469194.00000, 44447.00000, 168696.70000, 14899811424.41000, 122064.78372, 0.91102, 0.37091, -0.30980, 0.93889, 1.00000, 0.00000
-0.43315, 2.05481, -4.45876, 4.92853, 1.77855, 2.70143, 18.00000, 484597.00000, 31794.00000, 204308.94444, 19453926511.49691, 139477.33333, 0.90081, 0.16379, -0.65917, 1.49537, 1.00000, 0.00000
-0.43811, 0.72621, -4.85499, 4.92852, 2.11363, 2.96865, 7.00000, 479092.00000, 96623.00000, 280132.71429, 17854613613.63265, 133621.15706, 0.91102, 0.10419, -0.14496, 1.04077, 1.00000, 0.00000
-0.87126, 1.44936, -4.62611, 4.92550, 2.11205, 2.79113, 7.00000, 494515.00000, 96988.00000, 275836.00000, 19317402914.85714, 138987.06024, 0.94766, 0.21070, -0.38457, 1.17386, 1.00000, 0.00000
-1.70460, -1.50894, -4.37124, 4.92852, -2.41700, 2.66145, 1.00000, 483115.00000, 483115.00000, 483115.00000, 0.00000, 0.00000, 0.91102, 0.22901, 0.19128, 0.57970, 1.00000, 0.00000
-0.43811, -0.72621, -4.85499, 4.92852, -2.11363, 2.96865, 9.00000, 449464.00000, 142466.00000, 320965.44444, 9887902061.80247, 99437.93070, 0.91102, 0.08077, 0.11238, 0.80685, 1.00000, 0.00000
-0.43315, -2.05481, -4.45876, 4.92853, -1.77855, 2.70143, 1.00000, 121952.00000, 121952.00000, 121952.00000, 0.00000, 0.00000, 0.90081, 0.07065, 0.28433, 0.64502, 1.00000, 0.00000
-0.87126, -1.44936, -4.62611, 4.92550, -2.11205, 2.79113, 2.00000, 454031.00000, 361784.00000, 407907.50000, 2127377252.25000, 46123.50000, 0.94766, 0.11910, 0.21738, 0.66353, 1.00000, 0.00000
-2.14766, 0.78579, -4.35121, 4.91558, 2.79084, 2.65769, 7.00000, 493440.00000, 122178.00000, 302894.42857, 14910533709.10204, 122108.69629, 1.08598, 0.37301, -0.13352, 0.76051, 1.00000, 0.00000
-0.87622, 0.00000, -4.83686, 4.91558, 3.14159, 2.96238, 3.00000, 353994.00000, 238811.00000, 315590.00000, 2947507560.66667, 54290.95284, 1.08598, 0.15697, 0.00000, 0.84303, 1.00000, 0.00000
-2.14766, -0.78579, -4.35121, 4.91558, -2.79084, 2.65769, 6.00000, 478422.00000, 151979.00000, 324828.50000, 15026664209.25000, 122583.29498, 1.08598, 0.29439, 0.10538, 0.60022, 1.00000, 0.00000
-1.75244, 0.00000, -4.58794, 4.91123, 3.14159, 2.77673, 13.00000, 477386.00000, 57972.00000, 251968.69231, 15088276206.98225, 122834.34457, 1.14286, 0.27639, 0.00000, 0.72361, 0.92308, 0.07692
0.70086, 2.75567, -4.02561, 4.92853, 1.32174, 2.52663, 32.00000, 492784.00000, 28371.00000, 160352.93750, 15687675231.43359, 125250.45002, 0.90081, -1.86160, -6.49176, 9.35336, 1.00000, 0.00000
1.49161, 3.48430, -3.15040, 4.92852, 1.16631, 2.26428, 105.00000, 354265.00000, 14872.00000, 84797.72381, 5175157897.57134, 71938.57031, 0.91102, 0.81587, 1.82322, -1.63909, 0.99048, 0.00952
1.97536, 2.21782, -3.93313, 4.92852, 0.84316, 2.49482, 44.00000, 420143.00000, 18441.00000, 149569.50000, 11913141807.97727, 109147.33990, 0.91102, 5.51065, 6.05607, -10.56672, 1.00000, 0.00000
1.40973, 2.85909, -3.75484, 4.92550, 1.11271, 2.43770, 57.00000, 458031.00000, 16106.00000, 138053.45614, 16030665067.68667, 126612.26271, 0.94766, 3.30198, 7.02665, -9.32863, 0.98246, 0.01754
2.21782, 3.93313, -1.97536, 4.92852, 1.05736, 1.98319, 138.00000, 447364.00000, 8632.00000, 89957.38406, 8409345285.10612, 91702.48244, 0.91102, 0.54500, 0.95092, -0.49591, 0.98551, 0.01449
2.75567, 4.02561, -0.70086, 4.92853, 0.97053, 1.71348, 110.00000, 495868.00000, 14899.00000, 125671.33636, 13653269401.45959, 116847.20536, 0.90081, 0.46424, 0.66888, -0.13313, 0.90909, 0.09091
3.48430, 3.15040, -1.49161, 4.92852, 0.73511, 1.87827, 77.00000, 440127.00000, 17638.00000, 117020.84416, 12056022036.15753, 109799.91820, 0.91102, 0.68893, 0.61936, -0.30829, 0.97403, 0.02597
2.85909, 3.75484, -1.40973, 4.92550, 0.92001, 1.86107, 92.00000, 496802.00000, 8243.00000, 99156.59783, 9585375606.43608, 97904.93147, 0.94766, 0.53830, 0.71466, -0.25296, 0.95652, 0.04348
3.15040, 1.49161, -3.48430, 4.92852, 0.44220, 2.35600, 36.00000, 471719.00000, 28074.00000, 152024.88889, 11043151238.54321, 105086.39892, 0.91102, 2.59457, 1.29147, -2.88604, 1.00000, 0.00000
3.93313, 1.97536, -2.21782, 4.92852, 0.46544, 2.03756, 62.00000, 464378.00000, 24165.00000, 127226.46774, 12872433094.18444, 113456.74548, 0.91102, 1.05443, 0.54989, -0.60432, 0.98387, 0.01613
4.02561, 0.70086, -2.75567, 4.92853, 0.17237, 2.16413, 25.00000, 486756.00000, 27768.00000, 171299.40000, 14060193394.56000, 118575.68636, 0.90081, 1.98030, 0.39414, -1.37444, 0.96000, 0.04000
3.75484, 1.40973, -2.85909, 4.92550, 0.35916, 2.19010, 33.00000, 412410.00000, 10684.00000, 128718.96970, 13492136740.93848, 116155.65738, 0.94766, 1.66465, 0.58922, -1.25387, 0.96970, 0.03030
2.20355, 3.47499, -2.68919, 4.91558, 1.00567, 2.14966, 71.00000, 446834.00000, 14411.00000, 86186.25352, 6561552905.87939, 81003.41293, 1.08598, 0.74373, 1.15838, -0.90211, 1.00000, 0.00000
3.47499, 2.68919, -2.20355, 4.91558, 0.65860, 2.03563, 54.00000, 459269.00000, 13410.00000, 125847.98148, 11603347321.05521, 107718.83457, 1.08598, 0.87972, 0.68510, -0.56481, 1.00000, 0.00000
2.68919, 2.20355, -3.47499, 4.91558, 0.68646, 2.35595, 37.00000, 467637.00000, 15304.00000, 110531.37838, 11628835542.55954, 107837.07870, 1.08598, 1.85065, 1.52573, -2.37638, 1.00000, 0.00000
2.83550, 2.83550, -2.83550, 4.91123, 0.78540, 2.18628, 71.00000, 496922.00000, 16930.00000, 115916.02817, 10660431903.91470, 103249.36757, 1.14286, 1.00000, 1.00000, -1.00000, 1.00000, 0.00000
2.75567, -4.02561, 0.70086, 4.92853, -0.97053, 1.42811, 1.00000, 269984.00000, 269984.00000, 269984.00000, 0.00000, 0.00000, 0.90081, -6.49176, 9.35336, -1.86160, 1.00000, 0.00000
3.48430, -3.15040, 1.49161, 4.92852, -0.73511, 1.26333, 4.00000, 357470.00000, 145759.00000, 216969.75000, 6906574550.68750, 83105.80335, 0.91102, 1.82322, -1.63909, 0.81587, 0.00000, 1.00000
2.21782, -3.93313, 1.97536, 4.92852, -1.05736, 1.15840, 10.00000, 327799.00000, 82605.00000, 200679.50000, 4647286890.85000, 68171.01210, 0.91102, 6.05607, -10.56672, 5.51065, 0.00000, 1.00000
2.85909, -3.75484, 1.40973, 4.92550, -0.92001, 1.28053, 5.00000, 438649.00000, 95259.00000, 252448.20000, 19046120952.56000, 138007.68440, 0.94766, 7.02665, -9.32863, 3.30198, 0.00000, 1.00000
3.93313, -1.97536, 2.21782, 4.92852, -0.46544, 1.10403, 12.00000, 418733.00000, 55104.00000, 233671.25000, 10451705992.85417, 102233.58544, 0.91102, 0.95092, -0.49591, 0.54500, 0.00000, 1.00000
4.02561, -0.70086, 2.75567, 4.92853, -0.17237, 0.97747, 20.00000, 484051.00000, 25646.00000, 206534.50000, 24698348760.95000, 157157.08308, 0.90081, 0.66888, -0.13313, 0.46424, 0.15000, 0.85000
3.15040, -1.49161, 3.48430, 4.92852, -0.44220, 0.78559, 28.00000, 495983.00000, 46192.00000, 174302.14286, 14668374856.55102, 121113.06642, 0.91102, 0.61936, -0.30829, 0.68893, 0.10714, 0.89286
3.75484, -1.40973, 2.85909, 4.92550, -0.35916, 0.95149, 14.00000, 383620.00000, 47747.00000, 143989.57143, 8848769584.24490, 94067.89880, 0.94766, 0.71466, -0.25296, 0.53830, 0.14286, 0.85714
1.49161, -3.48430, 3.15040, 4.92852, -1.16631, 0.87732, 9.00000, 287124.00000, 69896.00000, 152373.33333, 5443369095.55556, 73779.19148, 0.91102, 1.29147, -2.88604, 2.59457, 0.00000, 1.00000
1.97536, -2.21782, 3.93313, 4.92852, -0.84316, 0.64677, 26.00000, 408897.00000, 62470.00000, 196981.92308, 13511091550.07101, 116237.22102, 0.91102, 0.54989, -0.60432, 1.05443, 0.00000, 1.00000
0.70086, -2.75567, 4.02561, 4.92853, -1.32174, 0.61496, 14.00000, 438172.00000, 46637.00000, 248170.57143, 11478032475.10204, 107135.57987, 0.90081, 0.39414, -1.37444, 1.98030, 0.00000, 1.00000
1.40973, -2.85909, 3.75484, 4.92550, -1.11271, 0.70390, 9.00000, 470849.00000, 75291.00000, 320299.77778, 16890623250.17284, 129963.93057, 0.94766, 0.58922, -1.25387, 1.66465, 0.11111, 0.88889
3.47499, -2.68919, 2.20355, 4.91558, -0.65860, 1.10596, 9.00000, 393166.00000, 63338.00000, 217488.00000, 9433596756.00000, 97126.70465, 1.08598, 1.15838, -0.90211, 0.74373, 0.11111, 0.88889
2.68919, -2.20355, 3.47499, 4.91558, -0.68646, 0.78564, 10.00000, 481064.00000, 41652.00000, 243392.60000, 15041378892.84000, 122643.29942, 1.08598, 0.68510, -0.56481, 0.87972, 0.10000, 0.90000
2.20355, -3.47499, 2.68919, 4.91558, -1.00567, 0.99193, 8.00000, 287689.00000, 112997.00000, 215702.75000, 4017363935.18750, 63382.67851, 1.08598, 1.52573, -2.37638, 1.85065, 0.00000, 1.00000
2.83550, -2.83550, 2.83550, 4.91123, -0.78540, 0.95532, 12.00000, 483933.00000, 72122.00000, 244300.91667, 15024589953.07639, 122574.83409, 1.14286, 1.00000, -1.00000, 1.00000, 0.08333, 0.91667
2.05481, -4.45876, 0.43315, 4.92853, -1.13896, 1.48280, 2.00000, 369027.00000, 330478.00000, 349752.50000, 371506350.25000, 19274.50000, 0.90081, -0.98030, 2.22389, -0.24359, 1.00000, 0.00000
1.50894, -4.37124, 1.70460, 4.92852, -1.23841, 1.21764, 3.00000, 288723.00000, 168361.00000, 223245.00000, 2470618258.66667, 49705.31419, 0.91102, -1.19997, 3.63662, -1.43665, 0.00000, 1.00000
0.72621, -4.85499, 0.43811, 4.92852, -1.42232, 1.48179, 1.00000, 328948.00000, 328948.00000, 328948.00000, 0.00000, 0.00000, 0.91102, -0.18312, 1.31474, -0.13162, 0.00000, 1.00000
1.44936, -4.62611, 0.87126, 4.92550, -1.26718, 1.39297, 0.00000, 0.00000, 0.00000, 0.00000, 0.00000, 0.00000, 0.94766, -0.66465, 2.02881, -0.36416, 0.00000, 0.00000
0.78273, -3.92241, 2.87963, 4.92852, -1.37383, 0.94680, 7.00000, 374063.00000, 137977.00000, 235100.57143, 7598705383.38776, 87170.55342, 0.91102, -2.08678, 10.75154, -7.66476, 0.14286, 0.85714
0.00000, -3.18882, 3.75791, 4.92853, -1.57080, 0.70366, 13.00000, 460783.00000, 36713.00000, 258274.76923, 17162511185.56213, 131005.76776, 0.90081, 0.00000, -7.64229, 8.64229, 0.00000, 1.00000
-0.78273, -3.92241, 2.87963, 4.92852, -1.76776, 0.94680, 1.00000, 157198.00000, 157198.00000, 157198.00000, 0.00000, 0.00000, 0.91102, 0.40335, 2.07817, -1.48153, 0.00000, 1.00000
0.00000, -3.73035, 3.21637, 4.92550, -1.57080, 0.85925, 4.00000, 470283.00000, 208965.00000, 377116.00000, 10083633286.50000, 100417.29575, 0.94766, -0.00000, 9.06739, -8.06739, 0.00000, 1.00000
-0.72621, -4.85499, 0.43811, 4.92852, -1.71928, 1.48179, 0.00000, 0.00000, 0.00000, 0.00000, 0.00000, 0.00000, 0.91102, 0.13403, 0.96230, -0.09634, 0.00000, 0.00000
-1.50894, -4.37124, 1.70460, 4.92852, -1.90319, 1.21764, 2.00000, 256628.00000, 190048.00000, 223338.00000, 1108224100.00000, 33290.00000, 0.91102, 0.35294, 1.06961, -0.42255, 0.00000, 1.00000
-2.05481, -4.45876, 0.43315, 4.92853, -2.00263, 1.48280, 0.00000, 0.00000, 0.00000, 0.00000, 0.00000, 0.00000, 0.90081, 0.33112, 0.75116, -0.08228, 0.00000, 0.00000
-1.44936, -4.62611, 0.87126, 4.92550, -1.87441, 1.39297, 1.00000, 452871.00000, 452871.00000, 452871.00000, 0.00000, 0.00000, 0.94766, 0.28534, 0.87099, -0.15634, 0.00000, 1.00000
0.78579, -4.35121, 2.14766, 4.91558, -1.39213, 1.11864, 1.00000, 92553.00000, 92553.00000, 92553.00000, 0.00000, 0.00000, 1.08598, -0.52573, 2.99442, -1.46868, 0.00000, 1.00000
-0.78579, -4.35121, 2.14766, 4.91558, -1.74946, 1.11864, 4.00000, 284667.00000, 221242.00000, 256838.75000, 601056344.18750, 24516.45048, 1.08598, 0.25627, 1.45965, -0.71592, 0.00000, 1.00000
0.00000, -4.83686, 0.87622, 4.91558, -1.57080, 1.39159, 1.00000, 408177.00000, 408177.00000, 408177.00000, 0.00000, 0.00000, 1.08598, -0.00000, 1.22879, -0.22879, 0.00000, 1.00000
0.00000, -4.58794, 1.75244, 4.91123, -1.57080, 1.20593, 1.00000, 84228.00000, 84228.00000, 84228.00000, 0.00000, 0.00000, 1.14286, -0.00000, 1.61803, -0.61803, 0.00000, 1.00000
2.05481, -4.45876, -0.43315, 4.92853, -1.13896, 1.65880, 0.00000, 0.00000, 0.00000, 0.00000, 0.00000, 0.00000, 0.90081, -0.65917, 1.49537, 0.16379, 0.00000, 0.00000
0.72621, -4.85499, -0.43811, 4.92852, -1.42232, 1.65981, 1.00000, 378805.00000, 378805.00000, 378805.00000, 0.00000, 0.00000, 0.91102, -0.14496, 1.04077, 0.10419, 0.00000, 1.00000
1.50894, -4.37124, -1.70460, 4.92852, -1.23841, 1.92396, 3.00000, 496442.00000, 226854.00000, 327475.66667, 14448445021.55556, 120201.68477, 0.91102, -0.30980, 0.93889, 0.37091, 0.33333, 0.66667
1.44936, -4.62611, -0.87126, 4.92550, -1.26718, 1.74862, 0.00000, 0.00000, 0.00000, 0.00000, 0.00000, 0.00000, 0.94766, -0.38457, 1.17386, 0.21070, 0.00000, 0.00000
-0.72621, -4.85499, -0.43811, 4.92852, -1.71928, 1.65981, 0.00000, 0.00000, 0.00000, 0.00000, 0.00000, 0.00000, 0.91102, 0.11238, 0.80685, 0.08077, 0.00000, 0.00000
-2.05481, -4.45876, -0.43315, 4.92853, -2.00263, 1.65880, 0.00000, 0.00000, 0.00000, 0.00000, 0.00000, 0.00000, 0.90081, 0.28433, 0.64502, 0.07065, 0.00000, 0.00000
-1.50894, -4.37124, -1.70460, 4.92852, -1.90319, 1.92396, 1.00000, 466623.00000, 466623.00000, 466623.00000, 0.00000, 0.00000, 0.91102, 0.19128, 0.57970, 0.22901, 1.00000, 0.00000
-1.44936, -4.62611, -0.87126, 4.92550, -1.87441, 1.74862, 1.00000, 321312.00000, 321312.00000, 321312.00000, 0.00000, 0.00000, 0.94766, 0.21738, 0.66353, 0.11910, 0.00000, 1.00000
0.78273, -3.92241, -2.87963, 4.92852, -1.37383, 2.19479, 0.00000, 0.00000, 0.00000, 0.00000, 0.00000, 0.00000, 0.91102, -0.12779, 0.65841, 0.46938, 0.00000, 0.00000
-0.78273, -3.92241, -2.87963, 4.92852, -1.76776, 2.19479, 4.00000, 467583.00000, 170362.00000, 342152.50000, 11584315333.25000, 107630.45728, 0.91102, 0.10178, 0.52439, 0.37383, 1.00000, 0.00000
0.00000, -3.18882, -3.75791, 4.92853, -1.57080, 2.43793, 2.00000, 336165.00000, 172874.00000, 254519.50000, 6665987670.25000, 81645.50000, 0.90081, 0.00000, 0.46930, 0.53070, 1.00000, 0.00000
0.00000, -3.73035, -3.21637, 4.92550, -1.57080, 2.28234, 1.00000, 494407.00000, 494407.00000, 494407.00000, 0.00000, 0.00000, 0.94766, -0.00000, 0.52918, 0.47082, 1.00000, 0.00000
0.00000, -4.83686, -0.87622, 4.91558, -1.57080, 1.75001, 0.00000, 0.00000, 0.00000, 0.00000, 0.00000, 0.00000, 1.08598, -0.00000, 0.84303, 0.15697, 0.00000, 0.00000
-0.78579, -4.35121, -2.14766, 4.91558, -1.74946, 2.02296, 0.00000, 0.00000, 0.00000, 0.00000, 0.00000, 0.00000, 1.08598, 0.10538, 0.60022, 0.29439, 0.00000, 0.00000
0.78579, -4.35121, -2.14766, 4.91558, -1.39213, 2.02296, 1.00000, 454137.00000, 454137.00000, 454137.00000, 0.00000, 0.00000, 1.08598, -0.13352, 0.76051, 0.37301, 1.00000, 0.00000
0.00000, -4.58794, -1.75244, 4.91123, -1.57080, 1.93566, 1.00000, 380841.00000, 380841.00000, 380841.00000, 0.00000, 0.00000, 1.14286, -0.00000, 0.72361, 0.27639, 1.00000, 0.00000
2.75567, -4.02561, -0.70086, 4.92853, -0.97053, 1.71348, 2.00000, 410606.00000, 349967.00000, 380286.50000, 919272080.25000, 30319.50000, 0.90081, -1.37444, 1.98030, 0.39414, 0.00000, 1.00000
2.21782, -3.93313, -1.97536, 4.92852, -1.05736, 1.98319, 3.00000, 399792.00000, 274307.00000, 342511.00000, 2684070168.66667, 51808.01259, 0.91102, -0.60432, 1.05443, 0.54989, 0.33333, 0.66667
3.48430, -3.15040, -1.49161, 4.92852, -0.73511, 1.87827, 3.00000, 404537.00000, 152304.00000, 273792.00000, 10646427072.66667, 103181.52486, 0.91102, -2.88604, 2.59457, 1.29147, 0.33333, 0.66667
2.85909, -3.75484, -1.40973, 4.92550, -0.92001, 1.86107, 2.00000, 284189.00000, 253595.00000, 268892.00000, 233998209.00000, 15297.00000, 0.94766, -1.25387, 1.66465, 0.58922, 1.00000, 0.00000
1.49161, -3.48430, -3.15040, 4.92852, -1.16631, 2.26428, 1.00000, 468641.00000, 468641.00000, 468641.00000, 0.00000, 0.00000, 0.91102, -0.30829, 0.68893, 0.61936, 1.00000, 0.00000
0.70086, -2.75567, -4.02561, 4.92853, -1.32174, 2.52663, 3.00000, 375595.00000, 331290.00000, 355308.33333, 334118172.22222, 18278.89964, 0.90081, -0.13313, 0.46424, 0.66888, 1.00000, 0.00000
1.97536, -2.21782, -3.93313, 4.92852, -0.84316, 2.49482, 5.00000, 329362.00000, 67952.00000, 153295.80000, 8923454154.56000, 94464.03630, 0.91102, -0.49591, 0.54500, 0.95092, 1.00000, 0.00000
1.40973, -2.85909, -3.75484, 4.92550, -1.11271, 2.43770, 3.00000, 431993.00000, 109077.00000, 230239.66667, 20626551619.55555, 143619.46811, 0.94766, -0.25296, 0.53830, 0.71466, 0.66667, 0.33333
3.93313, -1.97536, -2.21782, 4.92852, -0.46544, 2.03756, 6.00000, 389274.00000, 50486.00000, 213808.50000, 13519110203.25000, 116271.70852, 0.91102, -10.56672, 5.51065, 6.05607, 0.83333, 0.16667
3.15040, -1.49161, -3.48430, 4.92852, -0.44220, 2.35600, 4.00000, 304062.00000, 156275.00000, 257115.00000, 3466388298.50000, 58876.04180, 0.91102, -1.63909, 0.81587, 1.82322, 0.75000, 0.25000
4.02561, -0.70086, -2.75567, 4.92853, -0.17237, 2.16413, 6.00000, 439764.00000, 284398.00000, 344029.16667, 2756041978.13889, 52498.01880, 0.90081, 9.35336, -1.86160, -6.49176, 0.83333, 0.16667
3.75484, -1.40973, -2.85909, 4.92550, -0.35916, 2.19010, 7.00000, 412964.00000, 109109.00000, 216628.71429, 15652495565.06122, 125109.93392, 0.94766, -9.32863, 3.30198, 7.02665, 1.00000, 0.00000
2.20355, -3.47499, -2.68919, 4.91558, -1.00567, 2.14966, 0.00000, 0.00000, 0.00000, 0.00000, 0.00000, 0.00000, 1.08598, -0.56481, 0.87972, 0.68510, 0.00000, 0.00000
2.68919, -2.20355, -3.47499, 4.91558, -0.68646, 2.35595, 0.00000, 0.00000, 0.00000, 0.00000, 0.00000, 0.00000, 1.08598, -0.90211, 0.74373, 1.15838, 0.00000, 0.00000
3.47499, -2.68919, -2.20355, 4.91558, -0.65860, 2.03563, 3.00000, 495908.00000, 229387.00000, 344372.00000, 12506895040.66667, 111834.23018, 1.08598, -2.37638, 1.85065, 1.52573, 0.66667, 0.33333
2.83550, -2.83550, -2.83550, 4.91123, -0.78540, 2.18628, 3.00000, 423260.00000, 169544.00000, 266736.66667, 12488698779.55556, 111752.84685, 1.14286, -1.00000, 1.00000, 1.00000, 1.00000, 0.00000
3.18882, -3.75791, 0.00000, 4.92853, -0.86714, 1.57080, 1.00000, 177038.00000, 177038.00000, 177038.00000, 0.00000, 0.00000, 0.90081, -7.64229, 8.64229, -0.00000, 0.00000, 1.00000
3.92241, -2.87963, -0.78273, 4.92852, -0.63328, 1.73029, 4.00000, 350354.00000, 237158.00000, 307489.75000, 2034056931.18750, 45100.52030, 0.91102, 10.75154, -7.66476, -2.08678, 1.00000, 0.00000
3.92241, -2.87963, 0.78273, 4.92852, -0.63328, 1.41130, 3.00000, 338185.00000, 207697.00000, 274206.00000, 2841053474.00000, 53301.53351, 0.91102, 2.07817, -1.48153, 0.40335, 0.00000, 1.00000
3.73035, -3.21637, 0.00000, 4.92550, -0.71154, 1.57080, 2.00000, 397569.00000, 99311.00000, 248440.00000, 22239458641.00000, 149129.00000, 0.94766, 9.06739, -8.06739, 0.00000, 0.00000, 1.00000
4.37124, -1.70460, -1.50894, 4.92852, -0.37182, 1.88196, 13.00000, 486959.00000, 134130.00000, 271536.38462, 6910218391.92899, 83127.72337, 0.91102, 3.63662, -1.43665, -1.19997, 0.69231, 0.30769
4.45876, -0.43315, -2.05481, 4.92853, -0.09684, 2.00085, 13.00000, 438863.00000, 55840.00000, 257632.61538, 14948943398.08284, 122265.87176, 0.90081, 2.22389, -0.24359, -0.98030, 0.76923, 0.23077
4.85499, -0.43811, -0.72621, 4.92852, -0.09000, 1.71868, 9.00000, 287833.00000, 50007.00000, 143485.11111, 5763038008.54321, 75914.67584, 0.91102, 1.31474, -0.13162, -0.18312, 0.88889, 0.11111
4.62611, -0.87126, -1.44936, 4.92550, -0.18616, 1.86947, 5.00000, 476690.00000, 175444.00000, 292718.20000, 12950062772.16000, 113798.34257, 0.94766, 2.02881, -0.36416, -0.66465, 0.60000, 0.40000
4.37124, -1.70460, 1.50894, 4.92852, -0.37182, 1.25963, 8.00000, 412594.00000, 84030.00000, 252257.87500, 11871781711.35938, 108957.70607, 0.91102, 1.06961, -0.42255, 0.35294, 0.25000, 0.75000
4.85499, -0.43811, 0.72621, 4.92852, -0.09000, 1.42291, 12.00000, 484795.00000, 98613.00000, 264347.16667, 11222088082.97222, 105934.35742, 0.91102, 0.96230, -0.09634, 0.13403, 0.50000, 0.50000
4.45876, -0.43315, 2.05481, 4.92853, -0.09684, 1.14074, 24.00000, 443675.00000, 50041.00000, 209453.16667, 12709919624.22222, 112738.27932, 0.90081, 0.75116, -0.08228, 0.33112, 0.33333, 0.66667
4.62611, -0.87126, 1.44936, 4.92550, -0.18616, 1.27212, 3.00000, 230519.00000, 127231.00000, 191985.33333, 2121830170.88889, 46063.32783, 0.94766, 0.87099, -0.15634, 0.28534, 0.33333, 0.66667
4.35121, -2.14766, -0.78579, 4.91558, -0.45850, 1.73134, 2.00000, 196457.00000, 191548.00000, 194002.50000, 6024570.25000, 2454.50000, 1.08598, 2.99442, -1.46868, -0.52573, 0.50000, 0.50000
4.83686, -0.87622, 0.00000, 4.91558, -0.17921, 1.57080, 9.00000, 386853.00000, 146036.00000, 243730.11111, 7087333016.98765, 84186.29946, 1.08598, 1.22879, -0.22879, 0.00000, 0.33333, 0.66667
4.35121, -2.14766, 0.78579, 4.91558, -0.45850, 1.41025, 10.00000, 493759.00000, 121059.00000, 272754.10000, 11665748724.49000, 108008.09564, 1.08598, 1.45965, -0.71592, 0.25627, 0.30000, 0.70000
4.58794, -1.75244, 0.00000, 4.91123, -0.36486, 1.57080, 5.00000, 298542.00000, 103219.00000, 228841.00000, 4899385430.00000, 69995.61008, 1.14286, 1.61803, -0.61803, 0.00000, 0.60000, 0.40000
0.43315, -2.05481, 4.45876, 4.92853, -1.36304, 0.44016, 16.00000, 400056.00000, 22749.00000, 178595.62500, 14539812436.60938, 120581.14461, 0.90081, 0.16379, -0.65917, 1.49537, 0.00000, 1.00000
1.70460, -1.50894, 4.37124, 4.92852, -0.72459, 0.48015, 34.00000, 422871.00000, 46268.00000, 153559.85294, 9511455681.83131, 97526.69215, 0.91102, 0.37091, -0.30980, 0.93889, 0.00000, 1.00000
0.43811, -0.72621, 4.85499, 4.92852, -1.02797, 0.17295, 49.00000, 435605.00000, 22987.00000, 118594.97959, 8601523230.75468, 92744.39730, 0.91102, 0.10419, -0.14496, 1.04077, 0.00000, 1.00000
0.87126, -1.44936, 4.62611, 4.92550, -1.02954, 0.35046, 35.00000, 398383.00000, 27259.00000, 134911.02857, 9175057975.91347, 95786.52293, 0.94766, 0.21070, -0.38457, 1.17386, 0.00000, 1.00000
2.87963, -0.78273, 3.92241, 4.92852, -0.26540, 0.65037, 33.00000, 498959.00000, 25152.00000, 153442.72727, 15042773021.04683, 122648.98296, 0.91102, 0.46938, -0.12779, 0.65841, 0.06061, 0.93939
3.75791, 0.00000, 3.18882, 4.92853, 0.00000, 0.86714, 19.00000, 434174.00000, 38691.00000, 148181.52632, 14741056553.72299, 121412.75285, 0.90081, 0.53070, -0.00000, 0.46930, 0.05263, 0.94737
2.87963, 0.78273, 3.92241, 4.92852, 0.26540, 0.65037, 67.00000, 409244.00000, 17355.00000, 99285.46269, 7650080182.27846, 87464.73679, 0.91102, 0.37383, 0.10178, 0.52439, 0.04478, 0.95522
3.21637, 0.00000, 3.73035, 4.92550, 0.00000, 0.71154, 33.00000, 472369.00000, 24108.00000, 167231.93939, 15103949507.99633, 122898.12654, 0.94766, 0.47082, -0.00000, 0.52918, 0.06061, 0.93939
0.43811, 0.72621, 4.85499, 4.92852, 1.02797, 0.17295, 104.00000, 492695.00000, 10751.00000, 96132.01923, 11173427828.84578, 105704.43618, 0.91102, 0.08077, 0.11238, 0.80685, 0.02885, 0.97115
1.70460, 1.50894, 4.37124, 4.92852, 0.72459, 0.48015, 118.00000, 473435.00000, 15900.00000, 108779.59322, 11243207561.41080, 106033.99248, 0.91102, 0.22901, 0.19128, 0.57970, 0.01695, 0.98305
0.43315, 2.05481, 4.45876, 4.92853, 1.36304, 0.44016, 105.00000, 479837.00000, 10303.00000, 103593.48571, 10394246875.81170, 101952.17936, 0.90081, 0.07065, 0.28433, 0.64502, 0.00000, 1.00000
0.87126, 1.44936, 4.62611, 4.92550, 1.02954, 0.35046, 100.00000, 470672.00000, 8707.00000, 107735.37000, 9786051140.27310, 98924.47190, 0.94766, 0.11910, 0.21738, 0.66353, 0.05000, 0.95000
2.14766, -0.78579, 4.35121, 4.91558, -0.35075, 0.48390, 37.00000, 469023.00000, 17329.00000, 154973.02703, 15792930869.48575, 125669.92826, 1.08598, 0.37301, -0.13352, 0.76051, 0.00000, 1.00000
2.14766, 0.78579, 4.35121, 4.91558, 0.35075, 0.48390, 65.00000, 431264.00000, 12294.00000, 138807.24615, 13941096401.32402, 118072.42016, 1.08598, 0.29439, 0.10538, 0.60022, 0.03077, 0.96923
0.87622, 0.00000, 4.83686, 4.91558, 0.00000, 0.17921, 63.00000, 478126.00000, 25313.00000, 127990.30159, 13069407981.98841, 114321.51146, 1.08598, 0.15697, -0.00000, 0.84303, 0.00000, 1.00000
1.75244, 0.00000, 4.58794, 4.91123, 0.00000, 0.36486, 61.00000, 425614.00000, 12765.00000, 125018.44262, 10949879808.83687, 104641.67339, 1.14286, 0.27639, 0.00000, 0.72361, 0.00000, 1.00000
-2.75567, -4.02561, 0.70086, 4.92853, -2.17107, 1.42811, 1.00000, 371126.00000, 371126.00000, 371126.00000, 0.00000, 0.00000, 0.90081, 0.46424, 0.66888, -0.13313, 0.00000, 1.00000
-2.21782, -3.93313, 1.97536, 4.92852, -2.08423, 1.15840, 1.00000, 382489.00000, 382489.00000, 382489.00000, 0.00000, 0.00000, 0.91102, 0.54500, 0.95092, -0.49591, 0.00000, 1.00000
-3.48430, -3.15040, 1.49161, 4.92852, -2.40648, 1.26333, 3.00000, 498455.00000, 341838.00000, 396480.00000, 5208353892.66667, 72168.92609, 0.91102, 0.68893, 0.61936, -0.30829, 0.00000, 1.00000
-2.85909, -3.75484, 1.40973, 4.92550, -2.22158, 1.28053, 2.00000, 490918.00000, 416497.00000, 453707.50000, 1384621310.25000, 37210.50000, 0.94766, 0.53830, 0.71466, -0.25296, 0.00000, 1.00000
-1.49161, -3.48430, 3.15040, 4.92852, -1.97528, 0.87732, 5.00000, 463729.00000, 304079.00000, 396706.00000, 2676595098.40000, 51735.82026, 0.91102, 0.81587, 1.82322, -1.63909, 0.00000, 1.00000
-0.70086, -2.75567, 4.02561, 4.92853, -1.81985, 0.61496, 19.00000, 495375.00000, 70981.00000, 242871.57895, 9278699462.03324, 96326.00616, 0.90081, -1.86160, -6.49176, 9.35336, 0.00000, 1.00000
-1.97536, -2.21782, 3.93313, 4.92852, -2.29844, 0.64677, 11.00000, 444950.00000, 70772.00000, 209084.09091, 15088468369.35537, 122835.12677, 0.91102, 5.51065, 6.05607, -10.56672, 0.09091, 0.90909
-1.40973, -2.85909, 3.75484, 4.92550, -2.02888, 0.70390, 8.00000, 430592.00000, 66003.00000, 224355.37500, 22868907179.98438, 151224.69104, 0.94766, 3.30198, 7.02665, -9.32863, 0.00000, 1.00000
-3.93313, -1.97536, 2.21782, 4.92852, -2.67616, 1.10403, 6.00000, 463962.00000, 102184.00000, 270952.83333, 18599757373.80556, 136380.92746, 0.91102, 1.05443, 0.54989, -0.60432, 0.00000, 1.00000
-3.15040, -1.49161, 3.48430, 4.92852, -2.69940, 0.78559, 6.00000, 328681.00000, 137008.00000, 221463.00000, 6773795866.00000, 82303.07325, 0.91102, 2.59457, 1.29147, -2.88604, 0.00000, 1.00000
-4.02561, -0.70086, 2.75567, 4.92853, -2.96922, 0.97747, 1.00000, 495871.00000, 495871.00000, 495871.00000, 0.00000, 0.00000, 0.90081, 1.98030, 0.39414, -1.37444, 0.00000, 1.00000
-3.75484, -1.40973, 2.85909, 4.92550, -2.78243, 0.95149, 3.00000, 272796.00000, 117837.00000, 209319.00000, 4394188626.00000, 66288.67645, 0.94766, 1.66465, 0.58922, -1.25387, 0.00000, 1.00000
-2.20355, -3.47499, 2.68919, 4.91558, -2.13592, 0.99193, 6.00000, 440233.00000, 108915.00000, 327823.00000, 10916748240.33333, 104483.24383, 1.08598, 0.74373, 1.15838, -0.90211, 0.16667, 0.83333
-2.68919, -2.20355, 3.47499, 4.91558, -2.45513, 0.78564, 4.00000, 436273.00000, 162241.00000, 272267.00000, 10123771780.00000, 100616.95573, 1.08598, 1.85065, 1.52573, -2.37638, 0.00000, 1.00000
-3.47499, -2.68919, 2.20355, 4.91558, -2.48299, 1.10596, 1.00000, 52767.00000, 52767.00000, 52767.00000, 0.00000, 0.00000, 1.08598, 0.87972, 0.68510, -0.56481, 0.00000, 1.00000
-2.83550, -2.83550, 2.83550, 4.91123, -2.35619, 0.95532, 11.00000, 488753.00000, 49854.00000, 209754.54545, 15937954913.52066, 126245.61344, 1.14286, 1.00000, 1.00000, -1.00000, 0.00000, 1.00000
-0.70086, -2.75567, -4.02561, 4.92853, -1.81985, 2.52663, 1.00000, 147949.00000, 147949.00000, 147949.00000, 0.00000, 0.00000, 0.90081, 0.10514, 0.36663, 0.52824, 1.00000, 0.00000
-1.49161, -3.48430, -3.15040, 4.92852, -1.97528, 2.26428, 0.00000, 0.00000, 0.00000, 0.00000, 0.00000, 0.00000, 0.91102, 0.19070, 0.42617, 0.38313, 0.00000, 0.00000
-1.97536, -2.21782, -3.93313, 4.92852, -2.29844, 2.49482, 1.00000, 107086.00000, 107086.00000, 107086.00000, 0.00000, 0.00000, 0.91102, 0.24897, 0.27362, 0.47741, 1.00000, 0.00000
-1.40973, -2.85909, -3.75484, 4.92550, -2.02888, 2.43770, 4.00000, 437994.00000, 187779.00000, 328818.50000, 8099331287.25000, 89996.28485, 0.94766, 0.16798, 0.35746, 0.47456, 1.00000, 0.00000
-2.21782, -3.93313, -1.97536, 4.92852, -2.08423, 1.98319, 1.00000, 377523.00000, 377523.00000, 377523.00000, 0.00000, 0.00000, 0.91102, 0.27362, 0.47741, 0.24897, 1.00000, 0.00000
-2.75567, -4.02561, -0.70086, 4.92853, -2.17107, 1.71348, 2.00000, 454851.00000, 379076.00000, 416963.50000, 1435462656.25000, 37887.50000, 0.90081, 0.36663, 0.52824, 0.10514, 0.50000, 0.50000
-3.48430, -3.15040, -1.49161, 4.92852, -2.40648, 1.87827, 0.00000, 0.00000, 0.00000, 0.00000, 0.00000, 0.00000, 0.91102, 0.42617, 0.38313, 0.19070, 0.00000, 0.00000
-2.85909, -3.75484, -1.40973, 4.92550, -2.22158, 1.86107, 0.00000, 0.00000, 0.00000, 0.00000, 0.00000, 0.00000, 0.94766, 0.35746, 0.47456, 0.16798, 0.00000, 0.00000
-3.15040, -1.49161, -3.48430, 4.92852, -2.69940, 2.35600, 2.00000, 292572.00000, 279859.00000, 286215.50000, 40405092.25000, 6356.50000, 0.91102, 0.38313, 0.19070, 0.42617, 0.50000, 0.50000
-3.93313, -1.97536, -2.21782, 4.92852, -2.67616, 2.03756, 1.00000, 231983.00000, 231983.00000, 231983.00000, 0.00000, 0.00000, 0.91102, 0.47741, 0.24897, 0.27362, 1.00000, 0.00000
-4.02561, -0.70086, -2.75567, 4.92853, -2.96922, 2.16413, 1.00000, 194776.00000, 194776.00000, 194776.00000, 0.00000, 0.00000, 0.90081, 0.52824, 0.10514, 0.36663, 1.00000, 0.00000
-3.75484, -1.40973, -2.85909, 4.92550, -2.78243, 2.19010, 1.00000, 387790.00000, 387790.00000, 387790.00000, 0.00000, 0.00000, 0.94766, 0.47456, 0.16798, 0.35746, 1.00000, 0.00000
-2.20355, -3.47499, -2.68919, 4.91558, -2.13592, 2.14966, 1.00000, 365096.00000, 365096.00000, 365096.00000, 0.00000, 0.00000, 1.08598, 0.26522, 0.41309, 0.32170, 0.00000, 1.00000
-3.47499, -2.68919, -2.20355, 4.91558, -2.48299, 2.03563, 1.00000, 489118.00000, 489118.00000, 489118.00000, 0.00000, 0.00000, 1.08598, 0.41309, 0.32170, 0.26522, 0.00000, 1.00000
-2.68919, -2.20355, -3.47499, 4.91558, -2.45513, 2.35595, 1.00000, 468912.00000, 468912.00000, 468912.00000, 0.00000, 0.00000, 1.08598, 0.32170, 0.26522, 0.41309, 1.00000, 0.00000
-2.83550, -2.83550, -2.83550, 4.91123, -2.35619, 2.18628, 3.00000, 395021.00000, 230153.00000, 330031.66667, 5138875694.22222, 71685.95186, 1.14286, 0.33333, 0.33333, 0.33333, 0.66667, 0.33333
3.75791, 0.00000, -3.18882, 4.92853, 0.00000, 2.27446, 15.00000, 456458.00000, 33502.00000, 160123.93333, 18106405485.26222, 134560.04416, 0.90081, 8.64229, 0.00000, -7.64229, 1.00000, 0.00000
2.87963, -0.78273, -3.92241, 4.92852, -0.26540, 2.49122, 9.00000, 403338.00000, 77122.00000, 185896.33333, 8359786805.33333, 91431.86975, 0.91102, -1.48153, 0.40335, 2.07817, 1.00000, 0.00000
2.87963, 0.78273, -3.92241, 4.92852, 0.26540, 2.49122, 20.00000, 468987.00000, 35165.00000, 192061.80000, 19416625028.16000, 139343.55036, 0.91102, -7.66476, -2.08678, 10.75154, 1.00000, 0.00000
3.21637, 0.00000, -3.73035, 4.92550, 0.00000, 2.43005, 11.00000, 402600.00000, 50299.00000, 168189.09091, 12233945645.71901, 110607.16815, 0.94766, -8.06739, -0.00000, 9.06739, 1.00000, 0.00000
1.70460, -1.50894, -4.37124, 4.92852, -0.72459, 2.66145, 4.00000, 346175.00000, 136521.00000, 201265.25000, 7368324938.18750, 85838.94768, 0.91102, -0.42255, 0.35294, 1.06961, 1.00000, 0.00000
0.43315, -2.05481, -4.45876, 4.92853, -1.36304, 2.70143, 7.00000, 348570.00000, 159337.00000, 272103.00000, 3865604150.85714, 62173.98291, 0.90081, -0.08228, 0.33112, 0.75116, 1.00000, 0.00000
0.43811, -0.72621, -4.85499, 4.92852, -1.02797, 2.96865, 8.00000, 387657.00000, 73076.00000, 230849.37500, 12299061580.98438, 110901.13426, 0.91102, -0.09634, 0.13403, 0.96230, 1.00000, 0.00000
0.87126, -1.44936, -4.62611, 4.92550, -1.02954, 2.79113, 3.00000, 302130.00000, 129390.00000, 202889.33333, 5304492720.88889, 72831.94849, 0.94766, -0.15634, 0.28534, 0.87099, 1.00000, 0.00000
1.70460, 1.50894, -4.37124, 4.92852, 0.72459, 2.66145, 34.00000, 485436.00000, 26097.00000, 165817.17647, 15113406937.26298, 122936.59723, 0.91102, -1.43665, -1.19997, 3.63662, 1.00000, 0.00000
0.43811, 0.72621, -4.85499, 4.92852, 1.02797, 2.96865, 10.00000, 459409.00000, 45843.00000, 167351.50000, 13425786954.45000, 115869.69817, 0.91102, -0.13162, -0.18312, 1.31474, 1.00000, 0.00000
0.43315, 2.05481, -4.45876, 4.92853, 1.36304, 2.70143, 28.00000, 390992.00000, 32953.00000, 157271.17857, 10274603529.14668, 101363.71900, 0.90081, -0.24359, -0.98030, 2.22389, 1.00000, 0.00000
0.87126, 1.44936, -4.62611, 4.92550, 1.02954, 2.79113, 11.00000, 462670.00000, 39511.00000, 227798.27273, 25378532496.01653, 159306.41072, 0.94766, -0.36416, -0.66465, 2.02881, 0.90909, 0.09091
2.14766, -0.78579, -4.35121, 4.91558, -0.35075, 2.65769, 5.00000, 450672.00000, 126225.00000, 243736.80000, 12520753839.76000, 111896.17437, 1.08598, -0.71592, 0.25627, 1.45965, 1.00000, 0.00000
0.87622, 0.00000, -4.83686, 4.91558, 0.00000, 2.96238, 8.00000, 414941.00000, 120999.00000, 215255.12500, 10050092439.60938, 100250.14932, 1.08598, -0.22879, -0.00000, 1.22879, 0.87500, 0.12500
2.14766, 0.78579, -4.35121, 4.91558, 0.35075, 2.65769, 11.00000, 368643.00000, 43807.00000, 161118.00000, 11519034461.45455, 107326.76489, 1.08598, -1.46868, -0.52573, 2.99442, 0.90909, 0.09091
1.75244, 0.00000, -4.58794, 4.91123, 0.00000, 2.77673, 6.00000, 408348.00000, 75952.00000, 224995.66667, 10172312293.55556, 100857.88166, 1.14286, -0.61803, -0.00000, 1.61803, 0.83333, 0.16667
4.45876, 0.43315, 2.05481, 4.92853, 0.09684, 1.14074, 21.00000, 331419.00000, 58697.00000, 185022.38095, 6126055143.09297, 78269.11998, 0.90081, 0.64502, 0.07065, 0.28433, 0.38095, 0.61905
4.85499, 0.43811, 0.72621, 4.92852, 0.09000, 1.42291, 14.00000, 463739.00000, 29263.00000, 193427.21429, 14089487334.88265, 118699.14631, 0.91102, 0.80685, 0.08077, 0.11238, 0.28571, 0.71429
4.37124, 1.70460, 1.50894, 4.92852, 0.37182, 1.25963, 32.00000, 495444.00000, 63820.00000, 210378.28125, 15064632047.26465, 122738.06275, 0.91102, 0.57970, 0.22901, 0.19128, 0.28125, 0.71875
4.62611, 0.87126, 1.44936, 4.92550, 0.18616, 1.27212, 11.00000, 350770.00000, 68602.00000, 196547.81818, 7834689489.05785, 88513.78135, 0.94766, 0.66353, 0.11910, 0.21738, 0.36364, 0.63636
4.85499, 0.43811, -0.72621, 4.92852, 0.09000, 1.71868, 12.00000, 450048.00000, 67731.00000, 269781.50000, 17981636188.25000, 134095.62330, 0.91102, 1.04077, 0.10419, -0.14496, 0.75000, 0.25000
4.45876, 0.43315, -2.05481, 4.92853, 0.09684, 2.00085, 18.00000, 499325.00000, 64262.00000, 188612.11111, 16710607526.09876, 129269.51507, 0.90081, 1.49537, 0.16379, -0.65917, 1.00000, 0.00000
4.37124, 1.70460, -1.50894, 4.92852, 0.37182, 1.88196, 32.00000, 464069.00000, 21812.00000, 133109.87500, 12107223437.73438, 110032.82891, 0.91102, 0.93889, 0.37091, -0.30980, 0.87500, 0.12500
4.62611, 0.87126, -1.44936, 4.92550, 0.18616, 1.86947, 12.00000, 402112.00000, 26209.00000, 153725.33333, 10916047179.38889, 104479.88888, 0.94766, 1.17386, 0.21070, -0.38457, 1.00000, 0.00000
3.92241, 2.87963, 0.78273, 4.92852, 0.63328, 1.41130, 45.00000, 477723.00000, 38141.00000, 196100.75556, 17438319556.31803, 132054.22960, 0.91102, 0.52439, 0.37383, 0.10178, 0.66667, 0.33333
3.92241, 2.87963, -0.78273, 4.92852, 0.63328, 1.73029, 66.00000, 414927.00000, 12365.00000, 124307.37879, 9369129263.78076, 96794.26256, 0.91102, 0.65841, 0.46938, -0.12779, 0.96970, 0.03030
3.18882, 3.75791, 0.00000, 4.92853, 0.86714, 1.57080, 72.00000, 478962.00000, 17348.00000, 134130.41667, 14014759193.96528, 118383.94821, 0.90081, 0.46930, 0.53070, 0.00000, 0.81944, 0.18056
3.73035, 3.21637, 0.00000, 4.92550, 0.71154, 1.57080, 41.00000, 386785.00000, 23147.00000, 142675.26829, 11556814841.70851, 107502.62714, 0.94766, 0.52918, 0.47082, 0.00000, 0.87805, 0.12195
4.83686, 0.87622, 0.00000, 4.91558, 0.17921, 1.57080, 13.00000, 391863.00000, 48096.00000, 226951.84615, 10222710158.59172, 101107.41891, 1.08598, 0.84303, 0.15697, 0.00000, 0.76923, 0.23077
4.35121, 2.14766, -0.78579, 4.91558, 0.45850, 1.73134, 34.00000, 452273.00000, 27360.00000, 147871.79412, 11961110497.63408, 109366.86197, 1.08598, 0.76051, 0.37301, -0.13352, 0.94118, 0.05882
4.35121, 2.14766, 0.78579, 4.91558, 0.45850, 1.41025, 24.00000, 437314.00000, 36539.00000, 149556.20833, 9991349252.91493, 99956.73691, 1.08598, 0.60022, 0.29439, 0.10538, 0.79167, 0.20833
4.58794, 1.75244, 0.00000, 4.91123, 0.36486, 1.57080, 27.00000, 477985.00000, 38737.00000, 181328.33333, 16180437638.59259, 127202.34919, 1.14286, 0.72361, 0.27639, -0.00000, 0.74074, 0.25926
