-2.75567, 4.02561, 0.70086, 4.92853, 2.17107, 1.42811, 15.00000, 487771.00000, 82903.00000, 253770.60000, 16262212716.50667, 127523.38106, 0.90081, -1.37444, 1.98030, 0.39414, 0.86667, 0.13333
-3.48430, 3.15040, 1.49161, 4.92852, 2.40648, 1.26333, 10.00000, 467314.00000, 111280.00000, 276430.80000, 13068498319.36000, 114317.53286, 0.91102, -2.88604, 2.59457, 1.29147, 0.90000, 0.10000
-2.21782, 3.93313, 1.97536, 4.92852, 2.08423, 1.15840, 16.00000, 461294.00000, 46699.00000, 227781.68750, 15682490112.96484, 125229.74931, 0.91102, -0.60432, 1.05443, 0.54989, 1.00000, 0.00000
-2.85909, 3.75484, 1.40973, 4.92550, 2.22158, 1.28053, 6.00000, 459387.00000, 160167.00000, 286935.00000, 11373867648.33333, 106648.33636, 0.94766, -1.25387, 1.66465, 0.58922, 0.83333, 0.16667
-3.93313, 1.97536, 2.21782, 4.92852, 2.67616, 1.10403, 9.00000, 486427.00000, 128143.00000, 288677.77778, 12343615175.72840, 111101.82346, 0.91102, -10.56672, 5.51065, 6.05607, 0.66667, 0.33333
-4.02561, 0.70086, 2.75567, 4.92853, 2.96922, 0.97747, 9.00000, 498098.00000, 97204.00000, 277583.88889, 15025905610.09876, 122580.20073, 0.90081, 9.35336, -1.86160, -6.49176, 0.11111, 0.88889
-3.15040, 1.49161, 3.48430, 4.92852, 2.69940, 0.78559, 9.00000, 471754.00000, 74043.00000, 235115.88889, 17217586871.65432, 131215.80268, 0.91102, -1.63909, 0.81587, 1.82322, 0.44444, 0.55556
-3.75484, 1.40973, 2.85909, 4.92550, 2.78243, 0.95149, 3.00000, 381573.00000, 107691.00000, 213778.66667, 14405748009.55556, 120023.94765, 0.94766, -9.32863, 3.30198, 7.02665, 0.33333, 0.66667
-1.49161, 3.48430, 3.15040, 4.92852, 1.97528, 0.87732, 12.00000, 498362.00000, 75069.00000, 295099.50000, 15081340071.25000, 122806.10763, 0.91102, -0.30829, 0.68893, 0.61936, 0.75000, 0.25000
-1.97536, 2.21782, 3.93313, 4.92852, 2.29844, 0.64677, 6.00000, 421615.00000, 276315.00000, 367635.33333, 3275578384.55556, 57232.66886, 0.91102, -0.49591, 0.54500, 0.95092, 0.33333, 0.66667
-0.70086, 2.75567, 4.02561, 4.92853, 1.81985, 0.61496, 13.00000, 450519.00000, 96410.00000, 247156.30769, 7978633016.21302, 89323.19417, 0.90081, -0.13313, 0.46424, 0.66888, 0.76923, 0.23077
-1.40973, 2.85909, 3.75484, 4.92550, 2.02888, 0.70390, 13.00000, 355312.00000, 37233.00000, 222130.46154, 13245814102.09468, 115090.46052, 0.94766, -0.25296, 0.53830, 0.71466, 0.92308, 0.07692
-3.47499, 2.68919, 2.20355, 4.91558, 2.48299, 1.10596, 5.00000, 401409.00000, 160332.00000, 284180.80000, 6404885824.56000, 80030.53058, 1.08598, -2.37638, 1.85065, 1.52573, 0.80000, 0.20000
-2.68919, 2.20355, 3.47499, 4.91558, 2.45513, 0.78564, 3.00000, 146703.00000, 67921.00000, 104997.66667, 1045146198.22222, 32328.72095, 1.08598, -0.90211, 0.74373, 1.15838, 0.33333, 0.66667
-2.20355, 3.47499, 2.68919, 4.91558, 2.13592, 0.99193, 7.00000, 481168.00000, 44834.00000, 298494.71429, 19640265311.91837, 140143.73090, 1.08598, -0.56481, 0.87972, 0.68510, 0.71429, 0.28571
-2.83550, 2.83550, 2.83550, 4.91123, 2.35619, 0.95532, 6.00000, 357573.00000, 135221.00000, 228669.00000, 6820216895.00000, 82584.60447, 1.14286, -1.00000, 1.00000, 1.00000, 0.66667, 0.33333
-2.05481, 4.45876, 0.43315, 4.92853, 2.00263, 1.48280, 12.00000, 449027.00000, 24823.00000, 219286.75000, 22345197161.68750, 149483.09992, 0.90081, -0.65917, 1.49537, 0.16379, 1.00000, 0.00000
-1.50894, 4.37124, 1.70460, 4.92852, 1.90319, 1.21764, 24.00000, 484172.00000, 31339.00000, 224208.08333, 17624075082.90972, 132755.69699, 0.91102, -0.30980, 0.93889, 0.37091, 0.95833, 0.04167
-0.72621, 4.85499, 0.43811, 4.92852, 1.71928, 1.48179, 22.00000, 419504.00000, 29605.00000, 171068.77273, 14164172509.99380, 119013.32913, 0.91102, -0.14496, 1.04077, 0.10419, 0.95455, 0.04545
-1.44936, 4.62611, 0.87126, 4.92550, 1.87441, 1.39297, 12.00000, 486332.00000, 64242.00000, 227085.83333, 18207190254.30556, 134934.02186, 0.94766, -0.38457, 1.17386, 0.21070, 1.00000, 0.00000
-0.78273, 3.92241, 2.87963, 4.92852, 1.76776, 0.94680, 30.00000, 416816.00000, 33681.00000, 173796.60000, 10334597058.84000, 101659.22024, 0.91102, -0.12779, 0.65841, 0.46938, 0.93333, 0.06667
0.00000, 3.18882, 3.75791, 4.92853, 1.57080, 0.70366, 15.00000, 394293.00000, 26443.00000, 190707.66667, 14630071451.82222, 120954.83228, 0.90081, -0.00000, 0.46930, 0.53070, 0.93333, 0.06667
0.78273, 3.92241, 2.87963, 4.92852, 1.37383, 0.94680, 35.00000, 447717.00000, 17777.00000, 215989.97143, 17285178609.22776, 131473.10983, 0.91102, 0.10178, 0.52439, 0.37383, 0.94286, 0.05714
0.00000, 3.73035, 3.21637, 4.92550, 1.57080, 0.85925, 24.00000, 496023.00000, 19707.00000, 177275.83333, 15312979684.55555, 123745.62491, 0.94766, -0.00000, 0.52918, 0.47082, 1.00000, 0.00000
0.72621, 4.85499, 0.43811, 4.92852, 1.42232, 1.48179, 40.00000, 446982.00000, 28917.00000, 152116.62500, 15529848551.58438, 124618.81299, 0.91102, 0.11238, 0.80685, 0.08077, 1.00000, 0.00000
1.50894, 4.37124, 1.70460, 4.92852, 1.23841, 1.21764, 56.00000, 438152.00000, 29204.00000, 138941.35714, 9427584384.05102, 97095.74854, 0.91102, 0.19128, 0.57970, 0.22901, 0.98214, 0.01786
2.05481, 4.45876, 0.43315, 4.92853, 1.13896, 1.48280, 67.00000, 471062.00000, 13680.00000, 134061.43284, 12474912044.21564, 111691.14577, 0.90081, 0.28433, 0.64502, 0.07065, 1.00000, 0.00000
1.44936, 4.62611, 0.87126, 4.92550, 1.26718, 1.39297, 39.00000, 491585.00000, 14676.00000, 146411.64103, 18810995919.61473, 137153.18414, 0.94766, 0.21738, 0.66353, 0.11910, 0.94872, 0.05128
-0.78579, 4.35121, 2.14766, 4.91558, 1.74946, 1.11864, 21.00000, 417980.00000, 55315.00000, 213405.42857, 9767551036.81633, 98830.92146, 1.08598, -0.13352, 0.76051, 0.37301, 0.90476, 0.09524
0.78579, 4.35121, 2.14766, 4.91558, 1.39213, 1.11864, 29.00000, 474378.00000, 35271.00000, 173229.51724, 14491128675.49108, 120379.10398, 1.08598, 0.10538, 0.60022, 0.29439, 1.00000, 0.00000
0.00000, 4.83686, 0.87622, 4.91558, 1.57080, 1.39159, 29.00000, 399432.00000, 37244.00000, 182029.44828, 12971365099.41974, 113891.90094, 1.08598, -0.00000, 0.84303, 0.15697, 0.96552, 0.03448
0.00000, 4.58794, 1.75244, 4.91123, 1.57080, 1.20593, 37.00000, 492933.00000, 33488.00000, 203496.89189, 15808312410.47480, 125731.11155, 1.14286, 0.00000, 0.72361, 0.27639, 0.97297, 0.02703
-2.05481, 4.45876, -0.43315, 4.92853, 2.00263, 1.65880, 18.00000, 488958.00000, 57519.00000, 271984.50000, 22922656516.36111, 151402.30023, 0.90081, -0.98030, 2.22389, -0.24359, 0.94444, 0.05556
-0.72621, 4.85499, -0.43811, 4.92852, 1.71928, 1.65981, 19.00000, 395728.00000, 59446.00000, 180148.73684, 7726490926.61496, 87900.46033, 0.91102, -0.18312, 1.31474, -0.13162, 0.94737, 0.05263
-1.50894, 4.37124, -1.70460, 4.92852, 1.90319, 1.92396, 18.00000, 405553.00000, 90642.00000, 230443.77778, 11056783324.72839, 105151.24024, 0.91102, -1.19997, 3.63662, -1.43665, 1.00000, 0.00000
-1.44936, 4.62611, -0.87126, 4.92550, 1.87441, 1.74862, 5.00000, 437085.00000, 78930.00000, 187677.20000, 19068095921.36000, 138087.27646, 0.94766, -0.66465, 2.02881, -0.36416, 1.00000, 0.00000
0.72621, 4.85499, -0.43811, 4.92852, 1.42232, 1.65981, 51.00000, 499171.00000, 23790.00000, 156134.25490, 16120998901.24875, 126968.49570, 0.91102, 0.13403, 0.96230, -0.09634, 1.00000, 0.00000
2.05481, 4.45876, -0.43315, 4.92853, 1.13896, 1.65880, 45.00000, 411816.00000, 16392.00000, 120951.15556, 9032440192.70914, 95039.15084, 0.90081, 0.33112, 0.75116, -0.08228, 1.00000, 0.00000
1.50894, 4.37124, -1.70460, 4.92852, 1.23841, 1.92396, 44.00000, 454046.00000, 32157.00000, 173296.70455, 12721344798.70816, 112788.93917, 0.91102, 0.35294, 1.06961, -0.42255, 0.97727, 0.02273
1.44936, 4.62611, -0.87126, 4.92550, 1.26718, 1.74862, 36.00000, 485754.00000, 27928.00000, 162897.63889, 11874601635.11960, 108970.64575, 0.94766, 0.28534, 0.87099, -0.15634, 1.00000, 0.00000
-0.78273, 3.92241, -2.87963, 4.92852, 1.76776, 2.19479, 15.00000, 469228.00000, 68835.00000, 240607.33333, 11868702549.15555, 108943.57507, 0.91102, -2.08678, 10.75154, -7.66476, 1.00000, 0.00000
0.78273, 3.92241, -2.87963, 4.92852, 1.37383, 2.19479, 18.00000, 453320.00000, 62788.00000, 188598.55556, 10355888431.80247, 101763.88570, 0.91102, 0.40335, 2.07817, -1.48153, 1.00000, 0.00000
0.00000, 3.18882, -3.75791, 4.92853, 1.57080, 2.43793, 6.00000, 499121.00000, 226330.00000, 332102.83333, 11504228108.47222, 107257.76479, 0.90081, -0.00000, -7.64229, 8.64229, 1.00000, 0.00000
0.00000, 3.73035, -3.21637, 4.92550, 1.57080, 2.28234, 12.00000, 349991.00000, 85886.00000, 214210.08333, 7461690261.24305, 86381.07583, 0.94766, 0.00000, 9.06739, -8.06739, 1.00000, 0.00000
0.00000, 4.83686, -0.87622, 4.91558, 1.57080, 1.75001, 18.00000, 458031.00000, 49017.00000, 183497.50000, 19529858461.80556, 139749.26999, 1.08598, 0.00000, 1.22879, -0.22879, 1.00000, 0.00000
0.78579, 4.35121, -2.14766, 4.91558, 1.39213, 2.02296, 19.00000, 436552.00000, 68277.00000, 197602.26316, 15058211160.93075, 122711.90309, 1.08598, 0.25627, 1.45965, -0.71592, 1.00000, 0.00000
-0.78579, 4.35121, -2.14766, 4.91558, 1.74946, 2.02296, 12.00000, 428840.00000, 67541.00000, 225855.83333, 13453724850.63889, 115990.19291, 1.08598, -0.52573, 2.99442, -1.46868, 1.00000, 0.00000
0.00000, 4.58794, -1.75244, 4.91123, 1.57080, 1.93566, 18.00000, 439633.00000, 37946.00000, 213405.05556, 13407995596.71914, 115792.89960, 1.14286, 0.00000, 1.61803, -0.61803, 1.00000, 0.00000
-2.75567, 4.02561, -0.70086, 4.92853, 2.17107, 1.71348, 8.00000, 494290.00000, 100523.00000, 208459.62500, 13452334379.23438, 115984.19883, 0.90081, -6.49176, 9.35336, -1.86160, 1.00000, 0.00000
-2.21782, 3.93313, -1.97536, 4.92852, 2.08423, 1.98319, 6.00000, 368855.00000, 139511.00000, 242780.16667, 4860526626.13889, 69717.47719, 0.91102, 6.05607, -10.56672, 5.51065, 1.00000, 0.00000
-3.48430, 3.15040, -1.49161, 4.92852, 2.40648, 1.87827, 3.00000, 489845.00000, 69952.00000, 313251.33333, 31609844890.88889, 177791.57711, 0.91102, 1.82322, -1.63909, 0.81587, 0.66667, 0.33333
-2.85909, 3.75484, -1.40973, 4.92550, 2.22158, 1.86107, 3.00000, 479198.00000, 254178.00000, 336123.66667, 10307357010.88889, 101525.15457, 0.94766, 7.02665, -9.32863, 3.30198, 1.00000, 0.00000
-1.49161, 3.48430, -3.15040, 4.92852, 1.97528, 2.26428, 7.00000, 179768.00000, 43688.00000, 106562.42857, 1573382966.53061, 39665.89173, 0.91102, 1.29147, -2.88604, 2.59457, 1.00000, 0.00000
-0.70086, 2.75567, -4.02561, 4.92853, 1.81985, 2.52663, 5.00000, 365718.00000, 78535.00000, 234669.40000, 14434930867.44000, 120145.45712, 0.90081, 0.39414, -1.37444, 1.98030, 1.00000, 0.00000
-1.97536, 2.21782, -3.93313, 4.92852, 2.29844, 2.49482, 3.00000, 480114.00000, 203498.00000, 341417.00000, 12753037884.66667, 112929.34908, 0.91102, 0.54989, -0.60432, 1.05443, 1.00000, 0.00000
-1.40973, 2.85909, -3.75484, 4.92550, 2.02888, 2.43770, 4.00000, 465060.00000, 172208.00000, 302238.75000, 12778277250.68750, 113041.04233, 0.94766, 0.58922, -1.25387, 1.66465, 1.00000, 0.00000
-3.93313, 1.97536, -2.21782, 4.92852, 2.67616, 2.03756, 2.00000, 316463.00000, 258785.00000, 287624.00000, 831687921.00000, 28839.00000, 0.91102, 0.95092, -0.49591, 0.54500, 1.00000, 0.00000
-3.15040, 1.49161, -3.48430, 4.92852, 2.69940, 2.35600, 2.00000, 288107.00000, 287488.00000, 287797.50000, 95790.25000, 309.50000, 0.91102, 0.61936, -0.30829, 0.68893, 1.00000, 0.00000
-4.02561, 0.70086, -2.75567, 4.92853, 2.96922, 2.16413, 3.00000, 434928.00000, 344038.00000, 400571.00000, 1622719504.66667, 40282.99275, 0.90081, 0.66888, -0.13313, 0.46424, 0.33333, 0.66667
-3.75484, 1.40973, -2.85909, 4.92550, 2.78243, 2.19010, 0.00000, 0.00000, 0.00000, 0.00000, 0.00000, 0.00000, 0.94766, 0.71466, -0.25296, 0.53830, 0.00000, 0.00000
-2.20355, 3.47499, -2.68919, 4.91558, 2.13592, 2.14966, 5.00000, 402488.00000, 70317.00000, 236664.20000, 17691779318.16000, 133010.44815, 1.08598, 1.52573, -2.37638, 1.85065, 1.00000, 0.00000
-2.68919, 2.20355, -3.47499, 4.91558, 2.45513, 2.35595, 1.00000, 206969.00000, 206969.00000, 206969.00000, 0.00000, 0.00000, 1.08598, 0.68510, -0.56481, 0.87972, 1.00000, 0.00000
-3.47499, 2.68919, -2.20355, 4.91558, 2.48299, 2.03563, 1.00000, 279151.00000, 279151.00000, 279151.00000, 0.00000, 0.00000, 1.08598, 1.15838, -0.90211, 0.74373, 0.00000, 1.00000
-2.83550, 2.83550, -2.83550, 4.91123, 2.35619, 2.18628, 3.00000, 472050.00000, 121628.00000, 353683.66667, 26928561937.55556, 164099.24417, 1.14286, 1.00000, -1.00000, 1.00000, 1.00000, 0.00000
-3.18882, 3.75791, 0.00000, 4.92853, 2.27446, 1.57080, 6.00000, 469299.00000, 79558.00000, 295519.00000, 16323019004.66667, 127761.57092, 0.90081, -7.64229, 8.64229, 0.00000, 1.00000, 0.00000
-3.92241, 2.87963, -0.78273, 4.92852, 2.50831, 1.73029, 5.00000, 458440.00000, 138432.00000, 238983.00000, 13209530173.60000, 114932.72020, 0.91102, 2.07817, -1.48153, 0.40335, 0.60000, 0.40000
-3.92241, 2.87963, 0.78273, 4.92852, 2.50831, 1.41130, 6.00000, 465435.00000, 137280.00000, 250353.50000, 14017997805.58333, 118397.62584, 0.91102, 10.75154, -7.66476, -2.08678, 0.66667, 0.33333
-3.73035, 3.21637, 0.00000, 4.92550, 2.43005, 1.57080, 2.00000, 239610.00000, 225904.00000, 232757.00000, 46963609.00000, 6853.00000, 0.94766, 9.06739, -8.06739, -0.00000, 1.00000, 0.00000
-4.37124, 1.70460, -1.50894, 4.92852, 2.76977, 1.88196, 2.00000, 198120.00000, 176615.00000, 187367.50000, 115616256.25000, 10752.50000, 0.91102, 1.06961, -0.42255, 0.35294, 0.50000, 0.50000
-4.45876, 0.43315, -2.05481, 4.92853, 3.04475, 2.00085, 0.00000, 0.00000, 0.00000, 0.00000, 0.00000, 0.00000, 0.90081, 0.75116, -0.08228, 0.33112, 0.00000, 0.00000
-4.85499, 0.43811, -0.72621, 4.92852, 3.05160, 1.71868, 4.00000, 448077.00000, 190270.00000, 273758.75000, 10412976934.18750, 102043.99509, 0.91102, 0.96230, -0.09634, 0.13403, 0.50000, 0.50000
-4.62611, 0.87126, -1.44936, 4.92550, 2.95544, 1.86947, 1.00000, 290298.00000, 290298.00000, 290298.00000, 0.00000, 0.00000, 0.94766, 0.87099, -0.15634, 0.28534, 0.00000, 1.00000
-4.37124, 1.70460, 1.50894, 4.92852, 2.76977, 1.25963, 3.00000, 386042.00000, 106864.00000, 291871.66667, 17115769844.22222, 130827.25192, 0.91102, 3.63662, -1.43665, -1.19997, 0.66667, 0.33333
-4.85499, 0.43811, 0.72621, 4.92852, 3.05160, 1.42291, 5.00000, 462724.00000, 260919.00000, 399154.20000, 6180576554.96000, 78616.64299, 0.91102, 1.31474, -0.13162, -0.18312, 0.40000, 0.60000
-4.45876, 0.43315, 2.05481, 4.92853, 3.04475, 1.14074, 7.00000, 491318.00000, 89707.00000, 333277.28571, 16456178081.34694, 128281.63579, 0.90081, 2.22389, -0.24359, -0.98030, 0.14286, 0.85714
-4.62611, 0.87126, 1.44936, 4.92550, 2.95544, 1.27212, 2.00000, 438898.00000, 247891.00000, 343394.50000, 9120918512.25000, 95503.50000, 0.94766, 2.02881, -0.36416, -0.66465, 0.50000, 0.50000
-4.35121, 2.14766, -0.78579, 4.91558, 2.68310, 1.73134, 1.00000, 257083.00000, 257083.00000, 257083.00000, 0.00000, 0.00000, 1.08598, 1.45965, -0.71592, 0.25627, 1.00000, 0.00000
-4.83686, 0.87622, 0.00000, 4.91558, 2.96238, 1.57080, 3.00000, 448572.00000, 222000.00000, 316355.00000, 9272577386.00000, 96294.22301, 1.08598, 1.22879, -0.22879, -0.00000, 0.33333, 0.66667
-4.35121, 2.14766, 0.78579, 4.91558, 2.68310, 1.41025, 6.00000, 499154.00000, 169430.00000, 310775.66667, 12046996457.88889, 109758.81039, 1.08598, 2.99442, -1.46868, -0.52573, 0.66667, 0.33333
-4.58794, 1.75244, 0.00000, 4.91123, 2.77673, 1.57080, 4.00000, 464403.00000, 215687.00000, 296853.00000, 9598152370.50000, 97970.16061, 1.14286, 1.61803, -0.61803, -0.00000, 0.25000, 0.75000
2.75567, 4.02561, 0.70086, 4.92853, 0.97053, 1.42811, 80.00000, 483390.00000, 12007.00000, 137088.50000, 16657099242.15000, 129062.38508, 0.90081, 0.36663, 0.52824, 0.10514, 0.98750, 0.01250
2.21782, 3.93313, 1.97536, 4.92852, 1.05736, 1.15840, 71.00000, 494775.00000, 23493.00000, 134525.04225, 11482099038.74469, 107154.55678, 0.91102, 0.27362, 0.47741, 0.24897, 1.00000, 0.00000
3.48430, 3.15040, 1.49161, 4.92852, 0.73511, 1.26333, 58.00000, 478431.00000, 20594.00000, 156367.87931, 16706301931.58888, 129252.86044, 0.91102, 0.42617, 0.38313, 0.19070, 1.00000, 0.00000
2.85909, 3.75484, 1.40973, 4.92550, 0.92001, 1.28053, 49.00000, 408880.00000, 16653.00000, 126374.38776, 9346735333.42108, 96678.51537, 0.94766, 0.35746, 0.47456, 0.16798, 0.95918, 0.04082
1.49161, 3.48430, 3.15040, 4.92852, 1.16631, 0.87732, 42.00000, 451997.00000, 24777.00000, 166328.30952, 12936106171.16610, 113737.00441, 0.91102, 0.19070, 0.42617, 0.38313, 0.95238, 0.04762
0.70086, 2.75567, 4.02561, 4.92853, 1.32174, 0.61496, 18.00000, 420486.00000, 76150.00000, 250134.61111, 12992158530.23765, 113983.15020, 0.90081, 0.10514, 0.36663, 0.52824, 0.72222, 0.27778
1.97536, 2.21782, 3.93313, 4.92852, 0.84316, 0.64677, 22.00000, 442166.00000, 27435.00000, 181786.86364, 14486054817.29959, 120358.02764, 0.91102, 0.24897, 0.27362, 0.47741, 0.90909, 0.09091
1.40973, 2.85909, 3.75484, 4.92550, 1.11271, 0.70390, 26.00000, 486045.00000, 41667.00000, 203880.76923, 18062407204.86982, 134396.45533, 0.94766, 0.16798, 0.35746, 0.47456, 0.96154, 0.03846
3.93313, 1.97536, 2.21782, 4.92852, 0.46544, 1.10403, 45.00000, 458700.00000, 34273.00000, 193605.48889, 12486497528.73876, 111742.99767, 0.91102, 0.47741, 0.24897, 0.27362, 0.95556, 0.04444
3.15040, 1.49161, 3.48430, 4.92852, 0.44220, 0.78559, 22.00000, 497184.00000, 40785.00000, 210155.90909, 15374065849.71901, 123992.20076, 0.91102, 0.38313, 0.19070, 0.42617, 0.77273, 0.22727
4.02561, 0.70086, 2.75567, 4.92853, 0.17237, 0.97747, 22.00000, 496333.00000, 43879.00000, 228753.63636, 16213653946.14050, 127332.84708, 0.90081, 0.52824, 0.10514, 0.36663, 0.81818, 0.18182
3.75484, 1.40973, 2.85909, 4.92550, 0.35916, 0.95149, 19.00000, 440282.00000, 35140.00000, 203288.94737, 14259704546.68144, 119414.00482, 0.94766, 0.47456, 0.16798, 0.35746, 0.89474, 0.10526
2.20355, 3.47499, 2.68919, 4.91558, 1.00567, 0.99193, 37.00000, 413773.00000, 31323.00000, 135008.59459, 10747748937.26808, 103671.35061, 1.08598, 0.26522, 0.41309, 0.32170, 1.00000, 0.00000
2.68919, 2.20355, 3.47499, 4.91558, 0.68646, 0.78564, 27.00000, 473923.00000, 46320.00000, 232161.37037, 19930018292.67764, 141173.71672, 1.08598, 0.32170, 0.26522, 0.41309, 0.85185, 0.14815
3.47499, 2.68919, 2.20355, 4.91558, 0.65860, 1.10596, 33.00000, 471077.00000, 30460.00000, 170669.27273, 12990541397.71350, 113976.05625, 1.08598, 0.41309, 0.32170, 0.26522, 1.00000, 0.00000
2.83550, 2.83550, 2.83550, 4.91123, 0.78540, 0.95532, 38.00000, 497944.00000, 21650.00000, 172830.86842, 14733645042.48269, 121382.22705, 1.14286, 0.33333, 0.33333, 0.33333, 0.94737, 0.05263
-0.43315, 2.05481, 4.45876, 4.92853, 1.77855, 0.44016, 15.00000, 481116.00000, 78957.00000, 269590.66667, 20478450589.82222, 143102.93704, 0.90081, -0.08228, 0.33112, 0.75116, 0.60000, 0.40000
-1.70460, 1.50894, 4.37124, 4.92852, 2.41700, 0.48015, 13.00000, 349712.00000, 79881.00000, 234681.92308, 6223305788.53254, 78887.93183, 0.91102, -0.42255, 0.35294, 1.06961, 0.23077, 0.76923
-0.43811, 0.72621, 4.85499, 4.92852, 2.11363, 0.17295, 32.00000, 460785.00000, 46866.00000, 258009.68750, 14277540444.02734, 119488.66241, 0.91102, -0.09634, 0.13403, 0.96230, 0.31250, 0.68750
-0.87126, 1.44936, 4.62611, 4.92550, 2.11205, 0.35046, 15.00000, 465366.00000, 96902.00000, 271436.40000, 16835327279.70667, 129751.02034, 0.94766, -0.15634, 0.28534, 0.87099, 0.26667, 0.73333
-2.87963, 0.78273, 3.92241, 4.92852, 2.87619, 0.65037, 10.00000, 483287.00000, 139572.00000, 273441.80000, 10430437409.96000, 102129.51292, 0.91102, -1.48153, 0.40335, 2.07817, 0.10000, 0.90000
-3.75791, 0.00000, 3.18882, 4.92853, 3.14159, 0.86714, 14.00000, 459826.00000, 81218.00000, 234069.21429, 7978934004.02551, 89324.87898, 0.90081, 8.64229, -0.00000, -7.64229, 0.07143, 0.92857
-2.87963, -0.78273, 3.92241, 4.92852, -2.87619, 0.65037, 18.00000, 446998.00000, 45251.00000, 224188.66667, 19447189374.77777, 139453.17987, 0.91102, -7.66476, -2.08678, 10.75154, 0.05556, 0.94444
-3.21637, 0.00000, 3.73035, 4.92550, 3.14159, 0.71154, 8.00000, 330456.00000, 99818.00000, 188989.00000, 6187936977.50000, 78663.44118, 0.94766, -8.06739, 0.00000, 9.06739, 0.00000, 1.00000
-0.43811, -0.72621, 4.85499, 4.92852, -2.11363, 0.17295, 37.00000, 485326.00000, 39083.00000, 226181.40541, 16900138500.45726, 130000.53269, 0.91102, -0.13162, -0.18312, 1.31474, 0.16216, 0.83784
-1.70460, -1.50894, 4.37124, 4.92852, -2.41700, 0.48015, 34.00000, 456937.00000, 57692.00000, 235492.08824, 13979493911.31574, 118234.90987, 0.91102, -1.43665, -1.19997, 3.63662, 0.02941, 0.97059
-0.43315, -2.05481, 4.45876, 4.92853, -1.77855, 0.44016, 36.00000, 453322.00000, 40161.00000, 189718.83333, 11012969011.36111, 104942.69394, 0.90081, -0.24359, -0.98030, 2.22389, 0.02778, 0.97222
-0.87126, -1.44936, 4.62611, 4.92550, -2.11205, 0.35046, 28.00000, 442823.00000, 23237.00000, 168126.53571, 13914893626.17730, 117961.40736, 0.94766, -0.36416, -0.66465, 2.02881, 0.03571, 0.96429
-2.14766, 0.78579, 4.35121, 4.91558, 2.79084, 0.48390, 7.00000, 453178.00000, 94214.00000, 247843.28571, 18053038917.63265, 134361.59763, 1.08598, -0.71592, 0.25627, 1.45965, 0.14286, 0.85714
-2.14766, -0.78579, 4.35121, 4.91558, -2.79084, 0.48390, 21.00000, 434516.00000, 67218.00000, 227420.47619, 12476091269.29705, 111696.42460, 1.08598, -1.46868, -0.52573, 2.99442, 0.04762, 0.95238
-0.87622, 0.00000, 4.83686, 4.91558, 3.14159, 0.17921, 19.00000, 496712.00000, 75236.00000, 190125.94737, 13959101730.47091, 118148.64252, 1.08598, -0.22879, 0.00000, 1.22879, 0.05263, 0.94737
-1.75244, 0.00000, 4.58794, 4.91123, 3.14159, 0.36486, 24.00000, 457410.00000, 40374.00000, 226252.45833, 14720673484.83160, 121328.78259, 1.14286, -0.61803, 0.00000, 1.61803, 0.12500, 0.87500
-4.45876, -0.43315, 2.05481, 4.92853, -3.04475, 1.14074, 2.00000, 461211.00000, 79340.00000, 270275.50000, 36456365160.25000, 190935.50000, 0.90081, 1.49537, 0.16379, -0.65917, 0.00000, 1.00000
-4.85499, -0.43811, 0.72621, 4.92852, -3.05160, 1.42291, 3.00000, 303459.00000, 196033.00000, 239311.00000, 2141169362.66667, 46272.77129, 0.91102, 1.04077, 0.10419, -0.14496, 0.00000, 1.00000
-4.37124, -1.70460, 1.50894, 4.92852, -2.76977, 1.25963, 13.00000, 483619.00000, 90391.00000, 305122.92308, 13919151202.99408, 117979.45246, 0.91102, 0.93889, 0.37091, -0.30980, 0.00000, 1.00000
-4.62611, -0.87126, 1.44936, 4.92550, -2.95544, 1.27212, 6.00000, 423192.00000, 120816.00000, 294573.33333, 14402750406.55556, 120011.45948, 0.94766, 1.17386, 0.21070, -0.38457, 0.00000, 1.00000
-4.85499, -0.43811, -0.72621, 4.92852, -3.05160, 1.71868, 3.00000, 304267.00000, 248773.00000, 276062.00000, 513683534.00000, 22664.58766, 0.91102, 0.80685, 0.08077, 0.11238, 0.00000, 1.00000
-4.45876, -0.43315, -2.05481, 4.92853, -3.04475, 2.00085, 3.00000, 409843.00000, 255503.00000, 342506.00000, 4163515044.66667, 64525.30546, 0.90081, 0.64502, 0.07065, 0.28433, 0.33333, 0.66667
-4.37124, -1.70460, -1.50894, 4.92852, -2.76977, 1.88196, 0.00000, 0.00000, 0.00000, 0.00000, 0.00000, 0.00000, 0.91102, 0.57970, 0.22901, 0.19128, 0.00000, 0.00000
-4.62611, -0.87126, -1.44936, 4.92550, -2.95544, 1.86947, 2.00000, 403982.00000, 168008.00000, 285995.00000, 13920932169.00000, 117987.00000, 0.94766, 0.66353, 0.11910, 0.21738, 0.00000, 1.00000
-3.92241, -2.87963, 0.78273, 4.92852, -2.50831, 1.41130, 12.00000, 382637.00000, 79904.00000, 235673.25000, 11748051946.02083, 108388.43087, 0.91102, 0.65841, 0.46938, -0.12779, 0.00000, 1.00000
-3.92241, -2.87963, -0.78273, 4.92852, -2.50831, 1.73029, 6.00000, 410214.00000, 138976.00000, 309387.33333, 10541020846.55556, 102669.47378, 0.91102, 0.52439, 0.37383, 0.10178, 0.00000, 1.00000
-3.18882, -3.75791, 0.00000, 4.92853, -2.27446, 1.57080, 7.00000, 491859.00000, 119730.00000, 299682.14286, 20290788877.26531, 142445.74012, 0.90081, 0.46930, 0.53070, 0.00000, 0.00000, 1.00000
-3.73035, -3.21637, 0.00000, 4.92550, -2.43005, 1.57080, 6.00000, 445333.00000, 68763.00000, 213314.33333, 14854563498.55556, 121879.29889, 0.94766, 0.52918, 0.47082, -0.00000, 0.00000, 1.00000
-4.83686, -0.87622, 0.00000, 4.91558, -2.96238, 1.57080, 0.00000, 0.00000, 0.00000, 0.00000, 0.00000, 0.00000, 1.08598, 0.84303, 0.15697, -0.00000, 0.00000, 0.00000
-4.35121, -2.14766, -0.78579, 4.91558, -2.68310, 1.73134, 1.00000, 156759.00000, 156759.00000, 156759.00000, 0.00000, 0.00000, 1.08598, 0.60022, 0.29439, 0.10538, 0.00000, 1.00000
-4.35121, -2.14766, 0.78579, 4.91558, -2.68310, 1.41025, 11.00000, 479815.00000, 46855.00000, 229799.09091, 18686611738.62810, 136698.98222, 1.08598, 0.76051, 0.37301, -0.13352, 0.00000, 1.00000
-4.58794, -1.75244, 0.00000, 4.91123, -2.77673, 1.57080, 5.00000, 486949.00000, 249621.00000, 368658.60000, 7711574333.44000, 87815.56999, 1.14286, 0.72361, 0.27639, -0.00000, 0.20000, 0.80000
-3.75791, 0.00000, -3.18882, 4.92853, 3.14159, 2.27446, 1.00000, 369529.00000, 369529.00000, 369529.00000, 0.00000, 0.00000, 0.90081, 0.53070, -0.00000, 0.46930, 1.00000, 0.00000
-2.87963, 0.78273, -3.92241, 4.92852, 2.87619, 2.49122, 3.00000, 403175.00000, 325519.00000, 354155.00000, 1212829450.66667, 34825.70101, 0.91102, 0.46938, -0.12779, 0.65841, 1.00000, 0.00000
-2.87963, -0.78273, -3.92241, 4.92852, -2.87619, 2.49122, 1.00000, 366556.00000, 366556.00000, 366556.00000, 0.00000, 0.00000, 0.91102, 0.37383, 0.10178, 0.52439, 1.00000, 0.00000
-3.21637, 0.00000, -3.73035, 4.92550, 3.14159, 2.43005, 0.00000, 0.00000, 0.00000, 0.00000, 0.00000, 0.00000, 0.94766, 0.47082, 0.00000, 0.52918, 0.00000, 0.00000
-1.70460, 1.50894, -4.37124, 4.92852, 2.41700, 2.66145, 2.00000, 492928.00000, 419223.00000, 456075.50000, 1358106756.25000, 36852.50000, 0.91102, 0.37091, -0.30980, 0.93889, 1.00000, 0.00000
-0.43315, 2.05481, -4.45876, 4.92853, 1.77855, 2.70143, 8.00000, 401036.00000, 112773.00000, 279807.87500, 10448705441.10938, 102218.90941, 0.90081, 0.16379, -0.65917, 1.49537, 1.00000, 0.00000
-0.43811, 0.72621, -4.85499, 4.92852, 2.11363, 2.96865, 2.00000, 418418.00000, 399353.00000, 408885.50000, 90868556.25000, 9532.50000, 0.91102, 0.10419, -0.14496, 1.04077, 1.00000, 0.00000
-0.87126, 1.44936, -4.62611, 4.92550, 2.11205, 2.79113, 2.00000, 271914.00000, 253039.00000, 262476.50000, 89066406.25000, 9437.50000, 0.94766, 0.21070, -0.38457, 1.17386, 1.00000, 0.00000
-1.70460, -1.50894, -4.37124, 4.92852, -2.41700, 2.66145, 0.00000, 0.00000, 0.00000, 0.00000, 0.00000, 0.00000, 0.91102, 0.22901, 0.19128, 0.57970, 0.00000, 0.00000
-0.43811, -0.72621, -4.85499, 4.92852, -2.11363, 2.96865, 0.00000, 0.00000, 0.00000, 0.00000, 0.00000, 0.00000, 0.91102, 0.08077, 0.11238, 0.80685, 0.00000, 0.00000
-0.43315, -2.05481, -4.45876, 4.92853, -1.77855, 2.70143, 0.00000, 0.00000, 0.00000, 0.00000, 0.00000, 0.00000, 0.90081, 0.07065, 0.28433, 0.64502, 0.00000, 0.00000
-0.87126, -1.44936, -4.62611, 4.92550, -2.11205, 2.79113, 2.00000, 499211.00000, 417649.00000, 458430.00000, 1663089961.00000, 40781.00000, 0.94766, 0.11910, 0.21738, 0.66353, 1.00000, 0.00000
-2.14766, 0.78579, -4.35121, 4.91558, 2.79084, 2.65769, 1.00000, 181987.00000, 181987.00000, 181987.00000, 0.00000, 0.00000, 1.08598, 0.37301, -0.13352, 0.76051, 1.00000, 0.00000
-0.87622, 0.00000, -4.83686, 4.91558, 3.14159, 2.96238, 3.00000, 467850.00000, 356843.00000, 422646.66667, 2265945874.88889, 47601.95243, 1.08598, 0.15697, 0.00000, 0.84303, 1.00000, 0.00000
-2.14766, -0.78579, -4.35121, 4.91558, -2.79084, 2.65769, 0.00000, 0.00000, 0.00000, 0.00000, 0.00000, 0.00000, 1.08598, 0.29439, 0.10538, 0.60022, 0.00000, 0.00000
-1.75244, 0.00000, -4.58794, 4.91123, 3.14159, 2.77673, 0.00000, 0.00000, 0.00000, 0.00000, 0.00000, 0.00000, 1.14286, 0.27639, 0.00000, 0.72361, 0.00000, 0.00000
0.70086, 2.75567, -4.02561, 4.92853, 1.32174, 2.52663, 8.00000, 333598.00000, 65673.00000, 216058.62500, 7673636597.48438, 87599.29564, 0.90081, -1.86160, -6.49176, 9.35336, 1.00000, 0.00000
1.49161, 3.48430, -3.15040, 4.92852, 1.16631, 2.26428, 13.00000, 427499.00000, 39865.00000, 204582.38462, 14127119104.69823, 118857.55805, 0.91102, 0.81587, 1.82322, -1.63909, 1.00000, 0.00000
1.97536, 2.21782, -3.93313, 4.92852, 0.84316, 2.49482, 8.00000, 394586.00000, 97672.00000, 224820.37500, 10916928294.98438, 104484.10547, 0.91102, 5.51065, 6.05607, -10.56672, 1.00000, 0.00000
1.40973, 2.85909, -3.75484, 4.92550, 1.11271, 2.43770, 9.00000, 426020.00000, 109517.00000, 233947.77778, 14269163457.95061, 119453.60379, 0.94766, 3.30198, 7.02665, -9.32863, 1.00000, 0.00000
2.21782, 3.93313, -1.97536, 4.92852, 1.05736, 1.98319, 25.00000, 448343.00000, 32963.00000, 164083.56000, 13498242991.76640, 116181.93918, 0.91102, 0.54500, 0.95092, -0.49591, 0.96000, 0.04000
2.75567, 4.02561, -0.70086, 4.92853, 0.97053, 1.71348, 50.00000, 486545.00000, 20779.00000, 155664.90000, 12083363778.49000, 109924.35480, 0.90081, 0.46424, 0.66888, -0.13313, 1.00000, 0.00000
3.48430, 3.15040, -1.49161, 4.92852, 0.73511, 1.87827, 37.00000, 431432.00000, 38099.00000, 171510.51351, 11601114997.38495, 107708.47226, 0.91102, 0.68893, 0.61936, -0.30829, 0.97297, 0.02703
2.85909, 3.75484, -1.40973, 4.92550, 0.92001, 1.86107, 27.00000, 411371.00000, 17763.00000, 140620.22222, 10915147997.43210, 104475.58565, 0.94766, 0.53830, 0.71466, -0.25296, 1.00000, 0.00000
3.15040, 1.49161, -3.48430, 4.92852, 0.44220, 2.35600, 8.00000, 487404.00000, 145958.00000, 295505.12500, 15242590624.10938, 123460.88702, 0.91102, 2.59457, 1.29147, -2.88604, 1.00000, 0.00000
3.93313, 1.97536, -2.21782, 4.92852, 0.46544, 2.03756, 22.00000, 465751.00000, 62538.00000, 190999.04545, 11746134975.67975, 108379.58745, 0.91102, 1.05443, 0.54989, -0.60432, 1.00000, 0.00000
4.02561, 0.70086, -2.75567, 4.92853, 0.17237, 2.16413, 7.00000, 494443.00000, 68540.00000, 267893.14286, 14939991485.26531, 122229.25789, 0.90081, 1.98030, 0.39414, -1.37444, 1.00000, 0.00000
3.75484, 1.40973, -2.85909, 4.92550, 0.35916, 2.19010, 7.00000, 391455.00000, 51839.00000, 196385.28571, 10788673273.91837, 103868.53842, 0.94766, 1.66465, 0.58922, -1.25387, 1.00000, 0.00000
2.20355, 3.47499, -2.68919, 4.91558, 1.00567, 2.14966, 12.00000, 492983.00000, 34943.00000, 232265.91667, 19212920196.90973, 138610.67851, 1.08598, 0.74373, 1.15838, -0.90211, 1.00000, 0.00000
3.47499, 2.68919, -2.20355, 4.91558, 0.65860, 2.03563, 7.00000, 407340.00000, 51855.00000, 179413.57143, 12414998815.10204, 111422.61357, 1.08598, 0.87972, 0.68510, -0.56481, 1.00000, 0.00000
2.68919, 2.20355, -3.47499, 4.91558, 0.68646, 2.35595, 8.00000, 417119.00000, 87801.00000, 226671.25000, 15219275580.43750, 123366.42809, 1.08598, 1.85065, 1.52573, -2.37638, 1.00000, 0.00000
2.83550, 2.83550, -2.83550, 4.91123, 0.78540, 2.18628, 11.00000, 332753.00000, 35040.00000, 152743.54545, 7762913560.61157, 88107.39788, 1.14286, 1.00000, 1.00000, -1.00000, 1.00000, 0.00000
2.75567, -4.02561, 0.70086, 4.92853, -0.97053, 1.42811, 8.00000, 311263.00000, 117012.00000, 212400.50000, 3827607053.50000, 61867.65757, 0.90081, -6.49176, 9.35336, -1.86160, 0.00000, 1.00000
3.48430, -3.15040, 1.49161, 4.92852, -0.73511, 1.26333, 8.00000, 407644.00000, 58633.00000, 288323.00000, 13865608214.50000, 117752.31724, 0.91102, 1.82322, -1.63909, 0.81587, 0.25000, 0.75000
2.21782, -3.93313, 1.97536, 4.92852, -1.05736, 1.15840, 15.00000, 452961.00000, 44386.00000, 186597.46667, 13707427141.04889, 117078.72198, 0.91102, 6.05607, -10.56672, 5.51065, 0.00000, 1.00000
2.85909, -3.75484, 1.40973, 4.92550, -0.92001, 1.28053, 10.00000, 462355.00000, 95415.00000, 287695.20000, 17714545979.76000, 133096.00287, 0.94766, 7.02665, -9.32863, 3.30198, 0.00000, 1.00000
3.93313, -1.97536, 2.21782, 4.92852, -0.46544, 1.10403, 10.00000, 394913.00000, 121835.00000, 272163.00000, 8015275054.00000, 89528.06853, 0.91102, 0.95092, -0.49591, 0.54500, 0.20000, 0.80000
4.02561, -0.70086, 2.75567, 4.92853, -0.17237, 0.97747, 15.00000, 485717.00000, 157024.00000, 319757.80000, 10206219074.42667, 101025.83370, 0.90081, 0.66888, -0.13313, 0.46424, 0.66667, 0.33333
3.15040, -1.49161, 3.48430, 4.92852, -0.44220, 0.78559, 11.00000, 325709.00000, 69151.00000, 188290.90909, 7533671698.08264, 86796.72631, 0.91102, 0.61936, -0.30829, 0.68893, 0.27273, 0.72727
3.75484, -1.40973, 2.85909, 4.92550, -0.35916, 0.95149, 7.00000, 493593.00000, 207555.00000, 315473.71429, 8573260401.91837, 92591.90246, 0.94766, 0.71466, -0.25296, 0.53830, 0.57143, 0.42857
1.49161, -3.48430, 3.15040, 4.92852, -1.16631, 0.87732, 26.00000, 448720.00000, 37207.00000, 197380.03846, 16887316073.19083, 129951.20651, 0.91102, 1.29147, -2.88604, 2.59457, 0.00000, 1.00000
1.97536, -2.21782, 3.93313, 4.92852, -0.84316, 0.64677, 28.00000, 473826.00000, 44764.00000, 217340.42857, 14104794226.31633, 118763.60649, 0.91102, 0.54989, -0.60432, 1.05443, 0.10714, 0.89286
0.70086, -2.75567, 4.02561, 4.92853, -1.32174, 0.61496, 36.00000, 497410.00000, 27630.00000, 171779.25000, 14278576606.29861, 119492.99815, 0.90081, 0.39414, -1.37444, 1.98030, 0.02778, 0.97222
1.40973, -2.85909, 3.75484, 4.92550, -1.11271, 0.70390, 21.00000, 474265.00000, 40768.00000, 165055.80952, 15265573436.43991, 123553.92926, 0.94766, 0.58922, -1.25387, 1.66465, 0.00000, 1.00000
3.47499, -2.68919, 2.20355, 4.91558, -0.65860, 1.10596, 9.00000, 453208.00000, 67778.00000, 269491.44444, 16596324568.02469, 128826.72304, 1.08598, 1.15838, -0.90211, 0.74373, 0.33333, 0.66667
2.68919, -2.20355, 3.47499, 4.91558, -0.68646, 0.78564, 12.00000, 498076.00000, 72886.00000, 233332.58333, 19470130432.74305, 139535.40924, 1.08598, 0.68510, -0.56481, 0.87972, 0.00000, 1.00000
2.20355, -3.47499, 2.68919, 4.91558, -1.00567, 0.99193, 11.00000, 494344.00000, 62329.00000, 240964.45455, 20919370294.42975, 144635.30100, 1.08598, 1.52573, -2.37638, 1.85065, 0.00000, 1.00000
2.83550, -2.83550, 2.83550, 4.91123, -0.78540, 0.95532, 20.00000, 479522.00000, 111872.00000, 251356.25000, 14619558060.38750, 120911.36448, 1.14286, 1.00000, -1.00000, 1.00000, 0.10000, 0.90000
2.05481, -4.45876, 0.43315, 4.92853, -1.13896, 1.48280, 8.00000, 400594.00000, 134838.00000, 273040.37500, 8540221155.73438, 92413.31698, 0.90081, -0.98030, 2.22389, -0.24359, 0.00000, 1.00000
1.50894, -4.37124, 1.70460, 4.92852, -1.23841, 1.21764, 18.00000, 472521.00000, 45821.00000, 214135.00000, 15055117027.11111, 122699.29514, 0.91102, -1.19997, 3.63662, -1.43665, 0.00000, 1.00000
0.72621, -4.85499, 0.43811, 4.92852, -1.42232, 1.48179, 10.00000, 480782.00000, 64226.00000, 238432.70000, 14199663901.21000, 119162.34263, 0.91102, -0.18312, 1.31474, -0.13162, 0.00000, 1.00000
1.44936, -4.62611, 0.87126, 4.92550, -1.26718, 1.39297, 12.00000, 498816.00000, 72504.00000, 282985.50000, 18795213157.91667, 137095.63508, 0.94766, -0.66465, 2.02881, -0.36416, 0.00000, 1.00000
0.78273, -3.92241, 2.87963, 4.92852, -1.37383, 0.94680, 34.00000, 439672.00000, 36828.00000, 182422.67647, 13152423193.74827, 114684.01455, 0.91102, -2.08678, 10.75154, -7.66476, 0.00000, 1.00000
0.00000, -3.18882, 3.75791, 4.92853, -1.57080, 0.70366, 41.00000, 458968.00000, 30349.00000, 190599.56098, 13835674887.56335, 117625.14564, 0.90081, 0.00000, -7.64229, 8.64229, 0.00000, 1.00000
-0.78273, -3.92241, 2.87963, 4.92852, -1.76776, 0.94680, 40.00000, 493065.00000, 37777.00000, 204745.22500, 15593933680.67438, 124875.67289, 0.91102, 0.40335, 2.07817, -1.48153, 0.00000, 1.00000
0.00000, -3.73035, 3.21637, 4.92550, -1.57080, 0.85925, 30.00000, 379633.00000, 39810.00000, 166003.00000, 7617156986.93333, 87276.32547, 0.94766, -0.00000, 9.06739, -8.06739, 0.00000, 1.00000
-0.72621, -4.85499, 0.43811, 4.92852, -1.71928, 1.48179, 11.00000, 369372.00000, 86538.00000, 217109.09091, 9645946251.17355, 98213.77832, 0.91102, 0.13403, 0.96230, -0.09634, 0.00000, 1.00000
-1.50894, -4.37124, 1.70460, 4.92852, -1.90319, 1.21764, 21.00000, 494505.00000, 49502.00000, 220066.28571, 19903159985.91837, 141078.55963, 0.91102, 0.35294, 1.06961, -0.42255, 0.00000, 1.00000
-2.05481, -4.45876, 0.43315, 4.92853, -2.00263, 1.48280, 11.00000, 495297.00000, 84566.00000, 229705.27273, 18701004716.01653, 136751.61687, 0.90081, 0.33112, 0.75116, -0.08228, 0.09091, 0.90909
-1.44936, -4.62611, 0.87126, 4.92550, -1.87441, 1.39297, 11.00000, 357201.00000, 62055.00000, 218267.09091, 7986156274.44628, 89365.29681, 0.94766, 0.28534, 0.87099, -0.15634, 0.00000, 1.00000
0.78579, -4.35121, 2.14766, 4.91558, -1.39213, 1.11864, 24.00000, 495514.00000, 44713.00000, 211126.00000, 15328895302.41667, 123809.91601, 1.08598, -0.52573, 2.99442, -1.46868, 0.00000, 1.00000
-0.78579, -4.35121, 2.14766, 4.91558, -1.74946, 1.11864, 17.00000, 427724.00000, 24860.00000, 209207.52941, 10104135720.95502, 100519.33009, 1.08598, 0.25627, 1.45965, -0.71592, 0.00000, 1.00000
0.00000, -4.83686, 0.87622, 4.91558, -1.57080, 1.39159, 14.00000, 457422.00000, 82045.00000, 248568.35714, 16861879179.51530, 129853.29869, 1.08598, -0.00000, 1.22879, -0.22879, 0.07143, 0.92857
0.00000, -4.58794, 1.75244, 4.91123, -1.57080, 1.20593, 28.00000, 483194.00000, 52525.00000, 206128.57143, 12207767129.10204, 110488.76472, 1.14286, -0.00000, 1.61803, -0.61803, 0.00000, 1.00000
2.05481, -4.45876, -0.43315, 4.92853, -1.13896, 1.65880, 6.00000, 499455.00000, 141655.00000, 333677.83333, 23017287774.13889, 151714.49428, 0.90081, -0.65917, 1.49537, 0.16379, 0.00000, 1.00000
0.72621, -4.85499, -0.43811, 4.92852, -1.42232, 1.65981, 8.00000, 495122.00000, 106184.00000, 317596.12500, 17286531507.35938, 131478.25488, 0.91102, -0.14496, 1.04077, 0.10419, 0.00000, 1.00000
1.50894, -4.37124, -1.70460, 4.92852, -1.23841, 1.92396, 3.00000, 386094.00000, 200986.00000, 285581.66667, 5837498749.55556, 76403.52577, 0.91102, -0.30980, 0.93889, 0.37091, 0.00000, 1.00000
1.44936, -4.62611, -0.87126, 4.92550, -1.26718, 1.74862, 7.00000, 460354.00000, 99393.00000, 286145.42857, 17737769355.38775, 133183.21724, 0.94766, -0.38457, 1.17386, 0.21070, 0.00000, 1.00000
-0.72621, -4.85499, -0.43811, 4.92852, -1.71928, 1.65981, 6.00000, 445667.00000, 92696.00000, 194172.33333, 13685574440.88889, 116985.35994, 0.91102, 0.11238, 0.80685, 0.08077, 0.00000, 1.00000
-2.05481, -4.45876, -0.43315, 4.92853, -2.00263, 1.65880, 9.00000, 448494.00000, 55460.00000, 221364.55556, 15847477617.80247, 125886.76506, 0.90081, 0.28433, 0.64502, 0.07065, 0.00000, 1.00000
-1.50894, -4.37124, -1.70460, 4.92852, -1.90319, 1.92396, 1.00000, 344717.00000, 344717.00000, 344717.00000, 0.00000, 0.00000, 0.91102, 0.19128, 0.57970, 0.22901, 0.00000, 1.00000
-1.44936, -4.62611, -0.87126, 4.92550, -1.87441, 1.74862, 4.00000, 366150.00000, 114472.00000, 242758.25000, 10622379304.18750, 103064.92761, 0.94766, 0.21738, 0.66353, 0.11910, 0.00000, 1.00000
0.78273, -3.92241, -2.87963, 4.92852, -1.37383, 2.19479, 0.00000, 0.00000, 0.00000, 0.00000, 0.00000, 0.00000, 0.91102, -0.12779, 0.65841, 0.46938, 0.00000, 0.00000
-0.78273, -3.92241, -2.87963, 4.92852, -1.76776, 2.19479, 4.00000, 481126.00000, 148292.00000, 379492.25000, 18605688741.18750, 136402.67131, 0.91102, 0.10178, 0.52439, 0.37383, 0.25000, 0.75000
0.00000, -3.18882, -3.75791, 4.92853, -1.57080, 2.43793, 1.00000, 455792.00000, 455792.00000, 455792.00000, 0.00000, 0.00000, 0.90081, 0.00000, 0.46930, 0.53070, 0.00000, 1.00000
0.00000, -3.73035, -3.21637, 4.92550, -1.57080, 2.28234, 0.00000, 0.00000, 0.00000, 0.00000, 0.00000, 0.00000, 0.94766, -0.00000, 0.52918, 0.47082, 0.00000, 0.00000
0.00000, -4.83686, -0.87622, 4.91558, -1.57080, 1.75001, 7.00000, 428963.00000, 93607.00000, 259427.00000, 11365028762.57143, 106606.88891, 1.08598, -0.00000, 0.84303, 0.15697, 0.00000, 1.00000
-0.78579, -4.35121, -2.14766, 4.91558, -1.74946, 2.02296, 0.00000, 0.00000, 0.00000, 0.00000, 0.00000, 0.00000, 1.08598, 0.10538, 0.60022, 0.29439, 0.00000, 0.00000
0.78579, -4.35121, -2.14766, 4.91558, -1.39213, 2.02296, 2.00000, 480681.00000, 95131.00000, 287906.00000, 37162200625.00000, 192775.00000, 1.08598, -0.13352, 0.76051, 0.37301, 0.00000, 1.00000
0.00000, -4.58794, -1.75244, 4.91123, -1.57080, 1.93566, 4.00000, 381635.00000, 234691.00000, 322194.00000, 3295956965.50000, 57410.42558, 1.14286, -0.00000, 0.72361, 0.27639, 0.25000, 0.75000
2.75567, -4.02561, -0.70086, 4.92853, -0.97053, 1.71348, 8.00000, 493945.00000, 103581.00000, 316669.87500, 15094855229.10938, 122861.12172, 0.90081, -1.37444, 1.98030, 0.39414, 0.37500, 0.62500
2.21782, -3.93313, -1.97536, 4.92852, -1.05736, 1.98319, 2.00000, 370657.00000, 168161.00000, 269409.00000, 10251157504.00000, 101248.00000, 0.91102, -0.60432, 1.05443, 0.54989, 0.00000, 1.00000
3.48430, -3.15040, -1.49161, 4.92852, -0.73511, 1.87827, 3.00000, 368790.00000, 223802.00000, 294036.66667, 3513795864.88889, 59277.27950, 0.91102, -2.88604, 2.59457, 1.29147, 0.33333, 0.66667
2.85909, -3.75484, -1.40973, 4.92550, -0.92001, 1.86107, 5.00000, 333169.00000, 210230.00000, 279023.00000, 2940274555.20000, 54224.29857, 0.94766, -1.25387, 1.66465, 0.58922, 0.00000, 1.00000
1.49161, -3.48430, -3.15040, 4.92852, -1.16631, 2.26428, 2.00000, 401870.00000, 317387.00000, 359628.50000, 1784344322.25000, 42241.50000, 0.91102, -0.30829, 0.68893, 0.61936, 0.00000, 1.00000
0.70086, -2.75567, -4.02561, 4.92853, -1.32174, 2.52663, 0.00000, 0.00000, 0.00000, 0.00000, 0.00000, 0.00000, 0.90081, -0.13313, 0.46424, 0.66888, 0.00000, 0.00000
1.97536, -2.21782, -3.93313, 4.92852, -0.84316, 2.49482, 1.00000, 304638.00000, 304638.00000, 304638.00000, 0.00000, 0.00000, 0.91102, -0.49591, 0.54500, 0.95092, 1.00000, 0.00000
1.40973, -2.85909, -3.75484, 4.92550, -1.11271, 2.43770, 1.00000, 306718.00000, 306718.00000, 306718.00000, 0.00000, 0.00000, 0.94766, -0.25296, 0.53830, 0.71466, 1.00000, 0.00000
3.93313, -1.97536, -2.21782, 4.92852, -0.46544, 2.03756, 1.00000, 206048.00000, 206048.00000, 206048.00000, 0.00000, 0.00000, 0.91102, -10.56672, 5.51065, 6.05607, 1.00000, 0.00000
3.15040, -1.49161, -3.48430, 4.92852, -0.44220, 2.35600, 4.00000, 463292.00000, 299264.00000, 359491.25000, 4573958208.68750, 67631.04471, 0.91102, -1.63909, 0.81587, 1.82322, 1.00000, 0.00000
4.02561, -0.70086, -2.75567, 4.92853, -0.17237, 2.16413, 3.00000, 460134.00000, 213514.00000, 337370.66667, 10137501755.55556, 100685.16155, 0.90081, 9.35336, -1.86160, -6.49176, 1.00000, 0.00000
3.75484, -1.40973, -2.85909, 4.92550, -0.35916, 2.19010, 1.00000, 68125.00000, 68125.00000, 68125.00000, 0.00000, 0.00000, 0.94766, -9.32863, 3.30198, 7.02665, 1.00000, 0.00000
2.20355, -3.47499, -2.68919, 4.91558, -1.00567, 2.14966, 1.00000, 385323.00000, 385323.00000, 385323.00000, 0.00000, 0.00000, 1.08598, -0.56481, 0.87972, 0.68510, 0.00000, 1.00000
2.68919, -2.20355, -3.47499, 4.91558, -0.68646, 2.35595, 1.00000, 490578.00000, 490578.00000, 490578.00000, 0.00000, 0.00000, 1.08598, -0.90211, 0.74373, 1.15838, 1.00000, 0.00000
3.47499, -2.68919, -2.20355, 4.91558, -0.65860, 2.03563, 6.00000, 366471.00000, 102818.00000, 253446.50000, 6764587186.91667, 82247.11051, 1.08598, -2.37638, 1.85065, 1.52573, 0.16667, 0.83333
2.83550, -2.83550, -2.83550, 4.91123, -0.78540, 2.18628, 3.00000, 498584.00000, 251195.00000, 378733.66667, 10229774788.22222, 101142.34913, 1.14286, -1.00000, 1.00000, 1.00000, 0.33333, 0.66667
3.18882, -3.75791, 0.00000, 4.92853, -0.86714, 1.57080, 4.00000, 349085.00000, 181228.00000, 294338.25000, 4699946789.68750, 68556.15793, 0.90081, -7.64229, 8.64229, -0.00000, 0.50000, 0.50000
3.92241, -2.87963, -0.78273, 4.92852, -0.63328, 1.73029, 4.00000, 419978.00000, 217118.00000, 299536.50000, 6009363840.25000, 77520.08669, 0.91102, 10.75154, -7.66476, -2.08678, 0.50000, 0.50000
3.92241, -2.87963, 0.78273, 4.92852, -0.63328, 1.41130, 10.00000, 461456.00000, 78383.00000, 270850.20000, 12893879402.56000, 113551.21929, 0.91102, 2.07817, -1.48153, 0.40335, 0.40000, 0.60000
3.73035, -3.21637, 0.00000, 4.92550, -0.71154, 1.57080, 6.00000, 424232.00000, 212626.00000, 309731.16667, 4555256375.80556, 67492.63942, 0.94766, 9.06739, -8.06739, 0.00000, 0.66667, 0.33333
4.37124, -1.70460, -1.50894, 4.92852, -0.37182, 1.88196, 8.00000, 347880.00000, 62229.00000, 245473.62500, 7895489338.73438, 88856.56610, 0.91102, 3.63662, -1.43665, -1.19997, 0.75000, 0.25000
4.45876, -0.43315, -2.05481, 4.92853, -0.09684, 2.00085, 4.00000, 406598.00000, 119630.00000, 271210.00000, 10379815962.00000, 101881.38182, 0.90081, 2.22389, -0.24359, -0.98030, 1.00000, 0.00000
4.85499, -0.43811, -0.72621, 4.92852, -0.09000, 1.71868, 5.00000, 252814.00000, 104145.00000, 173771.40000, 4028659202.64000, 63471.71971, 0.91102, 1.31474, -0.13162, -0.18312, 1.00000, 0.00000
4.62611, -0.87126, -1.44936, 4.92550, -0.18616, 1.86947, 1.00000, 458284.00000, 458284.00000, 458284.00000, 0.00000, 0.00000, 0.94766, 2.02881, -0.36416, -0.66465, 1.00000, 0.00000
4.37124, -1.70460, 1.50894, 4.92852, -0.37182, 1.25963, 12.00000, 486212.00000, 122415.00000, 317962.41667, 16970220671.24306, 130269.79954, 0.91102, 1.06961, -0.42255, 0.35294, 0.50000, 0.50000
4.85499, -0.43811, 0.72621, 4.92852, -0.09000, 1.42291, 13.00000, 464981.00000, 107355.00000, 313338.30769, 15442516776.21302, 124267.92336, 0.91102, 0.96230, -0.09634, 0.13403, 0.84615, 0.15385
4.45876, -0.43315, 2.05481, 4.92853, -0.09684, 1.14074, 11.00000, 468764.00000, 118936.00000, 278233.09091, 11716373456.26446, 108242.19813, 0.90081, 0.75116, -0.08228, 0.33112, 0.54545, 0.45455
4.62611, -0.87126, 1.44936, 4.92550, -0.18616, 1.27212, 4.00000, 443247.00000, 285387.00000, 355251.50000, 3340840892.25000, 57800.00772, 0.94766, 0.87099, -0.15634, 0.28534, 0.25000, 0.75000
4.35121, -2.14766, -0.78579, 4.91558, -0.45850, 1.73134, 1.00000, 272712.00000, 272712.00000, 272712.00000, 0.00000, 0.00000, 1.08598, 2.99442, -1.46868, -0.52573, 1.00000, 0.00000
4.83686, -0.87622, 0.00000, 4.91558, -0.17921, 1.57080, 7.00000, 499067.00000, 113044.00000, 312442.71429, 15645397817.91837, 125081.56466, 1.08598, 1.22879, -0.22879, 0.00000, 0.85714, 0.14286
4.35121, -2.14766, 0.78579, 4.91558, -0.45850, 1.41025, 2.00000, 443887.00000, 248589.00000, 346238.00000, 9535327201.00000, 97649.00000, 1.08598, 1.45965, -0.71592, 0.25627, 0.50000, 0.50000
4.58794, -1.75244, 0.00000, 4.91123, -0.36486, 1.57080, 5.00000, 418617.00000, 258654.00000, 307314.60000, 3614456100.24000, 60120.34681, 1.14286, 1.61803, -0.61803, 0.00000, 0.80000, 0.20000
0.43315, -2.05481, 4.45876, 4.92853, -1.36304, 0.44016, 33.00000, 412476.00000, 28754.00000, 170250.42424, 11687418728.00183, 108108.36567, 0.90081, 0.16379, -0.65917, 1.49537, 0.00000, 1.00000
1.70460, -1.50894, 4.37124, 4.92852, -0.72459, 0.48015, 22.00000, 420124.00000, 45597.00000, 185721.59091, 9870532646.24174, 99350.55433, 0.91102, 0.37091, -0.30980, 0.93889, 0.04545, 0.95455
0.43811, -0.72621, 4.85499, 4.92852, -1.02797, 0.17295, 30.00000, 498232.00000, 24382.00000, 228891.50000, 20804457915.18333, 144237.50523, 0.91102, 0.10419, -0.14496, 1.04077, 0.06667, 0.93333
0.87126, -1.44936, 4.62611, 4.92550, -1.02954, 0.35046, 27.00000, 484798.00000, 30253.00000, 207922.92593, 18542201156.95747, 136169.75126, 0.94766, 0.21070, -0.38457, 1.17386, 0.07407, 0.92593
2.87963, -0.78273, 3.92241, 4.92852, -0.26540, 0.65037, 19.00000, 440064.00000, 71655.00000, 193904.89474, 10128106310.83102, 100638.49319, 0.91102, 0.46938, -0.12779, 0.65841, 0.15789, 0.84211
3.75791, 0.00000, 3.18882, 4.92853, 0.00000, 0.86714, 14.00000, 454861.00000, 78909.00000, 216201.00000, 11973905817.00000, 109425.34358, 0.90081, 0.53070, -0.00000, 0.46930, 0.71429, 0.28571
2.87963, 0.78273, 3.92241, 4.92852, 0.26540, 0.65037, 22.00000, 474399.00000, 83968.00000, 254101.72727, 11575274090.56198, 107588.44776, 0.91102, 0.37383, 0.10178, 0.52439, 0.59091, 0.40909
3.21637, 0.00000, 3.73035, 4.92550, 0.00000, 0.71154, 16.00000, 482215.00000, 57482.00000, 244348.18750, 18811840614.90234, 137156.26349, 0.94766, 0.47082, -0.00000, 0.52918, 0.43750, 0.56250
0.43811, 0.72621, 4.85499, 4.92852, 1.02797, 0.17295, 18.00000, 426695.00000, 49114.00000, 249688.11111, 11548243894.65432, 107462.75585, 0.91102, 0.08077, 0.11238, 0.80685, 0.11111, 0.88889
1.70460, 1.50894, 4.37124, 4.92852, 0.72459, 0.48015, 16.00000, 456016.00000, 59714.00000, 202957.37500, 11280996782.35938, 106212.03690, 0.91102, 0.22901, 0.19128, 0.57970, 0.56250, 0.43750
0.43315, 2.05481, 4.45876, 4.92853, 1.36304, 0.44016, 16.00000, 467698.00000, 90306.00000, 253597.68750, 13369362579.71484, 115625.95980, 0.90081, 0.07065, 0.28433, 0.64502, 0.68750, 0.31250
0.87126, 1.44936, 4.62611, 4.92550, 1.02954, 0.35046, 10.00000, 394074.00000, 103887.00000, 266071.20000, 8897362272.36000, 94325.83036, 0.94766, 0.11910, 0.21738, 0.66353, 0.60000, 0.40000
2.14766, -0.78579, 4.35121, 4.91558, -0.35075, 0.48390, 20.00000, 477607.00000, 49845.00000, 228768.95000, 17322277037.24750, 131614.12172, 1.08598, 0.37301, -0.13352, 0.76051, 0.25000, 0.75000
2.14766, 0.78579, 4.35121, 4.91558, 0.35075, 0.48390, 9.00000, 493860.00000, 50386.00000, 294718.55556, 30958864625.58025, 175951.31322, 1.08598, 0.29439, 0.10538, 0.60022, 0.55556, 0.44444
0.87622, 0.00000, 4.83686, 4.91558, 0.00000, 0.17921, 29.00000, 498243.00000, 53110.00000, 217652.41379, 13446878524.58740, 115960.67663, 1.08598, 0.15697, -0.00000, 0.84303, 0.34483, 0.65517
1.75244, 0.00000, 4.58794, 4.91123, 0.00000, 0.36486, 15.00000, 467507.00000, 65495.00000, 245220.80000, 15973030976.16000, 126384.45702, 1.14286, 0.27639, 0.00000, 0.72361, 0.00000, 1.00000
-2.75567, -4.02561, 0.70086, 4.92853, -2.17107, 1.42811, 10.00000, 479648.00000, 62572.00000, 196346.00000, 19446272156.20000, 139449.89120, 0.90081, 0.46424, 0.66888, -0.13313, 0.00000, 1.00000
-2.21782, -3.93313, 1.97536, 4.92852, -2.08423, 1.15840, 27.00000, 486094.00000, 34339.00000, 196029.44444, 16056787180.46914, 126715.37863, 0.91102, 0.54500, 0.95092, -0.49591, 0.00000, 1.00000
-3.48430, -3.15040, 1.49161, 4.92852, -2.40648, 1.26333, 15.00000, 488847.00000, 68920.00000, 242830.26667, 13685580940.72889, 116985.38772, 0.91102, 0.68893, 0.61936, -0.30829, 0.00000, 1.00000
-2.85909, -3.75484, 1.40973, 4.92550, -2.22158, 1.28053, 13.00000, 497042.00000, 38354.00000, 234562.46154, 19620679064.24852, 140073.83433, 0.94766, 0.53830, 0.71466, -0.25296, 0.00000, 1.00000
-1.49161, -3.48430, 3.15040, 4.92852, -1.97528, 0.87732, 38.00000, 438097.00000, 38592.00000, 190942.00000, 12487746034.94737, 111748.58404, 0.91102, 0.81587, 1.82322, -1.63909, 0.00000, 1.00000
-0.70086, -2.75567, 4.02561, 4.92853, -1.81985, 0.61496, 36.00000, 411865.00000, 28357.00000, 192380.16667, 12790887031.75000, 113096.80381, 0.90081, -1.86160, -6.49176, 9.35336, 0.00000, 1.00000
-1.97536, -2.21782, 3.93313, 4.92852, -2.29844, 0.64677, 34.00000, 458890.00000, 31639.00000, 176603.76471, 13612321621.70934, 116671.85445, 0.91102, 5.51065, 6.05607, -10.56672, 0.00000, 1.00000
-1.40973, -2.85909, 3.75484, 4.92550, -2.02888, 0.70390, 29.00000, 423359.00000, 37608.00000, 208914.82759, 15860278395.93579, 125937.59723, 0.94766, 3.30198, 7.02665, -9.32863, 0.00000, 1.00000
-3.93313, -1.97536, 2.21782, 4.92852, -2.67616, 1.10403, 15.00000, 387358.00000, 63174.00000, 227363.66667, 10228627913.95556, 101136.67937, 0.91102, 1.05443, 0.54989, -0.60432, 0.06667, 0.93333
-3.15040, -1.49161, 3.48430, 4.92852, -2.69940, 0.78559, 24.00000, 403701.00000, 52324.00000, 210597.66667, 10634098226.13889, 103121.76408, 0.91102, 2.59457, 1.29147, -2.88604, 0.00000, 1.00000
-4.02561, -0.70086, 2.75567, 4.92853, -2.96922, 0.97747, 9.00000, 496213.00000, 72829.00000, 298117.66667, 18127627501.77778, 134638.87812, 0.90081, 1.98030, 0.39414, -1.37444, 0.00000, 1.00000
-3.75484, -1.40973, 2.85909, 4.92550, -2.78243, 0.95149, 5.00000, 383507.00000, 164910.00000, 268719.20000, 6638921485.76000, 81479.57711, 0.94766, 1.66465, 0.58922, -1.25387, 0.00000, 1.00000
-2.20355, -3.47499, 2.68919, 4.91558, -2.13592, 0.99193, 22.00000, 494997.00000, 38361.00000, 235255.36364, 17828295366.95868, 133522.63990, 1.08598, 0.74373, 1.15838, -0.90211, 0.00000, 1.00000
-2.68919, -2.20355, 3.47499, 4.91558, -2.45513, 0.78564, 17.00000, 352632.00000, 45164.00000, 198834.88235, 8309684565.75086, 91157.47126, 1.08598, 1.85065, 1.52573, -2.37638, 0.05882, 0.94118
-3.47499, -2.68919, 2.20355, 4.91558, -2.48299, 1.10596, 15.00000, 429647.00000, 54112.00000, 193675.26667, 10447634435.79556, 102213.67049, 1.08598, 0.87972, 0.68510, -0.56481, 0.00000, 1.00000
-2.83550, -2.83550, 2.83550, 4.91123, -2.35619, 0.95532, 24.00000, 450228.00000, 66104.00000, 191541.95833, 13163716071.45660, 114733.23874, 1.14286, 1.00000, 1.00000, -1.00000, 0.00000, 1.00000
-0.70086, -2.75567, -4.02561, 4.92853, -1.81985, 2.52663, 1.00000, 230562.00000, 230562.00000, 230562.00000, 0.00000, 0.00000, 0.90081, 0.10514, 0.36663, 0.52824, 0.00000, 1.00000
-1.49161, -3.48430, -3.15040, 4.92852, -1.97528, 2.26428, 1.00000, 228224.00000, 228224.00000, 228224.00000, 0.00000, 0.00000, 0.91102, 0.19070, 0.42617, 0.38313, 0.00000, 1.00000
-1.97536, -2.21782, -3.93313, 4.92852, -2.29844, 2.49482, 1.00000, 225143.00000, 225143.00000, 225143.00000, 0.00000, 0.00000, 0.91102, 0.24897, 0.27362, 0.47741, 0.00000, 1.00000
-1.40973, -2.85909, -3.75484, 4.92550, -2.02888, 2.43770, 1.00000, 382061.00000, 382061.00000, 382061.00000, 0.00000, 0.00000, 0.94766, 0.16798, 0.35746, 0.47456, 0.00000, 1.00000
-2.21782, -3.93313, -1.97536, 4.92852, -2.08423, 1.98319, 3.00000, 307851.00000, 174189.00000, 251988.00000, 3218182422.00000, 56729.02627, 0.91102, 0.27362, 0.47741, 0.24897, 0.00000, 1.00000
-2.75567, -4.02561, -0.70086, 4.92853, -2.17107, 1.71348, 5.00000, 460660.00000, 86738.00000, 285486.60000, 16989836503.84000, 130345.06705, 0.90081, 0.36663, 0.52824, 0.10514, 0.00000, 1.00000
-3.48430, -3.15040, -1.49161, 4.92852, -2.40648, 1.87827, 1.00000, 371649.00000, 371649.00000, 371649.00000, 0.00000, 0.00000, 0.91102, 0.42617, 0.38313, 0.19070, 0.00000, 1.00000
-2.85909, -3.75484, -1.40973, 4.92550, -2.22158, 1.86107, 2.00000, 418852.00000, 291629.00000, 355240.50000, 4046422932.25000, 63611.50000, 0.94766, 0.35746, 0.47456, 0.16798, 0.00000, 1.00000
-3.15040, -1.49161, -3.48430, 4.92852, -2.69940, 2.35600, 4.00000, 470684.00000, 305062.00000, 404916.25000, 3722705367.18750, 61013.97682, 0.91102, 0.38313, 0.19070, 0.42617, 0.25000, 0.75000
-3.93313, -1.97536, -2.21782, 4.92852, -2.67616, 2.03756, 4.00000, 462986.00000, 194556.00000, 280730.25000, 11729078064.18750, 108300.86825, 0.91102, 0.47741, 0.24897, 0.27362, 0.25000, 0.75000
-4.02561, -0.70086, -2.75567, 4.92853, -2.96922, 2.16413, 2.00000, 399435.00000, 210023.00000, 304729.00000, 8969226436.00000, 94706.00000, 0.90081, 0.52824, 0.10514, 0.36663, 0.00000, 1.00000
-3.75484, -1.40973, -2.85909, 4.92550, -2.78243, 2.19010, 1.00000, 98865.00000, 98865.00000, 98865.00000, 0.00000, 0.00000, 0.94766, 0.47456, 0.16798, 0.35746, 0.00000, 1.00000
-2.20355, -3.47499, -2.68919, 4.91558, -2.13592, 2.14966, 0.00000, 0.00000, 0.00000, 0.00000, 0.00000, 0.00000, 1.08598, 0.26522, 0.41309, 0.32170, 0.00000, 0.00000
-3.47499, -2.68919, -2.20355, 4.91558, -2.48299, 2.03563, 2.00000, 391273.00000, 370190.00000, 380731.50000, 111123222.25000, 10541.50000, 1.08598, 0.41309, 0.32170, 0.26522, 0.00000, 1.00000
-2.68919, -2.20355, -3.47499, 4.91558, -2.45513, 2.35595, 1.00000, 187504.00000, 187504.00000, 187504.00000, 0.00000, 0.00000, 1.08598, 0.32170, 0.26522, 0.41309, 0.00000, 1.00000
-2.83550, -2.83550, -2.83550, 4.91123, -2.35619, 2.18628, 1.00000, 298699.00000, 298699.00000, 298699.00000, 0.00000, 0.00000, 1.14286, 0.33333, 0.33333, 0.33333, 0.00000, 1.00000
3.75791, 0.00000, -3.18882, 4.92853, 0.00000, 2.27446, 8.00000, 457331.00000, 183830.00000, 272935.62500, 8845383070.48438, 94049.89671, 0.90081, 8.64229, 0.00000, -7.64229, 0.87500, 0.12500
2.87963, -0.78273, -3.92241, 4.92852, -0.26540, 2.49122, 2.00000, 263436.00000, 78986.00000, 171211.00000, 8505450625.00000, 92225.00000, 0.91102, -1.48153, 0.40335, 2.07817, 0.50000, 0.50000
2.87963, 0.78273, -3.92241, 4.92852, 0.26540, 2.49122, 3.00000, 460018.00000, 186685.00000, 312028.00000, 12708264786.00000, 112730.93979, 0.91102, -7.66476, -2.08678, 10.75154, 1.00000, 0.00000
3.21637, 0.00000, -3.73035, 4.92550, 0.00000, 2.43005, 4.00000, 433629.00000, 291597.00000, 381330.25000, 3234516703.68750, 56872.81164, 0.94766, -8.06739, -0.00000, 9.06739, 1.00000, 0.00000
1.70460, -1.50894, -4.37124, 4.92852, -0.72459, 2.66145, 3.00000, 310669.00000, 200280.00000, 238963.00000, 2576214484.66667, 50756.42309, 0.91102, -0.42255, 0.35294, 1.06961, 1.00000, 0.00000
0.43315, -2.05481, -4.45876, 4.92853, -1.36304, 2.70143, 0.00000, 0.00000, 0.00000, 0.00000, 0.00000, 0.00000, 0.90081, -0.08228, 0.33112, 0.75116, 0.00000, 0.00000
0.43811, -0.72621, -4.85499, 4.92852, -1.02797, 2.96865, 2.00000, 442897.00000, 350978.00000, 396937.50000, 2112275640.25000, 45959.50000, 0.91102, -0.09634, 0.13403, 0.96230, 1.00000, 0.00000
0.87126, -1.44936, -4.62611, 4.92550, -1.02954, 2.79113, 1.00000, 428561.00000, 428561.00000, 428561.00000, 0.00000, 0.00000, 0.94766, -0.15634, 0.28534, 0.87099, 1.00000, 0.00000
1.70460, 1.50894, -4.37124, 4.92852, 0.72459, 2.66145, 5.00000, 392881.00000, 77529.00000, 233127.60000, 13352877728.64000, 115554.65256, 0.91102, -1.43665, -1.19997, 3.63662, 1.00000, 0.00000
0.43811, 0.72621, -4.85499, 4.92852, 1.02797, 2.96865, 5.00000, 493291.00000, 154630.00000, 315504.40000, 17434983987.04000, 132041.59946, 0.91102, -0.13162, -0.18312, 1.31474, 1.00000, 0.00000
0.43315, 2.05481, -4.45876, 4.92853, 1.36304, 2.70143, 0.00000, 0.00000, 0.00000, 0.00000, 0.00000, 0.00000, 0.90081, -0.24359, -0.98030, 2.22389, 0.00000, 0.00000
0.87126, 1.44936, -4.62611, 4.92550, 1.02954, 2.79113, 3.00000, 191835.00000, 89315.00000, 139912.33333, 1752603320.88889, 41864.10540, 0.94766, -0.36416, -0.66465, 2.02881, 1.00000, 0.00000
2.14766, -0.78579, -4.35121, 4.91558, -0.35075, 2.65769, 3.00000, 421124.00000, 163525.00000, 250075.00000, 14629581300.66667, 120952.80609, 1.08598, -0.71592, 0.25627, 1.45965, 1.00000, 0.00000
0.87622, 0.00000, -4.83686, 4.91558, 0.00000, 2.96238, 2.00000, 378253.00000, 330114.00000, 354183.50000, 579340830.25000, 24069.50000, 1.08598, -0.22879, -0.00000, 1.22879, 1.00000, 0.00000
2.14766, 0.78579, -4.35121, 4.91558, 0.35075, 2.65769, 2.00000, 287999.00000, 271473.00000, 279736.00000, 68277169.00000, 8263.00000, 1.08598, -1.46868, -0.52573, 2.99442, 1.00000, 0.00000
1.75244, 0.00000, -4.58794, 4.91123, 0.00000, 2.77673, 0.00000, 0.00000, 0.00000, 0.00000, 0.00000, 0.00000, 1.14286, -0.61803, -0.00000, 1.61803, 0.00000, 0.00000
4.45876, 0.43315, 2.05481, 4.92853, 0.09684, 1.14074, 23.00000, 448765.00000, 64664.00000, 216012.08696, 13773062320.51418, 117358.69086, 0.90081, 0.64502, 0.07065, 0.28433, 0.73913, 0.26087
4.85499, 0.43811, 0.72621, 4.92852, 0.09000, 1.42291, 22.00000, 442807.00000, 44149.00000, 257624.18182, 13560244714.78513, 116448.46377, 0.91102, 0.80685, 0.08077, 0.11238, 0.90909, 0.09091
4.37124, 1.70460, 1.50894, 4.92852, 0.37182, 1.25963, 28.00000, 419386.00000, 27781.00000, 152276.60714, 12480288176.80995, 111715.21014, 0.91102, 0.57970, 0.22901, 0.19128, 1.00000, 0.00000
4.62611, 0.87126, 1.44936, 4.92550, 0.18616, 1.27212, 14.00000, 491609.00000, 49865.00000, 220945.92857, 18904887194.20919, 137495.04425, 0.94766, 0.66353, 0.11910, 0.21738, 1.00000, 0.00000
4.85499, 0.43811, -0.72621, 4.92852, 0.09000, 1.71868, 18.00000, 489725.00000, 69029.00000, 216042.22222, 16018468684.83950, 126564.08924, 0.91102, 1.04077, 0.10419, -0.14496, 1.00000, 0.00000
4.45876, 0.43315, -2.05481, 4.92853, 0.09684, 2.00085, 10.00000, 477578.00000, 111513.00000, 272912.50000, 16020212878.65000, 126570.97961, 0.90081, 1.49537, 0.16379, -0.65917, 1.00000, 0.00000
4.37124, 1.70460, -1.50894, 4.92852, 0.37182, 1.88196, 13.00000, 295418.00000, 48439.00000, 177942.61538, 5266586338.39053, 72571.25008, 0.91102, 0.93889, 0.37091, -0.30980, 1.00000, 0.00000
4.62611, 0.87126, -1.44936, 4.92550, 0.18616, 1.86947, 21.00000, 467012.00000, 33185.00000, 196776.04762, 12396515528.71202, 111339.64042, 0.94766, 1.17386, 0.21070, -0.38457, 1.00000, 0.00000
3.92241, 2.87963, 0.78273, 4.92852, 0.63328, 1.41130, 47.00000, 450505.00000, 20633.00000, 158185.89362, 13233002214.77592, 115034.78698, 0.91102, 0.52439, 0.37383, 0.10178, 0.93617, 0.06383
3.92241, 2.87963, -0.78273, 4.92852, 0.63328, 1.73029, 44.00000, 489911.00000, 22081.00000, 192860.63636, 11295263673.59504, 106279.17799, 0.91102, 0.65841, 0.46938, -0.12779, 0.97727, 0.02273
3.18882, 3.75791, 0.00000, 4.92853, 0.86714, 1.57080, 52.00000, 468940.00000, 22469.00000, 138960.98077, 11212480730.32656, 105889.00193, 0.90081, 0.46930, 0.53070, 0.00000, 1.00000, 0.00000
3.73035, 3.21637, 0.00000, 4.92550, 0.71154, 1.57080, 38.00000, 373097.00000, 22040.00000, 136123.13158, 10093275942.06164, 100465.29720, 0.94766, 0.52918, 0.47082, 0.00000, 1.00000, 0.00000
4.83686, 0.87622, 0.00000, 4.91558, 0.17921, 1.57080, 16.00000, 454321.00000, 36030.00000, 213226.68750, 15344110107.33984, 123871.34498, 1.08598, 0.84303, 0.15697, 0.00000, 1.00000, 0.00000
4.35121, 2.14766, -0.78579, 4.91558, 0.45850, 1.73134, 17.00000, 479763.00000, 56386.00000, 220502.82353, 15334888228.85121, 123834.11577, 1.08598, 0.76051, 0.37301, -0.13352, 0.94118, 0.05882
4.35121, 2.14766, 0.78579, 4.91558, 0.45850, 1.41025, 33.00000, 480850.00000, 51201.00000, 168902.90909, 16392184593.11295, 128031.96708, 1.08598, 0.60022, 0.29439, 0.10538, 0.96970, 0.03030
4.58794, 1.75244, 0.00000, 4.91123, 0.36486, 1.57080, 19.00000, 400699.00000, 42830.00000, 166174.21053, 10888995817.00831, 104350.35130, 1.14286, 0.72361, 0.27639, -0.00000, 0.94737, 0.05263
