-2.75567, 4.02561, 0.70086, 4.92853, 2.17107, 1.42811, 6.00000, 462800.00000, 235568.00000, 325665.50000, 6052569758.25000, 77798.26321, 0.90081, -1.37444, 1.98030, 0.39414, 0.16667, 0.83333
-3.48430, 3.15040, 1.49161, 4.92852, 2.40648, 1.26333, 3.00000, 301959.00000, 217363.00000, 263267.00000, 1218753674.66667, 34910.65274, 0.91102, -2.88604, 2.59457, 1.29147, 0.00000, 1.00000
-2.21782, 3.93313, 1.97536, 4.92852, 2.08423, 1.15840, 3.00000, 480558.00000, 188664.00000, 304507.33333, 16012812699.55556, 126541.74291, 0.91102, -0.60432, 1.05443, 0.54989, 0.00000, 1.00000
-2.85909, 3.75484, 1.40973, 4.92550, 2.22158, 1.28053, 3.00000, 431467.00000, 141196.00000, 253796.33333, 16159949713.55556, 127121.79087, 0.94766, -1.25387, 1.66465, 0.58922, 0.66667, 0.33333
-3.93313, 1.97536, 2.21782, 4.92852, 2.67616, 1.10403, 1.00000, 499541.00000, 499541.00000, 499541.00000, 0.00000, 0.00000, 0.91102, -10.56672, 5.51065, 6.05607, 0.00000, 1.00000
-4.02561, 0.70086, 2.75567, 4.92853, 2.96922, 0.97747, 1.00000, 257902.00000, 257902.00000, 257902.00000, 0.00000, 0.00000, 0.90081, 9.35336, -1.86160, -6.49176, 0.00000, 1.00000
-3.15040, 1.49161, 3.48430, 4.92852, 2.69940, 0.78559, 1.00000, 343809.00000, 343809.00000, 343809.00000, 0.00000, 0.00000, 0.91102, -1.63909, 0.81587, 1.82322, 0.00000, 1.00000
-3.75484, 1.40973, 2.85909, 4.92550, 2.78243, 0.95149, 0.00000, 0.00000, 0.00000, 0.00000, 0.00000, 0.00000, 0.94766, -9.32863, 3.30198, 7.02665, 0.00000, 0.00000
-1.49161, 3.48430, 3.15040, 4.92852, 1.97528, 0.87732, 4.00000, 481731.00000, 319215.00000, 368251.00000, 4386076278.00000, 66227.45864, 0.91102, -0.30829, 0.68893, 0.61936, 0.75000, 0.25000
-1.97536, 2.21782, 3.93313, 4.92852, 2.29844, 0.64677, 1.00000, 495245.00000, 495245.00000, 495245.00000, 0.00000, 0.00000, 0.91102, -0.49591, 0.54500, 0.95092, 1.00000, 0.00000
-0.70086, 2.75567, 4.02561, 4.92853, 1.81985, 0.61496, 2.00000, 254567.00000, 215750.00000, 235158.50000, 376689872.25000, 19408.50000, 0.90081, -0.13313, 0.46424, 0.66888, 0.50000, 0.50000
-1.40973, 2.85909, 3.75484, 4.92550, 2.02888, 0.70390, 1.00000, 333352.00000, 333352.00000, 333352.00000, 0.00000, 0.00000, 0.94766, -0.25296, 0.53830, 0.71466, 0.00000, 1.00000
-3.47499, 2.68919, 2.20355, 4.91558, 2.48299, 1.10596, 5.00000, 449572.00000, 111133.00000, 301823.00000, 13808592536.00000, 117509.96782, 1.08598, -2.37638, 1.85065, 1.52573, 0.00000, 1.00000
-2.68919, 2.20355, 3.47499, 4.91558, 2.45513, 0.78564, 1.00000, 175530.00000, 175530.00000, 175530.00000, 0.00000, 0.00000, 1.08598, -0.90211, 0.74373, 1.15838, 0.00000, 1.00000
-2.20355, 3.47499, 2.68919, 4.91558, 2.13592, 0.99193, 1.00000, 379038.00000, 379038.00000, 379038.00000, 0.00000, 0.00000, 1.08598, -0.56481, 0.87972, 0.68510, 1.00000, 0.00000
-2.83550, 2.83550, 2.83550, 4.91123, 2.35619, 0.95532, 3.00000, 485846.00000, 142320.00000, 317673.33333, 19694133099.55555, 140335.78695, 1.14286, -1.00000, 1.00000, 1.00000, 0.33333, 0.66667
-2.05481, 4.45876, 0.43315, 4.92853, 2.00263, 1.48280, 16.00000, 452677.00000, 57114.00000, 245375.06250, 14242844800.18359, 119343.39027, 0.90081, -0.65917, 1.49537, 0.16379, 0.25000, 0.75000
-1.50894, 4.37124, 1.70460, 4.92852, 1.90319, 1.21764, 9.00000, 435294.00000, 110423.00000, 252757.33333, 9830306291.33333, 99147.90109, 0.91102, -0.30980, 0.93889, 0.37091, 0.33333, 0.66667
-0.72621, 4.85499, 0.43811, 4.92852, 1.71928, 1.48179, 24.00000, 441960.00000, 45336.00000, 211017.83333, 12600382641.97222, 112251.42601, 0.91102, -0.14496, 1.04077, 0.10419, 0.37500, 0.62500
-1.44936, 4.62611, 0.87126, 4.92550, 1.87441, 1.39297, 13.00000, 492206.00000, 72178.00000, 318500.84615, 17125644514.43787, 130864.98582, 0.94766, -0.38457, 1.17386, 0.21070, 0.23077, 0.76923
-0.78273, 3.92241, 2.87963, 4.92852, 1.76776, 0.94680, 5.00000, 389715.00000, 199686.00000, 295196.40000, 5057585778.64000, 71116.70534, 0.91102, -0.12779, 0.65841, 0.46938, 0.20000, 0.80000
0.00000, 3.18882, 3.75791, 4.92853, 1.57080, 0.70366, 5.00000, 439506.00000, 233927.00000, 339644.20000, 7616553680.56000, 87272.86910, 0.90081, -0.00000, 0.46930, 0.53070, 0.40000, 0.60000
0.78273, 3.92241, 2.87963, 4.92852, 1.37383, 0.94680, 12.00000, 466810.00000, 85633.00000, 241241.58333, 13280269527.57639, 115240.05175, 0.91102, 0.10178, 0.52439, 0.37383, 0.41667, 0.58333
0.00000, 3.73035, 3.21637, 4.92550, 1.57080, 0.85925, 4.00000, 194572.00000, 108528.00000, 159405.75000, 1001021795.18750, 31638.92848, 0.94766, -0.00000, 0.52918, 0.47082, 0.25000, 0.75000
0.72621, 4.85499, 0.43811, 4.92852, 1.42232, 1.48179, 43.00000, 488784.00000, 35201.00000, 181417.11628, 14213125793.21904, 119218.81476, 0.91102, 0.11238, 0.80685, 0.08077, 0.30233, 0.69767
1.50894, 4.37124, 1.70460, 4.92852, 1.23841, 1.21764, 24.00000, 498630.00000, 74966.00000, 237583.29167, 12662829529.03993, 112529.23855, 0.91102, 0.19128, 0.57970, 0.22901, 0.50000, 0.50000
2.05481, 4.45876, 0.43315, 4.92853, 1.13896, 1.48280, 28.00000, 484949.00000, 48025.00000, 221929.57143, 15408658191.88776, 124131.61641, 0.90081, 0.28433, 0.64502, 0.07065, 0.39286, 0.60714
1.44936, 4.62611, 0.87126, 4.92550, 1.26718, 1.39297, 19.00000, 480761.00000, 64242.00000, 241061.68421, 16782958171.68975, 129549.05701, 0.94766, 0.21738, 0.66353, 0.11910, 0.26316, 0.73684
-0.78579, 4.35121, 2.14766, 4.91558, 1.74946, 1.11864, 10.00000, 479368.00000, 111680.00000, 314182.20000, 14026183965.16000, 118432.19142, 1.08598, -0.13352, 0.76051, 0.37301, 0.20000, 0.80000
0.78579, 4.35121, 2.14766, 4.91558, 1.39213, 1.11864, 10.00000, 406948.00000, 123229.00000, 246860.40000, 9646905157.64000, 98218.65993, 1.08598, 0.10538, 0.60022, 0.29439, 0.70000, 0.30000
0.00000, 4.83686, 0.87622, 4.91558, 1.57080, 1.39159, 13.00000, 313320.00000, 55036.00000, 172872.15385, 6318899850.13018, 79491.50804, 1.08598, -0.00000, 0.84303, 0.15697, 0.23077, 0.76923
0.00000, 4.58794, 1.75244, 4.91123, 1.57080, 1.20593, 8.00000, 383918.00000, 50946.00000, 206382.37500, 9142359762.73438, 95615.68785, 1.14286, 0.00000, 0.72361, 0.27639, 0.12500, 0.87500
-2.05481, 4.45876, -0.43315, 4.92853, 2.00263, 1.65880, 18.00000, 479503.00000, 75200.00000, 247188.88889, 18202594359.43210, 134916.99063, 0.90081, -0.98030, 2.22389, -0.24359, 0.11111, 0.88889
-0.72621, 4.85499, -0.43811, 4.92852, 1.71928, 1.65981, 36.00000, 418345.00000, 36120.00000, 190449.50000, 11003295717.97222, 104896.59536, 0.91102, -0.18312, 1.31474, -0.13162, 0.33333, 0.66667
-1.50894, 4.37124, -1.70460, 4.92852, 1.90319, 1.92396, 52.00000, 451496.00000, 46880.00000, 194513.38462, 10363815179.12130, 101802.82501, 0.91102, -1.19997, 3.63662, -1.43665, 0.40385, 0.59615
-1.44936, 4.62611, -0.87126, 4.92550, 1.87441, 1.74862, 31.00000, 465270.00000, 42856.00000, 223029.12903, 11925786590.75754, 109205.24983, 0.94766, -0.66465, 2.02881, -0.36416, 0.32258, 0.67742
0.72621, 4.85499, -0.43811, 4.92852, 1.42232, 1.65981, 49.00000, 465918.00000, 38763.00000, 161298.14286, 12515133006.69388, 111871.05527, 0.91102, 0.13403, 0.96230, -0.09634, 0.36735, 0.63265
2.05481, 4.45876, -0.43315, 4.92853, 1.13896, 1.65880, 53.00000, 473467.00000, 23731.00000, 185519.01887, 15522471750.16945, 124589.21201, 0.90081, 0.33112, 0.75116, -0.08228, 0.45283, 0.54717
1.50894, 4.37124, -1.70460, 4.92852, 1.23841, 1.92396, 81.00000, 442084.00000, 22798.00000, 140469.34568, 10829621403.92989, 104065.46691, 0.91102, 0.35294, 1.06961, -0.42255, 0.48148, 0.51852
1.44936, 4.62611, -0.87126, 4.92550, 1.26718, 1.74862, 47.00000, 493911.00000, 34361.00000, 206764.40426, 19330322147.09190, 139033.52886, 0.94766, 0.28534, 0.87099, -0.15634, 0.44681, 0.55319
-0.78273, 3.92241, -2.87963, 4.92852, 1.76776, 2.19479, 58.00000, 475901.00000, 25103.00000, 175997.55172, 13892558800.24733, 117866.69928, 0.91102, -2.08678, 10.75154, -7.66476, 0.37931, 0.62069
0.78273, 3.92241, -2.87963, 4.92852, 1.37383, 2.19479, 135.00000, 472040.00000, 15620.00000, 133993.23704, 10358343233.33641, 101775.94624, 0.91102, 0.40335, 2.07817, -1.48153, 0.54074, 0.45926
0.00000, 3.18882, -3.75791, 4.92853, 1.57080, 2.43793, 73.00000, 433769.00000, 22407.00000, 147142.53425, 11107902439.39951, 105394.03417, 0.90081, -0.00000, -7.64229, 8.64229, 0.56164, 0.43836
0.00000, 3.73035, -3.21637, 4.92550, 1.57080, 2.28234, 80.00000, 492835.00000, 22169.00000, 147868.37500, 15144363536.18438, 123062.43755, 0.94766, 0.00000, 9.06739, -8.06739, 0.46250, 0.53750
0.00000, 4.83686, -0.87622, 4.91558, 1.57080, 1.75001, 35.00000, 411769.00000, 54305.00000, 190684.42857, 8938192055.55918, 94542.01212, 1.08598, 0.00000, 1.22879, -0.22879, 0.28571, 0.71429
0.78579, 4.35121, -2.14766, 4.91558, 1.39213, 2.02296, 67.00000, 481365.00000, 22376.00000, 134131.88060, 11113817097.17978, 105422.09018, 1.08598, 0.25627, 1.45965, -0.71592, 0.43284, 0.56716
-0.78579, 4.35121, -2.14766, 4.91558, 1.74946, 2.02296, 56.00000, 446579.00000, 31982.00000, 189173.87500, 13926848582.57366, 118012.06965, 1.08598, -0.52573, 2.99442, -1.46868, 0.42857, 0.57143
0.00000, 4.58794, -1.75244, 4.91123, 1.57080, 1.93566, 50.00000, 491051.00000, 34015.00000, 178103.78000, 14331874073.81160, 119715.80545, 1.14286, 0.00000, 1.61803, -0.61803, 0.28000, 0.72000
-2.75567, 4.02561, -0.70086, 4.92853, 2.17107, 1.71348, 15.00000, 413647.00000, 61949.00000, 229964.13333, 13731458082.64889, 117181.30432, 0.90081, -6.49176, 9.35336, -1.86160, 0.06667, 0.93333
-2.21782, 3.93313, -1.97536, 4.92852, 2.08423, 1.98319, 28.00000, 489055.00000, 38676.00000, 199197.32143, 11864162630.28954, 108922.73698, 0.91102, 6.05607, -10.56672, 5.51065, 0.28571, 0.71429
-3.48430, 3.15040, -1.49161, 4.92852, 2.40648, 1.87827, 14.00000, 475857.00000, 94698.00000, 276572.85714, 13658305027.12245, 116868.75129, 0.91102, 1.82322, -1.63909, 0.81587, 0.28571, 0.71429
-2.85909, 3.75484, -1.40973, 4.92550, 2.22158, 1.86107, 10.00000, 495620.00000, 66769.00000, 261146.80000, 23648947749.36000, 153782.14379, 0.94766, 7.02665, -9.32863, 3.30198, 0.00000, 1.00000
-1.49161, 3.48430, -3.15040, 4.92852, 1.97528, 2.26428, 58.00000, 495279.00000, 34257.00000, 185778.37931, 16603069120.58026, 128852.89721, 0.91102, 1.29147, -2.88604, 2.59457, 0.44828, 0.55172
-0.70086, 2.75567, -4.02561, 4.92853, 1.81985, 2.52663, 66.00000, 486870.00000, 19006.00000, 158089.74242, 12265644762.82759, 110750.37139, 0.90081, 0.39414, -1.37444, 1.98030, 0.54545, 0.45455
-1.97536, 2.21782, -3.93313, 4.92852, 2.29844, 2.49482, 36.00000, 487571.00000, 53482.00000, 239430.72222, 17640096586.75618, 132816.02534, 0.91102, 0.54989, -0.60432, 1.05443, 0.52778, 0.47222
-1.40973, 2.85909, -3.75484, 4.92550, 2.02888, 2.43770, 41.00000, 482353.00000, 39482.00000, 181325.87805, 12574816451.96074, 112137.48906, 0.94766, 0.58922, -1.25387, 1.66465, 0.51220, 0.48780
-3.93313, 1.97536, -2.21782, 4.92852, 2.67616, 2.03756, 9.00000, 453399.00000, 83004.00000, 256367.55556, 14874940974.69136, 121962.86720, 0.91102, 0.95092, -0.49591, 0.54500, 0.33333, 0.66667
-3.15040, 1.49161, -3.48430, 4.92852, 2.69940, 2.35600, 14.00000, 466465.00000, 90882.00000, 291555.21429, 12835593632.16837, 113294.27890, 0.91102, 0.61936, -0.30829, 0.68893, 0.50000, 0.50000
-4.02561, 0.70086, -2.75567, 4.92853, 2.96922, 2.16413, 4.00000, 395232.00000, 172844.00000, 232632.00000, 8824691606.00000, 93939.82971, 0.90081, 0.66888, -0.13313, 0.46424, 0.50000, 0.50000
-3.75484, 1.40973, -2.85909, 4.92550, 2.78243, 2.19010, 10.00000, 498229.00000, 107526.00000, 303130.00000, 11860361675.00000, 108905.28764, 0.94766, 0.71466, -0.25296, 0.53830, 0.30000, 0.70000
-2.20355, 3.47499, -2.68919, 4.91558, 2.13592, 2.14966, 23.00000, 476729.00000, 52274.00000, 198677.21739, 16841014595.03970, 129772.93476, 1.08598, 1.52573, -2.37638, 1.85065, 0.39130, 0.60870
-2.68919, 2.20355, -3.47499, 4.91558, 2.45513, 2.35595, 15.00000, 482853.00000, 51568.00000, 259211.26667, 24340618175.26222, 156014.80114, 1.08598, 0.68510, -0.56481, 0.87972, 0.26667, 0.73333
-3.47499, 2.68919, -2.20355, 4.91558, 2.48299, 2.03563, 7.00000, 401675.00000, 140951.00000, 256484.14286, 9029743758.40816, 95024.96387, 1.08598, 1.15838, -0.90211, 0.74373, 0.28571, 0.71429
-2.83550, 2.83550, -2.83550, 4.91123, 2.35619, 2.18628, 21.00000, 444942.00000, 40830.00000, 235149.00000, 12215070492.00000, 110521.81003, 1.14286, 1.00000, -1.00000, 1.00000, 0.42857, 0.57143
-3.18882, 3.75791, 0.00000, 4.92853, 2.27446, 1.57080, 12.00000, 493333.00000, 127507.00000, 293310.83333, 15942075375.97222, 126261.93162, 0.90081, -7.64229, 8.64229, 0.00000, 0.16667, 0.83333
-3.92241, 2.87963, -0.78273, 4.92852, 2.50831, 1.73029, 7.00000, 458808.00000, 197160.00000, 297476.71429, 9097572035.91837, 95381.19330, 0.91102, 2.07817, -1.48153, 0.40335, 0.28571, 0.71429
-3.92241, 2.87963, 0.78273, 4.92852, 2.50831, 1.41130, 3.00000, 425275.00000, 221401.00000, 356788.33333, 9165284246.22222, 95735.49105, 0.91102, 10.75154, -7.66476, -2.08678, 0.00000, 1.00000
-3.73035, 3.21637, 0.00000, 4.92550, 2.43005, 1.57080, 3.00000, 298779.00000, 157625.00000, 214006.66667, 3723756929.55556, 61022.59360, 0.94766, 9.06739, -8.06739, -0.00000, 0.66667, 0.33333
-4.37124, 1.70460, -1.50894, 4.92852, 2.76977, 1.88196, 6.00000, 482251.00000, 115586.00000, 261659.33333, 17469129259.22222, 132170.83362, 0.91102, 1.06961, -0.42255, 0.35294, 0.66667, 0.33333
-4.45876, 0.43315, -2.05481, 4.92853, 3.04475, 2.00085, 3.00000, 402426.00000, 184208.00000, 327876.00000, 10325164882.66667, 101612.81850, 0.90081, 0.75116, -0.08228, 0.33112, 0.66667, 0.33333
-4.85499, 0.43811, -0.72621, 4.92852, 3.05160, 1.71868, 3.00000, 442570.00000, 370798.00000, 401976.33333, 902860914.88889, 30047.64408, 0.91102, 0.96230, -0.09634, 0.13403, 0.33333, 0.66667
-4.62611, 0.87126, -1.44936, 4.92550, 2.95544, 1.86947, 4.00000, 460209.00000, 162173.00000, 302787.25000, 15817249072.18750, 125766.64531, 0.94766, 0.87099, -0.15634, 0.28534, 0.25000, 0.75000
-4.37124, 1.70460, 1.50894, 4.92852, 2.76977, 1.25963, 4.00000, 450999.00000, 234955.00000, 321477.25000, 6972135638.18750, 83499.31520, 0.91102, 3.63662, -1.43665, -1.19997, 0.00000, 1.00000
-4.85499, 0.43811, 0.72621, 4.92852, 3.05160, 1.42291, 2.00000, 265173.00000, 110220.00000, 187696.50000, 6002608052.25000, 77476.50000, 0.91102, 1.31474, -0.13162, -0.18312, 0.50000, 0.50000
-4.45876, 0.43315, 2.05481, 4.92853, 3.04475, 1.14074, 1.00000, 410902.00000, 410902.00000, 410902.00000, 0.00000, 0.00000, 0.90081, 2.22389, -0.24359, -0.98030, 0.00000, 1.00000
-4.62611, 0.87126, 1.44936, 4.92550, 2.95544, 1.27212, 1.00000, 294904.00000, 294904.00000, 294904.00000, 0.00000, 0.00000, 0.94766, 2.02881, -0.36416, -0.66465, 1.00000, 0.00000
-4.35121, 2.14766, -0.78579, 4.91558, 2.68310, 1.73134, 4.00000, 335978.00000, 168498.00000, 219325.75000, 4613759731.18750, 67924.66217, 1.08598, 1.45965, -0.71592, 0.25627, 0.75000, 0.25000
-4.83686, 0.87622, 0.00000, 4.91558, 2.96238, 1.57080, 0.00000, 0.00000, 0.00000, 0.00000, 0.00000, 0.00000, 1.08598, 1.22879, -0.22879, -0.00000, 0.00000, 0.00000
-4.35121, 2.14766, 0.78579, 4.91558, 2.68310, 1.41025, 2.00000, 380649.00000, 305592.00000, 343120.50000, 1408388312.25000, 37528.50000, 1.08598, 2.99442, -1.46868, -0.52573, 0.00000, 1.00000
-4.58794, 1.75244, 0.00000, 4.91123, 2.77673, 1.57080, 2.00000, 393638.00000, 339720.00000, 366679.00000, 726787681.00000, 26959.00000, 1.14286, 1.61803, -0.61803, -0.00000, 1.00000, 0.00000
2.75567, 4.02561, 0.70086, 4.92853, 0.97053, 1.42811, 25.00000, 470591.00000, 64975.00000, 262544.44000, 14308279841.12640, 119617.22218, 0.90081, 0.36663, 0.52824, 0.10514, 0.44000, 0.56000
2.21782, 3.93313, 1.97536, 4.92852, 1.05736, 1.15840, 16.00000, 464555.00000, 78719.00000, 247383.87500, 13877155180.48438, 117801.33777, 0.91102, 0.27362, 0.47741, 0.24897, 0.56250, 0.43750
3.48430, 3.15040, 1.49161, 4.92852, 0.73511, 1.26333, 12.00000, 373367.00000, 37964.00000, 170306.83333, 12912116819.13889, 113631.49572, 0.91102, 0.42617, 0.38313, 0.19070, 0.41667, 0.58333
2.85909, 3.75484, 1.40973, 4.92550, 0.92001, 1.28053, 10.00000, 435505.00000, 33943.00000, 199855.70000, 12426134884.41000, 111472.57458, 0.94766, 0.35746, 0.47456, 0.16798, 0.60000, 0.40000
1.49161, 3.48430, 3.15040, 4.92852, 1.16631, 0.87732, 6.00000, 421543.00000, 98048.00000, 243355.00000, 14331418948.66667, 119713.90458, 0.91102, 0.19070, 0.42617, 0.38313, 0.83333, 0.16667
0.70086, 2.75567, 4.02561, 4.92853, 1.32174, 0.61496, 2.00000, 445593.00000, 191169.00000, 318381.00000, 16182892944.00000, 127212.00000, 0.90081, 0.10514, 0.36663, 0.52824, 0.50000, 0.50000
1.97536, 2.21782, 3.93313, 4.92852, 0.84316, 0.64677, 3.00000, 370075.00000, 270552.00000, 304504.66667, 2150643010.88889, 46375.02572, 0.91102, 0.24897, 0.27362, 0.47741, 0.66667, 0.33333
1.40973, 2.85909, 3.75484, 4.92550, 1.11271, 0.70390, 2.00000, 361809.00000, 307096.00000, 334452.50000, 748378092.25000, 27356.50000, 0.94766, 0.16798, 0.35746, 0.47456, 0.00000, 1.00000
3.93313, 1.97536, 2.21782, 4.92852, 0.46544, 1.10403, 7.00000, 432670.00000, 103329.00000, 258349.57143, 18236871660.24490, 135043.96195, 0.91102, 0.47741, 0.24897, 0.27362, 0.85714, 0.14286
3.15040, 1.49161, 3.48430, 4.92852, 0.44220, 0.78559, 2.00000, 425076.00000, 326072.00000, 375574.00000, 2450448004.00000, 49502.00000, 0.91102, 0.38313, 0.19070, 0.42617, 1.00000, 0.00000
4.02561, 0.70086, 2.75567, 4.92853, 0.17237, 0.97747, 2.00000, 421368.00000, 222927.00000, 322147.50000, 9844707620.25000, 99220.50000, 0.90081, 0.52824, 0.10514, 0.36663, 0.50000, 0.50000
3.75484, 1.40973, 2.85909, 4.92550, 0.35916, 0.95149, 3.00000, 247878.00000, 135912.00000, 189962.66667, 2096865350.22222, 45791.54234, 0.94766, 0.47456, 0.16798, 0.35746, 0.33333, 0.66667
2.20355, 3.47499, 2.68919, 4.91558, 1.00567, 0.99193, 3.00000, 364877.00000, 250061.00000, 296204.66667, 2450889386.88889, 49506.45803, 1.08598, 0.26522, 0.41309, 0.32170, 0.66667, 0.33333
2.68919, 2.20355, 3.47499, 4.91558, 0.68646, 0.78564, 7.00000, 482838.00000, 280493.00000, 388345.00000, 4778384579.42857, 69125.86042, 1.08598, 0.32170, 0.26522, 0.41309, 0.28571, 0.71429
3.47499, 2.68919, 2.20355, 4.91558, 0.65860, 1.10596, 10.00000, 495186.00000, 80425.00000, 268887.10000, 20349525509.29000, 142651.76308, 1.08598, 0.41309, 0.32170, 0.26522, 0.70000, 0.30000
2.83550, 2.83550, 2.83550, 4.91123, 0.78540, 0.95532, 8.00000, 342378.00000, 77431.00000, 245581.00000, 6220714806.25000, 78871.50820, 1.14286, 0.33333, 0.33333, 0.33333, 0.50000, 0.50000
-0.43315, 2.05481, 4.45876, 4.92853, 1.77855, 0.44016, 1.00000, 399429.00000, 399429.00000, 399429.00000, 0.00000, 0.00000, 0.90081, -0.08228, 0.33112, 0.75116, 0.00000, 1.00000
-1.70460, 1.50894, 4.37124, 4.92852, 2.41700, 0.48015, 1.00000, 307302.00000, 307302.00000, 307302.00000, 0.00000, 0.00000, 0.91102, -0.42255, 0.35294, 1.06961, 0.00000, 1.00000
-0.43811, 0.72621, 4.85499, 4.92852, 2.11363, 0.17295, 1.00000, 435194.00000, 435194.00000, 435194.00000, 0.00000, 0.00000, 0.91102, -0.09634, 0.13403, 0.96230, 0.00000, 1.00000
-0.87126, 1.44936, 4.62611, 4.92550, 2.11205, 0.35046, 0.00000, 0.00000, 0.00000, 0.00000, 0.00000, 0.00000, 0.94766, -0.15634, 0.28534, 0.87099, 0.00000, 0.00000
-2.87963, 0.78273, 3.92241, 4.92852, 2.87619, 0.65037, 1.00000, 454695.00000, 454695.00000, 454695.00000, 0.00000, 0.00000, 0.91102, -1.48153, 0.40335, 2.07817, 0.00000, 1.00000
-3.75791, 0.00000, 3.18882, 4.92853, 3.14159, 0.86714, 0.00000, 0.00000, 0.00000, 0.00000, 0.00000, 0.00000, 0.90081, 8.64229, -0.00000, -7.64229, 0.00000, 0.00000
-2.87963, -0.78273, 3.92241, 4.92852, -2.87619, 0.65037, 2.00000, 452229.00000, 341072.00000, 396650.50000, 3088969662.25000, 55578.50000, 0.91102, -7.66476, -2.08678, 10.75154, 0.00000, 1.00000
-3.21637, 0.00000, 3.73035, 4.92550, 3.14159, 0.71154, 0.00000, 0.00000, 0.00000, 0.00000, 0.00000, 0.00000, 0.94766, -8.06739, 0.00000, 9.06739, 0.00000, 0.00000
-0.43811, -0.72621, 4.85499, 4.92852, -2.11363, 0.17295, 1.00000, 375293.00000, 375293.00000, 375293.00000, 0.00000, 0.00000, 0.91102, -0.13162, -0.18312, 1.31474, 0.00000, 1.00000
-1.70460, -1.50894, 4.37124, 4.92852, -2.41700, 0.48015, 1.00000, 323475.00000, 323475.00000, 323475.00000, 0.00000, 0.00000, 0.91102, -1.43665, -1.19997, 3.63662, 1.00000, 0.00000
-0.43315, -2.05481, 4.45876, 4.92853, -1.77855, 0.44016, 0.00000, 0.00000, 0.00000, 0.00000, 0.00000, 0.00000, 0.90081, -0.24359, -0.98030, 2.22389, 0.00000, 0.00000
-0.87126, -1.44936, 4.62611, 4.92550, -2.11205, 0.35046, 0.00000, 0.00000, 0.00000, 0.00000, 0.00000, 0.00000, 0.94766, -0.36416, -0.66465, 2.02881, 0.00000, 0.00000
-2.14766, 0.78579, 4.35121, 4.91558, 2.79084, 0.48390, 1.00000, 435458.00000, 435458.00000, 435458.00000, 0.00000, 0.00000, 1.08598, -0.71592, 0.25627, 1.45965, 1.00000, 0.00000
-2.14766, -0.78579, 4.35121, 4.91558, -2.79084, 0.48390, 0.00000, 0.00000, 0.00000, 0.00000, 0.00000, 0.00000, 1.08598, -1.46868, -0.52573, 2.99442, 0.00000, 0.00000
-0.87622, 0.00000, 4.83686, 4.91558, 3.14159, 0.17921, 1.00000, 457865.00000, 457865.00000, 457865.00000, 0.00000, 0.00000, 1.08598, -0.22879, 0.00000, 1.22879, 0.00000, 1.00000
-1.75244, 0.00000, 4.58794, 4.91123, 3.14159, 0.36486, 1.00000, 429275.00000, 429275.00000, 429275.00000, 0.00000, 0.00000, 1.14286, -0.61803, 0.00000, 1.61803, 0.00000, 1.00000
-4.45876, -0.43315, 2.05481, 4.92853, -3.04475, 1.14074, 0.00000, 0.00000, 0.00000, 0.00000, 0.00000, 0.00000, 0.90081, 1.49537, 0.16379, -0.65917, 0.00000, 0.00000
-4.85499, -0.43811, 0.72621, 4.92852, -3.05160, 1.42291, 2.00000, 240050.00000, 161757.00000, 200903.50000, 1532448462.25000, 39146.50000, 0.91102, 1.04077, 0.10419, -0.14496, 0.00000, 1.00000
-4.37124, -1.70460, 1.50894, 4.92852, -2.76977, 1.25963, 1.00000, 268722.00000, 268722.00000, 268722.00000, 0.00000, 0.00000, 0.91102, 0.93889, 0.37091, -0.30980, 0.00000, 1.00000
-4.62611, -0.87126, 1.44936, 4.92550, -2.95544, 1.27212, 2.00000, 319163.00000, 239922.00000, 279542.50000, 1569784020.25000, 39620.50000, 0.94766, 1.17386, 0.21070, -0.38457, 0.00000, 1.00000
-4.85499, -0.43811, -0.72621, 4.92852, -3.05160, 1.71868, 3.00000, 482206.00000, 107770.00000, 286500.00000, 23511145304.00000, 153333.44483, 0.91102, 0.80685, 0.08077, 0.11238, 0.66667, 0.33333
-4.45876, -0.43315, -2.05481, 4.92853, -3.04475, 2.00085, 5.00000, 420573.00000, 280755.00000, 340958.80000, 2647561970.96000, 51454.46502, 0.90081, 0.64502, 0.07065, 0.28433, 0.80000, 0.20000
-4.37124, -1.70460, -1.50894, 4.92852, -2.76977, 1.88196, 2.00000, 354946.00000, 345805.00000, 350375.50000, 20889470.25000, 4570.50000, 0.91102, 0.57970, 0.22901, 0.19128, 0.50000, 0.50000
-4.62611, -0.87126, -1.44936, 4.92550, -2.95544, 1.86947, 1.00000, 278977.00000, 278977.00000, 278977.00000, 0.00000, 0.00000, 0.94766, 0.66353, 0.11910, 0.21738, 0.00000, 1.00000
-3.92241, -2.87963, 0.78273, 4.92852, -2.50831, 1.41130, 0.00000, 0.00000, 0.00000, 0.00000, 0.00000, 0.00000, 0.91102, 0.65841, 0.46938, -0.12779, 0.00000, 0.00000
-3.92241, -2.87963, -0.78273, 4.92852, -2.50831, 1.73029, 0.00000, 0.00000, 0.00000, 0.00000, 0.00000, 0.00000, 0.91102, 0.52439, 0.37383, 0.10178, 0.00000, 0.00000
-3.18882, -3.75791, 0.00000, 4.92853, -2.27446, 1.57080, 2.00000, 491201.00000, 462451.00000, 476826.00000, 206640625.00000, 14375.00000, 0.90081, 0.46930, 0.53070, 0.00000, 0.50000, 0.50000
-3.73035, -3.21637, 0.00000, 4.92550, -2.43005, 1.57080, 0.00000, 0.00000, 0.00000, 0.00000, 0.00000, 0.00000, 0.94766, 0.52918, 0.47082, -0.00000, 0.00000, 0.00000
-4.83686, -0.87622, 0.00000, 4.91558, -2.96238, 1.57080, 0.00000, 0.00000, 0.00000, 0.00000, 0.00000, 0.00000, 1.08598, 0.84303, 0.15697, -0.00000, 0.00000, 0.00000
-4.35121, -2.14766, -0.78579, 4.91558, -2.68310, 1.73134, 0.00000, 0.00000, 0.00000, 0.00000, 0.00000, 0.00000, 1.08598, 0.60022, 0.29439, 0.10538, 0.00000, 0.00000
-4.35121, -2.14766, 0.78579, 4.91558, -2.68310, 1.41025, 3.00000, 465174.00000, 283362.00000, 368377.33333, 5578667131.55556, 74690.47551, 1.08598, 0.76051, 0.37301, -0.13352, 0.66667, 0.33333
-4.58794, -1.75244, 0.00000, 4.91123, -2.77673, 1.57080, 1.00000, 458102.00000, 458102.00000, 458102.00000, 0.00000, 0.00000, 1.14286, 0.72361, 0.27639, -0.00000, 0.00000, 1.00000
-3.75791, 0.00000, -3.18882, 4.92853, 3.14159, 2.27446, 12.00000, 482004.00000, 93744.00000, 315977.08333, 17954169750.40973, 133993.17054, 0.90081, 0.53070, -0.00000, 0.46930, 0.41667, 0.58333
-2.87963, 0.78273, -3.92241, 4.92852, 2.87619, 2.49122, 16.00000, 468007.00000, 62034.00000, 241048.12500, 14373594234.48438, 119889.92549, 0.91102, 0.46938, -0.12779, 0.65841, 0.56250, 0.43750
-2.87963, -0.78273, -3.92241, 4.92852, -2.87619, 2.49122, 12.00000, 481521.00000, 96760.00000, 284802.33333, 16752134978.05556, 129430.03893, 0.91102, 0.37383, 0.10178, 0.52439, 0.75000, 0.25000
-3.21637, 0.00000, -3.73035, 4.92550, 3.14159, 2.43005, 11.00000, 387231.00000, 81463.00000, 202528.54545, 6764895625.33884, 82248.98556, 0.94766, 0.47082, 0.00000, 0.52918, 0.54545, 0.45455
-1.70460, 1.50894, -4.37124, 4.92852, 2.41700, 2.66145, 33.00000, 452093.00000, 53878.00000, 210255.72727, 10904355125.77411, 104423.92028, 0.91102, 0.37091, -0.30980, 0.93889, 0.36364, 0.63636
-0.43315, 2.05481, -4.45876, 4.92853, 1.77855, 2.70143, 53.00000, 496168.00000, 35430.00000, 178563.83019, 14513203889.08437, 120470.75948, 0.90081, 0.16379, -0.65917, 1.49537, 0.58491, 0.41509
-0.43811, 0.72621, -4.85499, 4.92852, 2.11363, 2.96865, 36.00000, 495793.00000, 41729.00000, 203379.61111, 14555796226.79321, 120647.40456, 0.91102, 0.10419, -0.14496, 1.04077, 0.61111, 0.38889
-0.87126, 1.44936, -4.62611, 4.92550, 2.11205, 2.79113, 29.00000, 400502.00000, 66725.00000, 200007.75862, 10683433038.94174, 103360.69388, 0.94766, 0.21070, -0.38457, 1.17386, 0.55172, 0.44828
-1.70460, -1.50894, -4.37124, 4.92852, -2.41700, 2.66145, 14.00000, 476325.00000, 140791.00000, 287039.07143, 11409603821.06633, 106815.74707, 0.91102, 0.22901, 0.19128, 0.57970, 0.42857, 0.57143
-0.43811, -0.72621, -4.85499, 4.92852, -2.11363, 2.96865, 23.00000, 455516.00000, 63999.00000, 213324.91304, 13435594127.64461, 115912.01028, 0.91102, 0.08077, 0.11238, 0.80685, 0.78261, 0.21739
-0.43315, -2.05481, -4.45876, 4.92853, -1.77855, 2.70143, 17.00000, 453194.00000, 61738.00000, 248113.82353, 14832366364.61592, 121788.20290, 0.90081, 0.07065, 0.28433, 0.64502, 0.82353, 0.17647
-0.87126, -1.44936, -4.62611, 4.92550, -2.11205, 2.79113, 9.00000, 464410.00000, 33590.00000, 228003.22222, 15070767195.28395, 122763.05305, 0.94766, 0.11910, 0.21738, 0.66353, 0.44444, 0.55556
-2.14766, 0.78579, -4.35121, 4.91558, 2.79084, 2.65769, 18.00000, 477241.00000, 85001.00000, 268891.66667, 17622888318.22222, 132751.22718, 1.08598, 0.37301, -0.13352, 0.76051, 0.44444, 0.55556
-0.87622, 0.00000, -4.83686, 4.91558, 3.14159, 2.96238, 23.00000, 441124.00000, 50942.00000, 187804.34783, 9744050502.48771, 98711.95724, 1.08598, 0.15697, 0.00000, 0.84303, 0.73913, 0.26087
-2.14766, -0.78579, -4.35121, 4.91558, -2.79084, 2.65769, 5.00000, 487632.00000, 83130.00000, 279393.00000, 23129425317.60000, 152083.61292, 1.08598, 0.29439, 0.10538, 0.60022, 0.40000, 0.60000
-1.75244, 0.00000, -4.58794, 4.91123, 3.14159, 2.77673, 17.00000, 475914.00000, 48882.00000, 211914.88235, 21866464708.33910, 147873.13721, 1.14286, 0.27639, 0.00000, 0.72361, 0.58824, 0.41176
0.70086, 2.75567, -4.02561, 4.92853, 1.32174, 2.52663, 86.00000, 499746.00000, 17355.00000, 137074.89535, 13442469310.53556, 115941.66339, 0.90081, -1.86160, -6.49176, 9.35336, 0.62791, 0.37209
1.49161, 3.48430, -3.15040, 4.92852, 1.16631, 2.26428, 129.00000, 495579.00000, 11092.00000, 123834.85271, 12655516297.16435, 112496.73905, 0.91102, 0.81587, 1.82322, -1.63909, 0.55814, 0.44186
1.97536, 2.21782, -3.93313, 4.92852, 0.84316, 2.49482, 156.00000, 499036.00000, 11998.00000, 134322.90385, 13982737777.09973, 118248.62696, 0.91102, 5.51065, 6.05607, -10.56672, 0.73718, 0.26282
1.40973, 2.85909, -3.75484, 4.92550, 1.11271, 2.43770, 110.00000, 482974.00000, 13513.00000, 130335.13636, 14549709511.79050, 120622.17670, 0.94766, 3.30198, 7.02665, -9.32863, 0.58182, 0.41818
2.21782, 3.93313, -1.97536, 4.92852, 1.05736, 1.98319, 113.00000, 483571.00000, 22817.00000, 148141.97345, 13871265774.20284, 117776.33792, 0.91102, 0.54500, 0.95092, -0.49591, 0.53097, 0.46903
2.75567, 4.02561, -0.70086, 4.92853, 0.97053, 1.71348, 63.00000, 483714.00000, 30253.00000, 181288.15873, 15991037549.62560, 126455.67425, 0.90081, 0.46424, 0.66888, -0.13313, 0.53968, 0.46032
3.48430, 3.15040, -1.49161, 4.92852, 0.73511, 1.87827, 84.00000, 470857.00000, 17848.00000, 137807.29762, 12292522175.63761, 110871.64730, 0.91102, 0.68893, 0.61936, -0.30829, 0.57143, 0.42857
2.85909, 3.75484, -1.40973, 4.92550, 0.92001, 1.86107, 47.00000, 485642.00000, 23018.00000, 167721.63830, 15062290718.23087, 122728.52447, 0.94766, 0.53830, 0.71466, -0.25296, 0.44681, 0.55319
3.15040, 1.49161, -3.48430, 4.92852, 0.44220, 2.35600, 156.00000, 497079.00000, 10292.00000, 118018.48077, 11288182711.96758, 106245.85974, 0.91102, 2.59457, 1.29147, -2.88604, 0.76282, 0.23718
3.93313, 1.97536, -2.21782, 4.92852, 0.46544, 2.03756, 94.00000, 459084.00000, 19180.00000, 136032.63830, 11422721090.61385, 106877.13081, 0.91102, 1.05443, 0.54989, -0.60432, 0.82979, 0.17021
4.02561, 0.70086, -2.75567, 4.92853, 0.17237, 2.16413, 55.00000, 451120.00000, 27381.00000, 147774.29091, 14381614058.27901, 119923.36744, 0.90081, 1.98030, 0.39414, -1.37444, 0.89091, 0.10909
3.75484, 1.40973, -2.85909, 4.92550, 0.35916, 2.19010, 74.00000, 492051.00000, 16591.00000, 135452.31081, 13572826146.07907, 116502.47270, 0.94766, 1.66465, 0.58922, -1.25387, 0.81081, 0.18919
2.20355, 3.47499, -2.68919, 4.91558, 1.00567, 2.14966, 124.00000, 413947.00000, 14855.00000, 114952.48387, 8834049730.44329, 93989.62565, 1.08598, 0.74373, 1.15838, -0.90211, 0.66935, 0.33065
3.47499, 2.68919, -2.20355, 4.91558, 0.65860, 2.03563, 89.00000, 489446.00000, 12508.00000, 114837.02247, 10659035454.69612, 103242.60484, 1.08598, 0.87972, 0.68510, -0.56481, 0.69663, 0.30337
2.68919, 2.20355, -3.47499, 4.91558, 0.68646, 2.35595, 98.00000, 474387.00000, 9791.00000, 120410.71429, 13896300459.24490, 117882.57063, 1.08598, 1.85065, 1.52573, -2.37638, 0.78571, 0.21429
2.83550, 2.83550, -2.83550, 4.91123, 0.78540, 2.18628, 126.00000, 475309.00000, 10614.00000, 129584.68254, 14541466688.66113, 120588.00392, 1.14286, 1.00000, 1.00000, -1.00000, 0.67460, 0.32540
2.75567, -4.02561, 0.70086, 4.92853, -0.97053, 1.42811, 2.00000, 414960.00000, 258678.00000, 336819.00000, 6106015881.00000, 78141.00000, 0.90081, -6.49176, 9.35336, -1.86160, 1.00000, 0.00000
3.48430, -3.15040, 1.49161, 4.92852, -0.73511, 1.26333, 3.00000, 320154.00000, 229800.00000, 263196.33333, 1638209100.22222, 40474.79586, 0.91102, 1.82322, -1.63909, 0.81587, 0.66667, 0.33333
2.21782, -3.93313, 1.97536, 4.92852, -1.05736, 1.15840, 0.00000, 0.00000, 0.00000, 0.00000, 0.00000, 0.00000, 0.91102, 6.05607, -10.56672, 5.51065, 0.00000, 0.00000
2.85909, -3.75484, 1.40973, 4.92550, -0.92001, 1.28053, 0.00000, 0.00000, 0.00000, 0.00000, 0.00000, 0.00000, 0.94766, 7.02665, -9.32863, 3.30198, 0.00000, 0.00000
3.93313, -1.97536, 2.21782, 4.92852, -0.46544, 1.10403, 2.00000, 449300.00000, 268152.00000, 358726.00000, 8203649476.00000, 90574.00000, 0.91102, 0.95092, -0.49591, 0.54500, 1.00000, 0.00000
4.02561, -0.70086, 2.75567, 4.92853, -0.17237, 0.97747, 6.00000, 437878.00000, 128714.00000, 306592.83333, 12498856250.47222, 111798.28375, 0.90081, 0.66888, -0.13313, 0.46424, 0.83333, 0.16667
3.15040, -1.49161, 3.48430, 4.92852, -0.44220, 0.78559, 1.00000, 362650.00000, 362650.00000, 362650.00000, 0.00000, 0.00000, 0.91102, 0.61936, -0.30829, 0.68893, 0.00000, 1.00000
3.75484, -1.40973, 2.85909, 4.92550, -0.35916, 0.95149, 1.00000, 351857.00000, 351857.00000, 351857.00000, 0.00000, 0.00000, 0.94766, 0.71466, -0.25296, 0.53830, 1.00000, 0.00000
1.49161, -3.48430, 3.15040, 4.92852, -1.16631, 0.87732, 0.00000, 0.00000, 0.00000, 0.00000, 0.00000, 0.00000, 0.91102, 1.29147, -2.88604, 2.59457, 0.00000, 0.00000
1.97536, -2.21782, 3.93313, 4.92852, -0.84316, 0.64677, 0.00000, 0.00000, 0.00000, 0.00000, 0.00000, 0.00000, 0.91102, 0.54989, -0.60432, 1.05443, 0.00000, 0.00000
0.70086, -2.75567, 4.02561, 4.92853, -1.32174, 0.61496, 0.00000, 0.00000, 0.00000, 0.00000, 0.00000, 0.00000, 0.90081, 0.39414, -1.37444, 1.98030, 0.00000, 0.00000
1.40973, -2.85909, 3.75484, 4.92550, -1.11271, 0.70390, 0.00000, 0.00000, 0.00000, 0.00000, 0.00000, 0.00000, 0.94766, 0.58922, -1.25387, 1.66465, 0.00000, 0.00000
3.47499, -2.68919, 2.20355, 4.91558, -0.65860, 1.10596, 5.00000, 420331.00000, 159439.00000, 313510.20000, 7209448586.16000, 84908.47182, 1.08598, 1.15838, -0.90211, 0.74373, 0.80000, 0.20000
2.68919, -2.20355, 3.47499, 4.91558, -0.68646, 0.78564, 1.00000, 312081.00000, 312081.00000, 312081.00000, 0.00000, 0.00000, 1.08598, 0.68510, -0.56481, 0.87972, 1.00000, 0.00000
2.20355, -3.47499, 2.68919, 4.91558, -1.00567, 0.99193, 0.00000, 0.00000, 0.00000, 0.00000, 0.00000, 0.00000, 1.08598, 1.52573, -2.37638, 1.85065, 0.00000, 0.00000
2.83550, -2.83550, 2.83550, 4.91123, -0.78540, 0.95532, 1.00000, 300514.00000, 300514.00000, 300514.00000, 0.00000, 0.00000, 1.14286, 1.00000, -1.00000, 1.00000, 1.00000, 0.00000
2.05481, -4.45876, 0.43315, 4.92853, -1.13896, 1.48280, 2.00000, 385483.00000, 323749.00000, 354616.00000, 952771689.00000, 30867.00000, 0.90081, -0.98030, 2.22389, -0.24359, 0.50000, 0.50000
1.50894, -4.37124, 1.70460, 4.92852, -1.23841, 1.21764, 0.00000, 0.00000, 0.00000, 0.00000, 0.00000, 0.00000, 0.91102, -1.19997, 3.63662, -1.43665, 0.00000, 0.00000
0.72621, -4.85499, 0.43811, 4.92852, -1.42232, 1.48179, 1.00000, 442702.00000, 442702.00000, 442702.00000, 0.00000, 0.00000, 0.91102, -0.18312, 1.31474, -0.13162, 0.00000, 1.00000
1.44936, -4.62611, 0.87126, 4.92550, -1.26718, 1.39297, 0.00000, 0.00000, 0.00000, 0.00000, 0.00000, 0.00000, 0.94766, -0.66465, 2.02881, -0.36416, 0.00000, 0.00000
0.78273, -3.92241, 2.87963, 4.92852, -1.37383, 0.94680, 1.00000, 308885.00000, 308885.00000, 308885.00000, 0.00000, 0.00000, 0.91102, -2.08678, 10.75154, -7.66476, 1.00000, 0.00000
0.00000, -3.18882, 3.75791, 4.92853, -1.57080, 0.70366, 0.00000, 0.00000, 0.00000, 0.00000, 0.00000, 0.00000, 0.90081, 0.00000, -7.64229, 8.64229, 0.00000, 0.00000
-0.78273, -3.92241, 2.87963, 4.92852, -1.76776, 0.94680, 0.00000, 0.00000, 0.00000, 0.00000, 0.00000, 0.00000, 0.91102, 0.40335, 2.07817, -1.48153, 0.00000, 0.00000
0.00000, -3.73035, 3.21637, 4.92550, -1.57080, 0.85925, 0.00000, 0.00000, 0.00000, 0.00000, 0.00000, 0.00000, 0.94766, -0.00000, 9.06739, -8.06739, 0.00000, 0.00000
-0.72621, -4.85499, 0.43811, 4.92852, -1.71928, 1.48179, 0.00000, 0.00000, 0.00000, 0.00000, 0.00000, 0.00000, 0.91102, 0.13403, 0.96230, -0.09634, 0.00000, 0.00000
-1.50894, -4.37124, 1.70460, 4.92852, -1.90319, 1.21764, 0.00000, 0.00000, 0.00000, 0.00000, 0.00000, 0.00000, 0.91102, 0.35294, 1.06961, -0.42255, 0.00000, 0.00000
-2.05481, -4.45876, 0.43315, 4.92853, -2.00263, 1.48280, 1.00000, 488497.00000, 488497.00000, 488497.00000, 0.00000, 0.00000, 0.90081, 0.33112, 0.75116, -0.08228, 1.00000, 0.00000
-1.44936, -4.62611, 0.87126, 4.92550, -1.87441, 1.39297, 0.00000, 0.00000, 0.00000, 0.00000, 0.00000, 0.00000, 0.94766, 0.28534, 0.87099, -0.15634, 0.00000, 0.00000
0.78579, -4.35121, 2.14766, 4.91558, -1.39213, 1.11864, 1.00000, 459816.00000, 459816.00000, 459816.00000, 0.00000, 0.00000, 1.08598, -0.52573, 2.99442, -1.46868, 0.00000, 1.00000
-0.78579, -4.35121, 2.14766, 4.91558, -1.74946, 1.11864, 0.00000, 0.00000, 0.00000, 0.00000, 0.00000, 0.00000, 1.08598, 0.25627, 1.45965, -0.71592, 0.00000, 0.00000
0.00000, -4.83686, 0.87622, 4.91558, -1.57080, 1.39159, 0.00000, 0.00000, 0.00000, 0.00000, 0.00000, 0.00000, 1.08598, -0.00000, 1.22879, -0.22879, 0.00000, 0.00000
0.00000, -4.58794, 1.75244, 4.91123, -1.57080, 1.20593, 0.00000, 0.00000, 0.00000, 0.00000, 0.00000, 0.00000, 1.14286, -0.00000, 1.61803, -0.61803, 0.00000, 0.00000
2.05481, -4.45876, -0.43315, 4.92853, -1.13896, 1.65880, 2.00000, 364795.00000, 230119.00000, 297457.00000, 4534406244.00000, 67338.00000, 0.90081, -0.65917, 1.49537, 0.16379, 0.50000, 0.50000
0.72621, -4.85499, -0.43811, 4.92852, -1.42232, 1.65981, 0.00000, 0.00000, 0.00000, 0.00000, 0.00000, 0.00000, 0.91102, -0.14496, 1.04077, 0.10419, 0.00000, 0.00000
1.50894, -4.37124, -1.70460, 4.92852, -1.23841, 1.92396, 3.00000, 399276.00000, 197654.00000, 300827.00000, 6786396568.66667, 82379.58830, 0.91102, -0.30980, 0.93889, 0.37091, 1.00000, 0.00000
1.44936, -4.62611, -0.87126, 4.92550, -1.26718, 1.74862, 1.00000, 271304.00000, 271304.00000, 271304.00000, 0.00000, 0.00000, 0.94766, -0.38457, 1.17386, 0.21070, 1.00000, 0.00000
-0.72621, -4.85499, -0.43811, 4.92852, -1.71928, 1.65981, 1.00000, 472321.00000, 472321.00000, 472321.00000, 0.00000, 0.00000, 0.91102, 0.11238, 0.80685, 0.08077, 1.00000, 0.00000
-2.05481, -4.45876, -0.43315, 4.92853, -2.00263, 1.65880, 0.00000, 0.00000, 0.00000, 0.00000, 0.00000, 0.00000, 0.90081, 0.28433, 0.64502, 0.07065, 0.00000, 0.00000
-1.50894, -4.37124, -1.70460, 4.92852, -1.90319, 1.92396, 0.00000, 0.00000, 0.00000, 0.00000, 0.00000, 0.00000, 0.91102, 0.19128, 0.57970, 0.22901, 0.00000, 0.00000
-1.44936, -4.62611, -0.87126, 4.92550, -1.87441, 1.74862, 0.00000, 0.00000, 0.00000, 0.00000, 0.00000, 0.00000, 0.94766, 0.21738, 0.66353, 0.11910, 0.00000, 0.00000
0.78273, -3.92241, -2.87963, 4.92852, -1.37383, 2.19479, 5.00000, 444333.00000, 145393.00000, 269919.00000, 9405541059.20000, 96982.16877, 0.91102, -0.12779, 0.65841, 0.46938, 0.40000, 0.60000
-0.78273, -3.92241, -2.87963, 4.92852, -1.76776, 2.19479, 3.00000, 337061.00000, 195150.00000, 248552.33333, 3972682640.22222, 63029.22053, 0.91102, 0.10178, 0.52439, 0.37383, 0.66667, 0.33333
0.00000, -3.18882, -3.75791, 4.92853, -1.57080, 2.43793, 8.00000, 491239.00000, 227152.00000, 381320.12500, 7308265636.10938, 85488.39475, 0.90081, 0.00000, 0.46930, 0.53070, 0.62500, 0.37500
0.00000, -3.73035, -3.21637, 4.92550, -1.57080, 2.28234, 3.00000, 294722.00000, 56370.00000, 194915.00000, 10218928972.66667, 101088.71833, 0.94766, -0.00000, 0.52918, 0.47082, 1.00000, 0.00000
0.00000, -4.83686, -0.87622, 4.91558, -1.57080, 1.75001, 2.00000, 499422.00000, 333165.00000, 416293.50000, 6910347512.25000, 83128.50000, 1.08598, -0.00000, 0.84303, 0.15697, 0.50000, 0.50000
-0.78579, -4.35121, -2.14766, 4.91558, -1.74946, 2.02296, 2.00000, 294000.00000, 83463.00000, 188731.50000, 11081457092.25000, 105268.50000, 1.08598, 0.10538, 0.60022, 0.29439, 1.00000, 0.00000
0.78579, -4.35121, -2.14766, 4.91558, -1.39213, 2.02296, 3.00000, 397589.00000, 339046.00000, 376575.66667, 707608441.55556, 26600.91054, 1.08598, -0.13352, 0.76051, 0.37301, 0.66667, 0.33333
0.00000, -4.58794, -1.75244, 4.91123, -1.57080, 1.93566, 0.00000, 0.00000, 0.00000, 0.00000, 0.00000, 0.00000, 1.14286, -0.00000, 0.72361, 0.27639, 0.00000, 0.00000
2.75567, -4.02561, -0.70086, 4.92853, -0.97053, 1.71348, 2.00000, 453906.00000, 227449.00000, 340677.50000, 12820693212.25000, 113228.50000, 0.90081, -1.37444, 1.98030, 0.39414, 0.50000, 0.50000
2.21782, -3.93313, -1.97536, 4.92852, -1.05736, 1.98319, 5.00000, 373994.00000, 134941.00000, 272298.00000, 7251867610.00000, 85157.89811, 0.91102, -0.60432, 1.05443, 0.54989, 0.80000, 0.20000
3.48430, -3.15040, -1.49161, 4.92852, -0.73511, 1.87827, 8.00000, 311614.00000, 121625.00000, 176192.25000, 3591171984.93750, 59926.38805, 0.91102, -2.88604, 2.59457, 1.29147, 1.00000, 0.00000
2.85909, -3.75484, -1.40973, 4.92550, -0.92001, 1.86107, 3.00000, 348116.00000, 224715.00000, 279960.66667, 2621297546.88889, 51198.60884, 0.94766, -1.25387, 1.66465, 0.58922, 1.00000, 0.00000
1.49161, -3.48430, -3.15040, 4.92852, -1.16631, 2.26428, 7.00000, 345771.00000, 102817.00000, 185059.14286, 7738663428.69388, 87969.67335, 0.91102, -0.30829, 0.68893, 0.61936, 0.85714, 0.14286
0.70086, -2.75567, -4.02561, 4.92853, -1.32174, 2.52663, 12.00000, 457367.00000, 125757.00000, 278164.08333, 11293599181.74305, 106271.34695, 0.90081, -0.13313, 0.46424, 0.66888, 0.75000, 0.25000
1.97536, -2.21782, -3.93313, 4.92852, -0.84316, 2.49482, 19.00000, 473020.00000, 70076.00000, 209769.73684, 17792742639.87812, 133389.43976, 0.91102, -0.49591, 0.54500, 0.95092, 0.84211, 0.15789
1.40973, -2.85909, -3.75484, 4.92550, -1.11271, 2.43770, 14.00000, 413771.00000, 36528.00000, 199503.07143, 17396740897.92347, 131896.70541, 0.94766, -0.25296, 0.53830, 0.71466, 0.78571, 0.21429
3.93313, -1.97536, -2.21782, 4.92852, -0.46544, 2.03756, 18.00000, 389575.00000, 46975.00000, 186511.88889, 12001459659.43210, 109551.17370, 0.91102, -10.56672, 5.51065, 6.05607, 0.72222, 0.27778
3.15040, -1.49161, -3.48430, 4.92852, -0.44220, 2.35600, 35.00000, 496352.00000, 46276.00000, 215878.34286, 16038162409.53959, 126641.86673, 0.91102, -1.63909, 0.81587, 1.82322, 0.91429, 0.08571
4.02561, -0.70086, -2.75567, 4.92853, -0.17237, 2.16413, 23.00000, 458333.00000, 45343.00000, 201461.08696, 11587784239.29679, 107646.57096, 0.90081, 9.35336, -1.86160, -6.49176, 0.65217, 0.34783
3.75484, -1.40973, -2.85909, 4.92550, -0.35916, 2.19010, 21.00000, 434516.00000, 25149.00000, 234535.04762, 15011780805.95012, 122522.57264, 0.94766, -9.32863, 3.30198, 7.02665, 0.85714, 0.14286
2.20355, -3.47499, -2.68919, 4.91558, -1.00567, 2.14966, 6.00000, 423957.00000, 98491.00000, 260027.50000, 9539515165.25000, 97670.44161, 1.08598, -0.56481, 0.87972, 0.68510, 0.83333, 0.16667
2.68919, -2.20355, -3.47499, 4.91558, -0.68646, 2.35595, 14.00000, 356312.00000, 86597.00000, 172172.00000, 6275366116.28571, 79217.20846, 1.08598, -0.90211, 0.74373, 1.15838, 0.78571, 0.21429
3.47499, -2.68919, -2.20355, 4.91558, -0.65860, 2.03563, 15.00000, 489411.00000, 36786.00000, 274660.60000, 21146976936.24000, 145420.00184, 1.08598, -2.37638, 1.85065, 1.52573, 0.80000, 0.20000
2.83550, -2.83550, -2.83550, 4.91123, -0.78540, 2.18628, 11.00000, 355786.00000, 57476.00000, 210344.36364, 9259924589.68595, 96228.50196, 1.14286, -1.00000, 1.00000, 1.00000, 0.63636, 0.36364
3.18882, -3.75791, 0.00000, 4.92853, -0.86714, 1.57080, 0.00000, 0.00000, 0.00000, 0.00000, 0.00000, 0.00000, 0.90081, -7.64229, 8.64229, -0.00000, 0.00000, 0.00000
3.92241, -2.87963, -0.78273, 4.92852, -0.63328, 1.73029, 8.00000, 416648.00000, 92977.00000, 317754.62500, 11488946323.23438, 107186.50252, 0.91102, 10.75154, -7.66476, -2.08678, 0.75000, 0.25000
3.92241, -2.87963, 0.78273, 4.92852, -0.63328, 1.41130, 3.00000, 444413.00000, 355611.00000, 397749.66667, 1324535504.88889, 36394.16856, 0.91102, 2.07817, -1.48153, 0.40335, 0.66667, 0.33333
3.73035, -3.21637, 0.00000, 4.92550, -0.71154, 1.57080, 2.00000, 176327.00000, 117293.00000, 146810.00000, 871253289.00000, 29517.00000, 0.94766, 9.06739, -8.06739, 0.00000, 1.00000, 0.00000
4.37124, -1.70460, -1.50894, 4.92852, -0.37182, 1.88196, 19.00000, 482760.00000, 28145.00000, 162400.42105, 11340831464.77008, 106493.34000, 0.91102, 3.63662, -1.43665, -1.19997, 0.89474, 0.10526
4.45876, -0.43315, -2.05481, 4.92853, -0.09684, 2.00085, 21.00000, 332995.00000, 18248.00000, 147620.57143, 10591169168.53061, 102913.40617, 0.90081, 2.22389, -0.24359, -0.98030, 0.95238, 0.04762
4.85499, -0.43811, -0.72621, 4.92852, -0.09000, 1.71868, 20.00000, 478800.00000, 82653.00000, 234170.75000, 16444774088.58750, 128237.17904, 0.91102, 1.31474, -0.13162, -0.18312, 0.70000, 0.30000
4.62611, -0.87126, -1.44936, 4.92550, -0.18616, 1.86947, 17.00000, 383764.00000, 38920.00000, 200499.05882, 11294795649.82007, 106276.97610, 0.94766, 2.02881, -0.36416, -0.66465, 0.76471, 0.23529
4.37124, -1.70460, 1.50894, 4.92852, -0.37182, 1.25963, 4.00000, 418035.00000, 173774.00000, 306915.50000, 10725756421.25000, 103565.22786, 0.91102, 1.06961, -0.42255, 0.35294, 0.75000, 0.25000
4.85499, -0.43811, 0.72621, 4.92852, -0.09000, 1.42291, 11.00000, 491212.00000, 79859.00000, 234055.72727, 16510640928.38017, 128493.73887, 0.91102, 0.96230, -0.09634, 0.13403, 0.72727, 0.27273
4.45876, -0.43315, 2.05481, 4.92853, -0.09684, 1.14074, 7.00000, 365785.00000, 159971.00000, 262273.00000, 4647900021.71429, 68175.50896, 0.90081, 0.75116, -0.08228, 0.33112, 0.71429, 0.28571
4.62611, -0.87126, 1.44936, 4.92550, -0.18616, 1.27212, 4.00000, 312994.00000, 169715.00000, 264341.50000, 3327737152.25000, 57686.54221, 0.94766, 0.87099, -0.15634, 0.28534, 0.50000, 0.50000
4.35121, -2.14766, -0.78579, 4.91558, -0.45850, 1.73134, 8.00000, 399782.00000, 145775.00000, 249285.25000, 6694806114.93750, 81821.79487, 1.08598, 2.99442, -1.46868, -0.52573, 0.62500, 0.37500
4.83686, -0.87622, 0.00000, 4.91558, -0.17921, 1.57080, 8.00000, 382524.00000, 58684.00000, 242176.50000, 12730810439.25000, 112830.89311, 1.08598, 1.22879, -0.22879, 0.00000, 0.75000, 0.25000
4.35121, -2.14766, 0.78579, 4.91558, -0.45850, 1.41025, 2.00000, 424457.00000, 377919.00000, 401188.00000, 541446361.00000, 23269.00000, 1.08598, 1.45965, -0.71592, 0.25627, 1.00000, 0.00000
4.58794, -1.75244, 0.00000, 4.91123, -0.36486, 1.57080, 5.00000, 453950.00000, 113723.00000, 268800.00000, 13932410304.00000, 118035.63150, 1.14286, 1.61803, -0.61803, 0.00000, 1.00000, 0.00000
0.43315, -2.05481, 4.45876, 4.92853, -1.36304, 0.44016, 0.00000, 0.00000, 0.00000, 0.00000, 0.00000, 0.00000, 0.90081, 0.16379, -0.65917, 1.49537, 0.00000, 0.00000
1.70460, -1.50894, 4.37124, 4.92852, -0.72459, 0.48015, 0.00000, 0.00000, 0.00000, 0.00000, 0.00000, 0.00000, 0.91102, 0.37091, -0.30980, 0.93889, 0.00000, 0.00000
0.43811, -0.72621, 4.85499, 4.92852, -1.02797, 0.17295, 0.00000, 0.00000, 0.00000, 0.00000, 0.00000, 0.00000, 0.91102, 0.10419, -0.14496, 1.04077, 0.00000, 0.00000
0.87126, -1.44936, 4.62611, 4.92550, -1.02954, 0.35046, 0.00000, 0.00000, 0.00000, 0.00000, 0.00000, 0.00000, 0.94766, 0.21070, -0.38457, 1.17386, 0.00000, 0.00000
2.87963, -0.78273, 3.92241, 4.92852, -0.26540, 0.65037, 2.00000, 455623.00000, 318887.00000, 387255.00000, 4674183424.00000, 68368.00000, 0.91102, 0.46938, -0.12779, 0.65841, 0.50000, 0.50000
3.75791, 0.00000, 3.18882, 4.92853, 0.00000, 0.86714, 4.00000, 469834.00000, 179718.00000, 335987.25000, 16453197538.68750, 128270.01808, 0.90081, 0.53070, -0.00000, 0.46930, 1.00000, 0.00000
2.87963, 0.78273, 3.92241, 4.92852, 0.26540, 0.65037, 4.00000, 361398.00000, 231600.00000, 308245.50000, 2267939743.25000, 47622.89096, 0.91102, 0.37383, 0.10178, 0.52439, 0.00000, 1.00000
3.21637, 0.00000, 3.73035, 4.92550, 0.00000, 0.71154, 2.00000, 353702.00000, 311831.00000, 332766.50000, 438295160.25000, 20935.50000, 0.94766, 0.47082, -0.00000, 0.52918, 0.50000, 0.50000
0.43811, 0.72621, 4.85499, 4.92852, 1.02797, 0.17295, 3.00000, 301127.00000, 163539.00000, 244083.33333, 3431216957.55556, 58576.59053, 0.91102, 0.08077, 0.11238, 0.80685, 0.33333, 0.66667
1.70460, 1.50894, 4.37124, 4.92852, 0.72459, 0.48015, 3.00000, 498932.00000, 311056.00000, 404147.66667, 5884331122.88889, 76709.39397, 0.91102, 0.22901, 0.19128, 0.57970, 0.33333, 0.66667
0.43315, 2.05481, 4.45876, 4.92853, 1.36304, 0.44016, 1.00000, 377943.00000, 377943.00000, 377943.00000, 0.00000, 0.00000, 0.90081, 0.07065, 0.28433, 0.64502, 1.00000, 0.00000
0.87126, 1.44936, 4.62611, 4.92550, 1.02954, 0.35046, 1.00000, 184174.00000, 184174.00000, 184174.00000, 0.00000, 0.00000, 0.94766, 0.11910, 0.21738, 0.66353, 0.00000, 1.00000
2.14766, -0.78579, 4.35121, 4.91558, -0.35075, 0.48390, 0.00000, 0.00000, 0.00000, 0.00000, 0.00000, 0.00000, 1.08598, 0.37301, -0.13352, 0.76051, 0.00000, 0.00000
2.14766, 0.78579, 4.35121, 4.91558, 0.35075, 0.48390, 0.00000, 0.00000, 0.00000, 0.00000, 0.00000, 0.00000, 1.08598, 0.29439, 0.10538, 0.60022, 0.00000, 0.00000
0.87622, 0.00000, 4.83686, 4.91558, 0.00000, 0.17921, 1.00000, 414322.00000, 414322.00000, 414322.00000, 0.00000, 0.00000, 1.08598, 0.15697, -0.00000, 0.84303, 0.00000, 1.00000
1.75244, 0.00000, 4.58794, 4.91123, 0.00000, 0.36486, 1.00000, 377107.00000, 377107.00000, 377107.00000, 0.00000, 0.00000, 1.14286, 0.27639, 0.00000, 0.72361, 1.00000, 0.00000
-2.75567, -4.02561, 0.70086, 4.92853, -2.17107, 1.42811, 0.00000, 0.00000, 0.00000, 0.00000, 0.00000, 0.00000, 0.90081, 0.46424, 0.66888, -0.13313, 0.00000, 0.00000
-2.21782, -3.93313, 1.97536, 4.92852, -2.08423, 1.15840, 0.00000, 0.00000, 0.00000, 0.00000, 0.00000, 0.00000, 0.91102, 0.54500, 0.95092, -0.49591, 0.00000, 0.00000
-3.48430, -3.15040, 1.49161, 4.92852, -2.40648, 1.26333, 0.00000, 0.00000, 0.00000, 0.00000, 0.00000, 0.00000, 0.91102, 0.68893, 0.61936, -0.30829, 0.00000, 0.00000
-2.85909, -3.75484, 1.40973, 4.92550, -2.22158, 1.28053, 1.00000, 389617.00000, 389617.00000, 389617.00000, 0.00000, 0.00000, 0.94766, 0.53830, 0.71466, -0.25296, 1.00000, 0.00000
-1.49161, -3.48430, 3.15040, 4.92852, -1.97528, 0.87732, 0.00000, 0.00000, 0.00000, 0.00000, 0.00000, 0.00000, 0.91102, 0.81587, 1.82322, -1.63909, 0.00000, 0.00000
-0.70086, -2.75567, 4.02561, 4.92853, -1.81985, 0.61496, 0.00000, 0.00000, 0.00000, 0.00000, 0.00000, 0.00000, 0.90081, -1.86160, -6.49176, 9.35336, 0.00000, 0.00000
-1.97536, -2.21782, 3.93313, 4.92852, -2.29844, 0.64677, 0.00000, 0.00000, 0.00000, 0.00000, 0.00000, 0.00000, 0.91102, 5.51065, 6.05607, -10.56672, 0.00000, 0.00000
-1.40973, -2.85909, 3.75484, 4.92550, -2.02888, 0.70390, 1.00000, 361505.00000, 361505.00000, 361505.00000, 0.00000, 0.00000, 0.94766, 3.30198, 7.02665, -9.32863, 1.00000, 0.00000
-3.93313, -1.97536, 2.21782, 4.92852, -2.67616, 1.10403, 2.00000, 341119.00000, 180508.00000, 260813.50000, 6448973330.25000, 80305.50000, 0.91102, 1.05443, 0.54989, -0.60432, 0.50000, 0.50000
-3.15040, -1.49161, 3.48430, 4.92852, -2.69940, 0.78559, 1.00000, 434434.00000, 434434.00000, 434434.00000, 0.00000, 0.00000, 0.91102, 2.59457, 1.29147, -2.88604, 0.00000, 1.00000
-4.02561, -0.70086, 2.75567, 4.92853, -2.96922, 0.97747, 0.00000, 0.00000, 0.00000, 0.00000, 0.00000, 0.00000, 0.90081, 1.98030, 0.39414, -1.37444, 0.00000, 0.00000
-3.75484, -1.40973, 2.85909, 4.92550, -2.78243, 0.95149, 1.00000, 498038.00000, 498038.00000, 498038.00000, 0.00000, 0.00000, 0.94766, 1.66465, 0.58922, -1.25387, 0.00000, 1.00000
-2.20355, -3.47499, 2.68919, 4.91558, -2.13592, 0.99193, 0.00000, 0.00000, 0.00000, 0.00000, 0.00000, 0.00000, 1.08598, 0.74373, 1.15838, -0.90211, 0.00000, 0.00000
-2.68919, -2.20355, 3.47499, 4.91558, -2.45513, 0.78564, 0.00000, 0.00000, 0.00000, 0.00000, 0.00000, 0.00000, 1.08598, 1.85065, 1.52573, -2.37638, 0.00000, 0.00000
-3.47499, -2.68919, 2.20355, 4.91558, -2.48299, 1.10596, 0.00000, 0.00000, 0.00000, 0.00000, 0.00000, 0.00000, 1.08598, 0.87972, 0.68510, -0.56481, 0.00000, 0.00000
-2.83550, -2.83550, 2.83550, 4.91123, -2.35619, 0.95532, 0.00000, 0.00000, 0.00000, 0.00000, 0.00000, 0.00000, 1.14286, 1.00000, 1.00000, -1.00000, 0.00000, 0.00000
-0.70086, -2.75567, -4.02561, 4.92853, -1.81985, 2.52663, 3.00000, 461112.00000, 215458.00000, 329200.66667, 10222698176.88889, 101107.35966, 0.90081, 0.10514, 0.36663, 0.52824, 0.66667, 0.33333
-1.49161, -3.48430, -3.15040, 4.92852, -1.97528, 2.26428, 2.00000, 339156.00000, 294170.00000, 316663.00000, 505935049.00000, 22493.00000, 0.91102, 0.19070, 0.42617, 0.38313, 1.00000, 0.00000
-1.97536, -2.21782, -3.93313, 4.92852, -2.29844, 2.49482, 5.00000, 494322.00000, 223252.00000, 360441.40000, 12407339589.44000, 111388.23811, 0.91102, 0.24897, 0.27362, 0.47741, 0.60000, 0.40000
-1.40973, -2.85909, -3.75484, 4.92550, -2.02888, 2.43770, 3.00000, 441205.00000, 198772.00000, 284009.00000, 12384675422.00000, 111286.45660, 0.94766, 0.16798, 0.35746, 0.47456, 0.33333, 0.66667
-2.21782, -3.93313, -1.97536, 4.92852, -2.08423, 1.98319, 1.00000, 325611.00000, 325611.00000, 325611.00000, 0.00000, 0.00000, 0.91102, 0.27362, 0.47741, 0.24897, 1.00000, 0.00000
-2.75567, -4.02561, -0.70086, 4.92853, -2.17107, 1.71348, 0.00000, 0.00000, 0.00000, 0.00000, 0.00000, 0.00000, 0.90081, 0.36663, 0.52824, 0.10514, 0.00000, 0.00000
-3.48430, -3.15040, -1.49161, 4.92852, -2.40648, 1.87827, 1.00000, 450975.00000, 450975.00000, 450975.00000, 0.00000, 0.00000, 0.91102, 0.42617, 0.38313, 0.19070, 0.00000, 1.00000
-2.85909, -3.75484, -1.40973, 4.92550, -2.22158, 1.86107, 1.00000, 329537.00000, 329537.00000, 329537.00000, 0.00000, 0.00000, 0.94766, 0.35746, 0.47456, 0.16798, 1.00000, 0.00000
-3.15040, -1.49161, -3.48430, 4.92852, -2.69940, 2.35600, 8.00000, 400716.00000, 130520.00000, 287834.25000, 8820861083.93750, 93919.43933, 0.91102, 0.38313, 0.19070, 0.42617, 0.62500, 0.37500
-3.93313, -1.97536, -2.21782, 4.92852, -2.67616, 2.03756, 2.00000, 495996.00000, 168671.00000, 332333.50000, 26785413906.25000, 163662.50000, 0.91102, 0.47741, 0.24897, 0.27362, 1.00000, 0.00000
-4.02561, -0.70086, -2.75567, 4.92853, -2.96922, 2.16413, 4.00000, 291722.00000, 195261.00000, 234682.75000, 1424467433.68750, 37742.11750, 0.90081, 0.52824, 0.10514, 0.36663, 0.50000, 0.50000
-3.75484, -1.40973, -2.85909, 4.92550, -2.78243, 2.19010, 1.00000, 451491.00000, 451491.00000, 451491.00000, 0.00000, 0.00000, 0.94766, 0.47456, 0.16798, 0.35746, 1.00000, 0.00000
-2.20355, -3.47499, -2.68919, 4.91558, -2.13592, 2.14966, 1.00000, 187639.00000, 187639.00000, 187639.00000, 0.00000, 0.00000, 1.08598, 0.26522, 0.41309, 0.32170, 1.00000, 0.00000
-3.47499, -2.68919, -2.20355, 4.91558, -2.48299, 2.03563, 0.00000, 0.00000, 0.00000, 0.00000, 0.00000, 0.00000, 1.08598, 0.41309, 0.32170, 0.26522, 0.00000, 0.00000
-2.68919, -2.20355, -3.47499, 4.91558, -2.45513, 2.35595, 3.00000, 236410.00000, 149009.00000, 199346.66667, 1361259762.88889, 36895.25393, 1.08598, 0.32170, 0.26522, 0.41309, 0.66667, 0.33333
-2.83550, -2.83550, -2.83550, 4.91123, -2.35619, 2.18628, 3.00000, 463534.00000, 251468.00000, 346245.33333, 7748711456.88889, 88026.76557, 1.14286, 0.33333, 0.33333, 0.33333, 0.33333, 0.66667
3.75791, 0.00000, -3.18882, 4.92853, 0.00000, 2.27446, 47.00000, 429332.00000, 27079.00000, 143492.74468, 11143483399.42418, 105562.69890, 0.90081, 8.64229, 0.00000, -7.64229, 0.82979, 0.17021
2.87963, -0.78273, -3.92241, 4.92852, -0.26540, 2.49122, 40.00000, 471868.00000, 34359.00000, 186810.25000, 14894054516.93750, 122041.20008, 0.91102, -1.48153, 0.40335, 2.07817, 0.72500, 0.27500
2.87963, 0.78273, -3.92241, 4.92852, 0.26540, 2.49122, 105.00000, 435163.00000, 17808.00000, 107778.87619, 7841517960.10848, 88552.34588, 0.91102, -7.66476, -2.08678, 10.75154, 0.87619, 0.12381
3.21637, 0.00000, -3.73035, 4.92550, 0.00000, 2.43005, 53.00000, 485637.00000, 14134.00000, 177168.66038, 19939322226.82805, 141206.66495, 0.94766, -8.06739, -0.00000, 9.06739, 0.81132, 0.18868
1.70460, -1.50894, -4.37124, 4.92852, -0.72459, 2.66145, 32.00000, 473886.00000, 34213.00000, 201524.65625, 18666687250.72559, 136626.08554, 0.91102, -0.42255, 0.35294, 1.06961, 0.81250, 0.18750
0.43315, -2.05481, -4.45876, 4.92853, -1.36304, 2.70143, 10.00000, 494479.00000, 65010.00000, 166739.60000, 13085414126.44000, 114391.49499, 0.90081, -0.08228, 0.33112, 0.75116, 0.80000, 0.20000
0.43811, -0.72621, -4.85499, 4.92852, -1.02797, 2.96865, 48.00000, 485888.00000, 27780.00000, 180448.89583, 12583085934.96832, 112174.35507, 0.91102, -0.09634, 0.13403, 0.96230, 0.64583, 0.35417
0.87126, -1.44936, -4.62611, 4.92550, -1.02954, 2.79113, 21.00000, 443691.00000, 35077.00000, 219640.23810, 16940226839.51474, 130154.62665, 0.94766, -0.15634, 0.28534, 0.87099, 0.76190, 0.23810
1.70460, 1.50894, -4.37124, 4.92852, 0.72459, 2.66145, 124.00000, 497617.00000, 12373.00000, 123736.70161, 11500354923.83838, 107239.70778, 0.91102, -1.43665, -1.19997, 3.63662, 0.78226, 0.21774
0.43811, 0.72621, -4.85499, 4.92852, 1.02797, 2.96865, 74.00000, 486428.00000, 19378.00000, 181486.14865, 14202348038.80223, 119173.60462, 0.91102, -0.13162, -0.18312, 1.31474, 0.60811, 0.39189
0.43315, 2.05481, -4.45876, 4.92853, 1.36304, 2.70143, 73.00000, 452879.00000, 19670.00000, 156391.64384, 15170689600.64027, 123169.35333, 0.90081, -0.24359, -0.98030, 2.22389, 0.72603, 0.27397
0.87126, 1.44936, -4.62611, 4.92550, 1.02954, 2.79113, 75.00000, 465307.00000, 15821.00000, 156903.30667, 13738698240.05262, 117212.19322, 0.94766, -0.36416, -0.66465, 2.02881, 0.70667, 0.29333
2.14766, -0.78579, -4.35121, 4.91558, -0.35075, 2.65769, 25.00000, 413544.00000, 27002.00000, 149748.00000, 9818088046.40000, 99086.26568, 1.08598, -0.71592, 0.25627, 1.45965, 0.84000, 0.16000
0.87622, 0.00000, -4.83686, 4.91558, 0.00000, 2.96238, 42.00000, 452161.00000, 28937.00000, 162818.40476, 11493123138.90760, 107205.98462, 1.08598, -0.22879, -0.00000, 1.22879, 0.78571, 0.21429
2.14766, 0.78579, -4.35121, 4.91558, 0.35075, 2.65769, 75.00000, 456559.00000, 14049.00000, 126249.02667, 11355991101.35929, 106564.49269, 1.08598, -1.46868, -0.52573, 2.99442, 0.81333, 0.18667
1.75244, 0.00000, -4.58794, 4.91123, 0.00000, 2.77673, 45.00000, 435553.00000, 37437.00000, 128529.06667, 7689870460.46222, 87691.90647, 1.14286, -0.61803, -0.00000, 1.61803, 0.68889, 0.31111
4.45876, 0.43315, 2.05481, 4.92853, 0.09684, 1.14074, 9.00000, 418651.00000, 164937.00000, 240069.33333, 9029417010.66667, 95023.24458, 0.90081, 0.64502, 0.07065, 0.28433, 0.55556, 0.44444
4.85499, 0.43811, 0.72621, 4.92852, 0.09000, 1.42291, 10.00000, 364265.00000, 93036.00000, 222927.00000, 11576256635.80000, 107593.01388, 0.91102, 0.80685, 0.08077, 0.11238, 0.80000, 0.20000
4.37124, 1.70460, 1.50894, 4.92852, 0.37182, 1.25963, 10.00000, 350397.00000, 65069.00000, 228718.50000, 8416001416.25000, 91738.76725, 0.91102, 0.57970, 0.22901, 0.19128, 0.50000, 0.50000
4.62611, 0.87126, 1.44936, 4.92550, 0.18616, 1.27212, 9.00000, 450501.00000, 90149.00000, 274289.55556, 15308661692.91358, 123728.17663, 0.94766, 0.66353, 0.11910, 0.21738, 1.00000, 0.00000
4.85499, 0.43811, -0.72621, 4.92852, 0.09000, 1.71868, 24.00000, 499904.00000, 59974.00000, 243011.62500, 16874042484.73438, 129900.12504, 0.91102, 1.04077, 0.10419, -0.14496, 0.70833, 0.29167
4.45876, 0.43315, -2.05481, 4.92853, 0.09684, 2.00085, 43.00000, 489768.00000, 20661.00000, 180874.06977, 15188826599.04164, 123242.95760, 0.90081, 1.49537, 0.16379, -0.65917, 0.81395, 0.18605
4.37124, 1.70460, -1.50894, 4.92852, 0.37182, 1.88196, 62.00000, 482863.00000, 20471.00000, 186334.35484, 16035574888.16441, 126631.65042, 0.91102, 0.93889, 0.37091, -0.30980, 0.72581, 0.27419
4.62611, 0.87126, -1.44936, 4.92550, 0.18616, 1.86947, 31.00000, 498482.00000, 26611.00000, 176032.93548, 18920677982.57648, 137552.45539, 0.94766, 1.17386, 0.21070, -0.38457, 0.90323, 0.09677
3.92241, 2.87963, 0.78273, 4.92852, 0.63328, 1.41130, 25.00000, 362004.00000, 56348.00000, 200045.64000, 8230528038.55040, 90722.25768, 0.91102, 0.52439, 0.37383, 0.10178, 0.56000, 0.44000
3.92241, 2.87963, -0.78273, 4.92852, 0.63328, 1.73029, 52.00000, 460890.00000, 27702.00000, 161606.00000, 14041670039.34615, 118497.55288, 0.91102, 0.65841, 0.46938, -0.12779, 0.59615, 0.40385
3.18882, 3.75791, 0.00000, 4.92853, 0.86714, 1.57080, 39.00000, 442592.00000, 40185.00000, 182248.02564, 9965912597.35832, 99829.41749, 0.90081, 0.46930, 0.53070, 0.00000, 0.38462, 0.61538
3.73035, 3.21637, 0.00000, 4.92550, 0.71154, 1.57080, 27.00000, 461525.00000, 42313.00000, 213012.48148, 10061248062.69410, 100305.77283, 0.94766, 0.52918, 0.47082, 0.00000, 0.62963, 0.37037
4.83686, 0.87622, 0.00000, 4.91558, 0.17921, 1.57080, 17.00000, 498314.00000, 94040.00000, 217972.82353, 15660534002.26297, 125142.05529, 1.08598, 0.84303, 0.15697, 0.00000, 0.64706, 0.35294
4.35121, 2.14766, -0.78579, 4.91558, 0.45850, 1.73134, 30.00000, 489204.00000, 43101.00000, 208601.66667, 21857160166.02223, 147841.67263, 1.08598, 0.76051, 0.37301, -0.13352, 0.60000, 0.40000
4.35121, 2.14766, 0.78579, 4.91558, 0.45850, 1.41025, 16.00000, 493469.00000, 34267.00000, 193650.31250, 14522609856.58984, 120509.79154, 1.08598, 0.60022, 0.29439, 0.10538, 0.75000, 0.25000
4.58794, 1.75244, 0.00000, 4.91123, 0.36486, 1.57080, 24.00000, 442932.00000, 39202.00000, 191388.04167, 10499849750.78993, 102468.77452, 1.14286, 0.72361, 0.27639, -0.00000, 0.75000, 0.25000
