-2.75567, 4.02561, 0.70086, 4.92853, 2.17107, 1.42811, 5.00000, 448558.00000, 157152.00000, 274886.60000, 10294817757.44000, 101463.38136, 0.90081, -1.37444, 1.98030, 0.39414, 0.00000, 1.00000
-3.48430, 3.15040, 1.49161, 4.92852, 2.40648, 1.26333, 1.00000, 427312.00000, 427312.00000, 427312.00000, 0.00000, 0.00000, 0.91102, -2.88604, 2.59457, 1.29147, 0.00000, 1.00000
-2.21782, 3.93313, 1.97536, 4.92852, 2.08423, 1.15840, 3.00000, 495108.00000, 300603.00000, 414717.00000, 6873986202.00000, 82909.50610, 0.91102, -0.60432, 1.05443, 0.54989, 0.00000, 1.00000
-2.85909, 3.75484, 1.40973, 4.92550, 2.22158, 1.28053, 4.00000, 458052.00000, 247753.00000, 357584.75000, 6016477940.18750, 77565.95864, 0.94766, -1.25387, 1.66465, 0.58922, 0.25000, 0.75000
-3.93313, 1.97536, 2.21782, 4.92852, 2.67616, 1.10403, 1.00000, 419262.00000, 419262.00000, 419262.00000, 0.00000, 0.00000, 0.91102, -10.56672, 5.51065, 6.05607, 0.00000, 1.00000
-4.02561, 0.70086, 2.75567, 4.92853, 2.96922, 0.97747, 1.00000, 310660.00000, 310660.00000, 310660.00000, 0.00000, 0.00000, 0.90081, 9.35336, -1.86160, -6.49176, 0.00000, 1.00000
-3.15040, 1.49161, 3.48430, 4.92852, 2.69940, 0.78559, 1.00000, 361329.00000, 361329.00000, 361329.00000, 0.00000, 0.00000, 0.91102, -1.63909, 0.81587, 1.82322, 0.00000, 1.00000
-3.75484, 1.40973, 2.85909, 4.92550, 2.78243, 0.95149, 0.00000, 0.00000, 0.00000, 0.00000, 0.00000, 0.00000, 0.94766, -9.32863, 3.30198, 7.02665, 0.00000, 0.00000
-1.49161, 3.48430, 3.15040, 4.92852, 1.97528, 0.87732, 5.00000, 470106.00000, 255066.00000, 348595.40000, 5110817790.64000, 71489.98385, 0.91102, -0.30829, 0.68893, 0.61936, 0.00000, 1.00000
-1.97536, 2.21782, 3.93313, 4.92852, 2.29844, 0.64677, 4.00000, 387450.00000, 75423.00000, 254001.75000, 13398601119.18750, 115752.32663, 0.91102, -0.49591, 0.54500, 0.95092, 0.25000, 0.75000
-0.70086, 2.75567, 4.02561, 4.92853, 1.81985, 0.61496, 3.00000, 461258.00000, 52500.00000, 262635.00000, 27913446832.66667, 167073.17808, 0.90081, -0.13313, 0.46424, 0.66888, 0.33333, 0.66667
-1.40973, 2.85909, 3.75484, 4.92550, 2.02888, 0.70390, 4.00000, 495944.00000, 185607.00000, 321070.00000, 17719239947.50000, 133113.63547, 0.94766, -0.25296, 0.53830, 0.71466, 0.00000, 1.00000
-3.47499, 2.68919, 2.20355, 4.91558, 2.48299, 1.10596, 2.00000, 452794.00000, 256096.00000, 354445.00000, 9672525801.00000, 98349.00000, 1.08598, -2.37638, 1.85065, 1.52573, 0.00000, 1.00000
-2.68919, 2.20355, 3.47499, 4.91558, 2.45513, 0.78564, 1.00000, 212693.00000, 212693.00000, 212693.00000, 0.00000, 0.00000, 1.08598, -0.90211, 0.74373, 1.15838, 1.00000, 0.00000
-2.20355, 3.47499, 2.68919, 4.91558, 2.13592, 0.99193, 3.00000, 366590.00000, 206269.00000, 268104.00000, 4955451740.66667, 70394.96957, 1.08598, -0.56481, 0.87972, 0.68510, 0.00000, 1.00000
-2.83550, 2.83550, 2.83550, 4.91123, 2.35619, 0.95532, 2.00000, 423753.00000, 343403.00000, 383578.00000, 1614030625.00000, 40175.00000, 1.14286, -1.00000, 1.00000, 1.00000, 0.50000, 0.50000
-2.05481, 4.45876, 0.43315, 4.92853, 2.00263, 1.48280, 11.00000, 424910.00000, 44737.00000, 218169.54545, 13381760069.70248, 115679.55770, 0.90081, -0.65917, 1.49537, 0.16379, 0.00000, 1.00000
-1.50894, 4.37124, 1.70460, 4.92852, 1.90319, 1.21764, 6.00000, 465236.00000, 72026.00000, 248571.83333, 18137532896.13889, 134675.65814, 0.91102, -0.30980, 0.93889, 0.37091, 0.00000, 1.00000
-0.72621, 4.85499, 0.43811, 4.92852, 1.71928, 1.48179, 13.00000, 465294.00000, 39767.00000, 181151.15385, 18723902563.97633, 136835.31183, 0.91102, -0.14496, 1.04077, 0.10419, 0.15385, 0.84615
-1.44936, 4.62611, 0.87126, 4.92550, 1.87441, 1.39297, 4.00000, 473968.00000, 100475.00000, 228854.50000, 21445688485.25000, 146443.46515, 0.94766, -0.38457, 1.17386, 0.21070, 0.25000, 0.75000
-0.78273, 3.92241, 2.87963, 4.92852, 1.76776, 0.94680, 5.00000, 214492.00000, 125831.00000, 176411.00000, 1053639772.00000, 32459.81781, 0.91102, -0.12779, 0.65841, 0.46938, 0.00000, 1.00000
0.00000, 3.18882, 3.75791, 4.92853, 1.57080, 0.70366, 10.00000, 486529.00000, 145205.00000, 304543.00000, 12172535601.60000, 110329.21463, 0.90081, -0.00000, 0.46930, 0.53070, 0.40000, 0.60000
0.78273, 3.92241, 2.87963, 4.92852, 1.37383, 0.94680, 16.00000, 367222.00000, 36355.00000, 189842.06250, 11536657204.55859, 107408.83206, 0.91102, 0.10178, 0.52439, 0.37383, 0.18750, 0.81250
0.00000, 3.73035, 3.21637, 4.92550, 1.57080, 0.85925, 4.00000, 270801.00000, 109568.00000, 197557.50000, 4376665525.25000, 66156.37177, 0.94766, -0.00000, 0.52918, 0.47082, 0.25000, 0.75000
0.72621, 4.85499, 0.43811, 4.92852, 1.42232, 1.48179, 39.00000, 463694.00000, 25132.00000, 123584.35897, 10669542362.33267, 103293.47686, 0.91102, 0.11238, 0.80685, 0.08077, 0.02564, 0.97436
1.50894, 4.37124, 1.70460, 4.92852, 1.23841, 1.21764, 26.00000, 474977.00000, 24012.00000, 148213.00000, 9785332209.61539, 98920.83810, 0.91102, 0.19128, 0.57970, 0.22901, 0.15385, 0.84615
2.05481, 4.45876, 0.43315, 4.92853, 1.13896, 1.48280, 46.00000, 459351.00000, 16885.00000, 116849.84783, 9829100966.38988, 99141.82249, 0.90081, 0.28433, 0.64502, 0.07065, 0.10870, 0.89130
1.44936, 4.62611, 0.87126, 4.92550, 1.26718, 1.39297, 35.00000, 491192.00000, 24007.00000, 144857.82857, 10533080107.79918, 102630.79512, 0.94766, 0.21738, 0.66353, 0.11910, 0.02857, 0.97143
-0.78579, 4.35121, 2.14766, 4.91558, 1.74946, 1.11864, 7.00000, 496555.00000, 32051.00000, 267832.71429, 32040079539.34693, 178997.42886, 1.08598, -0.13352, 0.76051, 0.37301, 0.14286, 0.85714
0.78579, 4.35121, 2.14766, 4.91558, 1.39213, 1.11864, 11.00000, 480453.00000, 85300.00000, 262792.00000, 15886664760.54545, 126042.31337, 1.08598, 0.10538, 0.60022, 0.29439, 0.18182, 0.81818
0.00000, 4.83686, 0.87622, 4.91558, 1.57080, 1.39159, 11.00000, 482618.00000, 36190.00000, 175382.09091, 24056023328.80992, 155100.04297, 1.08598, -0.00000, 0.84303, 0.15697, 0.00000, 1.00000
0.00000, 4.58794, 1.75244, 4.91123, 1.57080, 1.20593, 11.00000, 495768.00000, 54462.00000, 264661.00000, 27332523948.54546, 165325.50907, 1.14286, 0.00000, 0.72361, 0.27639, 0.00000, 1.00000
-2.05481, 4.45876, -0.43315, 4.92853, 2.00263, 1.65880, 13.00000, 488276.00000, 138455.00000, 249774.00000, 10830837076.46154, 104071.30765, 0.90081, -0.98030, 2.22389, -0.24359, 0.00000, 1.00000
-0.72621, 4.85499, -0.43811, 4.92852, 1.71928, 1.65981, 15.00000, 465333.00000, 45618.00000, 191953.80000, 12742708277.22667, 112883.60500, 0.91102, -0.18312, 1.31474, -0.13162, 0.20000, 0.80000
-1.50894, 4.37124, -1.70460, 4.92852, 1.90319, 1.92396, 21.00000, 459851.00000, 34087.00000, 199876.57143, 18782580939.00681, 137049.55651, 0.91102, -1.19997, 3.63662, -1.43665, 0.00000, 1.00000
-1.44936, 4.62611, -0.87126, 4.92550, 1.87441, 1.74862, 14.00000, 466806.00000, 64387.00000, 197932.50000, 15970508585.39286, 126374.47759, 0.94766, -0.66465, 2.02881, -0.36416, 0.07143, 0.92857
0.72621, 4.85499, -0.43811, 4.92852, 1.42232, 1.65981, 53.00000, 418845.00000, 13569.00000, 132547.92453, 10705412775.73015, 103466.96466, 0.91102, 0.13403, 0.96230, -0.09634, 0.03774, 0.96226
2.05481, 4.45876, -0.43315, 4.92853, 1.13896, 1.65880, 84.00000, 428002.00000, 16859.00000, 107677.82143, 10288151191.59907, 101430.52396, 0.90081, 0.33112, 0.75116, -0.08228, 0.13095, 0.86905
1.50894, 4.37124, -1.70460, 4.92852, 1.23841, 1.92396, 115.00000, 481705.00000, 11355.00000, 114904.92174, 13997490021.65475, 118310.98859, 0.91102, 0.35294, 1.06961, -0.42255, 0.07826, 0.92174
1.44936, 4.62611, -0.87126, 4.92550, 1.26718, 1.74862, 68.00000, 452669.00000, 15383.00000, 128278.57353, 13361115841.95048, 115590.29303, 0.94766, 0.28534, 0.87099, -0.15634, 0.02941, 0.97059
-0.78273, 3.92241, -2.87963, 4.92852, 1.76776, 2.19479, 34.00000, 469993.00000, 17622.00000, 220081.26471, 23286672238.78287, 152599.71245, 0.91102, -2.08678, 10.75154, -7.66476, 0.05882, 0.94118
0.78273, 3.92241, -2.87963, 4.92852, 1.37383, 2.19479, 74.00000, 480570.00000, 14593.00000, 144388.36486, 13612021972.17768, 116670.57029, 0.91102, 0.40335, 2.07817, -1.48153, 0.21622, 0.78378
0.00000, 3.18882, -3.75791, 4.92853, 1.57080, 2.43793, 33.00000, 475911.00000, 18143.00000, 174417.54545, 21156231971.03581, 145451.82010, 0.90081, -0.00000, -7.64229, 8.64229, 0.24242, 0.75758
0.00000, 3.73035, -3.21637, 4.92550, 1.57080, 2.28234, 29.00000, 411282.00000, 21366.00000, 152573.34483, 13944654102.22592, 118087.48495, 0.94766, 0.00000, 9.06739, -8.06739, 0.10345, 0.89655
0.00000, 4.83686, -0.87622, 4.91558, 1.57080, 1.75001, 33.00000, 457880.00000, 19510.00000, 139753.69697, 12620716840.69605, 112341.96385, 1.08598, 0.00000, 1.22879, -0.22879, 0.09091, 0.90909
0.78579, 4.35121, -2.14766, 4.91558, 1.39213, 2.02296, 53.00000, 476435.00000, 19526.00000, 122659.07547, 12167077853.95657, 110304.47794, 1.08598, 0.25627, 1.45965, -0.71592, 0.03774, 0.96226
-0.78579, 4.35121, -2.14766, 4.91558, 1.74946, 2.02296, 22.00000, 465971.00000, 33359.00000, 179614.40909, 17394264257.69629, 131887.31652, 1.08598, -0.52573, 2.99442, -1.46868, 0.09091, 0.90909
0.00000, 4.58794, -1.75244, 4.91123, 1.57080, 1.93566, 38.00000, 457605.00000, 17276.00000, 156650.97368, 15000499122.49931, 122476.52478, 1.14286, 0.00000, 1.61803, -0.61803, 0.05263, 0.94737
-2.75567, 4.02561, -0.70086, 4.92853, 2.17107, 1.71348, 7.00000, 326464.00000, 74427.00000, 200541.00000, 5266208305.71429, 72568.64547, 0.90081, -6.49176, 9.35336, -1.86160, 0.00000, 1.00000
-2.21782, 3.93313, -1.97536, 4.92852, 2.08423, 1.98319, 9.00000, 461089.00000, 111477.00000, 297154.77778, 14747073385.50617, 121437.52874, 0.91102, 6.05607, -10.56672, 5.51065, 0.00000, 1.00000
-3.48430, 3.15040, -1.49161, 4.92852, 2.40648, 1.87827, 7.00000, 460950.00000, 102154.00000, 260394.42857, 12216759672.81633, 110529.45161, 0.91102, 1.82322, -1.63909, 0.81587, 0.00000, 1.00000
-2.85909, 3.75484, -1.40973, 4.92550, 2.22158, 1.86107, 1.00000, 172218.00000, 172218.00000, 172218.00000, 0.00000, 0.00000, 0.94766, 7.02665, -9.32863, 3.30198, 0.00000, 1.00000
-1.49161, 3.48430, -3.15040, 4.92852, 1.97528, 2.26428, 16.00000, 463031.00000, 47586.00000, 200561.06250, 14572394348.68359, 120716.17269, 0.91102, 1.29147, -2.88604, 2.59457, 0.25000, 0.75000
-0.70086, 2.75567, -4.02561, 4.92853, 1.81985, 2.52663, 23.00000, 485671.00000, 34177.00000, 196497.39130, 13730570939.02079, 117177.51891, 0.90081, 0.39414, -1.37444, 1.98030, 0.13043, 0.86957
-1.97536, 2.21782, -3.93313, 4.92852, 2.29844, 2.49482, 16.00000, 493613.00000, 93091.00000, 266282.68750, 11840297042.58984, 108813.12900, 0.91102, 0.54989, -0.60432, 1.05443, 0.25000, 0.75000
-1.40973, 2.85909, -3.75484, 4.92550, 2.02888, 2.43770, 14.00000, 314621.00000, 36142.00000, 176021.42857, 6848408357.53061, 82755.11076, 0.94766, 0.58922, -1.25387, 1.66465, 0.14286, 0.85714
-3.93313, 1.97536, -2.21782, 4.92852, 2.67616, 2.03756, 5.00000, 441515.00000, 111958.00000, 311373.00000, 12422418473.60000, 111455.90372, 0.91102, 0.95092, -0.49591, 0.54500, 0.00000, 1.00000
-3.15040, 1.49161, -3.48430, 4.92852, 2.69940, 2.35600, 6.00000, 370197.00000, 106964.00000, 209364.50000, 7295970738.91667, 85416.45473, 0.91102, 0.61936, -0.30829, 0.68893, 0.00000, 1.00000
-4.02561, 0.70086, -2.75567, 4.92853, 2.96922, 2.16413, 3.00000, 380427.00000, 110399.00000, 268113.33333, 13183130397.55556, 114817.81394, 0.90081, 0.66888, -0.13313, 0.46424, 0.33333, 0.66667
-3.75484, 1.40973, -2.85909, 4.92550, 2.78243, 2.19010, 5.00000, 395740.00000, 142519.00000, 248913.00000, 7429402758.80000, 86193.98331, 0.94766, 0.71466, -0.25296, 0.53830, 0.40000, 0.60000
-2.20355, 3.47499, -2.68919, 4.91558, 2.13592, 2.14966, 8.00000, 328354.00000, 32085.00000, 152753.25000, 8203119620.93750, 90571.07497, 1.08598, 1.52573, -2.37638, 1.85065, 0.25000, 0.75000
-2.68919, 2.20355, -3.47499, 4.91558, 2.45513, 2.35595, 3.00000, 187567.00000, 152609.00000, 172349.66667, 213907232.88889, 14625.56778, 1.08598, 0.68510, -0.56481, 0.87972, 0.33333, 0.66667
-3.47499, 2.68919, -2.20355, 4.91558, 2.48299, 2.03563, 1.00000, 54581.00000, 54581.00000, 54581.00000, 0.00000, 0.00000, 1.08598, 1.15838, -0.90211, 0.74373, 0.00000, 1.00000
-2.83550, 2.83550, -2.83550, 4.91123, 2.35619, 2.18628, 5.00000, 455207.00000, 188250.00000, 296303.80000, 12258983779.76000, 110720.29525, 1.14286, 1.00000, -1.00000, 1.00000, 0.40000, 0.60000
-3.18882, 3.75791, 0.00000, 4.92853, 2.27446, 1.57080, 4.00000, 393248.00000, 134330.00000, 279676.75000, 10767842275.68750, 103768.21419, 0.90081, -7.64229, 8.64229, 0.00000, 0.25000, 0.75000
-3.92241, 2.87963, -0.78273, 4.92852, 2.50831, 1.73029, 1.00000, 294248.00000, 294248.00000, 294248.00000, 0.00000, 0.00000, 0.91102, 2.07817, -1.48153, 0.40335, 0.00000, 1.00000
-3.92241, 2.87963, 0.78273, 4.92852, 2.50831, 1.41130, 0.00000, 0.00000, 0.00000, 0.00000, 0.00000, 0.00000, 0.91102, 10.75154, -7.66476, -2.08678, 0.00000, 0.00000
-3.73035, 3.21637, 0.00000, 4.92550, 2.43005, 1.57080, 3.00000, 378953.00000, 92939.00000, 202934.66667, 15813497622.88889, 125751.73010, 0.94766, 9.06739, -8.06739, -0.00000, 0.00000, 1.00000
-4.37124, 1.70460, -1.50894, 4.92852, 2.76977, 1.88196, 3.00000, 419037.00000, 273961.00000, 369814.33333, 4595050499.55555, 67786.80181, 0.91102, 1.06961, -0.42255, 0.35294, 0.00000, 1.00000
-4.45876, 0.43315, -2.05481, 4.92853, 3.04475, 2.00085, 0.00000, 0.00000, 0.00000, 0.00000, 0.00000, 0.00000, 0.90081, 0.75116, -0.08228, 0.33112, 0.00000, 0.00000
-4.85499, 0.43811, -0.72621, 4.92852, 3.05160, 1.71868, 1.00000, 394159.00000, 394159.00000, 394159.00000, 0.00000, 0.00000, 0.91102, 0.96230, -0.09634, 0.13403, 1.00000, 0.00000
-4.62611, 0.87126, -1.44936, 4.92550, 2.95544, 1.86947, 0.00000, 0.00000, 0.00000, 0.00000, 0.00000, 0.00000, 0.94766, 0.87099, -0.15634, 0.28534, 0.00000, 0.00000
-4.37124, 1.70460, 1.50894, 4.92852, 2.76977, 1.25963, 1.00000, 251772.00000, 251772.00000, 251772.00000, 0.00000, 0.00000, 0.91102, 3.63662, -1.43665, -1.19997, 0.00000, 1.00000
-4.85499, 0.43811, 0.72621, 4.92852, 3.05160, 1.42291, 1.00000, 329700.00000, 329700.00000, 329700.00000, 0.00000, 0.00000, 0.91102, 1.31474, -0.13162, -0.18312, 0.00000, 1.00000
-4.45876, 0.43315, 2.05481, 4.92853, 3.04475, 1.14074, 0.00000, 0.00000, 0.00000, 0.00000, 0.00000, 0.00000, 0.90081, 2.22389, -0.24359, -0.98030, 0.00000, 0.00000
-4.62611, 0.87126, 1.44936, 4.92550, 2.95544, 1.27212, 0.00000, 0.00000, 0.00000, 0.00000, 0.00000, 0.00000, 0.94766, 2.02881, -0.36416, -0.66465, 0.00000, 0.00000
-4.35121, 2.14766, -0.78579, 4.91558, 2.68310, 1.73134, 2.00000, 365462.00000, 271485.00000, 318473.50000, 2207919132.25000, 46988.50000, 1.08598, 1.45965, -0.71592, 0.25627, 0.00000, 1.00000
-4.83686, 0.87622, 0.00000, 4.91558, 2.96238, 1.57080, 0.00000, 0.00000, 0.00000, 0.00000, 0.00000, 0.00000, 1.08598, 1.22879, -0.22879, -0.00000, 0.00000, 0.00000
-4.35121, 2.14766, 0.78579, 4.91558, 2.68310, 1.41025, 1.00000, 317454.00000, 317454.00000, 317454.00000, 0.00000, 0.00000, 1.08598, 2.99442, -1.46868, -0.52573, 0.00000, 1.00000
-4.58794, 1.75244, 0.00000, 4.91123, 2.77673, 1.57080, 3.00000, 429170.00000, 288989.00000, 347592.00000, 3539044106.00000, 59489.86557, 1.14286, 1.61803, -0.61803, -0.00000, 0.00000, 1.00000
2.75567, 4.02561, 0.70086, 4.92853, 0.97053, 1.42811, 59.00000, 399660.00000, 18430.00000, 136209.30508, 10712398441.46624, 103500.71711, 0.90081, 0.36663, 0.52824, 0.10514, 0.22034, 0.77966
2.21782, 3.93313, 1.97536, 4.92852, 1.05736, 1.15840, 27.00000, 368041.00000, 27254.00000, 151431.66667, 9067146760.37037, 95221.56668, 0.91102, 0.27362, 0.47741, 0.24897, 0.14815, 0.85185
3.48430, 3.15040, 1.49161, 4.92852, 0.73511, 1.26333, 37.00000, 463284.00000, 37080.00000, 165753.40541, 15357828544.07889, 123926.70634, 0.91102, 0.42617, 0.38313, 0.19070, 0.27027, 0.72973
2.85909, 3.75484, 1.40973, 4.92550, 0.92001, 1.28053, 33.00000, 407947.00000, 22863.00000, 165563.00000, 9480152382.18182, 97366.07408, 0.94766, 0.35746, 0.47456, 0.16798, 0.18182, 0.81818
1.49161, 3.48430, 3.15040, 4.92852, 1.16631, 0.87732, 20.00000, 448869.00000, 68815.00000, 201236.95000, 11036851347.54750, 105056.41983, 0.91102, 0.19070, 0.42617, 0.38313, 0.20000, 0.80000
0.70086, 2.75567, 4.02561, 4.92853, 1.32174, 0.61496, 4.00000, 269022.00000, 77067.00000, 190602.50000, 4969411487.25000, 70494.05285, 0.90081, 0.10514, 0.36663, 0.52824, 0.00000, 1.00000
1.97536, 2.21782, 3.93313, 4.92852, 0.84316, 0.64677, 9.00000, 497422.00000, 198234.00000, 332835.33333, 9447919102.44444, 97200.40690, 0.91102, 0.24897, 0.27362, 0.47741, 0.44444, 0.55556
1.40973, 2.85909, 3.75484, 4.92550, 1.11271, 0.70390, 8.00000, 365992.00000, 49792.00000, 192368.62500, 10776077973.73438, 103807.88975, 0.94766, 0.16798, 0.35746, 0.47456, 0.25000, 0.75000
3.93313, 1.97536, 2.21782, 4.92852, 0.46544, 1.10403, 44.00000, 451457.00000, 31249.00000, 193377.97727, 13500023453.65858, 116189.60131, 0.91102, 0.47741, 0.24897, 0.27362, 0.45455, 0.54545
3.15040, 1.49161, 3.48430, 4.92852, 0.44220, 0.78559, 12.00000, 440542.00000, 103034.00000, 239910.41667, 9977764089.57639, 99888.75857, 0.91102, 0.38313, 0.19070, 0.42617, 0.41667, 0.58333
4.02561, 0.70086, 2.75567, 4.92853, 0.17237, 0.97747, 10.00000, 427212.00000, 63566.00000, 201467.50000, 11784623951.05000, 108557.00784, 0.90081, 0.52824, 0.10514, 0.36663, 0.50000, 0.50000
3.75484, 1.40973, 2.85909, 4.92550, 0.35916, 0.95149, 14.00000, 378391.00000, 51734.00000, 158676.85714, 6651793782.97959, 81558.52980, 0.94766, 0.47456, 0.16798, 0.35746, 0.28571, 0.71429
2.20355, 3.47499, 2.68919, 4.91558, 1.00567, 0.99193, 17.00000, 456004.00000, 29380.00000, 198854.17647, 15876986041.79239, 126003.91280, 1.08598, 0.26522, 0.41309, 0.32170, 0.05882, 0.94118
2.68919, 2.20355, 3.47499, 4.91558, 0.68646, 0.78564, 13.00000, 437274.00000, 65665.00000, 205030.61538, 11874103440.08284, 108968.35981, 1.08598, 0.32170, 0.26522, 0.41309, 0.30769, 0.69231
3.47499, 2.68919, 2.20355, 4.91558, 0.65860, 1.10596, 23.00000, 499814.00000, 104806.00000, 217742.86957, 10129033658.72212, 100643.10040, 1.08598, 0.41309, 0.32170, 0.26522, 0.65217, 0.34783
2.83550, 2.83550, 2.83550, 4.91123, 0.78540, 0.95532, 10.00000, 415455.00000, 26551.00000, 185640.10000, 16234318233.49000, 127413.96404, 1.14286, 0.33333, 0.33333, 0.33333, 0.20000, 0.80000
-0.43315, 2.05481, 4.45876, 4.92853, 1.77855, 0.44016, 2.00000, 187742.00000, 147265.00000, 167503.50000, 409596882.25000, 20238.50000, 0.90081, -0.08228, 0.33112, 0.75116, 0.00000, 1.00000
-1.70460, 1.50894, 4.37124, 4.92852, 2.41700, 0.48015, 2.00000, 472928.00000, 348468.00000, 410698.00000, 3872572900.00000, 62230.00000, 0.91102, -0.42255, 0.35294, 1.06961, 0.00000, 1.00000
-0.43811, 0.72621, 4.85499, 4.92852, 2.11363, 0.17295, 3.00000, 476842.00000, 338632.00000, 398733.66667, 3345787372.22222, 57842.78150, 0.91102, -0.09634, 0.13403, 0.96230, 0.00000, 1.00000
-0.87126, 1.44936, 4.62611, 4.92550, 2.11205, 0.35046, 1.00000, 170334.00000, 170334.00000, 170334.00000, 0.00000, 0.00000, 0.94766, -0.15634, 0.28534, 0.87099, 0.00000, 1.00000
-2.87963, 0.78273, 3.92241, 4.92852, 2.87619, 0.65037, 1.00000, 466781.00000, 466781.00000, 466781.00000, 0.00000, 0.00000, 0.91102, -1.48153, 0.40335, 2.07817, 0.00000, 1.00000
-3.75791, 0.00000, 3.18882, 4.92853, 3.14159, 0.86714, 2.00000, 251558.00000, 245241.00000, 248399.50000, 9976122.25000, 3158.50000, 0.90081, 8.64229, -0.00000, -7.64229, 0.50000, 0.50000
-2.87963, -0.78273, 3.92241, 4.92852, -2.87619, 0.65037, 1.00000, 398753.00000, 398753.00000, 398753.00000, 0.00000, 0.00000, 0.91102, -7.66476, -2.08678, 10.75154, 1.00000, 0.00000
-3.21637, 0.00000, 3.73035, 4.92550, 3.14159, 0.71154, 0.00000, 0.00000, 0.00000, 0.00000, 0.00000, 0.00000, 0.94766, -8.06739, 0.00000, 9.06739, 0.00000, 0.00000
-0.43811, -0.72621, 4.85499, 4.92852, -2.11363, 0.17295, 1.00000, 325512.00000, 325512.00000, 325512.00000, 0.00000, 0.00000, 0.91102, -0.13162, -0.18312, 1.31474, 1.00000, 0.00000
-1.70460, -1.50894, 4.37124, 4.92852, -2.41700, 0.48015, 0.00000, 0.00000, 0.00000, 0.00000, 0.00000, 0.00000, 0.91102, -1.43665, -1.19997, 3.63662, 0.00000, 0.00000
-0.43315, -2.05481, 4.45876, 4.92853, -1.77855, 0.44016, 1.00000, 296643.00000, 296643.00000, 296643.00000, 0.00000, 0.00000, 0.90081, -0.24359, -0.98030, 2.22389, 1.00000, 0.00000
-0.87126, -1.44936, 4.62611, 4.92550, -2.11205, 0.35046, 1.00000, 298755.00000, 298755.00000, 298755.00000, 0.00000, 0.00000, 0.94766, -0.36416, -0.66465, 2.02881, 0.00000, 1.00000
-2.14766, 0.78579, 4.35121, 4.91558, 2.79084, 0.48390, 1.00000, 208934.00000, 208934.00000, 208934.00000, 0.00000, 0.00000, 1.08598, -0.71592, 0.25627, 1.45965, 0.00000, 1.00000
-2.14766, -0.78579, 4.35121, 4.91558, -2.79084, 0.48390, 1.00000, 317793.00000, 317793.00000, 317793.00000, 0.00000, 0.00000, 1.08598, -1.46868, -0.52573, 2.99442, 0.00000, 1.00000
-0.87622, 0.00000, 4.83686, 4.91558, 3.14159, 0.17921, 0.00000, 0.00000, 0.00000, 0.00000, 0.00000, 0.00000, 1.08598, -0.22879, 0.00000, 1.22879, 0.00000, 0.00000
-1.75244, 0.00000, 4.58794, 4.91123, 3.14159, 0.36486, 0.00000, 0.00000, 0.00000, 0.00000, 0.00000, 0.00000, 1.14286, -0.61803, 0.00000, 1.61803, 0.00000, 0.00000
-4.45876, -0.43315, 2.05481, 4.92853, -3.04475, 1.14074, 0.00000, 0.00000, 0.00000, 0.00000, 0.00000, 0.00000, 0.90081, 1.49537, 0.16379, -0.65917, 0.00000, 0.00000
-4.85499, -0.43811, 0.72621, 4.92852, -3.05160, 1.42291, 0.00000, 0.00000, 0.00000, 0.00000, 0.00000, 0.00000, 0.91102, 1.04077, 0.10419, -0.14496, 0.00000, 0.00000
-4.37124, -1.70460, 1.50894, 4.92852, -2.76977, 1.25963, 0.00000, 0.00000, 0.00000, 0.00000, 0.00000, 0.00000, 0.91102, 0.93889, 0.37091, -0.30980, 0.00000, 0.00000
-4.62611, -0.87126, 1.44936, 4.92550, -2.95544, 1.27212, 0.00000, 0.00000, 0.00000, 0.00000, 0.00000, 0.00000, 0.94766, 1.17386, 0.21070, -0.38457, 0.00000, 0.00000
-4.85499, -0.43811, -0.72621, 4.92852, -3.05160, 1.71868, 0.00000, 0.00000, 0.00000, 0.00000, 0.00000, 0.00000, 0.91102, 0.80685, 0.08077, 0.11238, 0.00000, 0.00000
-4.45876, -0.43315, -2.05481, 4.92853, -3.04475, 2.00085, 0.00000, 0.00000, 0.00000, 0.00000, 0.00000, 0.00000, 0.90081, 0.64502, 0.07065, 0.28433, 0.00000, 0.00000
-4.37124, -1.70460, -1.50894, 4.92852, -2.76977, 1.88196, 0.00000, 0.00000, 0.00000, 0.00000, 0.00000, 0.00000, 0.91102, 0.57970, 0.22901, 0.19128, 0.00000, 0.00000
-4.62611, -0.87126, -1.44936, 4.92550, -2.95544, 1.86947, 1.00000, 328836.00000, 328836.00000, 328836.00000, 0.00000, 0.00000, 0.94766, 0.66353, 0.11910, 0.21738, 0.00000, 1.00000
-3.92241, -2.87963, 0.78273, 4.92852, -2.50831, 1.41130, 0.00000, 0.00000, 0.00000, 0.00000, 0.00000, 0.00000, 0.91102, 0.65841, 0.46938, -0.12779, 0.00000, 0.00000
-3.92241, -2.87963, -0.78273, 4.92852, -2.50831, 1.73029, 1.00000, 467073.00000, 467073.00000, 467073.00000, 0.00000, 0.00000, 0.91102, 0.52439, 0.37383, 0.10178, 1.00000, 0.00000
-3.18882, -3.75791, 0.00000, 4.92853, -2.27446, 1.57080, 0.00000, 0.00000, 0.00000, 0.00000, 0.00000, 0.00000, 0.90081, 0.46930, 0.53070, 0.00000, 0.00000, 0.00000
-3.73035, -3.21637, 0.00000, 4.92550, -2.43005, 1.57080, 0.00000, 0.00000, 0.00000, 0.00000, 0.00000, 0.00000, 0.94766, 0.52918, 0.47082, -0.00000, 0.00000, 0.00000
-4.83686, -0.87622, 0.00000, 4.91558, -2.96238, 1.57080, 2.00000, 304583.00000, 206198.00000, 255390.50000, 2419902056.25000, 49192.50000, 1.08598, 0.84303, 0.15697, -0.00000, 0.00000, 1.00000
-4.35121, -2.14766, -0.78579, 4.91558, -2.68310, 1.73134, 0.00000, 0.00000, 0.00000, 0.00000, 0.00000, 0.00000, 1.08598, 0.60022, 0.29439, 0.10538, 0.00000, 0.00000
-4.35121, -2.14766, 0.78579, 4.91558, -2.68310, 1.41025, 0.00000, 0.00000, 0.00000, 0.00000, 0.00000, 0.00000, 1.08598, 0.76051, 0.37301, -0.13352, 0.00000, 0.00000
-4.58794, -1.75244, 0.00000, 4.91123, -2.77673, 1.57080, 1.00000, 269697.00000, 269697.00000, 269697.00000, 0.00000, 0.00000, 1.14286, 0.72361, 0.27639, -0.00000, 1.00000, 0.00000
-3.75791, 0.00000, -3.18882, 4.92853, 3.14159, 2.27446, 1.00000, 436430.00000, 436430.00000, 436430.00000, 0.00000, 0.00000, 0.90081, 0.53070, -0.00000, 0.46930, 1.00000, 0.00000
-2.87963, 0.78273, -3.92241, 4.92852, 2.87619, 2.49122, 6.00000, 422435.00000, 182875.00000, 250195.33333, 6445440783.55556, 80283.50256, 0.91102, 0.46938, -0.12779, 0.65841, 0.16667, 0.83333
-2.87963, -0.78273, -3.92241, 4.92852, -2.87619, 2.49122, 8.00000, 479961.00000, 150864.00000, 309748.37500, 11064246353.23438, 105186.72137, 0.91102, 0.37383, 0.10178, 0.52439, 0.62500, 0.37500
-3.21637, 0.00000, -3.73035, 4.92550, 3.14159, 2.43005, 3.00000, 300669.00000, 223083.00000, 251688.66667, 1210828086.88889, 34796.95514, 0.94766, 0.47082, 0.00000, 0.52918, 0.66667, 0.33333
-1.70460, 1.50894, -4.37124, 4.92852, 2.41700, 2.66145, 11.00000, 473404.00000, 115252.00000, 252103.63636, 10930471991.50413, 104548.89761, 0.91102, 0.37091, -0.30980, 0.93889, 0.18182, 0.81818
-0.43315, 2.05481, -4.45876, 4.92853, 1.77855, 2.70143, 21.00000, 495149.00000, 58125.00000, 213254.28571, 22536441952.68027, 150121.42403, 0.90081, 0.16379, -0.65917, 1.49537, 0.38095, 0.61905
-0.43811, 0.72621, -4.85499, 4.92852, 2.11363, 2.96865, 11.00000, 495926.00000, 49406.00000, 208984.90909, 13726017907.71901, 117158.08938, 0.91102, 0.10419, -0.14496, 1.04077, 0.36364, 0.63636
-0.87126, 1.44936, -4.62611, 4.92550, 2.11205, 2.79113, 13.00000, 444273.00000, 62813.00000, 240832.92308, 16304912732.99408, 127690.69165, 0.94766, 0.21070, -0.38457, 1.17386, 0.38462, 0.61538
-1.70460, -1.50894, -4.37124, 4.92852, -2.41700, 2.66145, 3.00000, 492224.00000, 140676.00000, 283292.00000, 22796571978.66667, 150985.33697, 0.91102, 0.22901, 0.19128, 0.57970, 1.00000, 0.00000
-0.43811, -0.72621, -4.85499, 4.92852, -2.11363, 2.96865, 10.00000, 471333.00000, 70973.00000, 299064.30000, 23741853423.21000, 154083.91682, 0.91102, 0.08077, 0.11238, 0.80685, 0.60000, 0.40000
-0.43315, -2.05481, -4.45876, 4.92853, -1.77855, 2.70143, 12.00000, 476454.00000, 44713.00000, 225859.41667, 18599389408.57639, 136379.57841, 0.90081, 0.07065, 0.28433, 0.64502, 0.83333, 0.16667
-0.87126, -1.44936, -4.62611, 4.92550, -2.11205, 2.79113, 4.00000, 396417.00000, 131592.00000, 247870.00000, 9782431669.50000, 98906.17609, 0.94766, 0.11910, 0.21738, 0.66353, 0.75000, 0.25000
-2.14766, 0.78579, -4.35121, 4.91558, 2.79084, 2.65769, 6.00000, 306740.00000, 126652.00000, 191643.16667, 4062625131.80556, 63738.72553, 1.08598, 0.37301, -0.13352, 0.76051, 0.50000, 0.50000
-0.87622, 0.00000, -4.83686, 4.91558, 3.14159, 2.96238, 7.00000, 432419.00000, 57825.00000, 257214.14286, 19595472410.69388, 139983.82910, 1.08598, 0.15697, 0.00000, 0.84303, 0.42857, 0.57143
-2.14766, -0.78579, -4.35121, 4.91558, -2.79084, 2.65769, 3.00000, 456744.00000, 147363.00000, 308243.33333, 16029395266.88889, 126607.24808, 1.08598, 0.29439, 0.10538, 0.60022, 0.66667, 0.33333
-1.75244, 0.00000, -4.58794, 4.91123, 3.14159, 2.77673, 8.00000, 478389.00000, 137258.00000, 312171.00000, 14727544609.50000, 121357.09542, 1.14286, 0.27639, 0.00000, 0.72361, 0.75000, 0.25000
0.70086, 2.75567, -4.02561, 4.92853, 1.32174, 2.52663, 43.00000, 441071.00000, 38477.00000, 152020.58140, 10898510695.87128, 104395.93237, 0.90081, -1.86160, -6.49176, 9.35336, 0.32558, 0.67442
1.49161, 3.48430, -3.15040, 4.92852, 1.16631, 2.26428, 91.00000, 463341.00000, 11925.00000, 105449.20879, 9858979575.43992, 99292.39435, 0.91102, 0.81587, 1.82322, -1.63909, 0.12088, 0.87912
1.97536, 2.21782, -3.93313, 4.92852, 0.84316, 2.49482, 89.00000, 423419.00000, 21213.00000, 138812.46067, 8136737886.31587, 90203.86847, 0.91102, 5.51065, 6.05607, -10.56672, 0.38202, 0.61798
1.40973, 2.85909, -3.75484, 4.92550, 1.11271, 2.43770, 58.00000, 393382.00000, 11208.00000, 162012.12069, 10945176171.79578, 104619.19600, 0.94766, 3.30198, 7.02665, -9.32863, 0.24138, 0.75862
2.21782, 3.93313, -1.97536, 4.92852, 1.05736, 1.98319, 146.00000, 483975.00000, 5938.00000, 105032.50685, 9825185185.40064, 99122.07214, 0.91102, 0.54500, 0.95092, -0.49591, 0.12329, 0.87671
2.75567, 4.02561, -0.70086, 4.92853, 0.97053, 1.71348, 123.00000, 420943.00000, 10822.00000, 89021.16260, 7907858120.90039, 88926.13857, 0.90081, 0.46424, 0.66888, -0.13313, 0.14634, 0.85366
3.48430, 3.15040, -1.49161, 4.92852, 0.73511, 1.87827, 168.00000, 486289.00000, 9735.00000, 98470.90476, 9992624316.31236, 99963.11478, 0.91102, 0.68893, 0.61936, -0.30829, 0.18452, 0.81548
2.85909, 3.75484, -1.40973, 4.92550, 0.92001, 1.86107, 140.00000, 495479.00000, 6615.00000, 89516.92143, 8123262616.70097, 90129.14410, 0.94766, 0.53830, 0.71466, -0.25296, 0.17143, 0.82857
3.15040, 1.49161, -3.48430, 4.92852, 0.44220, 2.35600, 91.00000, 454933.00000, 14656.00000, 111816.94505, 8438180161.65632, 91859.56761, 0.91102, 2.59457, 1.29147, -2.88604, 0.51648, 0.48352
3.93313, 1.97536, -2.21782, 4.92852, 0.46544, 2.03756, 142.00000, 485277.00000, 6317.00000, 116596.40141, 10379490388.39521, 101879.78400, 0.91102, 1.05443, 0.54989, -0.60432, 0.31690, 0.68310
4.02561, 0.70086, -2.75567, 4.92853, 0.17237, 2.16413, 112.00000, 431057.00000, 11905.00000, 114337.50000, 8640491064.82143, 92954.24178, 0.90081, 1.98030, 0.39414, -1.37444, 0.73214, 0.26786
3.75484, 1.40973, -2.85909, 4.92550, 0.35916, 2.19010, 112.00000, 475348.00000, 11488.00000, 126222.56250, 11813476268.88895, 108689.81677, 0.94766, 1.66465, 0.58922, -1.25387, 0.52679, 0.47321
2.20355, 3.47499, -2.68919, 4.91558, 1.00567, 2.14966, 93.00000, 491961.00000, 14651.00000, 114675.32258, 13358522746.88519, 115579.07573, 1.08598, 0.74373, 1.15838, -0.90211, 0.22581, 0.77419
3.47499, 2.68919, -2.20355, 4.91558, 0.65860, 2.03563, 112.00000, 463389.00000, 9806.00000, 114639.65179, 9165492411.99482, 95736.57823, 1.08598, 0.87972, 0.68510, -0.56481, 0.25000, 0.75000
2.68919, 2.20355, -3.47499, 4.91558, 0.68646, 2.35595, 79.00000, 474825.00000, 16541.00000, 130392.18987, 15609512540.88800, 124938.03480, 1.08598, 1.85065, 1.52573, -2.37638, 0.31646, 0.68354
2.83550, 2.83550, -2.83550, 4.91123, 0.78540, 2.18628, 152.00000, 486120.00000, 6712.00000, 105368.23026, 13641930403.51935, 116798.67467, 1.14286, 1.00000, 1.00000, -1.00000, 0.21711, 0.78289
2.75567, -4.02561, 0.70086, 4.92853, -0.97053, 1.42811, 7.00000, 462833.00000, 99906.00000, 313929.42857, 12947304865.38775, 113786.22441, 0.90081, -6.49176, 9.35336, -1.86160, 0.85714, 0.14286
3.48430, -3.15040, 1.49161, 4.92852, -0.73511, 1.26333, 5.00000, 490145.00000, 250329.00000, 385803.40000, 7353865705.84000, 85754.68329, 0.91102, 1.82322, -1.63909, 0.81587, 0.80000, 0.20000
2.21782, -3.93313, 1.97536, 4.92852, -1.05736, 1.15840, 8.00000, 467062.00000, 99035.00000, 291349.87500, 13103770140.85938, 114471.70017, 0.91102, 6.05607, -10.56672, 5.51065, 0.75000, 0.25000
2.85909, -3.75484, 1.40973, 4.92550, -0.92001, 1.28053, 7.00000, 452135.00000, 178539.00000, 272884.71429, 12025585293.06122, 109661.22967, 0.94766, 7.02665, -9.32863, 3.30198, 0.85714, 0.14286
3.93313, -1.97536, 2.21782, 4.92852, -0.46544, 1.10403, 13.00000, 497955.00000, 146219.00000, 241849.00000, 9610804113.69231, 98034.70872, 0.91102, 0.95092, -0.49591, 0.54500, 0.92308, 0.07692
4.02561, -0.70086, 2.75567, 4.92853, -0.17237, 0.97747, 15.00000, 477615.00000, 33774.00000, 221851.13333, 14942482312.78222, 122239.44663, 0.90081, 0.66888, -0.13313, 0.46424, 0.53333, 0.46667
3.15040, -1.49161, 3.48430, 4.92852, -0.44220, 0.78559, 1.00000, 191566.00000, 191566.00000, 191566.00000, 0.00000, 0.00000, 0.91102, 0.61936, -0.30829, 0.68893, 1.00000, 0.00000
3.75484, -1.40973, 2.85909, 4.92550, -0.35916, 0.95149, 10.00000, 384172.00000, 41790.00000, 225289.20000, 16228600156.36000, 127391.52309, 0.94766, 0.71466, -0.25296, 0.53830, 1.00000, 0.00000
1.49161, -3.48430, 3.15040, 4.92852, -1.16631, 0.87732, 6.00000, 488530.00000, 178343.00000, 375210.33333, 14009161142.88889, 118360.30223, 0.91102, 1.29147, -2.88604, 2.59457, 0.83333, 0.16667
1.97536, -2.21782, 3.93313, 4.92852, -0.84316, 0.64677, 4.00000, 419773.00000, 161234.00000, 320826.00000, 10173233066.50000, 100862.44626, 0.91102, 0.54989, -0.60432, 1.05443, 0.50000, 0.50000
0.70086, -2.75567, 4.02561, 4.92853, -1.32174, 0.61496, 1.00000, 197741.00000, 197741.00000, 197741.00000, 0.00000, 0.00000, 0.90081, 0.39414, -1.37444, 1.98030, 1.00000, 0.00000
1.40973, -2.85909, 3.75484, 4.92550, -1.11271, 0.70390, 1.00000, 150940.00000, 150940.00000, 150940.00000, 0.00000, 0.00000, 0.94766, 0.58922, -1.25387, 1.66465, 0.00000, 1.00000
3.47499, -2.68919, 2.20355, 4.91558, -0.65860, 1.10596, 8.00000, 405965.00000, 33395.00000, 237413.75000, 18391304191.43750, 135614.54270, 1.08598, 1.15838, -0.90211, 0.74373, 0.87500, 0.12500
2.68919, -2.20355, 3.47499, 4.91558, -0.68646, 0.78564, 5.00000, 405134.00000, 148063.00000, 253622.60000, 13734745933.44000, 117195.33239, 1.08598, 0.68510, -0.56481, 0.87972, 0.80000, 0.20000
2.20355, -3.47499, 2.68919, 4.91558, -1.00567, 0.99193, 5.00000, 416137.00000, 69245.00000, 243619.80000, 17294818558.16000, 131509.76602, 1.08598, 1.52573, -2.37638, 1.85065, 0.60000, 0.40000
2.83550, -2.83550, 2.83550, 4.91123, -0.78540, 0.95532, 6.00000, 401999.00000, 174830.00000, 315329.33333, 7225372135.22222, 85002.18900, 1.14286, 1.00000, -1.00000, 1.00000, 1.00000, 0.00000
2.05481, -4.45876, 0.43315, 4.92853, -1.13896, 1.48280, 6.00000, 313371.00000, 125087.00000, 232735.83333, 5001785390.80556, 70723.30161, 0.90081, -0.98030, 2.22389, -0.24359, 0.83333, 0.16667
1.50894, -4.37124, 1.70460, 4.92852, -1.23841, 1.21764, 3.00000, 237174.00000, 68905.00000, 171006.00000, 5364666304.66667, 73243.88237, 0.91102, -1.19997, 3.63662, -1.43665, 1.00000, 0.00000
0.72621, -4.85499, 0.43811, 4.92852, -1.42232, 1.48179, 3.00000, 218352.00000, 60770.00000, 156571.66667, 4717406681.55556, 68683.37995, 0.91102, -0.18312, 1.31474, -0.13162, 1.00000, 0.00000
1.44936, -4.62611, 0.87126, 4.92550, -1.26718, 1.39297, 2.00000, 391843.00000, 221977.00000, 306910.00000, 7213614489.00000, 84933.00000, 0.94766, -0.66465, 2.02881, -0.36416, 1.00000, 0.00000
0.78273, -3.92241, 2.87963, 4.92852, -1.37383, 0.94680, 5.00000, 426348.00000, 197025.00000, 297211.40000, 10412621385.44000, 102042.25294, 0.91102, -2.08678, 10.75154, -7.66476, 1.00000, 0.00000
0.00000, -3.18882, 3.75791, 4.92853, -1.57080, 0.70366, 0.00000, 0.00000, 0.00000, 0.00000, 0.00000, 0.00000, 0.90081, 0.00000, -7.64229, 8.64229, 0.00000, 0.00000
-0.78273, -3.92241, 2.87963, 4.92852, -1.76776, 0.94680, 1.00000, 185621.00000, 185621.00000, 185621.00000, 0.00000, 0.00000, 0.91102, 0.40335, 2.07817, -1.48153, 1.00000, 0.00000
0.00000, -3.73035, 3.21637, 4.92550, -1.57080, 0.85925, 2.00000, 486773.00000, 139571.00000, 313172.00000, 30137307201.00000, 173601.00000, 0.94766, -0.00000, 9.06739, -8.06739, 1.00000, 0.00000
-0.72621, -4.85499, 0.43811, 4.92852, -1.71928, 1.48179, 2.00000, 441891.00000, 369951.00000, 405921.00000, 1293840900.00000, 35970.00000, 0.91102, 0.13403, 0.96230, -0.09634, 0.50000, 0.50000
-1.50894, -4.37124, 1.70460, 4.92852, -1.90319, 1.21764, 2.00000, 495668.00000, 462200.00000, 478934.00000, 280026756.00000, 16734.00000, 0.91102, 0.35294, 1.06961, -0.42255, 1.00000, 0.00000
-2.05481, -4.45876, 0.43315, 4.92853, -2.00263, 1.48280, 0.00000, 0.00000, 0.00000, 0.00000, 0.00000, 0.00000, 0.90081, 0.33112, 0.75116, -0.08228, 0.00000, 0.00000
-1.44936, -4.62611, 0.87126, 4.92550, -1.87441, 1.39297, 0.00000, 0.00000, 0.00000, 0.00000, 0.00000, 0.00000, 0.94766, 0.28534, 0.87099, -0.15634, 0.00000, 0.00000
0.78579, -4.35121, 2.14766, 4.91558, -1.39213, 1.11864, 2.00000, 239947.00000, 232059.00000, 236003.00000, 15555136.00000, 3944.00000, 1.08598, -0.52573, 2.99442, -1.46868, 1.00000, 0.00000
-0.78579, -4.35121, 2.14766, 4.91558, -1.74946, 1.11864, 1.00000, 483971.00000, 483971.00000, 483971.00000, 0.00000, 0.00000, 1.08598, 0.25627, 1.45965, -0.71592, 0.00000, 1.00000
0.00000, -4.83686, 0.87622, 4.91558, -1.57080, 1.39159, 1.00000, 197163.00000, 197163.00000, 197163.00000, 0.00000, 0.00000, 1.08598, -0.00000, 1.22879, -0.22879, 1.00000, 0.00000
0.00000, -4.58794, 1.75244, 4.91123, -1.57080, 1.20593, 1.00000, 90505.00000, 90505.00000, 90505.00000, 0.00000, 0.00000, 1.14286, -0.00000, 1.61803, -0.61803, 1.00000, 0.00000
2.05481, -4.45876, -0.43315, 4.92853, -1.13896, 1.65880, 6.00000, 489691.00000, 39485.00000, 216692.50000, 23007840733.91667, 151683.35681, 0.90081, -0.65917, 1.49537, 0.16379, 0.66667, 0.33333
0.72621, -4.85499, -0.43811, 4.92852, -1.42232, 1.65981, 2.00000, 425418.00000, 276477.00000, 350947.50000, 5545855370.25000, 74470.50000, 0.91102, -0.14496, 1.04077, 0.10419, 0.50000, 0.50000
1.50894, -4.37124, -1.70460, 4.92852, -1.23841, 1.92396, 10.00000, 380136.00000, 57951.00000, 238091.80000, 9058332267.16000, 95175.27130, 0.91102, -0.30980, 0.93889, 0.37091, 0.90000, 0.10000
1.44936, -4.62611, -0.87126, 4.92550, -1.26718, 1.74862, 6.00000, 405352.00000, 128732.00000, 272658.66667, 8580720472.55555, 92632.17839, 0.94766, -0.38457, 1.17386, 0.21070, 0.83333, 0.16667
-0.72621, -4.85499, -0.43811, 4.92852, -1.71928, 1.65981, 2.00000, 484102.00000, 366350.00000, 425226.00000, 3466383376.00000, 58876.00000, 0.91102, 0.11238, 0.80685, 0.08077, 1.00000, 0.00000
-2.05481, -4.45876, -0.43315, 4.92853, -2.00263, 1.65880, 1.00000, 217270.00000, 217270.00000, 217270.00000, 0.00000, 0.00000, 0.90081, 0.28433, 0.64502, 0.07065, 1.00000, 0.00000
-1.50894, -4.37124, -1.70460, 4.92852, -1.90319, 1.92396, 1.00000, 222363.00000, 222363.00000, 222363.00000, 0.00000, 0.00000, 0.91102, 0.19128, 0.57970, 0.22901, 1.00000, 0.00000
-1.44936, -4.62611, -0.87126, 4.92550, -1.87441, 1.74862, 1.00000, 214977.00000, 214977.00000, 214977.00000, 0.00000, 0.00000, 0.94766, 0.21738, 0.66353, 0.11910, 1.00000, 0.00000
0.78273, -3.92241, -2.87963, 4.92852, -1.37383, 2.19479, 9.00000, 401574.00000, 103215.00000, 236505.88889, 11330008614.76543, 106442.51319, 0.91102, -0.12779, 0.65841, 0.46938, 0.55556, 0.44444
-0.78273, -3.92241, -2.87963, 4.92852, -1.76776, 2.19479, 2.00000, 481139.00000, 216599.00000, 348869.00000, 17495352900.00000, 132270.00000, 0.91102, 0.10178, 0.52439, 0.37383, 1.00000, 0.00000
0.00000, -3.18882, -3.75791, 4.92853, -1.57080, 2.43793, 5.00000, 334077.00000, 104158.00000, 184326.40000, 6271793207.04000, 79194.65390, 0.90081, 0.00000, 0.46930, 0.53070, 0.80000, 0.20000
0.00000, -3.73035, -3.21637, 4.92550, -1.57080, 2.28234, 12.00000, 395401.00000, 75090.00000, 218085.83333, 11628963510.13889, 107837.67204, 0.94766, -0.00000, 0.52918, 0.47082, 0.66667, 0.33333
0.00000, -4.83686, -0.87622, 4.91558, -1.57080, 1.75001, 1.00000, 92876.00000, 92876.00000, 92876.00000, 0.00000, 0.00000, 1.08598, -0.00000, 0.84303, 0.15697, 1.00000, 0.00000
-0.78579, -4.35121, -2.14766, 4.91558, -1.74946, 2.02296, 1.00000, 208558.00000, 208558.00000, 208558.00000, 0.00000, 0.00000, 1.08598, 0.10538, 0.60022, 0.29439, 1.00000, 0.00000
0.78579, -4.35121, -2.14766, 4.91558, -1.39213, 2.02296, 5.00000, 436931.00000, 57752.00000, 253846.20000, 15363141872.16000, 123948.14187, 1.08598, -0.13352, 0.76051, 0.37301, 1.00000, 0.00000
0.00000, -4.58794, -1.75244, 4.91123, -1.57080, 1.93566, 4.00000, 441615.00000, 180118.00000, 304566.75000, 8945213744.18750, 94579.14011, 1.14286, -0.00000, 0.72361, 0.27639, 0.75000, 0.25000
2.75567, -4.02561, -0.70086, 4.92853, -0.97053, 1.71348, 6.00000, 282407.00000, 107312.00000, 178646.50000, 3950571678.91667, 62853.57332, 0.90081, -1.37444, 1.98030, 0.39414, 1.00000, 0.00000
2.21782, -3.93313, -1.97536, 4.92852, -1.05736, 1.98319, 14.00000, 440142.00000, 40421.00000, 281840.78571, 18651454913.73980, 136570.32955, 0.91102, -0.60432, 1.05443, 0.54989, 0.92857, 0.07143
3.48430, -3.15040, -1.49161, 4.92852, -0.73511, 1.87827, 33.00000, 460010.00000, 25203.00000, 148117.60606, 10756261137.26905, 103712.39626, 0.91102, -2.88604, 2.59457, 1.29147, 0.96970, 0.03030
2.85909, -3.75484, -1.40973, 4.92550, -0.92001, 1.86107, 24.00000, 471981.00000, 24864.00000, 171263.29167, 15559142284.12327, 124736.29097, 0.94766, -1.25387, 1.66465, 0.58922, 0.91667, 0.08333
1.49161, -3.48430, -3.15040, 4.92852, -1.16631, 2.26428, 13.00000, 446832.00000, 64656.00000, 228043.07692, 14239046586.68639, 119327.47624, 0.91102, -0.30829, 0.68893, 0.61936, 0.84615, 0.15385
0.70086, -2.75567, -4.02561, 4.92853, -1.32174, 2.52663, 9.00000, 475984.00000, 179189.00000, 338501.66667, 10531580533.11111, 102623.48919, 0.90081, -0.13313, 0.46424, 0.66888, 0.55556, 0.44444
1.97536, -2.21782, -3.93313, 4.92852, -0.84316, 2.49482, 36.00000, 494391.00000, 31477.00000, 176690.16667, 10700695817.02778, 103444.16763, 0.91102, -0.49591, 0.54500, 0.95092, 0.77778, 0.22222
1.40973, -2.85909, -3.75484, 4.92550, -1.11271, 2.43770, 10.00000, 408114.00000, 120985.00000, 247754.30000, 9414791515.41000, 97029.84858, 0.94766, -0.25296, 0.53830, 0.71466, 0.90000, 0.10000
3.93313, -1.97536, -2.21782, 4.92852, -0.46544, 2.03756, 48.00000, 481651.00000, 14899.00000, 145234.20833, 15694729069.58160, 125278.60579, 0.91102, -10.56672, 5.51065, 6.05607, 0.85417, 0.14583
3.15040, -1.49161, -3.48430, 4.92852, -0.44220, 2.35600, 62.00000, 427501.00000, 19505.00000, 172104.09677, 10948697816.76483, 104636.02543, 0.91102, -1.63909, 0.81587, 1.82322, 0.87097, 0.12903
4.02561, -0.70086, -2.75567, 4.92853, -0.17237, 2.16413, 87.00000, 495757.00000, 19776.00000, 133727.25287, 11725767705.91307, 108285.58402, 0.90081, 9.35336, -1.86160, -6.49176, 0.83908, 0.16092
3.75484, -1.40973, -2.85909, 4.92550, -0.35916, 2.19010, 62.00000, 441992.00000, 25542.00000, 118112.74194, 9517291987.38502, 97556.60914, 0.94766, -9.32863, 3.30198, 7.02665, 0.80645, 0.19355
2.20355, -3.47499, -2.68919, 4.91558, -1.00567, 2.14966, 13.00000, 463517.00000, 83700.00000, 261762.46154, 15964041215.63314, 126348.88688, 1.08598, -0.56481, 0.87972, 0.68510, 0.84615, 0.15385
2.68919, -2.20355, -3.47499, 4.91558, -0.68646, 2.35595, 23.00000, 477106.00000, 44998.00000, 198084.56522, 13761378659.98488, 117308.90273, 1.08598, -0.90211, 0.74373, 1.15838, 0.91304, 0.08696
3.47499, -2.68919, -2.20355, 4.91558, -0.65860, 2.03563, 30.00000, 494978.00000, 26546.00000, 188106.16667, 15942486985.53889, 126263.56159, 1.08598, -2.37638, 1.85065, 1.52573, 0.83333, 0.16667
2.83550, -2.83550, -2.83550, 4.91123, -0.78540, 2.18628, 27.00000, 434104.00000, 35281.00000, 194830.62963, 14768024090.30727, 121523.75937, 1.14286, -1.00000, 1.00000, 1.00000, 0.77778, 0.22222
3.18882, -3.75791, 0.00000, 4.92853, -0.86714, 1.57080, 10.00000, 429776.00000, 66659.00000, 251385.90000, 12442743465.69000, 111547.04597, 0.90081, -7.64229, 8.64229, -0.00000, 0.80000, 0.20000
3.92241, -2.87963, -0.78273, 4.92852, -0.63328, 1.73029, 28.00000, 477058.00000, 28226.00000, 171807.28571, 11696110619.91837, 108148.55810, 0.91102, 10.75154, -7.66476, -2.08678, 0.92857, 0.07143
3.92241, -2.87963, 0.78273, 4.92852, -0.63328, 1.41130, 18.00000, 473685.00000, 57898.00000, 196549.88889, 12169503096.54321, 110315.47079, 0.91102, 2.07817, -1.48153, 0.40335, 0.77778, 0.22222
3.73035, -3.21637, 0.00000, 4.92550, -0.71154, 1.57080, 29.00000, 483223.00000, 31779.00000, 173919.27586, 19164220511.37218, 138434.89629, 0.94766, 9.06739, -8.06739, 0.00000, 0.93103, 0.06897
4.37124, -1.70460, -1.50894, 4.92852, -0.37182, 1.88196, 59.00000, 487146.00000, 22322.00000, 176156.18644, 16835765127.94829, 129752.70759, 0.91102, 3.63662, -1.43665, -1.19997, 0.76271, 0.23729
4.45876, -0.43315, -2.05481, 4.92853, -0.09684, 2.00085, 90.00000, 471379.00000, 15248.00000, 126138.48889, 12310154414.40543, 110951.13526, 0.90081, 2.22389, -0.24359, -0.98030, 0.78889, 0.21111
4.85499, -0.43811, -0.72621, 4.92852, -0.09000, 1.71868, 92.00000, 459938.00000, 25244.00000, 147611.89130, 11847717601.14036, 108847.22138, 0.91102, 1.31474, -0.13162, -0.18312, 0.82609, 0.17391
4.62611, -0.87126, -1.44936, 4.92550, -0.18616, 1.86947, 77.00000, 430705.00000, 24309.00000, 129791.01299, 9083207968.50632, 95305.86534, 0.94766, 2.02881, -0.36416, -0.66465, 0.80519, 0.19481
4.37124, -1.70460, 1.50894, 4.92852, -0.37182, 1.25963, 24.00000, 441757.00000, 43122.00000, 190679.54167, 15463540678.99827, 124352.48562, 0.91102, 1.06961, -0.42255, 0.35294, 0.87500, 0.12500
4.85499, -0.43811, 0.72621, 4.92852, -0.09000, 1.42291, 49.00000, 493204.00000, 35695.00000, 176347.95918, 13329594233.46772, 115453.86193, 0.91102, 0.96230, -0.09634, 0.13403, 0.75510, 0.24490
4.45876, -0.43315, 2.05481, 4.92853, -0.09684, 1.14074, 21.00000, 473943.00000, 34829.00000, 209902.14286, 7966853383.64626, 89257.23155, 0.90081, 0.75116, -0.08228, 0.33112, 0.71429, 0.28571
4.62611, -0.87126, 1.44936, 4.92550, -0.18616, 1.27212, 15.00000, 493809.00000, 49606.00000, 215833.80000, 21649533143.76000, 147137.80324, 0.94766, 0.87099, -0.15634, 0.28534, 0.86667, 0.13333
4.35121, -2.14766, -0.78579, 4.91558, -0.45850, 1.73134, 42.00000, 477910.00000, 35558.00000, 182481.61905, 14681206114.66440, 121166.02706, 1.08598, 2.99442, -1.46868, -0.52573, 0.83333, 0.16667
4.83686, -0.87622, 0.00000, 4.91558, -0.17921, 1.57080, 50.00000, 474114.00000, 41483.00000, 158929.34000, 11826567963.54440, 108750.02512, 1.08598, 1.22879, -0.22879, 0.00000, 0.86000, 0.14000
4.35121, -2.14766, 0.78579, 4.91558, -0.45850, 1.41025, 22.00000, 449486.00000, 36626.00000, 182407.13636, 15661617389.93595, 125146.38385, 1.08598, 1.45965, -0.71592, 0.25627, 0.90909, 0.09091
4.58794, -1.75244, 0.00000, 4.91123, -0.36486, 1.57080, 39.00000, 471648.00000, 29170.00000, 142370.94872, 10368965621.53583, 101828.11803, 1.14286, 1.61803, -0.61803, 0.00000, 0.76923, 0.23077
0.43315, -2.05481, 4.45876, 4.92853, -1.36304, 0.44016, 2.00000, 359884.00000, 210182.00000, 285033.00000, 5602672201.00000, 74851.00000, 0.90081, 0.16379, -0.65917, 1.49537, 0.50000, 0.50000
1.70460, -1.50894, 4.37124, 4.92852, -0.72459, 0.48015, 1.00000, 482516.00000, 482516.00000, 482516.00000, 0.00000, 0.00000, 0.91102, 0.37091, -0.30980, 0.93889, 0.00000, 1.00000
0.43811, -0.72621, 4.85499, 4.92852, -1.02797, 0.17295, 2.00000, 205809.00000, 155435.00000, 180622.00000, 634384969.00000, 25187.00000, 0.91102, 0.10419, -0.14496, 1.04077, 0.00000, 1.00000
0.87126, -1.44936, 4.62611, 4.92550, -1.02954, 0.35046, 1.00000, 404469.00000, 404469.00000, 404469.00000, 0.00000, 0.00000, 0.94766, 0.21070, -0.38457, 1.17386, 1.00000, 0.00000
2.87963, -0.78273, 3.92241, 4.92852, -0.26540, 0.65037, 8.00000, 478244.00000, 141627.00000, 296698.25000, 12286846741.43750, 110846.04973, 0.91102, 0.46938, -0.12779, 0.65841, 0.75000, 0.25000
3.75791, 0.00000, 3.18882, 4.92853, 0.00000, 0.86714, 12.00000, 490562.00000, 110333.00000, 307551.91667, 13404788780.24306, 115779.05156, 0.90081, 0.53070, -0.00000, 0.46930, 0.66667, 0.33333
2.87963, 0.78273, 3.92241, 4.92852, 0.26540, 0.65037, 7.00000, 429657.00000, 100884.00000, 218668.42857, 9605727267.95918, 98008.81220, 0.91102, 0.37383, 0.10178, 0.52439, 0.57143, 0.42857
3.21637, 0.00000, 3.73035, 4.92550, 0.00000, 0.71154, 6.00000, 338597.00000, 62945.00000, 197907.66667, 8362220330.88889, 91445.17664, 0.94766, 0.47082, -0.00000, 0.52918, 0.16667, 0.83333
0.43811, 0.72621, 4.85499, 4.92852, 1.02797, 0.17295, 3.00000, 368911.00000, 112070.00000, 201785.00000, 13990781340.66667, 118282.63330, 0.91102, 0.08077, 0.11238, 0.80685, 0.66667, 0.33333
1.70460, 1.50894, 4.37124, 4.92852, 0.72459, 0.48015, 5.00000, 442481.00000, 75003.00000, 230540.00000, 19821704213.60000, 140789.57424, 0.91102, 0.22901, 0.19128, 0.57970, 0.60000, 0.40000
0.43315, 2.05481, 4.45876, 4.92853, 1.36304, 0.44016, 5.00000, 451393.00000, 217181.00000, 300482.40000, 6742350141.44000, 82111.81487, 0.90081, 0.07065, 0.28433, 0.64502, 0.20000, 0.80000
0.87126, 1.44936, 4.62611, 4.92550, 1.02954, 0.35046, 1.00000, 166120.00000, 166120.00000, 166120.00000, 0.00000, 0.00000, 0.94766, 0.11910, 0.21738, 0.66353, 0.00000, 1.00000
2.14766, -0.78579, 4.35121, 4.91558, -0.35075, 0.48390, 3.00000, 322844.00000, 203490.00000, 257128.66667, 2447152491.55556, 49468.70214, 1.08598, 0.37301, -0.13352, 0.76051, 0.33333, 0.66667
2.14766, 0.78579, 4.35121, 4.91558, 0.35075, 0.48390, 3.00000, 138521.00000, 68641.00000, 109342.66667, 880262672.22222, 29669.22096, 1.08598, 0.29439, 0.10538, 0.60022, 0.66667, 0.33333
0.87622, 0.00000, 4.83686, 4.91558, 0.00000, 0.17921, 0.00000, 0.00000, 0.00000, 0.00000, 0.00000, 0.00000, 1.08598, 0.15697, -0.00000, 0.84303, 0.00000, 0.00000
1.75244, 0.00000, 4.58794, 4.91123, 0.00000, 0.36486, 3.00000, 348755.00000, 154104.00000, 258445.00000, 6413269780.66667, 80082.89318, 1.14286, 0.27639, 0.00000, 0.72361, 0.33333, 0.66667
-2.75567, -4.02561, 0.70086, 4.92853, -2.17107, 1.42811, 1.00000, 269164.00000, 269164.00000, 269164.00000, 0.00000, 0.00000, 0.90081, 0.46424, 0.66888, -0.13313, 0.00000, 1.00000
-2.21782, -3.93313, 1.97536, 4.92852, -2.08423, 1.15840, 2.00000, 481373.00000, 188938.00000, 335155.50000, 21379557306.25000, 146217.50000, 0.91102, 0.54500, 0.95092, -0.49591, 1.00000, 0.00000
-3.48430, -3.15040, 1.49161, 4.92852, -2.40648, 1.26333, 0.00000, 0.00000, 0.00000, 0.00000, 0.00000, 0.00000, 0.91102, 0.68893, 0.61936, -0.30829, 0.00000, 0.00000
-2.85909, -3.75484, 1.40973, 4.92550, -2.22158, 1.28053, 0.00000, 0.00000, 0.00000, 0.00000, 0.00000, 0.00000, 0.94766, 0.53830, 0.71466, -0.25296, 0.00000, 0.00000
-1.49161, -3.48430, 3.15040, 4.92852, -1.97528, 0.87732, 2.00000, 352509.00000, 336666.00000, 344587.50000, 62750162.25000, 7921.50000, 0.91102, 0.81587, 1.82322, -1.63909, 0.50000, 0.50000
-0.70086, -2.75567, 4.02561, 4.92853, -1.81985, 0.61496, 0.00000, 0.00000, 0.00000, 0.00000, 0.00000, 0.00000, 0.90081, -1.86160, -6.49176, 9.35336, 0.00000, 0.00000
-1.97536, -2.21782, 3.93313, 4.92852, -2.29844, 0.64677, 0.00000, 0.00000, 0.00000, 0.00000, 0.00000, 0.00000, 0.91102, 5.51065, 6.05607, -10.56672, 0.00000, 0.00000
-1.40973, -2.85909, 3.75484, 4.92550, -2.02888, 0.70390, 0.00000, 0.00000, 0.00000, 0.00000, 0.00000, 0.00000, 0.94766, 3.30198, 7.02665, -9.32863, 0.00000, 0.00000
-3.93313, -1.97536, 2.21782, 4.92852, -2.67616, 1.10403, 1.00000, 445555.00000, 445555.00000, 445555.00000, 0.00000, 0.00000, 0.91102, 1.05443, 0.54989, -0.60432, 1.00000, 0.00000
-3.15040, -1.49161, 3.48430, 4.92852, -2.69940, 0.78559, 0.00000, 0.00000, 0.00000, 0.00000, 0.00000, 0.00000, 0.91102, 2.59457, 1.29147, -2.88604, 0.00000, 0.00000
-4.02561, -0.70086, 2.75567, 4.92853, -2.96922, 0.97747, 0.00000, 0.00000, 0.00000, 0.00000, 0.00000, 0.00000, 0.90081, 1.98030, 0.39414, -1.37444, 0.00000, 0.00000
-3.75484, -1.40973, 2.85909, 4.92550, -2.78243, 0.95149, 0.00000, 0.00000, 0.00000, 0.00000, 0.00000, 0.00000, 0.94766, 1.66465, 0.58922, -1.25387, 0.00000, 0.00000
-2.20355, -3.47499, 2.68919, 4.91558, -2.13592, 0.99193, 0.00000, 0.00000, 0.00000, 0.00000, 0.00000, 0.00000, 1.08598, 0.74373, 1.15838, -0.90211, 0.00000, 0.00000
-2.68919, -2.20355, 3.47499, 4.91558, -2.45513, 0.78564, 0.00000, 0.00000, 0.00000, 0.00000, 0.00000, 0.00000, 1.08598, 1.85065, 1.52573, -2.37638, 0.00000, 0.00000
-3.47499, -2.68919, 2.20355, 4.91558, -2.48299, 1.10596, 0.00000, 0.00000, 0.00000, 0.00000, 0.00000, 0.00000, 1.08598, 0.87972, 0.68510, -0.56481, 0.00000, 0.00000
-2.83550, -2.83550, 2.83550, 4.91123, -2.35619, 0.95532, 0.00000, 0.00000, 0.00000, 0.00000, 0.00000, 0.00000, 1.14286, 1.00000, 1.00000, -1.00000, 0.00000, 0.00000
-0.70086, -2.75567, -4.02561, 4.92853, -1.81985, 2.52663, 6.00000, 397257.00000, 104858.00000, 271313.83333, 11873495491.80556, 108965.57021, 0.90081, 0.10514, 0.36663, 0.52824, 0.66667, 0.33333
-1.49161, -3.48430, -3.15040, 4.92852, -1.97528, 2.26428, 4.00000, 398480.00000, 139688.00000, 277437.00000, 8673226997.50000, 93130.16159, 0.91102, 0.19070, 0.42617, 0.38313, 1.00000, 0.00000
-1.97536, -2.21782, -3.93313, 4.92852, -2.29844, 2.49482, 6.00000, 474024.00000, 150796.00000, 315921.50000, 14970588457.58333, 122354.35610, 0.91102, 0.24897, 0.27362, 0.47741, 0.33333, 0.66667
-1.40973, -2.85909, -3.75484, 4.92550, -2.02888, 2.43770, 4.00000, 478893.00000, 132473.00000, 309605.50000, 21731252328.25000, 147415.23777, 0.94766, 0.16798, 0.35746, 0.47456, 0.25000, 0.75000
-2.21782, -3.93313, -1.97536, 4.92852, -2.08423, 1.98319, 0.00000, 0.00000, 0.00000, 0.00000, 0.00000, 0.00000, 0.91102, 0.27362, 0.47741, 0.24897, 0.00000, 0.00000
-2.75567, -4.02561, -0.70086, 4.92853, -2.17107, 1.71348, 1.00000, 471221.00000, 471221.00000, 471221.00000, 0.00000, 0.00000, 0.90081, 0.36663, 0.52824, 0.10514, 1.00000, 0.00000
-3.48430, -3.15040, -1.49161, 4.92852, -2.40648, 1.87827, 0.00000, 0.00000, 0.00000, 0.00000, 0.00000, 0.00000, 0.91102, 0.42617, 0.38313, 0.19070, 0.00000, 0.00000
-2.85909, -3.75484, -1.40973, 4.92550, -2.22158, 1.86107, 0.00000, 0.00000, 0.00000, 0.00000, 0.00000, 0.00000, 0.94766, 0.35746, 0.47456, 0.16798, 0.00000, 0.00000
-3.15040, -1.49161, -3.48430, 4.92852, -2.69940, 2.35600, 2.00000, 491742.00000, 246233.00000, 368987.50000, 15068667270.25000, 122754.50000, 0.91102, 0.38313, 0.19070, 0.42617, 0.50000, 0.50000
-3.93313, -1.97536, -2.21782, 4.92852, -2.67616, 2.03756, 4.00000, 483694.00000, 333292.00000, 390668.00000, 3509286025.50000, 59239.22708, 0.91102, 0.47741, 0.24897, 0.27362, 0.75000, 0.25000
-4.02561, -0.70086, -2.75567, 4.92853, -2.96922, 2.16413, 3.00000, 332355.00000, 209462.00000, 264116.00000, 2609391020.66667, 51082.19867, 0.90081, 0.52824, 0.10514, 0.36663, 0.33333, 0.66667
-3.75484, -1.40973, -2.85909, 4.92550, -2.78243, 2.19010, 0.00000, 0.00000, 0.00000, 0.00000, 0.00000, 0.00000, 0.94766, 0.47456, 0.16798, 0.35746, 0.00000, 0.00000
-2.20355, -3.47499, -2.68919, 4.91558, -2.13592, 2.14966, 1.00000, 361398.00000, 361398.00000, 361398.00000, 0.00000, 0.00000, 1.08598, 0.26522, 0.41309, 0.32170, 0.00000, 1.00000
-3.47499, -2.68919, -2.20355, 4.91558, -2.48299, 2.03563, 3.00000, 405211.00000, 99895.00000, 284832.00000, 17620177658.00000, 132741.01724, 1.08598, 0.41309, 0.32170, 0.26522, 0.66667, 0.33333
-2.68919, -2.20355, -3.47499, 4.91558, -2.45513, 2.35595, 4.00000, 443173.00000, 162504.00000, 352145.00000, 12867823572.50000, 113436.42965, 1.08598, 0.32170, 0.26522, 0.41309, 1.00000, 0.00000
-2.83550, -2.83550, -2.83550, 4.91123, -2.35619, 2.18628, 1.00000, 353619.00000, 353619.00000, 353619.00000, 0.00000, 0.00000, 1.14286, 0.33333, 0.33333, 0.33333, 0.00000, 1.00000
3.75791, 0.00000, -3.18882, 4.92853, 0.00000, 2.27446, 97.00000, 491309.00000, 19578.00000, 138226.21649, 11200897210.08715, 105834.29128, 0.90081, 8.64229, 0.00000, -7.64229, 0.78351, 0.21649
2.87963, -0.78273, -3.92241, 4.92852, -0.26540, 2.49122, 58.00000, 450933.00000, 18536.00000, 135529.55172, 7440781011.48870, 86259.96181, 0.91102, -1.48153, 0.40335, 2.07817, 0.74138, 0.25862
2.87963, 0.78273, -3.92241, 4.92852, 0.26540, 2.49122, 77.00000, 389921.00000, 17099.00000, 135945.62338, 9342260943.50751, 96655.37204, 0.91102, -7.66476, -2.08678, 10.75154, 0.61039, 0.38961
3.21637, 0.00000, -3.73035, 4.92550, 0.00000, 2.43005, 56.00000, 430543.00000, 18017.00000, 166733.08929, 12575091017.68846, 112138.71329, 0.94766, -8.06739, -0.00000, 9.06739, 0.67857, 0.32143
1.70460, -1.50894, -4.37124, 4.92852, -0.72459, 2.66145, 39.00000, 433372.00000, 58466.00000, 209960.84615, 10731527569.77120, 103593.08650, 0.91102, -0.42255, 0.35294, 1.06961, 0.71795, 0.28205
0.43315, -2.05481, -4.45876, 4.92853, -1.36304, 2.70143, 12.00000, 421249.00000, 89731.00000, 211405.33333, 9680563694.05556, 98389.85565, 0.90081, -0.08228, 0.33112, 0.75116, 0.91667, 0.08333
0.43811, -0.72621, -4.85499, 4.92852, -1.02797, 2.96865, 14.00000, 392359.00000, 45798.00000, 173462.21429, 13792714764.45408, 117442.38913, 0.91102, -0.09634, 0.13403, 0.96230, 0.92857, 0.07143
0.87126, -1.44936, -4.62611, 4.92550, -1.02954, 2.79113, 8.00000, 426490.00000, 63876.00000, 169432.00000, 14940013970.50000, 122229.34987, 0.94766, -0.15634, 0.28534, 0.87099, 0.62500, 0.37500
1.70460, 1.50894, -4.37124, 4.92852, 0.72459, 2.66145, 56.00000, 458283.00000, 30278.00000, 160567.55357, 14929761765.99713, 122187.40429, 0.91102, -1.43665, -1.19997, 3.63662, 0.39286, 0.60714
0.43811, 0.72621, -4.85499, 4.92852, 1.02797, 2.96865, 23.00000, 435522.00000, 64616.00000, 181997.52174, 11817709231.98866, 108709.28770, 0.91102, -0.13162, -0.18312, 1.31474, 0.34783, 0.65217
0.43315, 2.05481, -4.45876, 4.92853, 1.36304, 2.70143, 32.00000, 494535.00000, 44425.00000, 217264.43750, 12933523273.93359, 113725.64915, 0.90081, -0.24359, -0.98030, 2.22389, 0.46875, 0.53125
0.87126, 1.44936, -4.62611, 4.92550, 1.02954, 2.79113, 21.00000, 458846.00000, 55742.00000, 213406.23810, 14995085804.75283, 122454.42338, 0.94766, -0.36416, -0.66465, 2.02881, 0.42857, 0.57143
2.14766, -0.78579, -4.35121, 4.91558, -0.35075, 2.65769, 38.00000, 480327.00000, 35277.00000, 191686.71053, 18198454115.67937, 134901.64608, 1.08598, -0.71592, 0.25627, 1.45965, 0.71053, 0.28947
0.87622, 0.00000, -4.83686, 4.91558, 0.00000, 2.96238, 18.00000, 405559.00000, 54218.00000, 217727.05556, 8601572910.94136, 92744.66513, 1.08598, -0.22879, -0.00000, 1.22879, 0.33333, 0.66667
2.14766, 0.78579, -4.35121, 4.91558, 0.35075, 2.65769, 53.00000, 483405.00000, 19414.00000, 163674.01887, 13914572978.05625, 117960.04823, 1.08598, -1.46868, -0.52573, 2.99442, 0.54717, 0.45283
1.75244, 0.00000, -4.58794, 4.91123, 0.00000, 2.77673, 34.00000, 400468.00000, 37313.00000, 193195.20588, 10067929382.10467, 100339.07206, 1.14286, -0.61803, -0.00000, 1.61803, 0.47059, 0.52941
4.45876, 0.43315, 2.05481, 4.92853, 0.09684, 1.14074, 27.00000, 492840.00000, 44517.00000, 237136.40741, 16814803726.90809, 129671.90801, 0.90081, 0.64502, 0.07065, 0.28433, 0.55556, 0.44444
4.85499, 0.43811, 0.72621, 4.92852, 0.09000, 1.42291, 58.00000, 494929.00000, 32622.00000, 203128.13793, 16932900294.42925, 130126.47807, 0.91102, 0.80685, 0.08077, 0.11238, 0.53448, 0.46552
4.37124, 1.70460, 1.50894, 4.92852, 0.37182, 1.25963, 31.00000, 406995.00000, 50143.00000, 186149.58065, 10985835525.34027, 104813.33658, 0.91102, 0.57970, 0.22901, 0.19128, 0.45161, 0.54839
4.62611, 0.87126, 1.44936, 4.92550, 0.18616, 1.27212, 32.00000, 473292.00000, 61085.00000, 189004.31250, 11264896347.58984, 106136.21600, 0.94766, 0.66353, 0.11910, 0.21738, 0.53125, 0.46875
4.85499, 0.43811, -0.72621, 4.92852, 0.09000, 1.71868, 107.00000, 444362.00000, 12632.00000, 145171.41121, 12008621693.84959, 109583.85690, 0.91102, 1.04077, 0.10419, -0.14496, 0.74766, 0.25234
4.45876, 0.43315, -2.05481, 4.92853, 0.09684, 2.00085, 96.00000, 473171.00000, 12326.00000, 128279.56250, 14633314297.99609, 120968.23673, 0.90081, 1.49537, 0.16379, -0.65917, 0.75000, 0.25000
4.37124, 1.70460, -1.50894, 4.92852, 0.37182, 1.88196, 120.00000, 468562.00000, 15947.00000, 119345.51667, 8698531756.94972, 93265.91959, 0.91102, 0.93889, 0.37091, -0.30980, 0.47500, 0.52500
4.62611, 0.87126, -1.44936, 4.92550, 0.18616, 1.86947, 94.00000, 459516.00000, 15065.00000, 117919.13830, 11705477254.20428, 108191.85392, 0.94766, 1.17386, 0.21070, -0.38457, 0.71277, 0.28723
3.92241, 2.87963, 0.78273, 4.92852, 0.63328, 1.41130, 74.00000, 460063.00000, 15764.00000, 143690.71622, 15358450239.41947, 123929.21463, 0.91102, 0.52439, 0.37383, 0.10178, 0.20270, 0.79730
3.92241, 2.87963, -0.78273, 4.92852, 0.63328, 1.73029, 127.00000, 423432.00000, 11339.00000, 105441.55906, 8387420314.10478, 91582.86037, 0.91102, 0.65841, 0.46938, -0.12779, 0.18110, 0.81890
3.18882, 3.75791, 0.00000, 4.92853, 0.86714, 1.57080, 87.00000, 479679.00000, 14372.00000, 122970.67816, 13616704355.29872, 116690.63525, 0.90081, 0.46930, 0.53070, 0.00000, 0.17241, 0.82759
3.73035, 3.21637, 0.00000, 4.92550, 0.71154, 1.57080, 83.00000, 448121.00000, 11429.00000, 127255.53012, 13531779787.95994, 116326.17843, 0.94766, 0.52918, 0.47082, 0.00000, 0.30120, 0.69880
4.83686, 0.87622, 0.00000, 4.91558, 0.17921, 1.57080, 63.00000, 445362.00000, 30618.00000, 163639.95238, 12812301874.26757, 113191.43905, 1.08598, 0.84303, 0.15697, 0.00000, 0.65079, 0.34921
4.35121, 2.14766, -0.78579, 4.91558, 0.45850, 1.73134, 107.00000, 476984.00000, 13448.00000, 124458.89720, 14520336763.88663, 120500.36002, 1.08598, 0.76051, 0.37301, -0.13352, 0.38318, 0.61682
4.35121, 2.14766, 0.78579, 4.91558, 0.45850, 1.41025, 49.00000, 493738.00000, 20958.00000, 205998.28571, 20575798716.53061, 143442.66700, 1.08598, 0.60022, 0.29439, 0.10538, 0.46939, 0.53061
4.58794, 1.75244, 0.00000, 4.91123, 0.36486, 1.57080, 75.00000, 482678.00000, 15000.00000, 149896.80000, 12827356471.20000, 113257.92013, 1.14286, 0.72361, 0.27639, -0.00000, 0.46667, 0.53333
