-2.75567, 4.02561, 0.70086, 4.92853, 2.17107, 1.42811, 86.00000, 493648.00000, 15911.00000, 138306.25581, 13681164945.00433, 116966.51207, 0.90081, -1.37444, 1.98030, 0.39414, 0.88372, 0.11628
-3.48430, 3.15040, 1.49161, 4.92852, 2.40648, 1.26333, 68.00000, 472646.00000, 10752.00000, 138839.52941, 10212440345.66090, 101056.61950, 0.91102, -2.88604, 2.59457, 1.29147, 0.82353, 0.17647
-2.21782, 3.93313, 1.97536, 4.92852, 2.08423, 1.15840, 42.00000, 482770.00000, 19487.00000, 164785.33333, 16614253938.88889, 128896.29141, 0.91102, -0.60432, 1.05443, 0.54989, 0.80952, 0.19048
-2.85909, 3.75484, 1.40973, 4.92550, 2.22158, 1.28053, 44.00000, 490789.00000, 21627.00000, 111965.02273, 7752322137.15858, 88047.27217, 0.94766, -1.25387, 1.66465, 0.58922, 0.79545, 0.20455
-3.93313, 1.97536, 2.21782, 4.92852, 2.67616, 1.10403, 29.00000, 428526.00000, 24908.00000, 194889.96552, 14182006948.86088, 119088.23178, 0.91102, -10.56672, 5.51065, 6.05607, 0.65517, 0.34483
-4.02561, 0.70086, 2.75567, 4.92853, 2.96922, 0.97747, 9.00000, 395271.00000, 105674.00000, 209264.11111, 7185232023.87654, 84765.74794, 0.90081, 9.35336, -1.86160, -6.49176, 0.77778, 0.22222
-3.15040, 1.49161, 3.48430, 4.92852, 2.69940, 0.78559, 14.00000, 475912.00000, 44795.00000, 229420.57143, 17307145078.81632, 131556.62309, 0.91102, -1.63909, 0.81587, 1.82322, 0.85714, 0.14286
-3.75484, 1.40973, 2.85909, 4.92550, 2.78243, 0.95149, 13.00000, 480200.00000, 68931.00000, 159327.84615, 11095722888.43787, 105336.23730, 0.94766, -9.32863, 3.30198, 7.02665, 0.92308, 0.07692
-1.49161, 3.48430, 3.15040, 4.92852, 1.97528, 0.87732, 21.00000, 455124.00000, 47510.00000, 183449.09524, 15918038716.37188, 126166.71002, 0.91102, -0.30829, 0.68893, 0.61936, 0.80952, 0.19048
-1.97536, 2.21782, 3.93313, 4.92852, 2.29844, 0.64677, 12.00000, 428540.00000, 72683.00000, 229895.41667, 13303996058.40972, 115342.94976, 0.91102, -0.49591, 0.54500, 0.95092, 0.91667, 0.08333
-0.70086, 2.75567, 4.02561, 4.92853, 1.81985, 0.61496, 6.00000, 442763.00000, 147515.00000, 284887.00000, 11538518462.33333, 107417.49607, 0.90081, -0.13313, 0.46424, 0.66888, 0.83333, 0.16667
-1.40973, 2.85909, 3.75484, 4.92550, 2.02888, 0.70390, 7.00000, 459878.00000, 115176.00000, 236593.57143, 11375905035.67347, 106657.88783, 0.94766, -0.25296, 0.53830, 0.71466, 0.71429, 0.28571
-3.47499, 2.68919, 2.20355, 4.91558, 2.48299, 1.10596, 22.00000, 435446.00000, 34830.00000, 192543.86364, 15127310057.93595, 122993.13012, 1.08598, -2.37638, 1.85065, 1.52573, 0.72727, 0.27273
-2.68919, 2.20355, 3.47499, 4.91558, 2.45513, 0.78564, 10.00000, 490082.00000, 32627.00000, 269502.80000, 22301130356.56000, 149335.62990, 1.08598, -0.90211, 0.74373, 1.15838, 0.80000, 0.20000
-2.20355, 3.47499, 2.68919, 4.91558, 2.13592, 0.99193, 19.00000, 440594.00000, 55706.00000, 187358.89474, 9604123790.09418, 98000.63158, 1.08598, -0.56481, 0.87972, 0.68510, 0.89474, 0.10526
-2.83550, 2.83550, 2.83550, 4.91123, 2.35619, 0.95532, 19.00000, 486394.00000, 40336.00000, 233160.31579, 19682172139.26870, 140293.16498, 1.14286, -1.00000, 1.00000, 1.00000, 0.89474, 0.10526
-2.05481, 4.45876, 0.43315, 4.92853, 2.00263, 1.48280, 91.00000, 499573.00000, 4575.00000, 109813.40659, 11731394762.17534, 108311.56338, 0.90081, -0.65917, 1.49537, 0.16379, 0.86813, 0.13187
-1.50894, 4.37124, 1.70460, 4.92852, 1.90319, 1.21764, 46.00000, 460989.00000, 16794.00000, 170140.93478, 18639492140.32183, 136526.52541, 0.91102, -0.30980, 0.93889, 0.37091, 0.91304, 0.08696
-0.72621, 4.85499, 0.43811, 4.92852, 1.71928, 1.48179, 61.00000, 458624.00000, 13127.00000, 125707.09836, 14894375464.18705, 122042.51499, 0.91102, -0.14496, 1.04077, 0.10419, 0.85246, 0.14754
-1.44936, 4.62611, 0.87126, 4.92550, 1.87441, 1.39297, 70.00000, 440891.00000, 13743.00000, 123978.32857, 10471358971.36347, 102329.65832, 0.94766, -0.38457, 1.17386, 0.21070, 0.91429, 0.08571
-0.78273, 3.92241, 2.87963, 4.92852, 1.76776, 0.94680, 23.00000, 464055.00000, 53222.00000, 225497.39130, 17771293856.49905, 133309.01641, 0.91102, -0.12779, 0.65841, 0.46938, 0.86957, 0.13043
0.00000, 3.18882, 3.75791, 4.92853, 1.57080, 0.70366, 6.00000, 493034.00000, 173007.00000, 258884.33333, 11977629337.55556, 109442.35623, 0.90081, -0.00000, 0.46930, 0.53070, 0.83333, 0.16667
0.78273, 3.92241, 2.87963, 4.92852, 1.37383, 0.94680, 21.00000, 481890.00000, 42254.00000, 195551.66667, 12268266457.17460, 110762.20681, 0.91102, 0.10178, 0.52439, 0.37383, 0.95238, 0.04762
0.00000, 3.73035, 3.21637, 4.92550, 1.57080, 0.85925, 13.00000, 455329.00000, 64613.00000, 263247.53846, 14521163561.63314, 120503.79065, 0.94766, -0.00000, 0.52918, 0.47082, 0.76923, 0.23077
0.72621, 4.85499, 0.43811, 4.92852, 1.42232, 1.48179, 33.00000, 473804.00000, 27782.00000, 168764.36364, 12332995552.17080, 111054.02087, 0.91102, 0.11238, 0.80685, 0.08077, 0.87879, 0.12121
1.50894, 4.37124, 1.70460, 4.92852, 1.23841, 1.21764, 15.00000, 434954.00000, 91536.00000, 261792.86667, 13404855922.51556, 115779.34152, 0.91102, 0.19128, 0.57970, 0.22901, 0.73333, 0.26667
2.05481, 4.45876, 0.43315, 4.92853, 1.13896, 1.48280, 22.00000, 497694.00000, 42483.00000, 242174.95455, 23762988357.77066, 154152.48411, 0.90081, 0.28433, 0.64502, 0.07065, 0.81818, 0.18182
1.44936, 4.62611, 0.87126, 4.92550, 1.26718, 1.39297, 12.00000, 479409.00000, 48984.00000, 201240.58333, 15278291796.24306, 123605.38741, 0.94766, 0.21738, 0.66353, 0.11910, 0.83333, 0.16667
-0.78579, 4.35121, 2.14766, 4.91558, 1.74946, 1.11864, 35.00000, 428271.00000, 25684.00000, 160448.00000, 14948461751.08571, 122263.90208, 1.08598, -0.13352, 0.76051, 0.37301, 0.88571, 0.11429
0.78579, 4.35121, 2.14766, 4.91558, 1.39213, 1.11864, 11.00000, 460149.00000, 60833.00000, 218694.09091, 17502389168.99173, 132296.59546, 1.08598, 0.10538, 0.60022, 0.29439, 0.72727, 0.27273
0.00000, 4.83686, 0.87622, 4.91558, 1.57080, 1.39159, 34.00000, 432777.00000, 20119.00000, 144328.88235, 12541032077.22145, 111986.74956, 1.08598, -0.00000, 0.84303, 0.15697, 0.94118, 0.05882
0.00000, 4.58794, 1.75244, 4.91123, 1.57080, 1.20593, 29.00000, 482613.00000, 34001.00000, 206499.31034, 15973155000.62782, 126384.94768, 1.14286, 0.00000, 0.72361, 0.27639, 0.93103, 0.06897
-2.05481, 4.45876, -0.43315, 4.92853, 2.00263, 1.65880, 111.00000, 484385.00000, 9811.00000, 93220.10811, 7769739185.42975, 88146.12405, 0.90081, -0.98030, 2.22389, -0.24359, 0.88288, 0.11712
-0.72621, 4.85499, -0.43811, 4.92852, 1.71928, 1.65981, 92.00000, 475852.00000, 13392.00000, 109414.98913, 9796288859.14119, 98976.20350, 0.91102, -0.18312, 1.31474, -0.13162, 0.80435, 0.19565
-1.50894, 4.37124, -1.70460, 4.92852, 1.90319, 1.92396, 134.00000, 496531.00000, 10907.00000, 110201.15672, 9750904125.95305, 98746.66640, 0.91102, -1.19997, 3.63662, -1.43665, 0.70896, 0.29104
-1.44936, 4.62611, -0.87126, 4.92550, 1.87441, 1.74862, 116.00000, 476589.00000, 13135.00000, 96563.38793, 9372647102.66847, 96812.43258, 0.94766, -0.66465, 2.02881, -0.36416, 0.75862, 0.24138
0.72621, 4.85499, -0.43811, 4.92852, 1.42232, 1.65981, 43.00000, 385371.00000, 25755.00000, 152215.81395, 10162697040.89562, 100810.20306, 0.91102, 0.13403, 0.96230, -0.09634, 0.69767, 0.30233
2.05481, 4.45876, -0.43315, 4.92853, 1.13896, 1.65880, 25.00000, 421085.00000, 20587.00000, 207503.32000, 13250289462.45760, 115109.90167, 0.90081, 0.33112, 0.75116, -0.08228, 0.76000, 0.24000
1.50894, 4.37124, -1.70460, 4.92852, 1.23841, 1.92396, 32.00000, 447549.00000, 28379.00000, 181231.56250, 13018789232.99609, 114099.90900, 0.91102, 0.35294, 1.06961, -0.42255, 0.68750, 0.31250
1.44936, 4.62611, -0.87126, 4.92550, 1.26718, 1.74862, 26.00000, 362850.00000, 43203.00000, 145148.84615, 6164443121.59172, 78513.96768, 0.94766, 0.28534, 0.87099, -0.15634, 0.80769, 0.19231
-0.78273, 3.92241, -2.87963, 4.92852, 1.76776, 2.19479, 110.00000, 477240.00000, 14080.00000, 146298.75455, 13202017088.93066, 114900.03085, 0.91102, -2.08678, 10.75154, -7.66476, 0.54545, 0.45455
0.78273, 3.92241, -2.87963, 4.92852, 1.37383, 2.19479, 38.00000, 493509.00000, 22424.00000, 156052.02632, 16178366292.28879, 127194.20699, 0.91102, 0.40335, 2.07817, -1.48153, 0.63158, 0.36842
0.00000, 3.18882, -3.75791, 4.92853, 1.57080, 2.43793, 54.00000, 461014.00000, 14387.00000, 138199.98148, 11862235413.98114, 108913.88990, 0.90081, -0.00000, -7.64229, 8.64229, 0.31481, 0.68519
0.00000, 3.73035, -3.21637, 4.92550, 1.57080, 2.28234, 50.00000, 468978.00000, 24947.00000, 153448.12000, 14003456217.06560, 118336.19994, 0.94766, 0.00000, 9.06739, -8.06739, 0.60000, 0.40000
0.00000, 4.83686, -0.87622, 4.91558, 1.57080, 1.75001, 48.00000, 395701.00000, 19741.00000, 131770.35417, 11499442980.47873, 107235.45580, 1.08598, 0.00000, 1.22879, -0.22879, 0.77083, 0.22917
0.78579, 4.35121, -2.14766, 4.91558, 1.39213, 2.02296, 52.00000, 489314.00000, 29033.00000, 165129.28846, 12774157422.97448, 113022.81815, 1.08598, 0.25627, 1.45965, -0.71592, 0.65385, 0.34615
-0.78579, 4.35121, -2.14766, 4.91558, 1.74946, 2.02296, 92.00000, 496584.00000, 12336.00000, 133551.56522, 13033591046.74575, 114164.75396, 1.08598, -0.52573, 2.99442, -1.46868, 0.69565, 0.30435
0.00000, 4.58794, -1.75244, 4.91123, 1.57080, 1.93566, 66.00000, 477993.00000, 15268.00000, 140211.28788, 11797356334.23531, 108615.63577, 1.14286, 0.00000, 1.61803, -0.61803, 0.65152, 0.34848
-2.75567, 4.02561, -0.70086, 4.92853, 2.17107, 1.71348, 160.00000, 480518.00000, 6933.00000, 95431.25000, 8519197812.12500, 92299.50061, 0.90081, -6.49176, 9.35336, -1.86160, 0.76875, 0.23125
-2.21782, 3.93313, -1.97536, 4.92852, 2.08423, 1.98319, 170.00000, 448495.00000, 8955.00000, 90959.76471, 8773123651.15640, 93664.95423, 0.91102, 6.05607, -10.56672, 5.51065, 0.66471, 0.33529
-3.48430, 3.15040, -1.49161, 4.92852, 2.40648, 1.87827, 156.00000, 446712.00000, 11186.00000, 121204.98077, 11847939511.55732, 108848.24074, 0.91102, 1.82322, -1.63909, 0.81587, 0.54487, 0.45513
-2.85909, 3.75484, -1.40973, 4.92550, 2.22158, 1.86107, 129.00000, 497976.00000, 6061.00000, 95505.78295, 8419004578.32498, 91755.13380, 0.94766, 7.02665, -9.32863, 3.30198, 0.72093, 0.27907
-1.49161, 3.48430, -3.15040, 4.92852, 1.97528, 2.26428, 145.00000, 489186.00000, 9699.00000, 108110.25517, 10218191122.53489, 101085.06874, 0.91102, 1.29147, -2.88604, 2.59457, 0.37931, 0.62069
-0.70086, 2.75567, -4.02561, 4.92853, 1.81985, 2.52663, 74.00000, 487229.00000, 15746.00000, 135702.93243, 13272733554.41435, 115207.35026, 0.90081, 0.39414, -1.37444, 1.98030, 0.32432, 0.67568
-1.97536, 2.21782, -3.93313, 4.92852, 2.29844, 2.49482, 135.00000, 497524.00000, 14333.00000, 113599.08889, 11651524063.08840, 107942.22558, 0.91102, 0.54989, -0.60432, 1.05443, 0.25185, 0.74815
-1.40973, 2.85909, -3.75484, 4.92550, 2.02888, 2.43770, 89.00000, 498566.00000, 9996.00000, 133606.91011, 13837828253.96945, 117634.29880, 0.94766, 0.58922, -1.25387, 1.66465, 0.33708, 0.66292
-3.93313, 1.97536, -2.21782, 4.92852, 2.67616, 2.03756, 110.00000, 484165.00000, 17034.00000, 125738.03636, 11721260821.36231, 108264.77184, 0.91102, 0.95092, -0.49591, 0.54500, 0.37273, 0.62727
-3.15040, 1.49161, -3.48430, 4.92852, 2.69940, 2.35600, 143.00000, 486361.00000, 8571.00000, 100213.79021, 9291846234.40354, 96394.22303, 0.91102, 0.61936, -0.30829, 0.68893, 0.18182, 0.81818
-4.02561, 0.70086, -2.75567, 4.92853, 2.96922, 2.16413, 69.00000, 428131.00000, 12958.00000, 121649.95652, 10245400710.88217, 101219.56684, 0.90081, 0.66888, -0.13313, 0.46424, 0.24638, 0.75362
-3.75484, 1.40973, -2.85909, 4.92550, 2.78243, 2.19010, 94.00000, 499844.00000, 15398.00000, 109928.43617, 11570331135.11827, 107565.47371, 0.94766, 0.71466, -0.25296, 0.53830, 0.20213, 0.79787
-2.20355, 3.47499, -2.68919, 4.91558, 2.13592, 2.14966, 138.00000, 475861.00000, 12948.00000, 101922.83333, 10162840420.19686, 100810.91419, 1.08598, 1.52573, -2.37638, 1.85065, 0.45652, 0.54348
-2.68919, 2.20355, -3.47499, 4.91558, 2.45513, 2.35595, 111.00000, 394421.00000, 15038.00000, 89399.37838, 6485540028.64962, 80532.85062, 1.08598, 0.68510, -0.56481, 0.87972, 0.21622, 0.78378
-3.47499, 2.68919, -2.20355, 4.91558, 2.48299, 2.03563, 107.00000, 486335.00000, 12522.00000, 102085.16822, 10233448596.25207, 101160.50907, 1.08598, 1.15838, -0.90211, 0.74373, 0.39252, 0.60748
-2.83550, 2.83550, -2.83550, 4.91123, 2.35619, 2.18628, 137.00000, 442460.00000, 15827.00000, 116124.94891, 11210788447.44994, 105881.01080, 1.14286, 1.00000, -1.00000, 1.00000, 0.37226, 0.62774
-3.18882, 3.75791, 0.00000, 4.92853, 2.27446, 1.57080, 112.00000, 495404.00000, 10035.00000, 99673.00000, 9818872248.08928, 99090.22277, 0.90081, -7.64229, 8.64229, 0.00000, 0.75893, 0.24107
-3.92241, 2.87963, -0.78273, 4.92852, 2.50831, 1.73029, 127.00000, 486952.00000, 15810.00000, 113937.64567, 9697854618.63823, 98477.68589, 0.91102, 2.07817, -1.48153, 0.40335, 0.59843, 0.40157
-3.92241, 2.87963, 0.78273, 4.92852, 2.50831, 1.41130, 83.00000, 415380.00000, 12901.00000, 141694.28916, 10554553034.32603, 102735.35435, 0.91102, 10.75154, -7.66476, -2.08678, 0.74699, 0.25301
-3.73035, 3.21637, 0.00000, 4.92550, 2.43005, 1.57080, 80.00000, 405702.00000, 14701.00000, 116229.95000, 8514669819.42250, 92274.96854, 0.94766, 9.06739, -8.06739, -0.00000, 0.70000, 0.30000
-4.37124, 1.70460, -1.50894, 4.92852, 2.76977, 1.88196, 107.00000, 498446.00000, 21314.00000, 147725.13084, 13816573691.12307, 117543.92239, 0.91102, 1.06961, -0.42255, 0.35294, 0.42056, 0.57944
-4.45876, 0.43315, -2.05481, 4.92853, 3.04475, 2.00085, 38.00000, 469470.00000, 22357.00000, 149380.97368, 13484514660.13088, 116122.84297, 0.90081, 0.75116, -0.08228, 0.33112, 0.26316, 0.73684
-4.85499, 0.43811, -0.72621, 4.92852, 3.05160, 1.71868, 40.00000, 491248.00000, 31237.00000, 174877.00000, 18640646214.45000, 136530.75190, 0.91102, 0.96230, -0.09634, 0.13403, 0.27500, 0.72500
-4.62611, 0.87126, -1.44936, 4.92550, 2.95544, 1.86947, 50.00000, 457927.00000, 15423.00000, 152713.96000, 12481419497.19840, 111720.27344, 0.94766, 0.87099, -0.15634, 0.28534, 0.40000, 0.60000
-4.37124, 1.70460, 1.50894, 4.92852, 2.76977, 1.25963, 33.00000, 441359.00000, 44816.00000, 178243.63636, 11822937345.92838, 108733.33135, 0.91102, 3.63662, -1.43665, -1.19997, 0.66667, 0.33333
-4.85499, 0.43811, 0.72621, 4.92852, 3.05160, 1.42291, 19.00000, 457147.00000, 40557.00000, 218557.68421, 17596912547.90028, 132653.35483, 0.91102, 1.31474, -0.13162, -0.18312, 0.36842, 0.63158
-4.45876, 0.43315, 2.05481, 4.92853, 3.04475, 1.14074, 9.00000, 350279.00000, 40936.00000, 185494.22222, 8922067847.72840, 94456.69827, 0.90081, 2.22389, -0.24359, -0.98030, 0.44444, 0.55556
-4.62611, 0.87126, 1.44936, 4.92550, 2.95544, 1.27212, 11.00000, 460575.00000, 75354.00000, 252194.72727, 16565934033.10744, 128708.71778, 0.94766, 2.02881, -0.36416, -0.66465, 0.54545, 0.45455
-4.35121, 2.14766, -0.78579, 4.91558, 2.68310, 1.73134, 53.00000, 468301.00000, 25450.00000, 144954.26415, 11916182449.70381, 109161.26808, 1.08598, 1.45965, -0.71592, 0.25627, 0.54717, 0.45283
-4.83686, 0.87622, 0.00000, 4.91558, 2.96238, 1.57080, 35.00000, 463847.00000, 45784.00000, 175054.57143, 13217030026.53061, 114965.34272, 1.08598, 1.22879, -0.22879, -0.00000, 0.51429, 0.48571
-4.35121, 2.14766, 0.78579, 4.91558, 2.68310, 1.41025, 21.00000, 485761.00000, 51618.00000, 179884.19048, 16954964283.48753, 130211.22948, 1.08598, 2.99442, -1.46868, -0.52573, 0.66667, 0.33333
-4.58794, 1.75244, 0.00000, 4.91123, 2.77673, 1.57080, 40.00000, 459761.00000, 28111.00000, 163873.32500, 12427735718.56938, 111479.75475, 1.14286, 1.61803, -0.61803, -0.00000, 0.55000, 0.45000
2.75567, 4.02561, 0.70086, 4.92853, 0.97053, 1.42811, 17.00000, 434959.00000, 80086.00000, 237679.00000, 11367674087.64706, 106619.29510, 0.90081, 0.36663, 0.52824, 0.10514, 0.76471, 0.23529
2.21782, 3.93313, 1.97536, 4.92852, 1.05736, 1.15840, 8.00000, 467879.00000, 101872.00000, 271330.75000, 17346487382.93750, 131706.06434, 0.91102, 0.27362, 0.47741, 0.24897, 1.00000, 0.00000
3.48430, 3.15040, 1.49161, 4.92852, 0.73511, 1.26333, 4.00000, 466727.00000, 189030.00000, 365751.00000, 12888840607.50000, 113529.02980, 0.91102, 0.42617, 0.38313, 0.19070, 1.00000, 0.00000
2.85909, 3.75484, 1.40973, 4.92550, 0.92001, 1.28053, 5.00000, 410673.00000, 60282.00000, 227120.60000, 13048295733.04000, 114229.13697, 0.94766, 0.35746, 0.47456, 0.16798, 0.80000, 0.20000
1.49161, 3.48430, 3.15040, 4.92852, 1.16631, 0.87732, 7.00000, 487462.00000, 107332.00000, 258518.28571, 15165414610.48979, 123147.93791, 0.91102, 0.19070, 0.42617, 0.38313, 0.85714, 0.14286
0.70086, 2.75567, 4.02561, 4.92853, 1.32174, 0.61496, 2.00000, 249368.00000, 230594.00000, 239981.00000, 88115769.00000, 9387.00000, 0.90081, 0.10514, 0.36663, 0.52824, 1.00000, 0.00000
1.97536, 2.21782, 3.93313, 4.92852, 0.84316, 0.64677, 4.00000, 478276.00000, 220820.00000, 404241.25000, 11305867087.68750, 106329.05101, 0.91102, 0.24897, 0.27362, 0.47741, 1.00000, 0.00000
1.40973, 2.85909, 3.75484, 4.92550, 1.11271, 0.70390, 5.00000, 426832.00000, 147697.00000, 294947.20000, 12943324480.56000, 113768.73244, 0.94766, 0.16798, 0.35746, 0.47456, 1.00000, 0.00000
3.93313, 1.97536, 2.21782, 4.92852, 0.46544, 1.10403, 1.00000, 422614.00000, 422614.00000, 422614.00000, 0.00000, 0.00000, 0.91102, 0.47741, 0.24897, 0.27362, 1.00000, 0.00000
3.15040, 1.49161, 3.48430, 4.92852, 0.44220, 0.78559, 2.00000, 442695.00000, 117577.00000, 280136.00000, 26425428481.00000, 162559.00000, 0.91102, 0.38313, 0.19070, 0.42617, 1.00000, 0.00000
4.02561, 0.70086, 2.75567, 4.92853, 0.17237, 0.97747, 0.00000, 0.00000, 0.00000, 0.00000, 0.00000, 0.00000, 0.90081, 0.52824, 0.10514, 0.36663, 0.00000, 0.00000
3.75484, 1.40973, 2.85909, 4.92550, 0.35916, 0.95149, 0.00000, 0.00000, 0.00000, 0.00000, 0.00000, 0.00000, 0.94766, 0.47456, 0.16798, 0.35746, 0.00000, 0.00000
2.20355, 3.47499, 2.68919, 4.91558, 1.00567, 0.99193, 6.00000, 304224.00000, 50036.00000, 144574.16667, 7283447800.80555, 85343.11806, 1.08598, 0.26522, 0.41309, 0.32170, 0.83333, 0.16667
2.68919, 2.20355, 3.47499, 4.91558, 0.68646, 0.78564, 3.00000, 394508.00000, 214900.00000, 314507.00000, 5568703228.66667, 74623.74440, 1.08598, 0.32170, 0.26522, 0.41309, 1.00000, 0.00000
3.47499, 2.68919, 2.20355, 4.91558, 0.65860, 1.10596, 4.00000, 497535.00000, 131807.00000, 358298.75000, 18641318196.18750, 136533.21280, 1.08598, 0.41309, 0.32170, 0.26522, 0.75000, 0.25000
2.83550, 2.83550, 2.83550, 4.91123, 0.78540, 0.95532, 3.00000, 407820.00000, 134964.00000, 295410.66667, 13562192152.88889, 116456.82527, 1.14286, 0.33333, 0.33333, 0.33333, 1.00000, 0.00000
-0.43315, 2.05481, 4.45876, 4.92853, 1.77855, 0.44016, 5.00000, 444492.00000, 131942.00000, 277455.40000, 9997120510.24000, 99985.60151, 0.90081, -0.08228, 0.33112, 0.75116, 1.00000, 0.00000
-1.70460, 1.50894, 4.37124, 4.92852, 2.41700, 0.48015, 8.00000, 416283.00000, 145416.00000, 276484.25000, 6981948594.68750, 83558.05524, 0.91102, -0.42255, 0.35294, 1.06961, 0.75000, 0.25000
-0.43811, 0.72621, 4.85499, 4.92852, 2.11363, 0.17295, 3.00000, 387506.00000, 135214.00000, 219584.66667, 14098899160.88889, 118738.78541, 0.91102, -0.09634, 0.13403, 0.96230, 1.00000, 0.00000
-0.87126, 1.44936, 4.62611, 4.92550, 2.11205, 0.35046, 1.00000, 319346.00000, 319346.00000, 319346.00000, 0.00000, 0.00000, 0.94766, -0.15634, 0.28534, 0.87099, 1.00000, 0.00000
-2.87963, 0.78273, 3.92241, 4.92852, 2.87619, 0.65037, 12.00000, 378123.00000, 95343.00000, 240935.25000, 10063450654.02083, 100316.75161, 0.91102, -1.48153, 0.40335, 2.07817, 0.75000, 0.25000
-3.75791, 0.00000, 3.18882, 4.92853, 3.14159, 0.86714, 5.00000, 468906.00000, 158020.00000, 248146.40000, 13446874388.24000, 115960.65880, 0.90081, 8.64229, -0.00000, -7.64229, 0.40000, 0.60000
-2.87963, -0.78273, 3.92241, 4.92852, -2.87619, 0.65037, 3.00000, 402335.00000, 139575.00000, 255269.00000, 11999237458.66667, 109541.03094, 0.91102, -7.66476, -2.08678, 10.75154, 1.00000, 0.00000
-3.21637, 0.00000, 3.73035, 4.92550, 3.14159, 0.71154, 3.00000, 497452.00000, 138892.00000, 307322.33333, 21662976133.55556, 147183.47779, 0.94766, -8.06739, 0.00000, 9.06739, 1.00000, 0.00000
-0.43811, -0.72621, 4.85499, 4.92852, -2.11363, 0.17295, 4.00000, 291109.00000, 94950.00000, 221411.75000, 5675725335.68750, 75337.40993, 0.91102, -0.13162, -0.18312, 1.31474, 0.75000, 0.25000
-1.70460, -1.50894, 4.37124, 4.92852, -2.41700, 0.48015, 1.00000, 209362.00000, 209362.00000, 209362.00000, 0.00000, 0.00000, 0.91102, -1.43665, -1.19997, 3.63662, 1.00000, 0.00000
-0.43315, -2.05481, 4.45876, 4.92853, -1.77855, 0.44016, 1.00000, 475073.00000, 475073.00000, 475073.00000, 0.00000, 0.00000, 0.90081, -0.24359, -0.98030, 2.22389, 1.00000, 0.00000
-0.87126, -1.44936, 4.62611, 4.92550, -2.11205, 0.35046, 0.00000, 0.00000, 0.00000, 0.00000, 0.00000, 0.00000, 0.94766, -0.36416, -0.66465, 2.02881, 0.00000, 0.00000
-2.14766, 0.78579, 4.35121, 4.91558, 2.79084, 0.48390, 3.00000, 428983.00000, 186148.00000, 320082.66667, 10141498460.22222, 100705.00713, 1.08598, -0.71592, 0.25627, 1.45965, 1.00000, 0.00000
-2.14766, -0.78579, 4.35121, 4.91558, -2.79084, 0.48390, 2.00000, 331919.00000, 202007.00000, 266963.00000, 4219281936.00000, 64956.00000, 1.08598, -1.46868, -0.52573, 2.99442, 0.00000, 1.00000
-0.87622, 0.00000, 4.83686, 4.91558, 3.14159, 0.17921, 1.00000, 485715.00000, 485715.00000, 485715.00000, 0.00000, 0.00000, 1.08598, -0.22879, 0.00000, 1.22879, 1.00000, 0.00000
-1.75244, 0.00000, 4.58794, 4.91123, 3.14159, 0.36486, 2.00000, 474373.00000, 328037.00000, 401205.00000, 5353556224.00000, 73168.00000, 1.14286, -0.61803, 0.00000, 1.61803, 0.50000, 0.50000
-4.45876, -0.43315, 2.05481, 4.92853, -3.04475, 1.14074, 5.00000, 471197.00000, 52904.00000, 262204.00000, 19193796094.80000, 138541.67638, 0.90081, 1.49537, 0.16379, -0.65917, 1.00000, 0.00000
-4.85499, -0.43811, 0.72621, 4.92852, -3.05160, 1.42291, 17.00000, 435056.00000, 66012.00000, 229087.52941, 10583209746.60207, 102874.72842, 0.91102, 1.04077, 0.10419, -0.14496, 0.47059, 0.52941
-4.37124, -1.70460, 1.50894, 4.92852, -2.76977, 1.25963, 5.00000, 435302.00000, 100207.00000, 336017.00000, 14989587935.60000, 122431.97269, 0.91102, 0.93889, 0.37091, -0.30980, 0.60000, 0.40000
-4.62611, -0.87126, 1.44936, 4.92550, -2.95544, 1.27212, 4.00000, 437378.00000, 340284.00000, 400329.00000, 1580890858.50000, 39760.41824, 0.94766, 1.17386, 0.21070, -0.38457, 0.75000, 0.25000
-4.85499, -0.43811, -0.72621, 4.92852, -3.05160, 1.71868, 41.00000, 450178.00000, 58591.00000, 214565.82927, 12323728454.09280, 111012.28965, 0.91102, 0.80685, 0.08077, 0.11238, 0.36585, 0.63415
-4.45876, -0.43315, -2.05481, 4.92853, -3.04475, 2.00085, 37.00000, 421810.00000, 41307.00000, 158811.51351, 10659109603.49306, 103242.96394, 0.90081, 0.64502, 0.07065, 0.28433, 0.24324, 0.75676
-4.37124, -1.70460, -1.50894, 4.92852, -2.76977, 1.88196, 18.00000, 446247.00000, 77543.00000, 225690.61111, 12689804721.01543, 112649.03338, 0.91102, 0.57970, 0.22901, 0.19128, 0.16667, 0.83333
-4.62611, -0.87126, -1.44936, 4.92550, -2.95544, 1.86947, 23.00000, 481029.00000, 46497.00000, 210907.26087, 20552471205.58413, 143361.33093, 0.94766, 0.66353, 0.11910, 0.21738, 0.21739, 0.78261
-3.92241, -2.87963, 0.78273, 4.92852, -2.50831, 1.41130, 9.00000, 498102.00000, 223490.00000, 350136.66667, 12752429526.66667, 112926.65552, 0.91102, 0.65841, 0.46938, -0.12779, 0.33333, 0.66667
-3.92241, -2.87963, -0.78273, 4.92852, -2.50831, 1.73029, 8.00000, 498543.00000, 68094.00000, 310056.25000, 25323571202.93750, 159133.81540, 0.91102, 0.52439, 0.37383, 0.10178, 0.25000, 0.75000
-3.18882, -3.75791, 0.00000, 4.92853, -2.27446, 1.57080, 3.00000, 351182.00000, 244036.00000, 286222.33333, 2172689908.22222, 46612.12190, 0.90081, 0.46930, 0.53070, 0.00000, 0.33333, 0.66667
-3.73035, -3.21637, 0.00000, 4.92550, -2.43005, 1.57080, 4.00000, 310857.00000, 165177.00000, 215828.25000, 3158252481.68750, 56198.33166, 0.94766, 0.52918, 0.47082, -0.00000, 0.50000, 0.50000
-4.83686, -0.87622, 0.00000, 4.91558, -2.96238, 1.57080, 12.00000, 372142.00000, 51824.00000, 205406.75000, 11932479650.68750, 109235.88994, 1.08598, 0.84303, 0.15697, -0.00000, 0.50000, 0.50000
-4.35121, -2.14766, -0.78579, 4.91558, -2.68310, 1.73134, 9.00000, 424588.00000, 98263.00000, 207984.33333, 13918182155.11111, 117975.34554, 1.08598, 0.60022, 0.29439, 0.10538, 0.33333, 0.66667
-4.35121, -2.14766, 0.78579, 4.91558, -2.68310, 1.41025, 5.00000, 409016.00000, 81333.00000, 260358.00000, 12209268394.80000, 110495.55826, 1.08598, 0.76051, 0.37301, -0.13352, 0.20000, 0.80000
-4.58794, -1.75244, 0.00000, 4.91123, -2.77673, 1.57080, 7.00000, 441081.00000, 116925.00000, 243747.14286, 14678451856.97959, 121154.66090, 1.14286, 0.72361, 0.27639, -0.00000, 0.42857, 0.57143
-3.75791, 0.00000, -3.18882, 4.92853, 3.14159, 2.27446, 56.00000, 396059.00000, 21376.00000, 116988.73214, 7526533596.30325, 86755.59692, 0.90081, 0.53070, -0.00000, 0.46930, 0.14286, 0.85714
-2.87963, 0.78273, -3.92241, 4.92852, 2.87619, 2.49122, 110.00000, 415368.00000, 11809.00000, 112027.64545, 10439827360.33793, 102175.47338, 0.91102, 0.46938, -0.12779, 0.65841, 0.14545, 0.85455
-2.87963, -0.78273, -3.92241, 4.92852, -2.87619, 2.49122, 40.00000, 473487.00000, 26860.00000, 206686.55000, 21589998896.14750, 146935.35618, 0.91102, 0.37383, 0.10178, 0.52439, 0.10000, 0.90000
-3.21637, 0.00000, -3.73035, 4.92550, 3.14159, 2.43005, 50.00000, 420098.00000, 19275.00000, 133504.06000, 11449115493.93640, 107000.53969, 0.94766, 0.47082, 0.00000, 0.52918, 0.14000, 0.86000
-1.70460, 1.50894, -4.37124, 4.92852, 2.41700, 2.66145, 91.00000, 432168.00000, 14126.00000, 118546.82418, 9823034225.22183, 99111.22149, 0.91102, 0.37091, -0.30980, 0.93889, 0.20879, 0.79121
-0.43315, 2.05481, -4.45876, 4.92853, 1.77855, 2.70143, 61.00000, 476007.00000, 18548.00000, 134385.57377, 10713003944.76915, 103503.64218, 0.90081, 0.16379, -0.65917, 1.49537, 0.21311, 0.78689
-0.43811, 0.72621, -4.85499, 4.92852, 2.11363, 2.96865, 44.00000, 480799.00000, 18466.00000, 148036.75000, 14882193240.32386, 121992.59502, 0.91102, 0.10419, -0.14496, 1.04077, 0.20455, 0.79545
-0.87126, 1.44936, -4.62611, 4.92550, 2.11205, 2.79113, 62.00000, 473807.00000, 20772.00000, 135324.33871, 12369993693.96592, 111220.47336, 0.94766, 0.21070, -0.38457, 1.17386, 0.24194, 0.75806
-1.70460, -1.50894, -4.37124, 4.92852, -2.41700, 2.66145, 30.00000, 496805.00000, 44206.00000, 182656.50000, 17237653398.58333, 131292.24424, 0.91102, 0.22901, 0.19128, 0.57970, 0.20000, 0.80000
-0.43811, -0.72621, -4.85499, 4.92852, -2.11363, 2.96865, 28.00000, 462320.00000, 53515.00000, 198912.96429, 11338070815.96301, 106480.37761, 0.91102, 0.08077, 0.11238, 0.80685, 0.17857, 0.82143
-0.43315, -2.05481, -4.45876, 4.92853, -1.77855, 2.70143, 8.00000, 432192.00000, 113938.00000, 240802.00000, 10034497604.75000, 100172.33952, 0.90081, 0.07065, 0.28433, 0.64502, 0.25000, 0.75000
-0.87126, -1.44936, -4.62611, 4.92550, -2.11205, 2.79113, 14.00000, 301718.00000, 38005.00000, 159838.35714, 6820090274.22959, 82583.83785, 0.94766, 0.11910, 0.21738, 0.66353, 0.21429, 0.78571
-2.14766, 0.78579, -4.35121, 4.91558, 2.79084, 2.65769, 56.00000, 358817.00000, 22801.00000, 107731.57143, 5196951441.81633, 72089.88446, 1.08598, 0.37301, -0.13352, 0.76051, 0.10714, 0.89286
-0.87622, 0.00000, -4.83686, 4.91558, 3.14159, 2.96238, 38.00000, 470439.00000, 28885.00000, 167224.18421, 14950934217.09765, 122274.01284, 1.08598, 0.15697, 0.00000, 0.84303, 0.18421, 0.81579
-2.14766, -0.78579, -4.35121, 4.91558, -2.79084, 2.65769, 34.00000, 484580.00000, 22572.00000, 199812.38235, 19114855954.76557, 138256.48612, 1.08598, 0.29439, 0.10538, 0.60022, 0.23529, 0.76471
-1.75244, 0.00000, -4.58794, 4.91123, 3.14159, 2.77673, 44.00000, 489380.00000, 25666.00000, 158284.11364, 13651867053.23709, 116841.20443, 1.14286, 0.27639, 0.00000, 0.72361, 0.15909, 0.84091
0.70086, 2.75567, -4.02561, 4.92853, 1.32174, 2.52663, 38.00000, 479965.00000, 31270.00000, 166389.05263, 10683452868.41828, 103360.78980, 0.90081, -1.86160, -6.49176, 9.35336, 0.34211, 0.65789
1.49161, 3.48430, -3.15040, 4.92852, 1.16631, 2.26428, 34.00000, 473678.00000, 21383.00000, 190482.47059, 15501091090.13149, 124503.37783, 0.91102, 0.81587, 1.82322, -1.63909, 0.50000, 0.50000
1.97536, 2.21782, -3.93313, 4.92852, 0.84316, 2.49482, 27.00000, 496575.00000, 46150.00000, 214204.33333, 13236811257.92592, 115051.34183, 0.91102, 5.51065, 6.05607, -10.56672, 0.40741, 0.59259
1.40973, 2.85909, -3.75484, 4.92550, 1.11271, 2.43770, 21.00000, 340986.00000, 43072.00000, 158978.14286, 9525057075.45578, 97596.39889, 0.94766, 3.30198, 7.02665, -9.32863, 0.28571, 0.71429
2.21782, 3.93313, -1.97536, 4.92852, 1.05736, 1.98319, 16.00000, 497691.00000, 44856.00000, 139860.43750, 11704683139.12109, 108188.18392, 0.91102, 0.54500, 0.95092, -0.49591, 0.81250, 0.18750
2.75567, 4.02561, -0.70086, 4.92853, 0.97053, 1.71348, 11.00000, 484237.00000, 74917.00000, 250572.63636, 19956297645.86777, 141266.76058, 0.90081, 0.46424, 0.66888, -0.13313, 0.45455, 0.54545
3.48430, 3.15040, -1.49161, 4.92852, 0.73511, 1.87827, 13.00000, 458647.00000, 68206.00000, 260680.84615, 14879295182.43787, 121980.71644, 0.91102, 0.68893, 0.61936, -0.30829, 0.61538, 0.38462
2.85909, 3.75484, -1.40973, 4.92550, 0.92001, 1.86107, 13.00000, 471046.00000, 68518.00000, 198115.53846, 15395474919.63314, 124078.50305, 0.94766, 0.53830, 0.71466, -0.25296, 0.76923, 0.23077
3.15040, 1.49161, -3.48430, 4.92852, 0.44220, 2.35600, 10.00000, 408220.00000, 68660.00000, 249217.40000, 14603803950.44000, 120846.19957, 0.91102, 2.59457, 1.29147, -2.88604, 0.40000, 0.60000
3.93313, 1.97536, -2.21782, 4.92852, 0.46544, 2.03756, 4.00000, 325363.00000, 136943.00000, 224582.00000, 5814336531.50000, 76251.79691, 0.91102, 1.05443, 0.54989, -0.60432, 0.50000, 0.50000
4.02561, 0.70086, -2.75567, 4.92853, 0.17237, 2.16413, 3.00000, 477873.00000, 174963.00000, 342839.33333, 15831731726.88889, 125824.20962, 0.90081, 1.98030, 0.39414, -1.37444, 0.33333, 0.66667
3.75484, 1.40973, -2.85909, 4.92550, 0.35916, 2.19010, 12.00000, 445508.00000, 118195.00000, 242910.00000, 7902828127.00000, 88897.85221, 0.94766, 1.66465, 0.58922, -1.25387, 0.75000, 0.25000
2.20355, 3.47499, -2.68919, 4.91558, 1.00567, 2.14966, 13.00000, 363884.00000, 39117.00000, 186186.76923, 11625892899.10059, 107823.43391, 1.08598, 0.74373, 1.15838, -0.90211, 0.53846, 0.46154
3.47499, 2.68919, -2.20355, 4.91558, 0.65860, 2.03563, 9.00000, 314133.00000, 56701.00000, 222416.88889, 7708963028.98765, 87800.70062, 1.08598, 0.87972, 0.68510, -0.56481, 0.66667, 0.33333
2.68919, 2.20355, -3.47499, 4.91558, 0.68646, 2.35595, 12.00000, 461895.00000, 132137.00000, 273206.25000, 9465660783.18750, 97291.62751, 1.08598, 1.85065, 1.52573, -2.37638, 0.58333, 0.41667
2.83550, 2.83550, -2.83550, 4.91123, 0.78540, 2.18628, 14.00000, 457892.00000, 47053.00000, 192357.35714, 11992196928.22959, 109508.88972, 1.14286, 1.00000, 1.00000, -1.00000, 0.42857, 0.57143
2.75567, -4.02561, 0.70086, 4.92853, -0.97053, 1.42811, 0.00000, 0.00000, 0.00000, 0.00000, 0.00000, 0.00000, 0.90081, -6.49176, 9.35336, -1.86160, 0.00000, 0.00000
3.48430, -3.15040, 1.49161, 4.92852, -0.73511, 1.26333, 1.00000, 476805.00000, 476805.00000, 476805.00000, 0.00000, 0.00000, 0.91102, 1.82322, -1.63909, 0.81587, 1.00000, 0.00000
2.21782, -3.93313, 1.97536, 4.92852, -1.05736, 1.15840, 0.00000, 0.00000, 0.00000, 0.00000, 0.00000, 0.00000, 0.91102, 6.05607, -10.56672, 5.51065, 0.00000, 0.00000
2.85909, -3.75484, 1.40973, 4.92550, -0.92001, 1.28053, 0.00000, 0.00000, 0.00000, 0.00000, 0.00000, 0.00000, 0.94766, 7.02665, -9.32863, 3.30198, 0.00000, 0.00000
3.93313, -1.97536, 2.21782, 4.92852, -0.46544, 1.10403, 0.00000, 0.00000, 0.00000, 0.00000, 0.00000, 0.00000, 0.91102, 0.95092, -0.49591, 0.54500, 0.00000, 0.00000
4.02561, -0.70086, 2.75567, 4.92853, -0.17237, 0.97747, 0.00000, 0.00000, 0.00000, 0.00000, 0.00000, 0.00000, 0.90081, 0.66888, -0.13313, 0.46424, 0.00000, 0.00000
3.15040, -1.49161, 3.48430, 4.92852, -0.44220, 0.78559, 0.00000, 0.00000, 0.00000, 0.00000, 0.00000, 0.00000, 0.91102, 0.61936, -0.30829, 0.68893, 0.00000, 0.00000
3.75484, -1.40973, 2.85909, 4.92550, -0.35916, 0.95149, 0.00000, 0.00000, 0.00000, 0.00000, 0.00000, 0.00000, 0.94766, 0.71466, -0.25296, 0.53830, 0.00000, 0.00000
1.49161, -3.48430, 3.15040, 4.92852, -1.16631, 0.87732, 0.00000, 0.00000, 0.00000, 0.00000, 0.00000, 0.00000, 0.91102, 1.29147, -2.88604, 2.59457, 0.00000, 0.00000
1.97536, -2.21782, 3.93313, 4.92852, -0.84316, 0.64677, 0.00000, 0.00000, 0.00000, 0.00000, 0.00000, 0.00000, 0.91102, 0.54989, -0.60432, 1.05443, 0.00000, 0.00000
0.70086, -2.75567, 4.02561, 4.92853, -1.32174, 0.61496, 1.00000, 335735.00000, 335735.00000, 335735.00000, 0.00000, 0.00000, 0.90081, 0.39414, -1.37444, 1.98030, 1.00000, 0.00000
1.40973, -2.85909, 3.75484, 4.92550, -1.11271, 0.70390, 1.00000, 490183.00000, 490183.00000, 490183.00000, 0.00000, 0.00000, 0.94766, 0.58922, -1.25387, 1.66465, 0.00000, 1.00000
3.47499, -2.68919, 2.20355, 4.91558, -0.65860, 1.10596, 0.00000, 0.00000, 0.00000, 0.00000, 0.00000, 0.00000, 1.08598, 1.15838, -0.90211, 0.74373, 0.00000, 0.00000
2.68919, -2.20355, 3.47499, 4.91558, -0.68646, 0.78564, 0.00000, 0.00000, 0.00000, 0.00000, 0.00000, 0.00000, 1.08598, 0.68510, -0.56481, 0.87972, 0.00000, 0.00000
2.20355, -3.47499, 2.68919, 4.91558, -1.00567, 0.99193, 0.00000, 0.00000, 0.00000, 0.00000, 0.00000, 0.00000, 1.08598, 1.52573, -2.37638, 1.85065, 0.00000, 0.00000
2.83550, -2.83550, 2.83550, 4.91123, -0.78540, 0.95532, 1.00000, 220041.00000, 220041.00000, 220041.00000, 0.00000, 0.00000, 1.14286, 1.00000, -1.00000, 1.00000, 0.00000, 1.00000
2.05481, -4.45876, 0.43315, 4.92853, -1.13896, 1.48280, 0.00000, 0.00000, 0.00000, 0.00000, 0.00000, 0.00000, 0.90081, -0.98030, 2.22389, -0.24359, 0.00000, 0.00000
1.50894, -4.37124, 1.70460, 4.92852, -1.23841, 1.21764, 1.00000, 406532.00000, 406532.00000, 406532.00000, 0.00000, 0.00000, 0.91102, -1.19997, 3.63662, -1.43665, 0.00000, 1.00000
0.72621, -4.85499, 0.43811, 4.92852, -1.42232, 1.48179, 1.00000, 349157.00000, 349157.00000, 349157.00000, 0.00000, 0.00000, 0.91102, -0.18312, 1.31474, -0.13162, 1.00000, 0.00000
1.44936, -4.62611, 0.87126, 4.92550, -1.26718, 1.39297, 0.00000, 0.00000, 0.00000, 0.00000, 0.00000, 0.00000, 0.94766, -0.66465, 2.02881, -0.36416, 0.00000, 0.00000
0.78273, -3.92241, 2.87963, 4.92852, -1.37383, 0.94680, 0.00000, 0.00000, 0.00000, 0.00000, 0.00000, 0.00000, 0.91102, -2.08678, 10.75154, -7.66476, 0.00000, 0.00000
0.00000, -3.18882, 3.75791, 4.92853, -1.57080, 0.70366, 1.00000, 431646.00000, 431646.00000, 431646.00000, 0.00000, 0.00000, 0.90081, 0.00000, -7.64229, 8.64229, 0.00000, 1.00000
-0.78273, -3.92241, 2.87963, 4.92852, -1.76776, 0.94680, 0.00000, 0.00000, 0.00000, 0.00000, 0.00000, 0.00000, 0.91102, 0.40335, 2.07817, -1.48153, 0.00000, 0.00000
0.00000, -3.73035, 3.21637, 4.92550, -1.57080, 0.85925, 0.00000, 0.00000, 0.00000, 0.00000, 0.00000, 0.00000, 0.94766, -0.00000, 9.06739, -8.06739, 0.00000, 0.00000
-0.72621, -4.85499, 0.43811, 4.92852, -1.71928, 1.48179, 3.00000, 425958.00000, 269703.00000, 366504.33333, 4766694940.22222, 69041.25535, 0.91102, 0.13403, 0.96230, -0.09634, 0.66667, 0.33333
-1.50894, -4.37124, 1.70460, 4.92852, -1.90319, 1.21764, 5.00000, 469782.00000, 262924.00000, 396909.60000, 6370035633.84000, 79812.50299, 0.91102, 0.35294, 1.06961, -0.42255, 0.80000, 0.20000
-2.05481, -4.45876, 0.43315, 4.92853, -2.00263, 1.48280, 1.00000, 117294.00000, 117294.00000, 117294.00000, 0.00000, 0.00000, 0.90081, 0.33112, 0.75116, -0.08228, 1.00000, 0.00000
-1.44936, -4.62611, 0.87126, 4.92550, -1.87441, 1.39297, 1.00000, 275512.00000, 275512.00000, 275512.00000, 0.00000, 0.00000, 0.94766, 0.28534, 0.87099, -0.15634, 1.00000, 0.00000
0.78579, -4.35121, 2.14766, 4.91558, -1.39213, 1.11864, 1.00000, 298259.00000, 298259.00000, 298259.00000, 0.00000, 0.00000, 1.08598, -0.52573, 2.99442, -1.46868, 0.00000, 1.00000
-0.78579, -4.35121, 2.14766, 4.91558, -1.74946, 1.11864, 0.00000, 0.00000, 0.00000, 0.00000, 0.00000, 0.00000, 1.08598, 0.25627, 1.45965, -0.71592, 0.00000, 0.00000
0.00000, -4.83686, 0.87622, 4.91558, -1.57080, 1.39159, 0.00000, 0.00000, 0.00000, 0.00000, 0.00000, 0.00000, 1.08598, -0.00000, 1.22879, -0.22879, 0.00000, 0.00000
0.00000, -4.58794, 1.75244, 4.91123, -1.57080, 1.20593, 0.00000, 0.00000, 0.00000, 0.00000, 0.00000, 0.00000, 1.14286, -0.00000, 1.61803, -0.61803, 0.00000, 0.00000
2.05481, -4.45876, -0.43315, 4.92853, -1.13896, 1.65880, 0.00000, 0.00000, 0.00000, 0.00000, 0.00000, 0.00000, 0.90081, -0.65917, 1.49537, 0.16379, 0.00000, 0.00000
0.72621, -4.85499, -0.43811, 4.92852, -1.42232, 1.65981, 0.00000, 0.00000, 0.00000, 0.00000, 0.00000, 0.00000, 0.91102, -0.14496, 1.04077, 0.10419, 0.00000, 0.00000
1.50894, -4.37124, -1.70460, 4.92852, -1.23841, 1.92396, 1.00000, 263958.00000, 263958.00000, 263958.00000, 0.00000, 0.00000, 0.91102, -0.30980, 0.93889, 0.37091, 0.00000, 1.00000
1.44936, -4.62611, -0.87126, 4.92550, -1.26718, 1.74862, 2.00000, 347050.00000, 318863.00000, 332956.50000, 198626742.25000, 14093.50000, 0.94766, -0.38457, 1.17386, 0.21070, 0.00000, 1.00000
-0.72621, -4.85499, -0.43811, 4.92852, -1.71928, 1.65981, 0.00000, 0.00000, 0.00000, 0.00000, 0.00000, 0.00000, 0.91102, 0.11238, 0.80685, 0.08077, 0.00000, 0.00000
-2.05481, -4.45876, -0.43315, 4.92853, -2.00263, 1.65880, 2.00000, 296607.00000, 218676.00000, 257641.50000, 1518310190.25000, 38965.50000, 0.90081, 0.28433, 0.64502, 0.07065, 0.00000, 1.00000
-1.50894, -4.37124, -1.70460, 4.92852, -1.90319, 1.92396, 5.00000, 449189.00000, 323835.00000, 391739.20000, 1614530171.36000, 40181.21665, 0.91102, 0.19128, 0.57970, 0.22901, 0.20000, 0.80000
-1.44936, -4.62611, -0.87126, 4.92550, -1.87441, 1.74862, 1.00000, 243670.00000, 243670.00000, 243670.00000, 0.00000, 0.00000, 0.94766, 0.21738, 0.66353, 0.11910, 0.00000, 1.00000
0.78273, -3.92241, -2.87963, 4.92852, -1.37383, 2.19479, 6.00000, 464410.00000, 42441.00000, 283855.33333, 16685515267.22222, 129172.42456, 0.91102, -0.12779, 0.65841, 0.46938, 0.00000, 1.00000
-0.78273, -3.92241, -2.87963, 4.92852, -1.76776, 2.19479, 4.00000, 393673.00000, 117951.00000, 278621.75000, 14259115301.68750, 119411.53756, 0.91102, 0.10178, 0.52439, 0.37383, 0.50000, 0.50000
0.00000, -3.18882, -3.75791, 4.92853, -1.57080, 2.43793, 5.00000, 257297.00000, 137827.00000, 186081.00000, 1812352936.40000, 42571.73871, 0.90081, 0.00000, 0.46930, 0.53070, 0.20000, 0.80000
0.00000, -3.73035, -3.21637, 4.92550, -1.57080, 2.28234, 3.00000, 351119.00000, 238349.00000, 299719.66667, 2169225894.22222, 46574.94921, 0.94766, -0.00000, 0.52918, 0.47082, 0.33333, 0.66667
0.00000, -4.83686, -0.87622, 4.91558, -1.57080, 1.75001, 4.00000, 462238.00000, 129383.00000, 274171.00000, 20392154763.50000, 142801.10211, 1.08598, -0.00000, 0.84303, 0.15697, 0.25000, 0.75000
-0.78579, -4.35121, -2.14766, 4.91558, -1.74946, 2.02296, 2.00000, 481183.00000, 318523.00000, 399853.00000, 6614568900.00000, 81330.00000, 1.08598, 0.10538, 0.60022, 0.29439, 0.00000, 1.00000
0.78579, -4.35121, -2.14766, 4.91558, -1.39213, 2.02296, 1.00000, 159246.00000, 159246.00000, 159246.00000, 0.00000, 0.00000, 1.08598, -0.13352, 0.76051, 0.37301, 1.00000, 0.00000
0.00000, -4.58794, -1.75244, 4.91123, -1.57080, 1.93566, 1.00000, 136561.00000, 136561.00000, 136561.00000, 0.00000, 0.00000, 1.14286, -0.00000, 0.72361, 0.27639, 0.00000, 1.00000
2.75567, -4.02561, -0.70086, 4.92853, -0.97053, 1.71348, 1.00000, 331909.00000, 331909.00000, 331909.00000, 0.00000, 0.00000, 0.90081, -1.37444, 1.98030, 0.39414, 0.00000, 1.00000
2.21782, -3.93313, -1.97536, 4.92852, -1.05736, 1.98319, 2.00000, 424505.00000, 179672.00000, 302088.50000, 14985799472.25000, 122416.50000, 0.91102, -0.60432, 1.05443, 0.54989, 0.00000, 1.00000
3.48430, -3.15040, -1.49161, 4.92852, -0.73511, 1.87827, 2.00000, 307467.00000, 249370.00000, 278418.50000, 843815352.25000, 29048.50000, 0.91102, -2.88604, 2.59457, 1.29147, 0.50000, 0.50000
2.85909, -3.75484, -1.40973, 4.92550, -0.92001, 1.86107, 0.00000, 0.00000, 0.00000, 0.00000, 0.00000, 0.00000, 0.94766, -1.25387, 1.66465, 0.58922, 0.00000, 0.00000
1.49161, -3.48430, -3.15040, 4.92852, -1.16631, 2.26428, 3.00000, 369171.00000, 121083.00000, 273756.66667, 11897258250.88889, 109074.55364, 0.91102, -0.30829, 0.68893, 0.61936, 0.00000, 1.00000
0.70086, -2.75567, -4.02561, 4.92853, -1.32174, 2.52663, 5.00000, 445344.00000, 69165.00000, 220856.40000, 22577865233.04000, 150259.32661, 0.90081, -0.13313, 0.46424, 0.66888, 0.00000, 1.00000
1.97536, -2.21782, -3.93313, 4.92852, -0.84316, 2.49482, 6.00000, 481329.00000, 94282.00000, 281320.50000, 17768995612.91667, 133300.39615, 0.91102, -0.49591, 0.54500, 0.95092, 0.16667, 0.83333
1.40973, -2.85909, -3.75484, 4.92550, -1.11271, 2.43770, 3.00000, 415317.00000, 161866.00000, 264831.66667, 11835294260.22222, 108790.13862, 0.94766, -0.25296, 0.53830, 0.71466, 0.00000, 1.00000
3.93313, -1.97536, -2.21782, 4.92852, -0.46544, 2.03756, 0.00000, 0.00000, 0.00000, 0.00000, 0.00000, 0.00000, 0.91102, -10.56672, 5.51065, 6.05607, 0.00000, 0.00000
3.15040, -1.49161, -3.48430, 4.92852, -0.44220, 2.35600, 1.00000, 318980.00000, 318980.00000, 318980.00000, 0.00000, 0.00000, 0.91102, -1.63909, 0.81587, 1.82322, 0.00000, 1.00000
4.02561, -0.70086, -2.75567, 4.92853, -0.17237, 2.16413, 4.00000, 430341.00000, 168753.00000, 284641.25000, 10965447354.18750, 104716.03198, 0.90081, 9.35336, -1.86160, -6.49176, 0.25000, 0.75000
3.75484, -1.40973, -2.85909, 4.92550, -0.35916, 2.19010, 2.00000, 440075.00000, 356804.00000, 398439.50000, 1733514860.25000, 41635.50000, 0.94766, -9.32863, 3.30198, 7.02665, 1.00000, 0.00000
2.20355, -3.47499, -2.68919, 4.91558, -1.00567, 2.14966, 0.00000, 0.00000, 0.00000, 0.00000, 0.00000, 0.00000, 1.08598, -0.56481, 0.87972, 0.68510, 0.00000, 0.00000
2.68919, -2.20355, -3.47499, 4.91558, -0.68646, 2.35595, 3.00000, 475764.00000, 205081.00000, 302156.33333, 15140146770.88889, 123045.30373, 1.08598, -0.90211, 0.74373, 1.15838, 0.00000, 1.00000
3.47499, -2.68919, -2.20355, 4.91558, -0.65860, 2.03563, 1.00000, 210018.00000, 210018.00000, 210018.00000, 0.00000, 0.00000, 1.08598, -2.37638, 1.85065, 1.52573, 0.00000, 1.00000
2.83550, -2.83550, -2.83550, 4.91123, -0.78540, 2.18628, 5.00000, 492493.00000, 85329.00000, 251238.00000, 18210540528.80000, 134946.43578, 1.14286, -1.00000, 1.00000, 1.00000, 0.20000, 0.80000
3.18882, -3.75791, 0.00000, 4.92853, -0.86714, 1.57080, 0.00000, 0.00000, 0.00000, 0.00000, 0.00000, 0.00000, 0.90081, -7.64229, 8.64229, -0.00000, 0.00000, 0.00000
3.92241, -2.87963, -0.78273, 4.92852, -0.63328, 1.73029, 1.00000, 297292.00000, 297292.00000, 297292.00000, 0.00000, 0.00000, 0.91102, 10.75154, -7.66476, -2.08678, 0.00000, 1.00000
3.92241, -2.87963, 0.78273, 4.92852, -0.63328, 1.41130, 0.00000, 0.00000, 0.00000, 0.00000, 0.00000, 0.00000, 0.91102, 2.07817, -1.48153, 0.40335, 0.00000, 0.00000
3.73035, -3.21637, 0.00000, 4.92550, -0.71154, 1.57080, 1.00000, 287783.00000, 287783.00000, 287783.00000, 0.00000, 0.00000, 0.94766, 9.06739, -8.06739, 0.00000, 0.00000, 1.00000
4.37124, -1.70460, -1.50894, 4.92852, -0.37182, 1.88196, 0.00000, 0.00000, 0.00000, 0.00000, 0.00000, 0.00000, 0.91102, 3.63662, -1.43665, -1.19997, 0.00000, 0.00000
4.45876, -0.43315, -2.05481, 4.92853, -0.09684, 2.00085, 2.00000, 325469.00000, 161421.00000, 243445.00000, 6727936576.00000, 82024.00000, 0.90081, 2.22389, -0.24359, -0.98030, 1.00000, 0.00000
4.85499, -0.43811, -0.72621, 4.92852, -0.09000, 1.71868, 0.00000, 0.00000, 0.00000, 0.00000, 0.00000, 0.00000, 0.91102, 1.31474, -0.13162, -0.18312, 0.00000, 0.00000
4.62611, -0.87126, -1.44936, 4.92550, -0.18616, 1.86947, 1.00000, 170360.00000, 170360.00000, 170360.00000, 0.00000, 0.00000, 0.94766, 2.02881, -0.36416, -0.66465, 0.00000, 1.00000
4.37124, -1.70460, 1.50894, 4.92852, -0.37182, 1.25963, 0.00000, 0.00000, 0.00000, 0.00000, 0.00000, 0.00000, 0.91102, 1.06961, -0.42255, 0.35294, 0.00000, 0.00000
4.85499, -0.43811, 0.72621, 4.92852, -0.09000, 1.42291, 1.00000, 449233.00000, 449233.00000, 449233.00000, 0.00000, 0.00000, 0.91102, 0.96230, -0.09634, 0.13403, 0.00000, 1.00000
4.45876, -0.43315, 2.05481, 4.92853, -0.09684, 1.14074, 2.00000, 420123.00000, 222711.00000, 321417.00000, 9742874436.00000, 98706.00000, 0.90081, 0.75116, -0.08228, 0.33112, 1.00000, 0.00000
4.62611, -0.87126, 1.44936, 4.92550, -0.18616, 1.27212, 1.00000, 415542.00000, 415542.00000, 415542.00000, 0.00000, 0.00000, 0.94766, 0.87099, -0.15634, 0.28534, 1.00000, 0.00000
4.35121, -2.14766, -0.78579, 4.91558, -0.45850, 1.73134, 0.00000, 0.00000, 0.00000, 0.00000, 0.00000, 0.00000, 1.08598, 2.99442, -1.46868, -0.52573, 0.00000, 0.00000
4.83686, -0.87622, 0.00000, 4.91558, -0.17921, 1.57080, 2.00000, 266827.00000, 118506.00000, 192666.50000, 5499779760.25000, 74160.50000, 1.08598, 1.22879, -0.22879, 0.00000, 0.00000, 1.00000
4.35121, -2.14766, 0.78579, 4.91558, -0.45850, 1.41025, 1.00000, 344782.00000, 344782.00000, 344782.00000, 0.00000, 0.00000, 1.08598, 1.45965, -0.71592, 0.25627, 1.00000, 0.00000
4.58794, -1.75244, 0.00000, 4.91123, -0.36486, 1.57080, 0.00000, 0.00000, 0.00000, 0.00000, 0.00000, 0.00000, 1.14286, 1.61803, -0.61803, 0.00000, 0.00000, 0.00000
0.43315, -2.05481, 4.45876, 4.92853, -1.36304, 0.44016, 2.00000, 429628.00000, 362473.00000, 396050.50000, 1127448506.25000, 33577.50000, 0.90081, 0.16379, -0.65917, 1.49537, 1.00000, 0.00000
1.70460, -1.50894, 4.37124, 4.92852, -0.72459, 0.48015, 0.00000, 0.00000, 0.00000, 0.00000, 0.00000, 0.00000, 0.91102, 0.37091, -0.30980, 0.93889, 0.00000, 0.00000
0.43811, -0.72621, 4.85499, 4.92852, -1.02797, 0.17295, 0.00000, 0.00000, 0.00000, 0.00000, 0.00000, 0.00000, 0.91102, 0.10419, -0.14496, 1.04077, 0.00000, 0.00000
0.87126, -1.44936, 4.62611, 4.92550, -1.02954, 0.35046, 1.00000, 163881.00000, 163881.00000, 163881.00000, 0.00000, 0.00000, 0.94766, 0.21070, -0.38457, 1.17386, 0.00000, 1.00000
2.87963, -0.78273, 3.92241, 4.92852, -0.26540, 0.65037, 0.00000, 0.00000, 0.00000, 0.00000, 0.00000, 0.00000, 0.91102, 0.46938, -0.12779, 0.65841, 0.00000, 0.00000
3.75791, 0.00000, 3.18882, 4.92853, 0.00000, 0.86714, 0.00000, 0.00000, 0.00000, 0.00000, 0.00000, 0.00000, 0.90081, 0.53070, -0.00000, 0.46930, 0.00000, 0.00000
2.87963, 0.78273, 3.92241, 4.92852, 0.26540, 0.65037, 2.00000, 363786.00000, 210076.00000, 286931.00000, 5906691025.00000, 76855.00000, 0.91102, 0.37383, 0.10178, 0.52439, 1.00000, 0.00000
3.21637, 0.00000, 3.73035, 4.92550, 0.00000, 0.71154, 1.00000, 351796.00000, 351796.00000, 351796.00000, 0.00000, 0.00000, 0.94766, 0.47082, -0.00000, 0.52918, 1.00000, 0.00000
0.43811, 0.72621, 4.85499, 4.92852, 1.02797, 0.17295, 2.00000, 400937.00000, 391187.00000, 396062.00000, 23765625.00000, 4875.00000, 0.91102, 0.08077, 0.11238, 0.80685, 1.00000, 0.00000
1.70460, 1.50894, 4.37124, 4.92852, 0.72459, 0.48015, 3.00000, 419057.00000, 196588.00000, 307539.66667, 8248902649.55555, 90823.46971, 0.91102, 0.22901, 0.19128, 0.57970, 1.00000, 0.00000
0.43315, 2.05481, 4.45876, 4.92853, 1.36304, 0.44016, 4.00000, 361915.00000, 159109.00000, 301154.25000, 6869418235.68750, 82881.95362, 0.90081, 0.07065, 0.28433, 0.64502, 1.00000, 0.00000
0.87126, 1.44936, 4.62611, 4.92550, 1.02954, 0.35046, 2.00000, 343621.00000, 147676.00000, 245648.50000, 9598610756.25000, 97972.50000, 0.94766, 0.11910, 0.21738, 0.66353, 0.50000, 0.50000
2.14766, -0.78579, 4.35121, 4.91558, -0.35075, 0.48390, 1.00000, 412141.00000, 412141.00000, 412141.00000, 0.00000, 0.00000, 1.08598, 0.37301, -0.13352, 0.76051, 1.00000, 0.00000
2.14766, 0.78579, 4.35121, 4.91558, 0.35075, 0.48390, 2.00000, 449305.00000, 439148.00000, 444226.50000, 25791162.25000, 5078.50000, 1.08598, 0.29439, 0.10538, 0.60022, 1.00000, 0.00000
0.87622, 0.00000, 4.83686, 4.91558, 0.00000, 0.17921, 3.00000, 398648.00000, 187111.00000, 305652.00000, 7784257240.66667, 88228.43782, 1.08598, 0.15697, -0.00000, 0.84303, 1.00000, 0.00000
1.75244, 0.00000, 4.58794, 4.91123, 0.00000, 0.36486, 0.00000, 0.00000, 0.00000, 0.00000, 0.00000, 0.00000, 1.14286, 0.27639, 0.00000, 0.72361, 0.00000, 0.00000
-2.75567, -4.02561, 0.70086, 4.92853, -2.17107, 1.42811, 3.00000, 448241.00000, 202511.00000, 363074.00000, 12906150558.00000, 113605.24001, 0.90081, 0.46424, 0.66888, -0.13313, 0.00000, 1.00000
-2.21782, -3.93313, 1.97536, 4.92852, -2.08423, 1.15840, 2.00000, 433280.00000, 352741.00000, 393010.50000, 1621632630.25000, 40269.50000, 0.91102, 0.54500, 0.95092, -0.49591, 0.00000, 1.00000
-3.48430, -3.15040, 1.49161, 4.92852, -2.40648, 1.26333, 4.00000, 471888.00000, 274919.00000, 371734.50000, 4852454056.25000, 69659.55825, 0.91102, 0.68893, 0.61936, -0.30829, 0.50000, 0.50000
-2.85909, -3.75484, 1.40973, 4.92550, -2.22158, 1.28053, 1.00000, 336251.00000, 336251.00000, 336251.00000, 0.00000, 0.00000, 0.94766, 0.53830, 0.71466, -0.25296, 1.00000, 0.00000
-1.49161, -3.48430, 3.15040, 4.92852, -1.97528, 0.87732, 2.00000, 456289.00000, 366457.00000, 411373.00000, 2017447056.00000, 44916.00000, 0.91102, 0.81587, 1.82322, -1.63909, 0.50000, 0.50000
-0.70086, -2.75567, 4.02561, 4.92853, -1.81985, 0.61496, 1.00000, 177257.00000, 177257.00000, 177257.00000, 0.00000, 0.00000, 0.90081, -1.86160, -6.49176, 9.35336, 1.00000, 0.00000
-1.97536, -2.21782, 3.93313, 4.92852, -2.29844, 0.64677, 2.00000, 437410.00000, 210797.00000, 324103.50000, 12838362942.25000, 113306.50000, 0.91102, 5.51065, 6.05607, -10.56672, 0.50000, 0.50000
-1.40973, -2.85909, 3.75484, 4.92550, -2.02888, 0.70390, 2.00000, 492470.00000, 415568.00000, 454019.00000, 1478479401.00000, 38451.00000, 0.94766, 3.30198, 7.02665, -9.32863, 0.00000, 1.00000
-3.93313, -1.97536, 2.21782, 4.92852, -2.67616, 1.10403, 3.00000, 464743.00000, 207724.00000, 309398.33333, 12450046733.55556, 111579.77744, 0.91102, 1.05443, 0.54989, -0.60432, 0.33333, 0.66667
-3.15040, -1.49161, 3.48430, 4.92852, -2.69940, 0.78559, 3.00000, 397204.00000, 198102.00000, 313290.33333, 7095986788.22222, 84237.68034, 0.91102, 2.59457, 1.29147, -2.88604, 0.00000, 1.00000
-4.02561, -0.70086, 2.75567, 4.92853, -2.96922, 0.97747, 8.00000, 329979.00000, 114762.00000, 195998.50000, 4201927570.50000, 64822.27681, 0.90081, 1.98030, 0.39414, -1.37444, 0.87500, 0.12500
-3.75484, -1.40973, 2.85909, 4.92550, -2.78243, 0.95149, 3.00000, 342383.00000, 88981.00000, 195594.00000, 11509151088.66667, 107280.71163, 0.94766, 1.66465, 0.58922, -1.25387, 0.66667, 0.33333
-2.20355, -3.47499, 2.68919, 4.91558, -2.13592, 0.99193, 1.00000, 371430.00000, 371430.00000, 371430.00000, 0.00000, 0.00000, 1.08598, 0.74373, 1.15838, -0.90211, 1.00000, 0.00000
-2.68919, -2.20355, 3.47499, 4.91558, -2.45513, 0.78564, 4.00000, 375230.00000, 220299.00000, 261624.25000, 4310274157.18750, 65652.67822, 1.08598, 1.85065, 1.52573, -2.37638, 0.75000, 0.25000
-3.47499, -2.68919, 2.20355, 4.91558, -2.48299, 1.10596, 0.00000, 0.00000, 0.00000, 0.00000, 0.00000, 0.00000, 1.08598, 0.87972, 0.68510, -0.56481, 0.00000, 0.00000
-2.83550, -2.83550, 2.83550, 4.91123, -2.35619, 0.95532, 0.00000, 0.00000, 0.00000, 0.00000, 0.00000, 0.00000, 1.14286, 1.00000, 1.00000, -1.00000, 0.00000, 0.00000
-0.70086, -2.75567, -4.02561, 4.92853, -1.81985, 2.52663, 7.00000, 473567.00000, 77635.00000, 263425.57143, 17034516934.53061, 130516.34738, 0.90081, 0.10514, 0.36663, 0.52824, 0.28571, 0.71429
-1.49161, -3.48430, -3.15040, 4.92852, -1.97528, 2.26428, 8.00000, 402233.00000, 115219.00000, 245209.75000, 7683045085.18750, 87652.98104, 0.91102, 0.19070, 0.42617, 0.38313, 0.25000, 0.75000
-1.97536, -2.21782, -3.93313, 4.92852, -2.29844, 2.49482, 20.00000, 418515.00000, 32954.00000, 195490.75000, 12489888787.68750, 111758.17101, 0.91102, 0.24897, 0.27362, 0.47741, 0.20000, 0.80000
-1.40973, -2.85909, -3.75484, 4.92550, -2.02888, 2.43770, 12.00000, 455550.00000, 56506.00000, 182391.58333, 14724876270.57639, 121346.10118, 0.94766, 0.16798, 0.35746, 0.47456, 0.25000, 0.75000
-2.21782, -3.93313, -1.97536, 4.92852, -2.08423, 1.98319, 8.00000, 447313.00000, 75658.00000, 320185.62500, 12804959325.98438, 113159.00020, 0.91102, 0.27362, 0.47741, 0.24897, 0.25000, 0.75000
-2.75567, -4.02561, -0.70086, 4.92853, -2.17107, 1.71348, 0.00000, 0.00000, 0.00000, 0.00000, 0.00000, 0.00000, 0.90081, 0.36663, 0.52824, 0.10514, 0.00000, 0.00000
-3.48430, -3.15040, -1.49161, 4.92852, -2.40648, 1.87827, 11.00000, 460081.00000, 132791.00000, 272954.27273, 15173647541.47107, 123181.36037, 0.91102, 0.42617, 0.38313, 0.19070, 0.09091, 0.90909
-2.85909, -3.75484, -1.40973, 4.92550, -2.22158, 1.86107, 6.00000, 427461.00000, 103082.00000, 231828.50000, 11813306611.58333, 108689.03630, 0.94766, 0.35746, 0.47456, 0.16798, 0.33333, 0.66667
-3.15040, -1.49161, -3.48430, 4.92852, -2.69940, 2.35600, 33.00000, 461260.00000, 43383.00000, 235047.42424, 17776935547.88062, 133330.17493, 0.91102, 0.38313, 0.19070, 0.42617, 0.18182, 0.81818
-3.93313, -1.97536, -2.21782, 4.92852, -2.67616, 2.03756, 16.00000, 377212.00000, 34953.00000, 167757.37500, 10200887163.85938, 100999.44140, 0.91102, 0.47741, 0.24897, 0.27362, 0.12500, 0.87500
-4.02561, -0.70086, -2.75567, 4.92853, -2.96922, 2.16413, 33.00000, 488593.00000, 29078.00000, 141480.72727, 9643058212.44077, 98199.07440, 0.90081, 0.52824, 0.10514, 0.36663, 0.18182, 0.81818
-3.75484, -1.40973, -2.85909, 4.92550, -2.78243, 2.19010, 14.00000, 476263.00000, 49778.00000, 201885.78571, 12818325837.88266, 113218.04555, 0.94766, 0.47456, 0.16798, 0.35746, 0.35714, 0.64286
-2.20355, -3.47499, -2.68919, 4.91558, -2.13592, 2.14966, 2.00000, 346255.00000, 197482.00000, 271868.50000, 5533351382.25000, 74386.50000, 1.08598, 0.26522, 0.41309, 0.32170, 0.50000, 0.50000
-3.47499, -2.68919, -2.20355, 4.91558, -2.48299, 2.03563, 9.00000, 404470.00000, 79088.00000, 230645.22222, 8344125847.28395, 91346.18682, 1.08598, 0.41309, 0.32170, 0.26522, 0.33333, 0.66667
-2.68919, -2.20355, -3.47499, 4.91558, -2.45513, 2.35595, 8.00000, 327204.00000, 27245.00000, 135773.87500, 8422936254.10938, 91776.55612, 1.08598, 0.32170, 0.26522, 0.41309, 0.00000, 1.00000
-2.83550, -2.83550, -2.83550, 4.91123, -2.35619, 2.18628, 14.00000, 440016.00000, 59079.00000, 202222.35714, 12655471588.65816, 112496.54034, 1.14286, 0.33333, 0.33333, 0.33333, 0.14286, 0.85714
3.75791, 0.00000, -3.18882, 4.92853, 0.00000, 2.27446, 2.00000, 350204.00000, 315212.00000, 332708.00000, 306110016.00000, 17496.00000, 0.90081, 8.64229, 0.00000, -7.64229, 0.00000, 1.00000
2.87963, -0.78273, -3.92241, 4.92852, -0.26540, 2.49122, 6.00000, 494106.00000, 158419.00000, 316606.50000, 14287443986.91667, 119530.09657, 0.91102, -1.48153, 0.40335, 2.07817, 0.50000, 0.50000
2.87963, 0.78273, -3.92241, 4.92852, 0.26540, 2.49122, 13.00000, 466917.00000, 85367.00000, 230757.76923, 12551020176.79290, 112031.33569, 0.91102, -7.66476, -2.08678, 10.75154, 0.23077, 0.76923
3.21637, 0.00000, -3.73035, 4.92550, 0.00000, 2.43005, 5.00000, 463629.00000, 170339.00000, 303101.40000, 8753349097.04000, 93559.33463, 0.94766, -8.06739, -0.00000, 9.06739, 0.20000, 0.80000
1.70460, -1.50894, -4.37124, 4.92852, -0.72459, 2.66145, 1.00000, 389840.00000, 389840.00000, 389840.00000, 0.00000, 0.00000, 0.91102, -0.42255, 0.35294, 1.06961, 0.00000, 1.00000
0.43315, -2.05481, -4.45876, 4.92853, -1.36304, 2.70143, 9.00000, 498143.00000, 49906.00000, 198061.77778, 15898621991.50617, 126089.73785, 0.90081, -0.08228, 0.33112, 0.75116, 0.11111, 0.88889
0.43811, -0.72621, -4.85499, 4.92852, -1.02797, 2.96865, 17.00000, 435391.00000, 55477.00000, 199319.70588, 12617418280.79585, 112327.28200, 0.91102, -0.09634, 0.13403, 0.96230, 0.11765, 0.88235
0.87126, -1.44936, -4.62611, 4.92550, -1.02954, 2.79113, 7.00000, 430722.00000, 69946.00000, 202883.42857, 12610147534.81633, 112294.91322, 0.94766, -0.15634, 0.28534, 0.87099, 0.00000, 1.00000
1.70460, 1.50894, -4.37124, 4.92852, 0.72459, 2.66145, 28.00000, 475808.00000, 26093.00000, 229862.50000, 16663135702.82143, 129085.76879, 0.91102, -1.43665, -1.19997, 3.63662, 0.21429, 0.78571
0.43811, 0.72621, -4.85499, 4.92852, 1.02797, 2.96865, 42.00000, 495031.00000, 51293.00000, 198697.16667, 16154908725.66270, 127101.96193, 0.91102, -0.13162, -0.18312, 1.31474, 0.23810, 0.76190
0.43315, 2.05481, -4.45876, 4.92853, 1.36304, 2.70143, 46.00000, 453742.00000, 14827.00000, 169242.13043, 12421133711.50473, 111450.14002, 0.90081, -0.24359, -0.98030, 2.22389, 0.30435, 0.69565
0.87126, 1.44936, -4.62611, 4.92550, 1.02954, 2.79113, 29.00000, 384689.00000, 37163.00000, 169835.58621, 8115901484.86326, 90088.29827, 0.94766, -0.36416, -0.66465, 2.02881, 0.20690, 0.79310
2.14766, -0.78579, -4.35121, 4.91558, -0.35075, 2.65769, 7.00000, 484070.00000, 81995.00000, 271097.00000, 16696292327.42857, 129214.13362, 1.08598, -0.71592, 0.25627, 1.45965, 0.28571, 0.71429
0.87622, 0.00000, -4.83686, 4.91558, 0.00000, 2.96238, 11.00000, 476157.00000, 73780.00000, 235302.09091, 16082231177.53719, 126815.73711, 1.08598, -0.22879, -0.00000, 1.22879, 0.09091, 0.90909
2.14766, 0.78579, -4.35121, 4.91558, 0.35075, 2.65769, 9.00000, 444599.00000, 87576.00000, 223272.22222, 19838673236.17284, 140849.82512, 1.08598, -1.46868, -0.52573, 2.99442, 0.33333, 0.66667
1.75244, 0.00000, -4.58794, 4.91123, 0.00000, 2.77673, 10.00000, 497933.00000, 42753.00000, 239583.80000, 20900872554.56000, 144571.34071, 1.14286, -0.61803, -0.00000, 1.61803, 0.20000, 0.80000
4.45876, 0.43315, 2.05481, 4.92853, 0.09684, 1.14074, 1.00000, 331211.00000, 331211.00000, 331211.00000, 0.00000, 0.00000, 0.90081, 0.64502, 0.07065, 0.28433, 0.00000, 1.00000
4.85499, 0.43811, 0.72621, 4.92852, 0.09000, 1.42291, 1.00000, 443531.00000, 443531.00000, 443531.00000, 0.00000, 0.00000, 0.91102, 0.80685, 0.08077, 0.11238, 1.00000, 0.00000
4.37124, 1.70460, 1.50894, 4.92852, 0.37182, 1.25963, 0.00000, 0.00000, 0.00000, 0.00000, 0.00000, 0.00000, 0.91102, 0.57970, 0.22901, 0.19128, 0.00000, 0.00000
4.62611, 0.87126, 1.44936, 4.92550, 0.18616, 1.27212, 1.00000, 459134.00000, 459134.00000, 459134.00000, 0.00000, 0.00000, 0.94766, 0.66353, 0.11910, 0.21738, 1.00000, 0.00000
4.85499, 0.43811, -0.72621, 4.92852, 0.09000, 1.71868, 3.00000, 371731.00000, 178191.00000, 301125.00000, 7612065058.66667, 87247.14929, 0.91102, 1.04077, 0.10419, -0.14496, 0.66667, 0.33333
4.45876, 0.43315, -2.05481, 4.92853, 0.09684, 2.00085, 3.00000, 255931.00000, 193838.00000, 223273.33333, 647781824.22222, 25451.55838, 0.90081, 1.49537, 0.16379, -0.65917, 0.33333, 0.66667
4.37124, 1.70460, -1.50894, 4.92852, 0.37182, 1.88196, 5.00000, 289942.00000, 123360.00000, 201147.20000, 3703998063.76000, 60860.48031, 0.91102, 0.93889, 0.37091, -0.30980, 0.80000, 0.20000
4.62611, 0.87126, -1.44936, 4.92550, 0.18616, 1.86947, 1.00000, 135548.00000, 135548.00000, 135548.00000, 0.00000, 0.00000, 0.94766, 1.17386, 0.21070, -0.38457, 1.00000, 0.00000
3.92241, 2.87963, 0.78273, 4.92852, 0.63328, 1.41130, 5.00000, 229863.00000, 101221.00000, 183119.00000, 2193276592.00000, 46832.43099, 0.91102, 0.52439, 0.37383, 0.10178, 0.80000, 0.20000
3.92241, 2.87963, -0.78273, 4.92852, 0.63328, 1.73029, 5.00000, 366145.00000, 83740.00000, 186651.40000, 9847023460.24000, 99232.16948, 0.91102, 0.65841, 0.46938, -0.12779, 0.80000, 0.20000
3.18882, 3.75791, 0.00000, 4.92853, 0.86714, 1.57080, 10.00000, 481843.00000, 62202.00000, 208095.00000, 18017439947.80000, 134229.05776, 0.90081, 0.46930, 0.53070, 0.00000, 0.70000, 0.30000
3.73035, 3.21637, 0.00000, 4.92550, 0.71154, 1.57080, 4.00000, 423342.00000, 99769.00000, 246609.25000, 14648512268.18750, 121031.03845, 0.94766, 0.52918, 0.47082, 0.00000, 0.75000, 0.25000
4.83686, 0.87622, 0.00000, 4.91558, 0.17921, 1.57080, 0.00000, 0.00000, 0.00000, 0.00000, 0.00000, 0.00000, 1.08598, 0.84303, 0.15697, 0.00000, 0.00000, 0.00000
4.35121, 2.14766, -0.78579, 4.91558, 0.45850, 1.73134, 2.00000, 449686.00000, 392464.00000, 421075.00000, 818589321.00000, 28611.00000, 1.08598, 0.76051, 0.37301, -0.13352, 0.50000, 0.50000
4.35121, 2.14766, 0.78579, 4.91558, 0.45850, 1.41025, 0.00000, 0.00000, 0.00000, 0.00000, 0.00000, 0.00000, 1.08598, 0.60022, 0.29439, 0.10538, 0.00000, 0.00000
4.58794, 1.75244, 0.00000, 4.91123, 0.36486, 1.57080, 0.00000, 0.00000, 0.00000, 0.00000, 0.00000, 0.00000, 1.14286, 0.72361, 0.27639, -0.00000, 0.00000, 0.00000
