-2.75567, 4.02561, 0.70086, 4.92853, 2.17107, 1.42811, 48.00000, 484185.00000, 33976.00000, 163293.25000, 11490302562.52083, 107192.82888, 0.90081, -1.37444, 1.98030, 0.39414, 0.87500, 0.12500
-3.48430, 3.15040, 1.49161, 4.92852, 2.40648, 1.26333, 28.00000, 480674.00000, 53294.00000, 226328.00000, 15332687647.00000, 123825.23025, 0.91102, -2.88604, 2.59457, 1.29147, 0.53571, 0.46429
-2.21782, 3.93313, 1.97536, 4.92852, 2.08423, 1.15840, 41.00000, 409524.00000, 32049.00000, 156937.87805, 11005113787.86318, 104905.26101, 0.91102, -0.60432, 1.05443, 0.54989, 0.82927, 0.17073
-2.85909, 3.75484, 1.40973, 4.92550, 2.22158, 1.28053, 32.00000, 477700.00000, 70281.00000, 228360.65625, 15330142189.85059, 123814.95140, 0.94766, -1.25387, 1.66465, 0.58922, 0.75000, 0.25000
-3.93313, 1.97536, 2.21782, 4.92852, 2.67616, 1.10403, 35.00000, 486060.00000, 44951.00000, 184561.77143, 13015226694.06204, 114084.29644, 0.91102, -10.56672, 5.51065, 6.05607, 0.37143, 0.62857
-4.02561, 0.70086, 2.75567, 4.92853, 2.96922, 0.97747, 20.00000, 462518.00000, 36400.00000, 219662.40000, 15630000286.94000, 125019.99955, 0.90081, 9.35336, -1.86160, -6.49176, 0.15000, 0.85000
-3.15040, 1.49161, 3.48430, 4.92852, 2.69940, 0.78559, 21.00000, 467690.00000, 80421.00000, 219433.33333, 11004909214.12699, 104904.28597, 0.91102, -1.63909, 0.81587, 1.82322, 0.23810, 0.76190
-3.75484, 1.40973, 2.85909, 4.92550, 2.78243, 0.95149, 34.00000, 498815.00000, 67898.00000, 276946.97059, 18999842385.91090, 137839.91579, 0.94766, -9.32863, 3.30198, 7.02665, 0.41176, 0.58824
-1.49161, 3.48430, 3.15040, 4.92852, 1.97528, 0.87732, 33.00000, 485541.00000, 20785.00000, 173583.39394, 20100624385.93573, 141776.67081, 0.91102, -0.30829, 0.68893, 0.61936, 0.90909, 0.09091
-1.97536, 2.21782, 3.93313, 4.92852, 2.29844, 0.64677, 21.00000, 386321.00000, 53454.00000, 183251.14286, 10953878343.07483, 104660.77748, 0.91102, -0.49591, 0.54500, 0.95092, 0.66667, 0.33333
-0.70086, 2.75567, 4.02561, 4.92853, 1.81985, 0.61496, 28.00000, 486090.00000, 30858.00000, 179391.39286, 17501904771.16710, 132294.76472, 0.90081, -0.13313, 0.46424, 0.66888, 0.89286, 0.10714
-1.40973, 2.85909, 3.75484, 4.92550, 2.02888, 0.70390, 21.00000, 425027.00000, 53590.00000, 192637.80952, 11898434340.72562, 109079.94472, 0.94766, -0.25296, 0.53830, 0.71466, 0.71429, 0.28571
-3.47499, 2.68919, 2.20355, 4.91558, 2.48299, 1.10596, 28.00000, 480491.00000, 50869.00000, 263103.92857, 18011569969.06633, 134207.19045, 1.08598, -2.37638, 1.85065, 1.52573, 0.42857, 0.57143
-2.68919, 2.20355, 3.47499, 4.91558, 2.45513, 0.78564, 17.00000, 488768.00000, 60885.00000, 177744.47059, 9689143109.54325, 98433.44508, 1.08598, -0.90211, 0.74373, 1.15838, 0.58824, 0.41176
-2.20355, 3.47499, 2.68919, 4.91558, 2.13592, 0.99193, 27.00000, 495866.00000, 26740.00000, 192286.48148, 18174349226.39781, 134812.27402, 1.08598, -0.56481, 0.87972, 0.68510, 0.77778, 0.22222
-2.83550, 2.83550, 2.83550, 4.91123, 2.35619, 0.95532, 23.00000, 478855.00000, 31319.00000, 202591.43478, 13376106137.37618, 115655.11721, 1.14286, -1.00000, 1.00000, 1.00000, 0.78261, 0.21739
-2.05481, 4.45876, 0.43315, 4.92853, 2.00263, 1.48280, 32.00000, 401823.00000, 30050.00000, 170783.21875, 14024965616.92090, 118427.04766, 0.90081, -0.65917, 1.49537, 0.16379, 0.93750, 0.06250
-1.50894, 4.37124, 1.70460, 4.92852, 1.90319, 1.21764, 69.00000, 473166.00000, 19757.00000, 164885.56522, 13829275587.55009, 117597.94041, 0.91102, -0.30980, 0.93889, 0.37091, 0.85507, 0.14493
-0.72621, 4.85499, 0.43811, 4.92852, 1.71928, 1.48179, 81.00000, 492337.00000, 16205.00000, 140093.91358, 13540891109.14068, 116365.33465, 0.91102, -0.14496, 1.04077, 0.10419, 0.97531, 0.02469
-1.44936, 4.62611, 0.87126, 4.92550, 1.87441, 1.39297, 55.00000, 471787.00000, 16838.00000, 152237.49091, 14394671293.44992, 119977.79500, 0.94766, -0.38457, 1.17386, 0.21070, 0.92727, 0.07273
-0.78273, 3.92241, 2.87963, 4.92852, 1.76776, 0.94680, 67.00000, 483493.00000, 13004.00000, 155398.19403, 12754313331.32056, 112934.99604, 0.91102, -0.12779, 0.65841, 0.46938, 0.95522, 0.04478
0.00000, 3.18882, 3.75791, 4.92853, 1.57080, 0.70366, 44.00000, 425870.00000, 28532.00000, 153808.93182, 10861009162.74535, 104216.16555, 0.90081, -0.00000, 0.46930, 0.53070, 0.95455, 0.04545
0.78273, 3.92241, 2.87963, 4.92852, 1.37383, 0.94680, 70.00000, 362093.00000, 13363.00000, 103909.70000, 5850011933.52429, 76485.37072, 0.91102, 0.10178, 0.52439, 0.37383, 0.98571, 0.01429
0.00000, 3.73035, 3.21637, 4.92550, 1.57080, 0.85925, 38.00000, 457102.00000, 20769.00000, 131037.02632, 11037232332.86773, 105058.23306, 0.94766, -0.00000, 0.52918, 0.47082, 0.97368, 0.02632
0.72621, 4.85499, 0.43811, 4.92852, 1.42232, 1.48179, 79.00000, 469745.00000, 20459.00000, 122401.55696, 12379668636.42397, 111263.95929, 0.91102, 0.11238, 0.80685, 0.08077, 0.98734, 0.01266
1.50894, 4.37124, 1.70460, 4.92852, 1.23841, 1.21764, 83.00000, 487093.00000, 21473.00000, 113146.37349, 11415585115.36653, 106843.74158, 0.91102, 0.19128, 0.57970, 0.22901, 0.97590, 0.02410
2.05481, 4.45876, 0.43315, 4.92853, 1.13896, 1.48280, 61.00000, 495313.00000, 16899.00000, 153608.36066, 16184544319.60763, 127218.49048, 0.90081, 0.28433, 0.64502, 0.07065, 1.00000, 0.00000
1.44936, 4.62611, 0.87126, 4.92550, 1.26718, 1.39297, 65.00000, 497395.00000, 11000.00000, 128150.06154, 14017941804.73468, 118397.38935, 0.94766, 0.21738, 0.66353, 0.11910, 1.00000, 0.00000
-0.78579, 4.35121, 2.14766, 4.91558, 1.74946, 1.11864, 67.00000, 462384.00000, 19496.00000, 149729.55224, 13677274429.53085, 116949.87999, 1.08598, -0.13352, 0.76051, 0.37301, 0.97015, 0.02985
0.78579, 4.35121, 2.14766, 4.91558, 1.39213, 1.11864, 47.00000, 445822.00000, 19494.00000, 94126.02128, 7835854511.80806, 88520.36213, 1.08598, 0.10538, 0.60022, 0.29439, 1.00000, 0.00000
0.00000, 4.83686, 0.87622, 4.91558, 1.57080, 1.39159, 71.00000, 469080.00000, 10481.00000, 118275.74648, 11663670160.78080, 107998.47296, 1.08598, -0.00000, 0.84303, 0.15697, 0.95775, 0.04225
0.00000, 4.58794, 1.75244, 4.91123, 1.57080, 1.20593, 66.00000, 464193.00000, 18211.00000, 122437.42424, 9605938069.85032, 98009.88761, 1.14286, 0.00000, 0.72361, 0.27639, 0.98485, 0.01515
-2.05481, 4.45876, -0.43315, 4.92853, 2.00263, 1.65880, 36.00000, 460814.00000, 23143.00000, 165357.77778, 10209749900.11728, 101043.30705, 0.90081, -0.98030, 2.22389, -0.24359, 0.77778, 0.22222
-0.72621, 4.85499, -0.43811, 4.92852, 1.71928, 1.65981, 67.00000, 462034.00000, 28739.00000, 146007.58209, 11080732633.01938, 105265.05894, 0.91102, -0.18312, 1.31474, -0.13162, 0.97015, 0.02985
-1.50894, 4.37124, -1.70460, 4.92852, 1.90319, 1.92396, 23.00000, 495343.00000, 44875.00000, 192118.95652, 15097255304.99811, 122870.88876, 0.91102, -1.19997, 3.63662, -1.43665, 0.91304, 0.08696
-1.44936, 4.62611, -0.87126, 4.92550, 1.87441, 1.74862, 46.00000, 494755.00000, 17829.00000, 172343.08696, 16279404859.90548, 127590.77106, 0.94766, -0.66465, 2.02881, -0.36416, 0.89130, 0.10870
0.72621, 4.85499, -0.43811, 4.92852, 1.42232, 1.65981, 67.00000, 465629.00000, 20220.00000, 132602.92537, 12161842288.06906, 110280.74305, 0.91102, 0.13403, 0.96230, -0.09634, 0.98507, 0.01493
2.05481, 4.45876, -0.43315, 4.92853, 1.13896, 1.65880, 42.00000, 492218.00000, 28427.00000, 188474.42857, 16108449042.57823, 126919.06493, 0.90081, 0.33112, 0.75116, -0.08228, 0.95238, 0.04762
1.50894, 4.37124, -1.70460, 4.92852, 1.23841, 1.92396, 24.00000, 462561.00000, 39224.00000, 156374.75000, 15576357963.27083, 124805.28019, 0.91102, 0.35294, 1.06961, -0.42255, 1.00000, 0.00000
1.44936, 4.62611, -0.87126, 4.92550, 1.26718, 1.74862, 38.00000, 460136.00000, 33225.00000, 140019.86842, 11597846928.48269, 107693.30030, 0.94766, 0.28534, 0.87099, -0.15634, 0.97368, 0.02632
-0.78273, 3.92241, -2.87963, 4.92852, 1.76776, 2.19479, 8.00000, 365888.00000, 56182.00000, 218203.75000, 13567202475.18750, 116478.33479, 0.91102, -2.08678, 10.75154, -7.66476, 0.75000, 0.25000
0.78273, 3.92241, -2.87963, 4.92852, 1.37383, 2.19479, 15.00000, 495674.00000, 53958.00000, 188112.20000, 13841805933.22667, 117651.20455, 0.91102, 0.40335, 2.07817, -1.48153, 0.93333, 0.06667
0.00000, 3.18882, -3.75791, 4.92853, 1.57080, 2.43793, 15.00000, 490073.00000, 57290.00000, 265678.86667, 15205051443.18222, 123308.76466, 0.90081, -0.00000, -7.64229, 8.64229, 0.86667, 0.13333
0.00000, 3.73035, -3.21637, 4.92550, 1.57080, 2.28234, 10.00000, 255466.00000, 48617.00000, 146312.00000, 3936756139.40000, 62743.57449, 0.94766, 0.00000, 9.06739, -8.06739, 1.00000, 0.00000
0.00000, 4.83686, -0.87622, 4.91558, 1.57080, 1.75001, 42.00000, 464650.00000, 21779.00000, 132205.02381, 8757290757.02324, 93580.39729, 1.08598, 0.00000, 1.22879, -0.22879, 0.97619, 0.02381
0.78579, 4.35121, -2.14766, 4.91558, 1.39213, 2.02296, 21.00000, 470724.00000, 31842.00000, 180751.90476, 15936863854.94331, 126241.29219, 1.08598, 0.25627, 1.45965, -0.71592, 0.90476, 0.09524
-0.78579, 4.35121, -2.14766, 4.91558, 1.74946, 2.02296, 20.00000, 406082.00000, 39116.00000, 185024.90000, 11466925345.29000, 107083.73053, 1.08598, -0.52573, 2.99442, -1.46868, 0.90000, 0.10000
0.00000, 4.58794, -1.75244, 4.91123, 1.57080, 1.93566, 35.00000, 483793.00000, 42541.00000, 198522.85714, 18347216609.49388, 135451.89777, 1.14286, 0.00000, 1.61803, -0.61803, 0.91429, 0.08571
-2.75567, 4.02561, -0.70086, 4.92853, 2.17107, 1.71348, 22.00000, 454475.00000, 52332.00000, 183658.86364, 7901481490.66322, 88890.27782, 0.90081, -6.49176, 9.35336, -1.86160, 0.72727, 0.27273
-2.21782, 3.93313, -1.97536, 4.92852, 2.08423, 1.98319, 24.00000, 445205.00000, 25030.00000, 211847.00000, 14020100286.25000, 118406.50441, 0.91102, 6.05607, -10.56672, 5.51065, 0.83333, 0.16667
-3.48430, 3.15040, -1.49161, 4.92852, 2.40648, 1.87827, 20.00000, 441368.00000, 38676.00000, 209624.30000, 11459358168.91000, 107048.39172, 0.91102, 1.82322, -1.63909, 0.81587, 0.45000, 0.55000
-2.85909, 3.75484, -1.40973, 4.92550, 2.22158, 1.86107, 20.00000, 441347.00000, 57389.00000, 206093.05000, 18356954473.84750, 135487.83884, 0.94766, 7.02665, -9.32863, 3.30198, 0.65000, 0.35000
-1.49161, 3.48430, -3.15040, 4.92852, 1.97528, 2.26428, 18.00000, 499894.00000, 100432.00000, 238358.44444, 14429879135.91358, 120124.43189, 0.91102, 1.29147, -2.88604, 2.59457, 0.72222, 0.27778
-0.70086, 2.75567, -4.02561, 4.92853, 1.81985, 2.52663, 11.00000, 493394.00000, 61790.00000, 203886.54545, 15754767198.24794, 125517.99552, 0.90081, 0.39414, -1.37444, 1.98030, 0.72727, 0.27273
-1.97536, 2.21782, -3.93313, 4.92852, 2.29844, 2.49482, 13.00000, 466304.00000, 116883.00000, 292940.30769, 15182441230.82840, 123217.04927, 0.91102, 0.54989, -0.60432, 1.05443, 0.53846, 0.46154
-1.40973, 2.85909, -3.75484, 4.92550, 2.02888, 2.43770, 4.00000, 414371.00000, 177274.00000, 326903.25000, 7998868787.18750, 89436.39520, 0.94766, 0.58922, -1.25387, 1.66465, 0.50000, 0.50000
-3.93313, 1.97536, -2.21782, 4.92852, 2.67616, 2.03756, 28.00000, 457008.00000, 76698.00000, 276198.46429, 12680077297.10587, 112605.84930, 0.91102, 0.95092, -0.49591, 0.54500, 0.32143, 0.67857
-3.15040, 1.49161, -3.48430, 4.92852, 2.69940, 2.35600, 23.00000, 427215.00000, 68804.00000, 246905.52174, 11196492808.07561, 105813.48122, 0.91102, 0.61936, -0.30829, 0.68893, 0.30435, 0.69565
-4.02561, 0.70086, -2.75567, 4.92853, 2.96922, 2.16413, 21.00000, 481262.00000, 48467.00000, 231742.80952, 17777644524.82086, 133332.83363, 0.90081, 0.66888, -0.13313, 0.46424, 0.09524, 0.90476
-3.75484, 1.40973, -2.85909, 4.92550, 2.78243, 2.19010, 12.00000, 487000.00000, 106728.00000, 268730.08333, 12101770318.40972, 110008.04661, 0.94766, 0.71466, -0.25296, 0.53830, 0.25000, 0.75000
-2.20355, 3.47499, -2.68919, 4.91558, 2.13592, 2.14966, 12.00000, 444474.00000, 36372.00000, 265392.75000, 15940024559.02083, 126253.81008, 1.08598, 1.52573, -2.37638, 1.85065, 0.33333, 0.66667
-2.68919, 2.20355, -3.47499, 4.91558, 2.45513, 2.35595, 13.00000, 371424.00000, 103407.00000, 218265.61538, 6578725469.77515, 81109.34268, 1.08598, 0.68510, -0.56481, 0.87972, 0.15385, 0.84615
-3.47499, 2.68919, -2.20355, 4.91558, 2.48299, 2.03563, 21.00000, 498833.00000, 59807.00000, 259598.47619, 18928809723.96371, 137582.01090, 1.08598, 1.15838, -0.90211, 0.74373, 0.19048, 0.80952
-2.83550, 2.83550, -2.83550, 4.91123, 2.35619, 2.18628, 14.00000, 477053.00000, 47503.00000, 186367.14286, 11008344334.97959, 104920.65733, 1.14286, 1.00000, -1.00000, 1.00000, 0.57143, 0.42857
-3.18882, 3.75791, 0.00000, 4.92853, 2.27446, 1.57080, 25.00000, 456031.00000, 51148.00000, 215181.20000, 16929934182.88000, 130115.08054, 0.90081, -7.64229, 8.64229, 0.00000, 0.40000, 0.60000
-3.92241, 2.87963, -0.78273, 4.92852, 2.50831, 1.73029, 32.00000, 498494.00000, 42034.00000, 248992.75000, 17884716525.81250, 133733.75238, 0.91102, 2.07817, -1.48153, 0.40335, 0.18750, 0.81250
-3.92241, 2.87963, 0.78273, 4.92852, 2.50831, 1.41130, 30.00000, 496672.00000, 39003.00000, 208490.90000, 17601913324.42333, 132672.20253, 0.91102, 10.75154, -7.66476, -2.08678, 0.30000, 0.70000
-3.73035, 3.21637, 0.00000, 4.92550, 2.43005, 1.57080, 31.00000, 458390.00000, 47796.00000, 236666.03226, 14303799607.57960, 119598.49333, 0.94766, 9.06739, -8.06739, -0.00000, 0.38710, 0.61290
-4.37124, 1.70460, -1.50894, 4.92852, 2.76977, 1.88196, 29.00000, 499782.00000, 46011.00000, 208744.06897, 12195941898.89180, 110435.23848, 0.91102, 1.06961, -0.42255, 0.35294, 0.20690, 0.79310
-4.45876, 0.43315, -2.05481, 4.92853, 3.04475, 2.00085, 27.00000, 459096.00000, 45107.00000, 190484.88889, 11952514285.72839, 109327.55502, 0.90081, 0.75116, -0.08228, 0.33112, 0.11111, 0.88889
-4.85499, 0.43811, -0.72621, 4.92852, 3.05160, 1.71868, 52.00000, 431139.00000, 36076.00000, 169861.76923, 11486668046.60059, 107175.87437, 0.91102, 0.96230, -0.09634, 0.13403, 0.07692, 0.92308
-4.62611, 0.87126, -1.44936, 4.92550, 2.95544, 1.86947, 28.00000, 497779.00000, 46632.00000, 176639.60714, 14704500566.52423, 121262.11513, 0.94766, 0.87099, -0.15634, 0.28534, 0.03571, 0.96429
-4.37124, 1.70460, 1.50894, 4.92852, 2.76977, 1.25963, 43.00000, 483716.00000, 29679.00000, 230458.04651, 17522171067.02109, 132371.33779, 0.91102, 3.63662, -1.43665, -1.19997, 0.13953, 0.86047
-4.85499, 0.43811, 0.72621, 4.92852, 3.05160, 1.42291, 47.00000, 434699.00000, 22333.00000, 172230.89362, 13501078578.47805, 116194.14176, 0.91102, 1.31474, -0.13162, -0.18312, 0.10638, 0.89362
-4.45876, 0.43315, 2.05481, 4.92853, 3.04475, 1.14074, 41.00000, 447525.00000, 35622.00000, 174647.73171, 11618455583.26948, 107788.93999, 0.90081, 2.22389, -0.24359, -0.98030, 0.04878, 0.95122
-4.62611, 0.87126, 1.44936, 4.92550, 2.95544, 1.27212, 39.00000, 486448.00000, 47685.00000, 192788.20513, 12262074390.88100, 110734.25121, 0.94766, 2.02881, -0.36416, -0.66465, 0.10256, 0.89744
-4.35121, 2.14766, -0.78579, 4.91558, 2.68310, 1.73134, 39.00000, 456867.00000, 30799.00000, 209057.64103, 13465216649.61473, 116039.72014, 1.08598, 1.45965, -0.71592, 0.25627, 0.12821, 0.87179
-4.83686, 0.87622, 0.00000, 4.91558, 2.96238, 1.57080, 43.00000, 339852.00000, 28511.00000, 141565.67442, 7359073342.87074, 85785.04149, 1.08598, 1.22879, -0.22879, -0.00000, 0.02326, 0.97674
-4.35121, 2.14766, 0.78579, 4.91558, 2.68310, 1.41025, 29.00000, 492577.00000, 87724.00000, 205021.20690, 14417312910.64685, 120072.11546, 1.08598, 2.99442, -1.46868, -0.52573, 0.13793, 0.86207
-4.58794, 1.75244, 0.00000, 4.91123, 2.77673, 1.57080, 30.00000, 398708.00000, 65045.00000, 188342.16667, 8868323559.00555, 94171.77687, 1.14286, 1.61803, -0.61803, -0.00000, 0.16667, 0.83333
2.75567, 4.02561, 0.70086, 4.92853, 0.97053, 1.42811, 31.00000, 286294.00000, 21169.00000, 115639.58065, 3993993051.85640, 63198.04627, 0.90081, 0.36663, 0.52824, 0.10514, 1.00000, 0.00000
2.21782, 3.93313, 1.97536, 4.92852, 1.05736, 1.15840, 47.00000, 460469.00000, 16168.00000, 128273.91489, 8621044795.22680, 92849.58156, 0.91102, 0.27362, 0.47741, 0.24897, 0.97872, 0.02128
3.48430, 3.15040, 1.49161, 4.92852, 0.73511, 1.26333, 26.00000, 376727.00000, 46199.00000, 154695.34615, 8795996586.99556, 93786.97451, 0.91102, 0.42617, 0.38313, 0.19070, 1.00000, 0.00000
2.85909, 3.75484, 1.40973, 4.92550, 0.92001, 1.28053, 26.00000, 433907.00000, 33812.00000, 153523.46154, 12794232809.86390, 113111.59450, 0.94766, 0.35746, 0.47456, 0.16798, 1.00000, 0.00000
1.49161, 3.48430, 3.15040, 4.92852, 1.16631, 0.87732, 49.00000, 493145.00000, 35243.00000, 173259.73469, 14154033513.29696, 118970.72545, 0.91102, 0.19070, 0.42617, 0.38313, 0.97959, 0.02041
0.70086, 2.75567, 4.02561, 4.92853, 1.32174, 0.61496, 17.00000, 479201.00000, 37090.00000, 198693.88235, 15846640333.28028, 125883.43947, 0.90081, 0.10514, 0.36663, 0.52824, 0.94118, 0.05882
1.97536, 2.21782, 3.93313, 4.92852, 0.84316, 0.64677, 22.00000, 480667.00000, 26619.00000, 239793.72727, 18393451564.28926, 135622.45966, 0.91102, 0.24897, 0.27362, 0.47741, 0.95455, 0.04545
1.40973, 2.85909, 3.75484, 4.92550, 1.11271, 0.70390, 30.00000, 354467.00000, 35493.00000, 148369.06667, 5918814125.19556, 76933.82952, 0.94766, 0.16798, 0.35746, 0.47456, 1.00000, 0.00000
3.93313, 1.97536, 2.21782, 4.92852, 0.46544, 1.10403, 10.00000, 318968.00000, 41513.00000, 181113.40000, 9502716359.84000, 97481.87708, 0.91102, 0.47741, 0.24897, 0.27362, 1.00000, 0.00000
3.15040, 1.49161, 3.48430, 4.92852, 0.44220, 0.78559, 12.00000, 476991.00000, 78270.00000, 266619.25000, 17058762887.35417, 130609.19909, 0.91102, 0.38313, 0.19070, 0.42617, 0.91667, 0.08333
4.02561, 0.70086, 2.75567, 4.92853, 0.17237, 0.97747, 7.00000, 468400.00000, 69228.00000, 263887.42857, 23925383842.81633, 154678.32377, 0.90081, 0.52824, 0.10514, 0.36663, 1.00000, 0.00000
3.75484, 1.40973, 2.85909, 4.92550, 0.35916, 0.95149, 14.00000, 451414.00000, 65595.00000, 224437.57143, 13001592966.81633, 114024.52792, 0.94766, 0.47456, 0.16798, 0.35746, 1.00000, 0.00000
2.20355, 3.47499, 2.68919, 4.91558, 1.00567, 0.99193, 38.00000, 474960.00000, 36991.00000, 141765.21053, 12279322454.37673, 110812.10428, 1.08598, 0.26522, 0.41309, 0.32170, 1.00000, 0.00000
2.68919, 2.20355, 3.47499, 4.91558, 0.68646, 0.78564, 24.00000, 489515.00000, 43386.00000, 220106.04167, 12375152836.62327, 111243.66425, 1.08598, 0.32170, 0.26522, 0.41309, 1.00000, 0.00000
3.47499, 2.68919, 2.20355, 4.91558, 0.65860, 1.10596, 14.00000, 458405.00000, 23438.00000, 160489.50000, 11175955660.67857, 105716.39258, 1.08598, 0.41309, 0.32170, 0.26522, 1.00000, 0.00000
2.83550, 2.83550, 2.83550, 4.91123, 0.78540, 0.95532, 22.00000, 485950.00000, 52252.00000, 198168.95455, 17523871955.58884, 132377.76232, 1.14286, 0.33333, 0.33333, 0.33333, 1.00000, 0.00000
-0.43315, 2.05481, 4.45876, 4.92853, 1.77855, 0.44016, 20.00000, 486182.00000, 47396.00000, 238081.35000, 19108781663.92750, 138234.51690, 0.90081, -0.08228, 0.33112, 0.75116, 0.75000, 0.25000
-1.70460, 1.50894, 4.37124, 4.92852, 2.41700, 0.48015, 10.00000, 399410.00000, 76204.00000, 223226.40000, 11687245540.04000, 108107.56468, 0.91102, -0.42255, 0.35294, 1.06961, 0.60000, 0.40000
-0.43811, 0.72621, 4.85499, 4.92852, 2.11363, 0.17295, 9.00000, 479869.00000, 120416.00000, 267695.55556, 11771644844.24691, 108497.21123, 0.91102, -0.09634, 0.13403, 0.96230, 1.00000, 0.00000
-0.87126, 1.44936, 4.62611, 4.92550, 2.11205, 0.35046, 13.00000, 486512.00000, 137553.00000, 263552.30769, 8978474169.28994, 94754.81080, 0.94766, -0.15634, 0.28534, 0.87099, 0.53846, 0.46154
-2.87963, 0.78273, 3.92241, 4.92852, 2.87619, 0.65037, 20.00000, 439957.00000, 53659.00000, 237930.35000, 13238871150.12750, 115060.29354, 0.91102, -1.48153, 0.40335, 2.07817, 0.40000, 0.60000
-3.75791, 0.00000, 3.18882, 4.92853, 3.14159, 0.86714, 23.00000, 387902.00000, 82599.00000, 198948.04348, 9712059531.95463, 98549.78200, 0.90081, 8.64229, -0.00000, -7.64229, 0.17391, 0.82609
-2.87963, -0.78273, 3.92241, 4.92852, -2.87619, 0.65037, 16.00000, 471849.00000, 57006.00000, 245707.37500, 17476781317.85938, 132199.77806, 0.91102, -7.66476, -2.08678, 10.75154, 0.18750, 0.81250
-3.21637, 0.00000, 3.73035, 4.92550, 3.14159, 0.71154, 20.00000, 366381.00000, 71204.00000, 193517.15000, 6213361966.52750, 78824.88165, 0.94766, -8.06739, 0.00000, 9.06739, 0.35000, 0.65000
-0.43811, -0.72621, 4.85499, 4.92852, -2.11363, 0.17295, 7.00000, 416125.00000, 72270.00000, 239292.85714, 13739149191.26531, 117214.11686, 0.91102, -0.13162, -0.18312, 1.31474, 0.57143, 0.42857
-1.70460, -1.50894, 4.37124, 4.92852, -2.41700, 0.48015, 17.00000, 498307.00000, 98627.00000, 271729.58824, 16671494741.53633, 129118.14257, 0.91102, -1.43665, -1.19997, 3.63662, 0.23529, 0.76471
-0.43315, -2.05481, 4.45876, 4.92853, -1.77855, 0.44016, 2.00000, 491328.00000, 170478.00000, 330903.00000, 25736180625.00000, 160425.00000, 0.90081, -0.24359, -0.98030, 2.22389, 0.50000, 0.50000
-0.87126, -1.44936, 4.62611, 4.92550, -2.11205, 0.35046, 5.00000, 424824.00000, 166294.00000, 287377.20000, 7957742586.56000, 89206.18020, 0.94766, -0.36416, -0.66465, 2.02881, 0.20000, 0.80000
-2.14766, 0.78579, 4.35121, 4.91558, 2.79084, 0.48390, 8.00000, 478549.00000, 149334.00000, 329323.25000, 16221421727.18750, 127363.34530, 1.08598, -0.71592, 0.25627, 1.45965, 0.25000, 0.75000
-2.14766, -0.78579, 4.35121, 4.91558, -2.79084, 0.48390, 6.00000, 441140.00000, 129810.00000, 252573.00000, 12125208218.66667, 110114.52320, 1.08598, -1.46868, -0.52573, 2.99442, 0.00000, 1.00000
-0.87622, 0.00000, 4.83686, 4.91558, 3.14159, 0.17921, 3.00000, 380061.00000, 133407.00000, 278963.00000, 11127956168.00000, 105489.12820, 1.08598, -0.22879, 0.00000, 1.22879, 0.66667, 0.33333
-1.75244, 0.00000, 4.58794, 4.91123, 3.14159, 0.36486, 21.00000, 484282.00000, 59661.00000, 218289.66667, 11458959682.03175, 107046.53045, 1.14286, -0.61803, 0.00000, 1.61803, 0.42857, 0.57143
-4.45876, -0.43315, 2.05481, 4.92853, -3.04475, 1.14074, 33.00000, 467309.00000, 46028.00000, 212616.78788, 17115904500.28834, 130827.76655, 0.90081, 1.49537, 0.16379, -0.65917, 0.00000, 1.00000
-4.85499, -0.43811, 0.72621, 4.92852, -3.05160, 1.42291, 49.00000, 464704.00000, 18826.00000, 166166.91837, 16498996973.50354, 128448.42145, 0.91102, 1.04077, 0.10419, -0.14496, 0.04082, 0.95918
-4.37124, -1.70460, 1.50894, 4.92852, -2.76977, 1.25963, 43.00000, 493503.00000, 51178.00000, 173528.90698, 13309752381.29367, 115367.90013, 0.91102, 0.93889, 0.37091, -0.30980, 0.02326, 0.97674
-4.62611, -0.87126, 1.44936, 4.92550, -2.95544, 1.27212, 43.00000, 481636.00000, 27960.00000, 163386.97674, 16204504799.04597, 127296.91591, 0.94766, 1.17386, 0.21070, -0.38457, 0.00000, 1.00000
-4.85499, -0.43811, -0.72621, 4.92852, -3.05160, 1.71868, 55.00000, 495512.00000, 40290.00000, 177371.00000, 11938690618.07273, 109264.31539, 0.91102, 0.80685, 0.08077, 0.11238, 0.05455, 0.94545
-4.45876, -0.43315, -2.05481, 4.92853, -3.04475, 2.00085, 22.00000, 462828.00000, 61007.00000, 168230.81818, 9991936638.42149, 99959.67506, 0.90081, 0.64502, 0.07065, 0.28433, 0.04545, 0.95455
-4.37124, -1.70460, -1.50894, 4.92852, -2.76977, 1.88196, 39.00000, 437332.00000, 45911.00000, 184957.28205, 11470094980.71532, 107098.52931, 0.91102, 0.57970, 0.22901, 0.19128, 0.02564, 0.97436
-4.62611, -0.87126, -1.44936, 4.92550, -2.95544, 1.86947, 28.00000, 371353.00000, 45766.00000, 187053.75000, 8533191214.97321, 92375.27383, 0.94766, 0.66353, 0.11910, 0.21738, 0.03571, 0.96429
-3.92241, -2.87963, 0.78273, 4.92852, -2.50831, 1.41130, 21.00000, 470937.00000, 55161.00000, 178390.57143, 15218241754.34013, 123362.23796, 0.91102, 0.65841, 0.46938, -0.12779, 0.09524, 0.90476
-3.92241, -2.87963, -0.78273, 4.92852, -2.50831, 1.73029, 19.00000, 390985.00000, 50706.00000, 218233.52632, 12398034917.19668, 111346.46342, 0.91102, 0.52439, 0.37383, 0.10178, 0.00000, 1.00000
-3.18882, -3.75791, 0.00000, 4.92853, -2.27446, 1.57080, 16.00000, 427381.00000, 64017.00000, 216922.18750, 14696202321.65234, 121227.89416, 0.90081, 0.46930, 0.53070, 0.00000, 0.00000, 1.00000
-3.73035, -3.21637, 0.00000, 4.92550, -2.43005, 1.57080, 14.00000, 388866.00000, 83157.00000, 207263.92857, 8654605751.78061, 93030.13357, 0.94766, 0.52918, 0.47082, -0.00000, 0.00000, 1.00000
-4.83686, -0.87622, 0.00000, 4.91558, -2.96238, 1.57080, 32.00000, 498823.00000, 27495.00000, 178473.25000, 14126738473.75000, 118855.95683, 1.08598, 0.84303, 0.15697, -0.00000, 0.00000, 1.00000
-4.35121, -2.14766, -0.78579, 4.91558, -2.68310, 1.73134, 23.00000, 432548.00000, 31929.00000, 193397.13043, 15484018466.63516, 124434.79604, 1.08598, 0.60022, 0.29439, 0.10538, 0.00000, 1.00000
-4.35121, -2.14766, 0.78579, 4.91558, -2.68310, 1.41025, 19.00000, 340194.00000, 27797.00000, 131208.68421, 6726041244.95291, 82012.44567, 1.08598, 0.76051, 0.37301, -0.13352, 0.00000, 1.00000
-4.58794, -1.75244, 0.00000, 4.91123, -2.77673, 1.57080, 26.00000, 489303.00000, 40308.00000, 181544.76923, 17229367895.94674, 131260.68679, 1.14286, 0.72361, 0.27639, -0.00000, 0.00000, 1.00000
-3.75791, 0.00000, -3.18882, 4.92853, 3.14159, 2.27446, 19.00000, 493105.00000, 37241.00000, 241598.52632, 18478622222.77562, 135936.09610, 0.90081, 0.53070, -0.00000, 0.46930, 0.15789, 0.84211
-2.87963, 0.78273, -3.92241, 4.92852, 2.87619, 2.49122, 9.00000, 491720.00000, 47915.00000, 277360.44444, 21773922765.80247, 147559.89552, 0.91102, 0.46938, -0.12779, 0.65841, 0.33333, 0.66667
-2.87963, -0.78273, -3.92241, 4.92852, -2.87619, 2.49122, 2.00000, 117585.00000, 93612.00000, 105598.50000, 143676182.25000, 11986.50000, 0.91102, 0.37383, 0.10178, 0.52439, 0.00000, 1.00000
-3.21637, 0.00000, -3.73035, 4.92550, 3.14159, 2.43005, 6.00000, 247729.00000, 154080.00000, 201324.16667, 1120260889.47222, 33470.29862, 0.94766, 0.47082, 0.00000, 0.52918, 0.00000, 1.00000
-1.70460, 1.50894, -4.37124, 4.92852, 2.41700, 2.66145, 8.00000, 420397.00000, 134625.00000, 259177.00000, 11272763121.50000, 106173.26934, 0.91102, 0.37091, -0.30980, 0.93889, 0.37500, 0.62500
-0.43315, 2.05481, -4.45876, 4.92853, 1.77855, 2.70143, 4.00000, 445051.00000, 75614.00000, 260784.75000, 19601228413.18750, 140004.38712, 0.90081, 0.16379, -0.65917, 1.49537, 1.00000, 0.00000
-0.43811, 0.72621, -4.85499, 4.92852, 2.11363, 2.96865, 3.00000, 451212.00000, 243896.00000, 323255.00000, 8344203444.66667, 91346.61157, 0.91102, 0.10419, -0.14496, 1.04077, 0.66667, 0.33333
-0.87126, 1.44936, -4.62611, 4.92550, 2.11205, 2.79113, 2.00000, 367880.00000, 354671.00000, 361275.50000, 43619420.25000, 6604.50000, 0.94766, 0.21070, -0.38457, 1.17386, 0.50000, 0.50000
-1.70460, -1.50894, -4.37124, 4.92852, -2.41700, 2.66145, 2.00000, 256010.00000, 206394.00000, 231202.00000, 615436864.00000, 24808.00000, 0.91102, 0.22901, 0.19128, 0.57970, 0.00000, 1.00000
-0.43811, -0.72621, -4.85499, 4.92852, -2.11363, 2.96865, 2.00000, 395226.00000, 323377.00000, 359301.50000, 1290569700.25000, 35924.50000, 0.91102, 0.08077, 0.11238, 0.80685, 0.50000, 0.50000
-0.43315, -2.05481, -4.45876, 4.92853, -1.77855, 2.70143, 1.00000, 392219.00000, 392219.00000, 392219.00000, 0.00000, 0.00000, 0.90081, 0.07065, 0.28433, 0.64502, 0.00000, 1.00000
-0.87126, -1.44936, -4.62611, 4.92550, -2.11205, 2.79113, 1.00000, 461647.00000, 461647.00000, 461647.00000, 0.00000, 0.00000, 0.94766, 0.11910, 0.21738, 0.66353, 0.00000, 1.00000
-2.14766, 0.78579, -4.35121, 4.91558, 2.79084, 2.65769, 4.00000, 460085.00000, 79430.00000, 269999.50000, 23275598582.25000, 152563.42479, 1.08598, 0.37301, -0.13352, 0.76051, 0.25000, 0.75000
-0.87622, 0.00000, -4.83686, 4.91558, 3.14159, 2.96238, 4.00000, 479089.00000, 128165.00000, 299463.50000, 16229985218.75000, 127396.95922, 1.08598, 0.15697, 0.00000, 0.84303, 0.00000, 1.00000
-2.14766, -0.78579, -4.35121, 4.91558, -2.79084, 2.65769, 4.00000, 384733.00000, 236379.00000, 314464.75000, 2802810836.18750, 52941.57946, 1.08598, 0.29439, 0.10538, 0.60022, 0.00000, 1.00000
-1.75244, 0.00000, -4.58794, 4.91123, 3.14159, 2.77673, 2.00000, 423218.00000, 271134.00000, 347176.00000, 5782385764.00000, 76042.00000, 1.14286, 0.27639, 0.00000, 0.72361, 0.00000, 1.00000
0.70086, 2.75567, -4.02561, 4.92853, 1.32174, 2.52663, 3.00000, 330735.00000, 115956.00000, 244923.66667, 8619571026.88889, 92841.64490, 0.90081, -1.86160, -6.49176, 9.35336, 1.00000, 0.00000
1.49161, 3.48430, -3.15040, 4.92852, 1.16631, 2.26428, 15.00000, 495038.00000, 60358.00000, 250861.60000, 19207304206.37333, 138590.41888, 0.91102, 0.81587, 1.82322, -1.63909, 0.86667, 0.13333
1.97536, 2.21782, -3.93313, 4.92852, 0.84316, 2.49482, 5.00000, 436522.00000, 178016.00000, 348781.20000, 8391138326.96000, 91603.15675, 0.91102, 5.51065, 6.05607, -10.56672, 0.60000, 0.40000
1.40973, 2.85909, -3.75484, 4.92550, 1.11271, 2.43770, 5.00000, 406201.00000, 180557.00000, 289352.40000, 7149437879.84000, 84554.34867, 0.94766, 3.30198, 7.02665, -9.32863, 1.00000, 0.00000
2.21782, 3.93313, -1.97536, 4.92852, 1.05736, 1.98319, 16.00000, 444225.00000, 41125.00000, 186881.06250, 18331653309.68359, 135394.43604, 0.91102, 0.54500, 0.95092, -0.49591, 1.00000, 0.00000
2.75567, 4.02561, -0.70086, 4.92853, 0.97053, 1.71348, 28.00000, 486609.00000, 26457.00000, 197134.39286, 18917004067.02423, 137539.10014, 0.90081, 0.46424, 0.66888, -0.13313, 1.00000, 0.00000
3.48430, 3.15040, -1.49161, 4.92852, 0.73511, 1.87827, 12.00000, 442637.00000, 44733.00000, 200399.66667, 13587941041.88889, 116567.32407, 0.91102, 0.68893, 0.61936, -0.30829, 1.00000, 0.00000
2.85909, 3.75484, -1.40973, 4.92550, 0.92001, 1.86107, 15.00000, 478289.00000, 59799.00000, 223392.46667, 19258111036.24889, 138773.59632, 0.94766, 0.53830, 0.71466, -0.25296, 1.00000, 0.00000
3.15040, 1.49161, -3.48430, 4.92852, 0.44220, 2.35600, 2.00000, 486401.00000, 153993.00000, 320197.00000, 27623769616.00000, 166204.00000, 0.91102, 2.59457, 1.29147, -2.88604, 0.50000, 0.50000
3.93313, 1.97536, -2.21782, 4.92852, 0.46544, 2.03756, 4.00000, 395145.00000, 190156.00000, 284876.75000, 7164292854.68750, 84642.14585, 0.91102, 1.05443, 0.54989, -0.60432, 1.00000, 0.00000
4.02561, 0.70086, -2.75567, 4.92853, 0.17237, 2.16413, 0.00000, 0.00000, 0.00000, 0.00000, 0.00000, 0.00000, 0.90081, 1.98030, 0.39414, -1.37444, 0.00000, 0.00000
3.75484, 1.40973, -2.85909, 4.92550, 0.35916, 2.19010, 4.00000, 274427.00000, 87285.00000, 184116.50000, 6564021528.75000, 81018.64927, 0.94766, 1.66465, 0.58922, -1.25387, 1.00000, 0.00000
2.20355, 3.47499, -2.68919, 4.91558, 1.00567, 2.14966, 9.00000, 498340.00000, 104232.00000, 309115.44444, 17629880493.13580, 132777.56020, 1.08598, 0.74373, 1.15838, -0.90211, 0.88889, 0.11111
3.47499, 2.68919, -2.20355, 4.91558, 0.65860, 2.03563, 7.00000, 498715.00000, 94788.00000, 333142.71429, 16126205254.77551, 126988.99659, 1.08598, 0.87972, 0.68510, -0.56481, 1.00000, 0.00000
2.68919, 2.20355, -3.47499, 4.91558, 0.68646, 2.35595, 7.00000, 434014.00000, 83391.00000, 276822.00000, 11782791602.28572, 108548.56794, 1.08598, 1.85065, 1.52573, -2.37638, 1.00000, 0.00000
2.83550, 2.83550, -2.83550, 4.91123, 0.78540, 2.18628, 13.00000, 472243.00000, 64853.00000, 235921.00000, 18057721557.84615, 134379.02202, 1.14286, 1.00000, 1.00000, -1.00000, 1.00000, 0.00000
2.75567, -4.02561, 0.70086, 4.92853, -0.97053, 1.42811, 0.00000, 0.00000, 0.00000, 0.00000, 0.00000, 0.00000, 0.90081, -6.49176, 9.35336, -1.86160, 0.00000, 0.00000
3.48430, -3.15040, 1.49161, 4.92852, -0.73511, 1.26333, 1.00000, 360642.00000, 360642.00000, 360642.00000, 0.00000, 0.00000, 0.91102, 1.82322, -1.63909, 0.81587, 1.00000, 0.00000
2.21782, -3.93313, 1.97536, 4.92852, -1.05736, 1.15840, 1.00000, 468174.00000, 468174.00000, 468174.00000, 0.00000, 0.00000, 0.91102, 6.05607, -10.56672, 5.51065, 0.00000, 1.00000
2.85909, -3.75484, 1.40973, 4.92550, -0.92001, 1.28053, 0.00000, 0.00000, 0.00000, 0.00000, 0.00000, 0.00000, 0.94766, 7.02665, -9.32863, 3.30198, 0.00000, 0.00000
3.93313, -1.97536, 2.21782, 4.92852, -0.46544, 1.10403, 1.00000, 389978.00000, 389978.00000, 389978.00000, 0.00000, 0.00000, 0.91102, 0.95092, -0.49591, 0.54500, 1.00000, 0.00000
4.02561, -0.70086, 2.75567, 4.92853, -0.17237, 0.97747, 3.00000, 463768.00000, 348571.00000, 399256.00000, 2307317766.00000, 48034.54763, 0.90081, 0.66888, -0.13313, 0.46424, 1.00000, 0.00000
3.15040, -1.49161, 3.48430, 4.92852, -0.44220, 0.78559, 2.00000, 282077.00000, 262783.00000, 272430.00000, 93064609.00000, 9647.00000, 0.91102, 0.61936, -0.30829, 0.68893, 1.00000, 0.00000
3.75484, -1.40973, 2.85909, 4.92550, -0.35916, 0.95149, 0.00000, 0.00000, 0.00000, 0.00000, 0.00000, 0.00000, 0.94766, 0.71466, -0.25296, 0.53830, 0.00000, 0.00000
1.49161, -3.48430, 3.15040, 4.92852, -1.16631, 0.87732, 2.00000, 297042.00000, 228748.00000, 262895.00000, 1166017609.00000, 34147.00000, 0.91102, 1.29147, -2.88604, 2.59457, 0.00000, 1.00000
1.97536, -2.21782, 3.93313, 4.92852, -0.84316, 0.64677, 1.00000, 312979.00000, 312979.00000, 312979.00000, 0.00000, 0.00000, 0.91102, 0.54989, -0.60432, 1.05443, 1.00000, 0.00000
0.70086, -2.75567, 4.02561, 4.92853, -1.32174, 0.61496, 2.00000, 432791.00000, 314289.00000, 373540.00000, 3510681001.00000, 59251.00000, 0.90081, 0.39414, -1.37444, 1.98030, 0.50000, 0.50000
1.40973, -2.85909, 3.75484, 4.92550, -1.11271, 0.70390, 1.00000, 345524.00000, 345524.00000, 345524.00000, 0.00000, 0.00000, 0.94766, 0.58922, -1.25387, 1.66465, 0.00000, 1.00000
3.47499, -2.68919, 2.20355, 4.91558, -0.65860, 1.10596, 1.00000, 197183.00000, 197183.00000, 197183.00000, 0.00000, 0.00000, 1.08598, 1.15838, -0.90211, 0.74373, 1.00000, 0.00000
2.68919, -2.20355, 3.47499, 4.91558, -0.68646, 0.78564, 1.00000, 291354.00000, 291354.00000, 291354.00000, 0.00000, 0.00000, 1.08598, 0.68510, -0.56481, 0.87972, 1.00000, 0.00000
2.20355, -3.47499, 2.68919, 4.91558, -1.00567, 0.99193, 2.00000, 444672.00000, 403361.00000, 424016.50000, 426649680.25000, 20655.50000, 1.08598, 1.52573, -2.37638, 1.85065, 0.50000, 0.50000
2.83550, -2.83550, 2.83550, 4.91123, -0.78540, 0.95532, 0.00000, 0.00000, 0.00000, 0.00000, 0.00000, 0.00000, 1.14286, 1.00000, -1.00000, 1.00000, 0.00000, 0.00000
2.05481, -4.45876, 0.43315, 4.92853, -1.13896, 1.48280, 0.00000, 0.00000, 0.00000, 0.00000, 0.00000, 0.00000, 0.90081, -0.98030, 2.22389, -0.24359, 0.00000, 0.00000
1.50894, -4.37124, 1.70460, 4.92852, -1.23841, 1.21764, 2.00000, 427440.00000, 224100.00000, 325770.00000, 10336788900.00000, 101670.00000, 0.91102, -1.19997, 3.63662, -1.43665, 0.50000, 0.50000
0.72621, -4.85499, 0.43811, 4.92852, -1.42232, 1.48179, 1.00000, 436070.00000, 436070.00000, 436070.00000, 0.00000, 0.00000, 0.91102, -0.18312, 1.31474, -0.13162, 0.00000, 1.00000
1.44936, -4.62611, 0.87126, 4.92550, -1.26718, 1.39297, 0.00000, 0.00000, 0.00000, 0.00000, 0.00000, 0.00000, 0.94766, -0.66465, 2.02881, -0.36416, 0.00000, 0.00000
0.78273, -3.92241, 2.87963, 4.92852, -1.37383, 0.94680, 4.00000, 439561.00000, 184214.00000, 325239.25000, 8330635881.18750, 91272.31717, 0.91102, -2.08678, 10.75154, -7.66476, 0.00000, 1.00000
0.00000, -3.18882, 3.75791, 4.92853, -1.57080, 0.70366, 4.00000, 350585.00000, 285175.00000, 316666.50000, 540288375.25000, 23244.10410, 0.90081, 0.00000, -7.64229, 8.64229, 0.25000, 0.75000
-0.78273, -3.92241, 2.87963, 4.92852, -1.76776, 0.94680, 3.00000, 327109.00000, 127784.00000, 226374.33333, 6624041686.88889, 81388.21590, 0.91102, 0.40335, 2.07817, -1.48153, 0.00000, 1.00000
0.00000, -3.73035, 3.21637, 4.92550, -1.57080, 0.85925, 3.00000, 370834.00000, 237824.00000, 314004.33333, 3135834166.88889, 55998.51933, 0.94766, -0.00000, 9.06739, -8.06739, 0.66667, 0.33333
-0.72621, -4.85499, 0.43811, 4.92852, -1.71928, 1.48179, 2.00000, 401390.00000, 313525.00000, 357457.50000, 1930064556.25000, 43932.50000, 0.91102, 0.13403, 0.96230, -0.09634, 0.00000, 1.00000
-1.50894, -4.37124, 1.70460, 4.92852, -1.90319, 1.21764, 7.00000, 480089.00000, 195009.00000, 343011.14286, 9273794484.69388, 96300.54249, 0.91102, 0.35294, 1.06961, -0.42255, 0.00000, 1.00000
-2.05481, -4.45876, 0.43315, 4.92853, -2.00263, 1.48280, 6.00000, 485514.00000, 81914.00000, 258413.66667, 16054837324.88889, 126707.68455, 0.90081, 0.33112, 0.75116, -0.08228, 0.00000, 1.00000
-1.44936, -4.62611, 0.87126, 4.92550, -1.87441, 1.39297, 2.00000, 253761.00000, 135195.00000, 194478.00000, 3514474089.00000, 59283.00000, 0.94766, 0.28534, 0.87099, -0.15634, 0.00000, 1.00000
0.78579, -4.35121, 2.14766, 4.91558, -1.39213, 1.11864, 3.00000, 202596.00000, 137279.00000, 159175.66667, 942685861.55556, 30703.18976, 1.08598, -0.52573, 2.99442, -1.46868, 0.00000, 1.00000
-0.78579, -4.35121, 2.14766, 4.91558, -1.74946, 1.11864, 5.00000, 322521.00000, 144611.00000, 238951.20000, 3582605410.96000, 59854.86957, 1.08598, 0.25627, 1.45965, -0.71592, 0.00000, 1.00000
0.00000, -4.83686, 0.87622, 4.91558, -1.57080, 1.39159, 2.00000, 497990.00000, 99672.00000, 298831.00000, 39664307281.00000, 199159.00000, 1.08598, -0.00000, 1.22879, -0.22879, 0.00000, 1.00000
0.00000, -4.58794, 1.75244, 4.91123, -1.57080, 1.20593, 3.00000, 453658.00000, 149815.00000, 263587.00000, 18297530142.00000, 135268.36342, 1.14286, -0.00000, 1.61803, -0.61803, 0.00000, 1.00000
2.05481, -4.45876, -0.43315, 4.92853, -1.13896, 1.65880, 0.00000, 0.00000, 0.00000, 0.00000, 0.00000, 0.00000, 0.90081, -0.65917, 1.49537, 0.16379, 0.00000, 0.00000
0.72621, -4.85499, -0.43811, 4.92852, -1.42232, 1.65981, 3.00000, 408495.00000, 339292.00000, 372002.00000, 805331412.66667, 28378.36170, 0.91102, -0.14496, 1.04077, 0.10419, 0.00000, 1.00000
1.50894, -4.37124, -1.70460, 4.92852, -1.23841, 1.92396, 5.00000, 427052.00000, 231036.00000, 315943.20000, 4491359016.56000, 67017.60229, 0.91102, -0.30980, 0.93889, 0.37091, 0.00000, 1.00000
1.44936, -4.62611, -0.87126, 4.92550, -1.26718, 1.74862, 1.00000, 276376.00000, 276376.00000, 276376.00000, 0.00000, 0.00000, 0.94766, -0.38457, 1.17386, 0.21070, 0.00000, 1.00000
-0.72621, -4.85499, -0.43811, 4.92852, -1.71928, 1.65981, 3.00000, 368726.00000, 209409.00000, 296696.66667, 4346726116.22222, 65929.70587, 0.91102, 0.11238, 0.80685, 0.08077, 0.00000, 1.00000
-2.05481, -4.45876, -0.43315, 4.92853, -2.00263, 1.65880, 6.00000, 483738.00000, 126579.00000, 230292.16667, 13731935479.47222, 117183.34131, 0.90081, 0.28433, 0.64502, 0.07065, 0.00000, 1.00000
-1.50894, -4.37124, -1.70460, 4.92852, -1.90319, 1.92396, 1.00000, 261794.00000, 261794.00000, 261794.00000, 0.00000, 0.00000, 0.91102, 0.19128, 0.57970, 0.22901, 0.00000, 1.00000
-1.44936, -4.62611, -0.87126, 4.92550, -1.87441, 1.74862, 3.00000, 306274.00000, 177629.00000, 237478.33333, 2798274444.22222, 52898.71874, 0.94766, 0.21738, 0.66353, 0.11910, 0.00000, 1.00000
0.78273, -3.92241, -2.87963, 4.92852, -1.37383, 2.19479, 2.00000, 473860.00000, 198703.00000, 336281.50000, 18927843662.25000, 137578.50000, 0.91102, -0.12779, 0.65841, 0.46938, 0.00000, 1.00000
-0.78273, -3.92241, -2.87963, 4.92852, -1.76776, 2.19479, 3.00000, 489938.00000, 106456.00000, 331567.66667, 26736943508.22222, 163514.35261, 0.91102, 0.10178, 0.52439, 0.37383, 0.00000, 1.00000
0.00000, -3.18882, -3.75791, 4.92853, -1.57080, 2.43793, 1.00000, 490350.00000, 490350.00000, 490350.00000, 0.00000, 0.00000, 0.90081, 0.00000, 0.46930, 0.53070, 1.00000, 0.00000
0.00000, -3.73035, -3.21637, 4.92550, -1.57080, 2.28234, 0.00000, 0.00000, 0.00000, 0.00000, 0.00000, 0.00000, 0.94766, -0.00000, 0.52918, 0.47082, 0.00000, 0.00000
0.00000, -4.83686, -0.87622, 4.91558, -1.57080, 1.75001, 0.00000, 0.00000, 0.00000, 0.00000, 0.00000, 0.00000, 1.08598, -0.00000, 0.84303, 0.15697, 0.00000, 0.00000
-0.78579, -4.35121, -2.14766, 4.91558, -1.74946, 2.02296, 2.00000, 312567.00000, 241175.00000, 276871.00000, 1274204416.00000, 35696.00000, 1.08598, 0.10538, 0.60022, 0.29439, 0.00000, 1.00000
0.78579, -4.35121, -2.14766, 4.91558, -1.39213, 2.02296, 1.00000, 406428.00000, 406428.00000, 406428.00000, 0.00000, 0.00000, 1.08598, -0.13352, 0.76051, 0.37301, 0.00000, 1.00000
0.00000, -4.58794, -1.75244, 4.91123, -1.57080, 1.93566, 0.00000, 0.00000, 0.00000, 0.00000, 0.00000, 0.00000, 1.14286, -0.00000, 0.72361, 0.27639, 0.00000, 0.00000
2.75567, -4.02561, -0.70086, 4.92853, -0.97053, 1.71348, 0.00000, 0.00000, 0.00000, 0.00000, 0.00000, 0.00000, 0.90081, -1.37444, 1.98030, 0.39414, 0.00000, 0.00000
2.21782, -3.93313, -1.97536, 4.92852, -1.05736, 1.98319, 0.00000, 0.00000, 0.00000, 0.00000, 0.00000, 0.00000, 0.91102, -0.60432, 1.05443, 0.54989, 0.00000, 0.00000
3.48430, -3.15040, -1.49161, 4.92852, -0.73511, 1.87827, 1.00000, 361005.00000, 361005.00000, 361005.00000, 0.00000, 0.00000, 0.91102, -2.88604, 2.59457, 1.29147, 0.00000, 1.00000
2.85909, -3.75484, -1.40973, 4.92550, -0.92001, 1.86107, 1.00000, 327718.00000, 327718.00000, 327718.00000, 0.00000, 0.00000, 0.94766, -1.25387, 1.66465, 0.58922, 1.00000, 0.00000
1.49161, -3.48430, -3.15040, 4.92852, -1.16631, 2.26428, 0.00000, 0.00000, 0.00000, 0.00000, 0.00000, 0.00000, 0.91102, -0.30829, 0.68893, 0.61936, 0.00000, 0.00000
0.70086, -2.75567, -4.02561, 4.92853, -1.32174, 2.52663, 3.00000, 420987.00000, 166010.00000, 298327.66667, 10882186789.55556, 104317.72040, 0.90081, -0.13313, 0.46424, 0.66888, 0.33333, 0.66667
1.97536, -2.21782, -3.93313, 4.92852, -0.84316, 2.49482, 1.00000, 362065.00000, 362065.00000, 362065.00000, 0.00000, 0.00000, 0.91102, -0.49591, 0.54500, 0.95092, 0.00000, 1.00000
1.40973, -2.85909, -3.75484, 4.92550, -1.11271, 2.43770, 1.00000, 434908.00000, 434908.00000, 434908.00000, 0.00000, 0.00000, 0.94766, -0.25296, 0.53830, 0.71466, 0.00000, 1.00000
3.93313, -1.97536, -2.21782, 4.92852, -0.46544, 2.03756, 2.00000, 451138.00000, 336604.00000, 393871.00000, 3279509289.00000, 57267.00000, 0.91102, -10.56672, 5.51065, 6.05607, 0.50000, 0.50000
3.15040, -1.49161, -3.48430, 4.92852, -0.44220, 2.35600, 0.00000, 0.00000, 0.00000, 0.00000, 0.00000, 0.00000, 0.91102, -1.63909, 0.81587, 1.82322, 0.00000, 0.00000
4.02561, -0.70086, -2.75567, 4.92853, -0.17237, 2.16413, 1.00000, 287960.00000, 287960.00000, 287960.00000, 0.00000, 0.00000, 0.90081, 9.35336, -1.86160, -6.49176, 1.00000, 0.00000
3.75484, -1.40973, -2.85909, 4.92550, -0.35916, 2.19010, 0.00000, 0.00000, 0.00000, 0.00000, 0.00000, 0.00000, 0.94766, -9.32863, 3.30198, 7.02665, 0.00000, 0.00000
2.20355, -3.47499, -2.68919, 4.91558, -1.00567, 2.14966, 0.00000, 0.00000, 0.00000, 0.00000, 0.00000, 0.00000, 1.08598, -0.56481, 0.87972, 0.68510, 0.00000, 0.00000
2.68919, -2.20355, -3.47499, 4.91558, -0.68646, 2.35595, 1.00000, 446075.00000, 446075.00000, 446075.00000, 0.00000, 0.00000, 1.08598, -0.90211, 0.74373, 1.15838, 0.00000, 1.00000
3.47499, -2.68919, -2.20355, 4.91558, -0.65860, 2.03563, 1.00000, 329631.00000, 329631.00000, 329631.00000, 0.00000, 0.00000, 1.08598, -2.37638, 1.85065, 1.52573, 0.00000, 1.00000
2.83550, -2.83550, -2.83550, 4.91123, -0.78540, 2.18628, 0.00000, 0.00000, 0.00000, 0.00000, 0.00000, 0.00000, 1.14286, -1.00000, 1.00000, 1.00000, 0.00000, 0.00000
3.18882, -3.75791, 0.00000, 4.92853, -0.86714, 1.57080, 0.00000, 0.00000, 0.00000, 0.00000, 0.00000, 0.00000, 0.90081, -7.64229, 8.64229, -0.00000, 0.00000, 0.00000
3.92241, -2.87963, -0.78273, 4.92852, -0.63328, 1.73029, 0.00000, 0.00000, 0.00000, 0.00000, 0.00000, 0.00000, 0.91102, 10.75154, -7.66476, -2.08678, 0.00000, 0.00000
3.92241, -2.87963, 0.78273, 4.92852, -0.63328, 1.41130, 0.00000, 0.00000, 0.00000, 0.00000, 0.00000, 0.00000, 0.91102, 2.07817, -1.48153, 0.40335, 0.00000, 0.00000
3.73035, -3.21637, 0.00000, 4.92550, -0.71154, 1.57080, 0.00000, 0.00000, 0.00000, 0.00000, 0.00000, 0.00000, 0.94766, 9.06739, -8.06739, 0.00000, 0.00000, 0.00000
4.37124, -1.70460, -1.50894, 4.92852, -0.37182, 1.88196, 0.00000, 0.00000, 0.00000, 0.00000, 0.00000, 0.00000, 0.91102, 3.63662, -1.43665, -1.19997, 0.00000, 0.00000
4.45876, -0.43315, -2.05481, 4.92853, -0.09684, 2.00085, 0.00000, 0.00000, 0.00000, 0.00000, 0.00000, 0.00000, 0.90081, 2.22389, -0.24359, -0.98030, 0.00000, 0.00000
4.85499, -0.43811, -0.72621, 4.92852, -0.09000, 1.71868, 4.00000, 342364.00000, 174844.00000, 276038.75000, 4600936708.68750, 67830.20499, 0.91102, 1.31474, -0.13162, -0.18312, 1.00000, 0.00000
4.62611, -0.87126, -1.44936, 4.92550, -0.18616, 1.86947, 1.00000, 263857.00000, 263857.00000, 263857.00000, 0.00000, 0.00000, 0.94766, 2.02881, -0.36416, -0.66465, 1.00000, 0.00000
4.37124, -1.70460, 1.50894, 4.92852, -0.37182, 1.25963, 2.00000, 307289.00000, 303196.00000, 305242.50000, 4188162.25000, 2046.50000, 0.91102, 1.06961, -0.42255, 0.35294, 0.50000, 0.50000
4.85499, -0.43811, 0.72621, 4.92852, -0.09000, 1.42291, 2.00000, 396206.00000, 219375.00000, 307790.50000, 7817300640.25000, 88415.50000, 0.91102, 0.96230, -0.09634, 0.13403, 1.00000, 0.00000
4.45876, -0.43315, 2.05481, 4.92853, -0.09684, 1.14074, 4.00000, 454772.00000, 119254.00000, 260645.75000, 15973332039.18750, 126385.64807, 0.90081, 0.75116, -0.08228, 0.33112, 1.00000, 0.00000
4.62611, -0.87126, 1.44936, 4.92550, -0.18616, 1.27212, 2.00000, 497173.00000, 362963.00000, 430068.00000, 4503081025.00000, 67105.00000, 0.94766, 0.87099, -0.15634, 0.28534, 1.00000, 0.00000
4.35121, -2.14766, -0.78579, 4.91558, -0.45850, 1.73134, 0.00000, 0.00000, 0.00000, 0.00000, 0.00000, 0.00000, 1.08598, 2.99442, -1.46868, -0.52573, 0.00000, 0.00000
4.83686, -0.87622, 0.00000, 4.91558, -0.17921, 1.57080, 3.00000, 307331.00000, 193390.00000, 247960.66667, 2175276980.22222, 46639.86471, 1.08598, 1.22879, -0.22879, 0.00000, 1.00000, 0.00000
4.35121, -2.14766, 0.78579, 4.91558, -0.45850, 1.41025, 2.00000, 336959.00000, 257301.00000, 297130.00000, 1586349241.00000, 39829.00000, 1.08598, 1.45965, -0.71592, 0.25627, 1.00000, 0.00000
4.58794, -1.75244, 0.00000, 4.91123, -0.36486, 1.57080, 2.00000, 484467.00000, 276045.00000, 380256.00000, 10859932521.00000, 104211.00000, 1.14286, 1.61803, -0.61803, 0.00000, 1.00000, 0.00000
0.43315, -2.05481, 4.45876, 4.92853, -1.36304, 0.44016, 5.00000, 461193.00000, 146355.00000, 294989.40000, 10032623361.04000, 100162.98399, 0.90081, 0.16379, -0.65917, 1.49537, 0.60000, 0.40000
1.70460, -1.50894, 4.37124, 4.92852, -0.72459, 0.48015, 3.00000, 487176.00000, 211070.00000, 352906.00000, 12734376050.66667, 112846.69269, 0.91102, 0.37091, -0.30980, 0.93889, 0.66667, 0.33333
0.43811, -0.72621, 4.85499, 4.92852, -1.02797, 0.17295, 7.00000, 384143.00000, 186078.00000, 275991.42857, 5371448210.53061, 73290.16449, 0.91102, 0.10419, -0.14496, 1.04077, 0.57143, 0.42857
0.87126, -1.44936, 4.62611, 4.92550, -1.02954, 0.35046, 1.00000, 283428.00000, 283428.00000, 283428.00000, 0.00000, 0.00000, 0.94766, 0.21070, -0.38457, 1.17386, 1.00000, 0.00000
2.87963, -0.78273, 3.92241, 4.92852, -0.26540, 0.65037, 9.00000, 449632.00000, 81177.00000, 241831.77778, 15492461537.06173, 124468.71710, 0.91102, 0.46938, -0.12779, 0.65841, 0.77778, 0.22222
3.75791, 0.00000, 3.18882, 4.92853, 0.00000, 0.86714, 6.00000, 331331.00000, 92572.00000, 205585.66667, 7108410489.55555, 84311.39003, 0.90081, 0.53070, -0.00000, 0.46930, 1.00000, 0.00000
2.87963, 0.78273, 3.92241, 4.92852, 0.26540, 0.65037, 12.00000, 490173.00000, 99414.00000, 260442.16667, 17552411947.80555, 132485.51599, 0.91102, 0.37383, 0.10178, 0.52439, 0.91667, 0.08333
3.21637, 0.00000, 3.73035, 4.92550, 0.00000, 0.71154, 2.00000, 266671.00000, 232702.00000, 249686.50000, 288473240.25000, 16984.50000, 0.94766, 0.47082, -0.00000, 0.52918, 1.00000, 0.00000
0.43811, 0.72621, 4.85499, 4.92852, 1.02797, 0.17295, 15.00000, 460703.00000, 74178.00000, 286817.66667, 13026968101.55556, 114135.74419, 0.91102, 0.08077, 0.11238, 0.80685, 0.86667, 0.13333
1.70460, 1.50894, 4.37124, 4.92852, 0.72459, 0.48015, 18.00000, 410519.00000, 60286.00000, 230794.94444, 10515402697.94136, 102544.63759, 0.91102, 0.22901, 0.19128, 0.57970, 0.88889, 0.11111
0.43315, 2.05481, 4.45876, 4.92853, 1.36304, 0.44016, 18.00000, 484952.00000, 45747.00000, 257927.61111, 16299515977.79321, 127669.55776, 0.90081, 0.07065, 0.28433, 0.64502, 0.94444, 0.05556
0.87126, 1.44936, 4.62611, 4.92550, 1.02954, 0.35046, 16.00000, 437943.00000, 80076.00000, 218942.00000, 12298967718.75000, 110900.71108, 0.94766, 0.11910, 0.21738, 0.66353, 0.87500, 0.12500
2.14766, -0.78579, 4.35121, 4.91558, -0.35075, 0.48390, 8.00000, 487246.00000, 146777.00000, 233000.25000, 14056749396.43750, 118561.16310, 1.08598, 0.37301, -0.13352, 0.76051, 1.00000, 0.00000
2.14766, 0.78579, 4.35121, 4.91558, 0.35075, 0.48390, 8.00000, 433704.00000, 125652.00000, 263320.25000, 9901106945.68750, 99504.30617, 1.08598, 0.29439, 0.10538, 0.60022, 0.87500, 0.12500
0.87622, 0.00000, 4.83686, 4.91558, 0.00000, 0.17921, 8.00000, 322999.00000, 120774.00000, 216652.87500, 4457271475.10938, 66762.80008, 1.08598, 0.15697, -0.00000, 0.84303, 0.62500, 0.37500
1.75244, 0.00000, 4.58794, 4.91123, 0.00000, 0.36486, 4.00000, 401809.00000, 214271.00000, 328364.25000, 5378531009.68750, 73338.46883, 1.14286, 0.27639, 0.00000, 0.72361, 0.75000, 0.25000
-2.75567, -4.02561, 0.70086, 4.92853, -2.17107, 1.42811, 5.00000, 425134.00000, 90661.00000, 246212.40000, 13721443694.24000, 117138.56621, 0.90081, 0.46424, 0.66888, -0.13313, 0.00000, 1.00000
-2.21782, -3.93313, 1.97536, 4.92852, -2.08423, 1.15840, 9.00000, 436592.00000, 170035.00000, 316285.55556, 8468695660.69136, 92025.51636, 0.91102, 0.54500, 0.95092, -0.49591, 0.00000, 1.00000
-3.48430, -3.15040, 1.49161, 4.92852, -2.40648, 1.26333, 11.00000, 377440.00000, 58588.00000, 154803.45455, 7317208030.42975, 85540.68056, 0.91102, 0.68893, 0.61936, -0.30829, 0.00000, 1.00000
-2.85909, -3.75484, 1.40973, 4.92550, -2.22158, 1.28053, 13.00000, 466670.00000, 72306.00000, 209923.15385, 15181895362.13018, 123214.83418, 0.94766, 0.53830, 0.71466, -0.25296, 0.00000, 1.00000
-1.49161, -3.48430, 3.15040, 4.92852, -1.97528, 0.87732, 6.00000, 397473.00000, 146374.00000, 285433.00000, 6606989879.33333, 81283.39240, 0.91102, 0.81587, 1.82322, -1.63909, 0.50000, 0.50000
-0.70086, -2.75567, 4.02561, 4.92853, -1.81985, 0.61496, 9.00000, 449147.00000, 116809.00000, 234909.88889, 11313399322.54321, 106364.46457, 0.90081, -1.86160, -6.49176, 9.35336, 0.11111, 0.88889
-1.97536, -2.21782, 3.93313, 4.92852, -2.29844, 0.64677, 5.00000, 481118.00000, 160233.00000, 292929.80000, 20908217321.76000, 144596.74036, 0.91102, 5.51065, 6.05607, -10.56672, 0.20000, 0.80000
-1.40973, -2.85909, 3.75484, 4.92550, -2.02888, 0.70390, 4.00000, 486588.00000, 182916.00000, 306441.00000, 14155638969.50000, 118977.47253, 0.94766, 3.30198, 7.02665, -9.32863, 0.00000, 1.00000
-3.93313, -1.97536, 2.21782, 4.92852, -2.67616, 1.10403, 26.00000, 461484.00000, 40254.00000, 192258.84615, 12226371587.20710, 110572.92430, 0.91102, 1.05443, 0.54989, -0.60432, 0.03846, 0.96154
-3.15040, -1.49161, 3.48430, 4.92852, -2.69940, 0.78559, 14.00000, 426570.00000, 60417.00000, 234827.64286, 15426029926.22959, 124201.56974, 0.91102, 2.59457, 1.29147, -2.88604, 0.14286, 0.85714
-4.02561, -0.70086, 2.75567, 4.92853, -2.96922, 0.97747, 31.00000, 474378.00000, 64950.00000, 204615.03226, 10229186543.19251, 101139.44109, 0.90081, 1.98030, 0.39414, -1.37444, 0.03226, 0.96774
-3.75484, -1.40973, 2.85909, 4.92550, -2.78243, 0.95149, 26.00000, 457127.00000, 88869.00000, 215236.50000, 11346899556.40385, 106521.82667, 0.94766, 1.66465, 0.58922, -1.25387, 0.03846, 0.96154
-2.20355, -3.47499, 2.68919, 4.91558, -2.13592, 0.99193, 4.00000, 320826.00000, 128871.00000, 239951.25000, 5567148528.68750, 74613.32675, 1.08598, 0.74373, 1.15838, -0.90211, 0.00000, 1.00000
-2.68919, -2.20355, 3.47499, 4.91558, -2.45513, 0.78564, 6.00000, 485155.00000, 92660.00000, 312824.50000, 20503439413.91667, 143190.22108, 1.08598, 1.85065, 1.52573, -2.37638, 0.16667, 0.83333
-3.47499, -2.68919, 2.20355, 4.91558, -2.48299, 1.10596, 20.00000, 418008.00000, 47701.00000, 199459.30000, 12977502619.41000, 113918.84225, 1.08598, 0.87972, 0.68510, -0.56481, 0.00000, 1.00000
-2.83550, -2.83550, 2.83550, 4.91123, -2.35619, 0.95532, 15.00000, 474343.00000, 76964.00000, 281646.66667, 12897847042.22222, 113568.68865, 1.14286, 1.00000, 1.00000, -1.00000, 0.00000, 1.00000
-0.70086, -2.75567, -4.02561, 4.92853, -1.81985, 2.52663, 1.00000, 150471.00000, 150471.00000, 150471.00000, 0.00000, 0.00000, 0.90081, 0.10514, 0.36663, 0.52824, 0.00000, 1.00000
-1.49161, -3.48430, -3.15040, 4.92852, -1.97528, 2.26428, 2.00000, 335865.00000, 327045.00000, 331455.00000, 19448100.00000, 4410.00000, 0.91102, 0.19070, 0.42617, 0.38313, 0.00000, 1.00000
-1.97536, -2.21782, -3.93313, 4.92852, -2.29844, 2.49482, 9.00000, 494615.00000, 161683.00000, 313919.11111, 10429656563.43210, 102125.69003, 0.91102, 0.24897, 0.27362, 0.47741, 0.11111, 0.88889
-1.40973, -2.85909, -3.75484, 4.92550, -2.02888, 2.43770, 3.00000, 291816.00000, 193101.00000, 250385.66667, 1749788480.22222, 41830.47311, 0.94766, 0.16798, 0.35746, 0.47456, 0.00000, 1.00000
-2.21782, -3.93313, -1.97536, 4.92852, -2.08423, 1.98319, 10.00000, 463799.00000, 110247.00000, 302107.00000, 11776764745.20000, 108520.80328, 0.91102, 0.27362, 0.47741, 0.24897, 0.10000, 0.90000
-2.75567, -4.02561, -0.70086, 4.92853, -2.17107, 1.71348, 4.00000, 276942.00000, 114848.00000, 194077.75000, 6105325417.18750, 78136.58181, 0.90081, 0.36663, 0.52824, 0.10514, 0.00000, 1.00000
-3.48430, -3.15040, -1.49161, 4.92852, -2.40648, 1.87827, 23.00000, 468981.00000, 62193.00000, 224235.39130, 9223538528.93384, 96039.25515, 0.91102, 0.42617, 0.38313, 0.19070, 0.00000, 1.00000
-2.85909, -3.75484, -1.40973, 4.92550, -2.22158, 1.86107, 12.00000, 399548.00000, 91488.00000, 205595.00000, 7076483783.33333, 84121.83892, 0.94766, 0.35746, 0.47456, 0.16798, 0.00000, 1.00000
-3.15040, -1.49161, -3.48430, 4.92852, -2.69940, 2.35600, 18.00000, 450600.00000, 86178.00000, 215520.94444, 11129045104.27469, 105494.28944, 0.91102, 0.38313, 0.19070, 0.42617, 0.11111, 0.88889
-3.93313, -1.97536, -2.21782, 4.92852, -2.67616, 2.03756, 15.00000, 155093.00000, 68551.00000, 110665.80000, 591864457.76000, 24328.26459, 0.91102, 0.47741, 0.24897, 0.27362, 0.00000, 1.00000
-4.02561, -0.70086, -2.75567, 4.92853, -2.96922, 2.16413, 19.00000, 495390.00000, 72365.00000, 244921.84211, 18208340674.97507, 134938.28469, 0.90081, 0.52824, 0.10514, 0.36663, 0.15789, 0.84211
-3.75484, -1.40973, -2.85909, 4.92550, -2.78243, 2.19010, 22.00000, 470135.00000, 56639.00000, 236042.54545, 16938498906.24794, 130147.98848, 0.94766, 0.47456, 0.16798, 0.35746, 0.00000, 1.00000
-2.20355, -3.47499, -2.68919, 4.91558, -2.13592, 2.14966, 4.00000, 305189.00000, 132380.00000, 210961.00000, 3978213607.50000, 63073.08148, 1.08598, 0.26522, 0.41309, 0.32170, 0.00000, 1.00000
-3.47499, -2.68919, -2.20355, 4.91558, -2.48299, 2.03563, 10.00000, 372437.00000, 113668.00000, 224826.20000, 7685149890.36000, 87664.98668, 1.08598, 0.41309, 0.32170, 0.26522, 0.00000, 1.00000
-2.68919, -2.20355, -3.47499, 4.91558, -2.45513, 2.35595, 5.00000, 338215.00000, 42786.00000, 175014.00000, 11080255048.80000, 105262.79043, 1.08598, 0.32170, 0.26522, 0.41309, 0.00000, 1.00000
-2.83550, -2.83550, -2.83550, 4.91123, -2.35619, 2.18628, 10.00000, 427134.00000, 88687.00000, 156778.30000, 8844249731.81000, 94043.87131, 1.14286, 0.33333, 0.33333, 0.33333, 0.00000, 1.00000
3.75791, 0.00000, -3.18882, 4.92853, 0.00000, 2.27446, 2.00000, 456327.00000, 325544.00000, 390935.50000, 4276048272.25000, 65391.50000, 0.90081, 8.64229, 0.00000, -7.64229, 1.00000, 0.00000
2.87963, -0.78273, -3.92241, 4.92852, -0.26540, 2.49122, 0.00000, 0.00000, 0.00000, 0.00000, 0.00000, 0.00000, 0.91102, -1.48153, 0.40335, 2.07817, 0.00000, 0.00000
2.87963, 0.78273, -3.92241, 4.92852, 0.26540, 2.49122, 2.00000, 299919.00000, 124612.00000, 212265.50000, 7683136062.25000, 87653.50000, 0.91102, -7.66476, -2.08678, 10.75154, 0.50000, 0.50000
3.21637, 0.00000, -3.73035, 4.92550, 0.00000, 2.43005, 0.00000, 0.00000, 0.00000, 0.00000, 0.00000, 0.00000, 0.94766, -8.06739, -0.00000, 9.06739, 0.00000, 0.00000
1.70460, -1.50894, -4.37124, 4.92852, -0.72459, 2.66145, 2.00000, 311299.00000, 292279.00000, 301789.00000, 90440100.00000, 9510.00000, 0.91102, -0.42255, 0.35294, 1.06961, 0.00000, 1.00000
0.43315, -2.05481, -4.45876, 4.92853, -1.36304, 2.70143, 0.00000, 0.00000, 0.00000, 0.00000, 0.00000, 0.00000, 0.90081, -0.08228, 0.33112, 0.75116, 0.00000, 0.00000
0.43811, -0.72621, -4.85499, 4.92852, -1.02797, 2.96865, 2.00000, 355251.00000, 207144.00000, 281197.50000, 5483920862.25000, 74053.50000, 0.91102, -0.09634, 0.13403, 0.96230, 0.50000, 0.50000
0.87126, -1.44936, -4.62611, 4.92550, -1.02954, 2.79113, 1.00000, 200263.00000, 200263.00000, 200263.00000, 0.00000, 0.00000, 0.94766, -0.15634, 0.28534, 0.87099, 0.00000, 1.00000
1.70460, 1.50894, -4.37124, 4.92852, 0.72459, 2.66145, 4.00000, 450354.00000, 43916.00000, 206668.50000, 22286526540.75000, 149286.72594, 0.91102, -1.43665, -1.19997, 3.63662, 1.00000, 0.00000
0.43811, 0.72621, -4.85499, 4.92852, 1.02797, 2.96865, 7.00000, 479834.00000, 141993.00000, 365450.00000, 12450694278.28572, 111582.67911, 0.91102, -0.13162, -0.18312, 1.31474, 0.85714, 0.14286
0.43315, 2.05481, -4.45876, 4.92853, 1.36304, 2.70143, 3.00000, 491670.00000, 400204.00000, 435166.00000, 1626367074.66667, 40328.24165, 0.90081, -0.24359, -0.98030, 2.22389, 0.66667, 0.33333
0.87126, 1.44936, -4.62611, 4.92550, 1.02954, 2.79113, 5.00000, 437340.00000, 179938.00000, 320874.20000, 8011598948.56000, 89507.53571, 0.94766, -0.36416, -0.66465, 2.02881, 0.80000, 0.20000
2.14766, -0.78579, -4.35121, 4.91558, -0.35075, 2.65769, 1.00000, 316909.00000, 316909.00000, 316909.00000, 0.00000, 0.00000, 1.08598, -0.71592, 0.25627, 1.45965, 0.00000, 1.00000
0.87622, 0.00000, -4.83686, 4.91558, 0.00000, 2.96238, 1.00000, 277264.00000, 277264.00000, 277264.00000, 0.00000, 0.00000, 1.08598, -0.22879, -0.00000, 1.22879, 1.00000, 0.00000
2.14766, 0.78579, -4.35121, 4.91558, 0.35075, 2.65769, 4.00000, 428329.00000, 213615.00000, 353499.75000, 6946246285.68750, 83344.14368, 1.08598, -1.46868, -0.52573, 2.99442, 0.75000, 0.25000
1.75244, 0.00000, -4.58794, 4.91123, 0.00000, 2.77673, 4.00000, 423050.00000, 170538.00000, 256329.00000, 9972853281.00000, 99864.17416, 1.14286, -0.61803, -0.00000, 1.61803, 0.75000, 0.25000
4.45876, 0.43315, 2.05481, 4.92853, 0.09684, 1.14074, 5.00000, 437278.00000, 145122.00000, 301571.60000, 9286034367.44000, 96364.07197, 0.90081, 0.64502, 0.07065, 0.28433, 1.00000, 0.00000
4.85499, 0.43811, 0.72621, 4.92852, 0.09000, 1.42291, 4.00000, 409696.00000, 164212.00000, 258900.75000, 8356562293.68750, 91414.23463, 0.91102, 0.80685, 0.08077, 0.11238, 1.00000, 0.00000
4.37124, 1.70460, 1.50894, 4.92852, 0.37182, 1.25963, 8.00000, 454020.00000, 52168.00000, 316573.25000, 17467591041.68750, 132165.01444, 0.91102, 0.57970, 0.22901, 0.19128, 0.87500, 0.12500
4.62611, 0.87126, 1.44936, 4.92550, 0.18616, 1.27212, 2.00000, 311117.00000, 183826.00000, 247471.50000, 4050749670.25000, 63645.50000, 0.94766, 0.66353, 0.11910, 0.21738, 1.00000, 0.00000
4.85499, 0.43811, -0.72621, 4.92852, 0.09000, 1.71868, 1.00000, 145240.00000, 145240.00000, 145240.00000, 0.00000, 0.00000, 0.91102, 1.04077, 0.10419, -0.14496, 1.00000, 0.00000
4.45876, 0.43315, -2.05481, 4.92853, 0.09684, 2.00085, 1.00000, 457249.00000, 457249.00000, 457249.00000, 0.00000, 0.00000, 0.90081, 1.49537, 0.16379, -0.65917, 1.00000, 0.00000
4.37124, 1.70460, -1.50894, 4.92852, 0.37182, 1.88196, 7.00000, 426538.00000, 123125.00000, 236190.57143, 15211749016.24490, 123335.91941, 0.91102, 0.93889, 0.37091, -0.30980, 1.00000, 0.00000
4.62611, 0.87126, -1.44936, 4.92550, 0.18616, 1.86947, 8.00000, 405629.00000, 73735.00000, 219149.12500, 12796430847.85938, 113121.31032, 0.94766, 1.17386, 0.21070, -0.38457, 1.00000, 0.00000
3.92241, 2.87963, 0.78273, 4.92852, 0.63328, 1.41130, 24.00000, 406690.00000, 44754.00000, 217272.00000, 12139769789.16667, 110180.62347, 0.91102, 0.52439, 0.37383, 0.10178, 1.00000, 0.00000
3.92241, 2.87963, -0.78273, 4.92852, 0.63328, 1.73029, 12.00000, 376883.00000, 28191.00000, 168753.58333, 10820254112.57639, 104020.45045, 0.91102, 0.65841, 0.46938, -0.12779, 1.00000, 0.00000
3.18882, 3.75791, 0.00000, 4.92853, 0.86714, 1.57080, 26.00000, 457461.00000, 46848.00000, 168578.15385, 14652366689.43787, 121046.96068, 0.90081, 0.46930, 0.53070, 0.00000, 1.00000, 0.00000
3.73035, 3.21637, 0.00000, 4.92550, 0.71154, 1.57080, 14.00000, 433245.00000, 58625.00000, 231347.00000, 15466158443.85714, 124363.01075, 0.94766, 0.52918, 0.47082, 0.00000, 1.00000, 0.00000
4.83686, 0.87622, 0.00000, 4.91558, 0.17921, 1.57080, 5.00000, 498478.00000, 158734.00000, 293099.20000, 16175621174.16000, 127183.41548, 1.08598, 0.84303, 0.15697, 0.00000, 1.00000, 0.00000
4.35121, 2.14766, -0.78579, 4.91558, 0.45850, 1.73134, 6.00000, 332956.00000, 77145.00000, 219138.66667, 5830785129.55556, 76359.57785, 1.08598, 0.76051, 0.37301, -0.13352, 1.00000, 0.00000
4.35121, 2.14766, 0.78579, 4.91558, 0.45850, 1.41025, 13.00000, 482703.00000, 54310.00000, 273698.53846, 19691445999.63314, 140326.21280, 1.08598, 0.60022, 0.29439, 0.10538, 1.00000, 0.00000
4.58794, 1.75244, 0.00000, 4.91123, 0.36486, 1.57080, 5.00000, 484542.00000, 310130.00000, 387691.60000, 3394411657.84000, 58261.57960, 1.14286, 0.72361, 0.27639, -0.00000, 1.00000, 0.00000
