-2.75567, 4.02561, 0.70086, 4.92853, 2.17107, 1.42811, 8.00000, 474029.00000, 117028.00000, 263513.00000, 17375233835.25000, 131815.15025, 0.90081, -1.37444, 1.98030, 0.39414, 0.37500, 0.62500
-3.48430, 3.15040, 1.49161, 4.92852, 2.40648, 1.26333, 3.00000, 343168.00000, 243324.00000, 287427.33333, 1729184486.22222, 41583.46410, 0.91102, -2.88604, 2.59457, 1.29147, 0.00000, 1.00000
-2.21782, 3.93313, 1.97536, 4.92852, 2.08423, 1.15840, 12.00000, 474491.00000, 74779.00000, 220863.33333, 13590125151.22222, 116576.69214, 0.91102, -0.60432, 1.05443, 0.54989, 0.50000, 0.50000
-2.85909, 3.75484, 1.40973, 4.92550, 2.22158, 1.28053, 5.00000, 487083.00000, 121415.00000, 258778.60000, 17350046548.24000, 131719.57542, 0.94766, -1.25387, 1.66465, 0.58922, 0.20000, 0.80000
-3.93313, 1.97536, 2.21782, 4.92852, 2.67616, 1.10403, 3.00000, 381816.00000, 90225.00000, 258735.00000, 15202782234.00000, 123299.56299, 0.91102, -10.56672, 5.51065, 6.05607, 0.66667, 0.33333
-4.02561, 0.70086, 2.75567, 4.92853, 2.96922, 0.97747, 1.00000, 487194.00000, 487194.00000, 487194.00000, 0.00000, 0.00000, 0.90081, 9.35336, -1.86160, -6.49176, 0.00000, 1.00000
-3.15040, 1.49161, 3.48430, 4.92852, 2.69940, 0.78559, 3.00000, 479620.00000, 297301.00000, 367235.33333, 6441051693.55556, 80256.16296, 0.91102, -1.63909, 0.81587, 1.82322, 0.66667, 0.33333
-3.75484, 1.40973, 2.85909, 4.92550, 2.78243, 0.95149, 3.00000, 472913.00000, 302545.00000, 388947.00000, 4840509618.66667, 69573.77105, 0.94766, -9.32863, 3.30198, 7.02665, 0.33333, 0.66667
-1.49161, 3.48430, 3.15040, 4.92852, 1.97528, 0.87732, 6.00000, 458528.00000, 103527.00000, 303758.16667, 17462190876.13889, 132144.58323, 0.91102, -0.30829, 0.68893, 0.61936, 1.00000, 0.00000
-1.97536, 2.21782, 3.93313, 4.92852, 2.29844, 0.64677, 3.00000, 397691.00000, 236077.00000, 324856.66667, 4480307660.22222, 66935.10036, 0.91102, -0.49591, 0.54500, 0.95092, 0.33333, 0.66667
-0.70086, 2.75567, 4.02561, 4.92853, 1.81985, 0.61496, 3.00000, 410158.00000, 197932.00000, 268875.00000, 9980503646.00000, 99902.47067, 0.90081, -0.13313, 0.46424, 0.66888, 1.00000, 0.00000
-1.40973, 2.85909, 3.75484, 4.92550, 2.02888, 0.70390, 3.00000, 286485.00000, 246820.00000, 268755.33333, 271062520.22222, 16463.97644, 0.94766, -0.25296, 0.53830, 0.71466, 0.66667, 0.33333
-3.47499, 2.68919, 2.20355, 4.91558, 2.48299, 1.10596, 2.00000, 390307.00000, 181265.00000, 285786.00000, 10924639441.00000, 104521.00000, 1.08598, -2.37638, 1.85065, 1.52573, 0.50000, 0.50000
-2.68919, 2.20355, 3.47499, 4.91558, 2.45513, 0.78564, 1.00000, 225147.00000, 225147.00000, 225147.00000, 0.00000, 0.00000, 1.08598, -0.90211, 0.74373, 1.15838, 0.00000, 1.00000
-2.20355, 3.47499, 2.68919, 4.91558, 2.13592, 0.99193, 3.00000, 456542.00000, 260234.00000, 336317.00000, 7397063226.00000, 86006.18132, 1.08598, -0.56481, 0.87972, 0.68510, 0.66667, 0.33333
-2.83550, 2.83550, 2.83550, 4.91123, 2.35619, 0.95532, 6.00000, 401460.00000, 198693.00000, 281776.33333, 4927182043.88889, 70193.88894, 1.14286, -1.00000, 1.00000, 1.00000, 0.66667, 0.33333
-2.05481, 4.45876, 0.43315, 4.92853, 2.00263, 1.48280, 18.00000, 482814.00000, 50516.00000, 203549.27778, 12496742561.42284, 111788.83022, 0.90081, -0.65917, 1.49537, 0.16379, 0.33333, 0.66667
-1.50894, 4.37124, 1.70460, 4.92852, 1.90319, 1.21764, 13.00000, 463866.00000, 89482.00000, 252209.00000, 13072302885.53846, 114334.17199, 0.91102, -0.30980, 0.93889, 0.37091, 0.53846, 0.46154
-0.72621, 4.85499, 0.43811, 4.92852, 1.71928, 1.48179, 28.00000, 445468.00000, 77066.00000, 210638.25000, 12277531703.33036, 110804.02386, 0.91102, -0.14496, 1.04077, 0.10419, 0.46429, 0.53571
-1.44936, 4.62611, 0.87126, 4.92550, 1.87441, 1.39297, 13.00000, 407481.00000, 80677.00000, 224170.69231, 10775211792.98225, 103803.71763, 0.94766, -0.38457, 1.17386, 0.21070, 0.69231, 0.30769
-0.78273, 3.92241, 2.87963, 4.92852, 1.76776, 0.94680, 8.00000, 457500.00000, 99779.00000, 284601.12500, 22034216843.10938, 148439.26988, 0.91102, -0.12779, 0.65841, 0.46938, 0.62500, 0.37500
0.00000, 3.18882, 3.75791, 4.92853, 1.57080, 0.70366, 7.00000, 476803.00000, 173462.00000, 272770.00000, 9810697408.85714, 99048.96470, 0.90081, -0.00000, 0.46930, 0.53070, 0.71429, 0.28571
0.78273, 3.92241, 2.87963, 4.92852, 1.37383, 0.94680, 13.00000, 445394.00000, 92854.00000, 283126.84615, 10686402733.97633, 103375.05857, 0.91102, 0.10178, 0.52439, 0.37383, 1.00000, 0.00000
0.00000, 3.73035, 3.21637, 4.92550, 1.57080, 0.85925, 11.00000, 482778.00000, 100830.00000, 301134.09091, 11122019566.44628, 105460.98599, 0.94766, -0.00000, 0.52918, 0.47082, 1.00000, 0.00000
0.72621, 4.85499, 0.43811, 4.92852, 1.42232, 1.48179, 39.00000, 468366.00000, 26692.00000, 189941.76923, 14851713950.02367, 121867.60829, 0.91102, 0.11238, 0.80685, 0.08077, 0.79487, 0.20513
1.50894, 4.37124, 1.70460, 4.92852, 1.23841, 1.21764, 23.00000, 434574.00000, 25910.00000, 161164.56522, 12592080801.98488, 112214.44115, 0.91102, 0.19128, 0.57970, 0.22901, 0.91304, 0.08696
2.05481, 4.45876, 0.43315, 4.92853, 1.13896, 1.48280, 41.00000, 409002.00000, 30148.00000, 155101.12195, 11624655633.27781, 107817.69629, 0.90081, 0.28433, 0.64502, 0.07065, 0.85366, 0.14634
1.44936, 4.62611, 0.87126, 4.92550, 1.26718, 1.39297, 36.00000, 382036.00000, 40278.00000, 160471.75000, 8689474137.85417, 93217.34891, 0.94766, 0.21738, 0.66353, 0.11910, 0.80556, 0.19444
-0.78579, 4.35121, 2.14766, 4.91558, 1.74946, 1.11864, 13.00000, 439643.00000, 154295.00000, 252676.07692, 5439457674.22485, 73752.67910, 1.08598, -0.13352, 0.76051, 0.37301, 0.92308, 0.07692
0.78579, 4.35121, 2.14766, 4.91558, 1.39213, 1.11864, 9.00000, 235636.00000, 53669.00000, 126796.22222, 2488775657.72840, 49887.63031, 1.08598, 0.10538, 0.60022, 0.29439, 0.77778, 0.22222
0.00000, 4.83686, 0.87622, 4.91558, 1.57080, 1.39159, 16.00000, 433431.00000, 52602.00000, 168168.25000, 12796304093.68750, 113120.75006, 1.08598, -0.00000, 0.84303, 0.15697, 0.75000, 0.25000
0.00000, 4.58794, 1.75244, 4.91123, 1.57080, 1.20593, 18.00000, 373919.00000, 50177.00000, 193532.05556, 10468193671.16358, 102314.19096, 1.14286, 0.00000, 0.72361, 0.27639, 0.72222, 0.27778
-2.05481, 4.45876, -0.43315, 4.92853, 2.00263, 1.65880, 23.00000, 430576.00000, 35514.00000, 193444.73913, 12651143877.41021, 112477.30383, 0.90081, -0.98030, 2.22389, -0.24359, 0.30435, 0.69565
-0.72621, 4.85499, -0.43811, 4.92852, 1.71928, 1.65981, 29.00000, 469812.00000, 39940.00000, 215100.58621, 15622701900.10464, 124990.80726, 0.91102, -0.18312, 1.31474, -0.13162, 0.62069, 0.37931
-1.50894, 4.37124, -1.70460, 4.92852, 1.90319, 1.92396, 42.00000, 432795.00000, 41093.00000, 166574.95238, 11616594985.95011, 107780.30890, 0.91102, -1.19997, 3.63662, -1.43665, 0.28571, 0.71429
-1.44936, 4.62611, -0.87126, 4.92550, 1.87441, 1.74862, 28.00000, 481461.00000, 18225.00000, 184205.28571, 17075483518.63265, 130673.19357, 0.94766, -0.66465, 2.02881, -0.36416, 0.53571, 0.46429
0.72621, 4.85499, -0.43811, 4.92852, 1.42232, 1.65981, 34.00000, 454483.00000, 33257.00000, 180459.00000, 15316077642.88235, 123758.14172, 0.91102, 0.13403, 0.96230, -0.09634, 0.70588, 0.29412
2.05481, 4.45876, -0.43315, 4.92853, 1.13896, 1.65880, 55.00000, 480491.00000, 27161.00000, 145393.30909, 11706868284.50446, 108198.28226, 0.90081, 0.33112, 0.75116, -0.08228, 0.85455, 0.14545
1.50894, 4.37124, -1.70460, 4.92852, 1.23841, 1.92396, 77.00000, 493858.00000, 17663.00000, 174971.23377, 17095172981.11419, 130748.51044, 0.91102, 0.35294, 1.06961, -0.42255, 0.51948, 0.48052
1.44936, 4.62611, -0.87126, 4.92550, 1.26718, 1.74862, 50.00000, 448808.00000, 17787.00000, 148299.76000, 12488158846.30240, 111750.43108, 0.94766, 0.28534, 0.87099, -0.15634, 0.64000, 0.36000
-0.78273, 3.92241, -2.87963, 4.92852, 1.76776, 2.19479, 112.00000, 454230.00000, 12354.00000, 88168.33929, 8892681954.29560, 94301.01778, 0.91102, -2.08678, 10.75154, -7.66476, 0.06250, 0.93750
0.78273, 3.92241, -2.87963, 4.92852, 1.37383, 2.19479, 117.00000, 495719.00000, 14676.00000, 138769.99145, 17545654072.31617, 132460.00933, 0.91102, 0.40335, 2.07817, -1.48153, 0.16239, 0.83761
0.00000, 3.18882, -3.75791, 4.92853, 1.57080, 2.43793, 157.00000, 471887.00000, 4373.00000, 61913.71975, 6931228309.65394, 83253.99876, 0.90081, -0.00000, -7.64229, 8.64229, 0.03185, 0.96815
0.00000, 3.73035, -3.21637, 4.92550, 1.57080, 2.28234, 111.00000, 478141.00000, 6434.00000, 114056.36937, 13179760377.47618, 114803.13749, 0.94766, 0.00000, 9.06739, -8.06739, 0.15315, 0.84685
0.00000, 4.83686, -0.87622, 4.91558, 1.57080, 1.75001, 36.00000, 352343.00000, 24573.00000, 144323.02778, 5624427208.63812, 74996.18129, 1.08598, 0.00000, 1.22879, -0.22879, 0.50000, 0.50000
0.78579, 4.35121, -2.14766, 4.91558, 1.39213, 2.02296, 44.00000, 460729.00000, 25228.00000, 126026.70455, 10168623896.29907, 100839.59488, 1.08598, 0.25627, 1.45965, -0.71592, 0.38636, 0.61364
-0.78579, 4.35121, -2.14766, 4.91558, 1.74946, 2.02296, 42.00000, 427633.00000, 17839.00000, 145319.35714, 13020759662.94388, 114108.54334, 1.08598, -0.52573, 2.99442, -1.46868, 0.19048, 0.80952
0.00000, 4.58794, -1.75244, 4.91123, 1.57080, 1.93566, 58.00000, 455873.00000, 18441.00000, 166217.77586, 15111196753.69114, 122927.60778, 1.14286, 0.00000, 1.61803, -0.61803, 0.29310, 0.70690
-2.75567, 4.02561, -0.70086, 4.92853, 2.17107, 1.71348, 26.00000, 484299.00000, 43937.00000, 180714.92308, 12425409485.60947, 111469.32083, 0.90081, -6.49176, 9.35336, -1.86160, 0.19231, 0.80769
-2.21782, 3.93313, -1.97536, 4.92852, 2.08423, 1.98319, 48.00000, 459813.00000, 12969.00000, 132049.33333, 10339212093.05556, 101681.91625, 0.91102, 6.05607, -10.56672, 5.51065, 0.12500, 0.87500
-3.48430, 3.15040, -1.49161, 4.92852, 2.40648, 1.87827, 17.00000, 429616.00000, 34851.00000, 189480.88235, 13355900731.98616, 115567.73223, 0.91102, 1.82322, -1.63909, 0.81587, 0.17647, 0.82353
-2.85909, 3.75484, -1.40973, 4.92550, 2.22158, 1.86107, 29.00000, 393019.00000, 17385.00000, 186817.82759, 16320112121.38407, 127750.19421, 0.94766, 7.02665, -9.32863, 3.30198, 0.20690, 0.79310
-1.49161, 3.48430, -3.15040, 4.92852, 1.97528, 2.26428, 128.00000, 411964.00000, 6771.00000, 86434.07812, 7750676720.29077, 88037.92774, 0.91102, 1.29147, -2.88604, 2.59457, 0.07812, 0.92188
-0.70086, 2.75567, -4.02561, 4.92853, 1.81985, 2.52663, 195.00000, 435529.00000, 4246.00000, 56996.10769, 6596725359.51148, 81220.22753, 0.90081, 0.39414, -1.37444, 1.98030, 0.01538, 0.98462
-1.97536, 2.21782, -3.93313, 4.92852, 2.29844, 2.49482, 124.00000, 439830.00000, 6260.00000, 80864.34677, 8149244122.51684, 90273.16391, 0.91102, 0.54989, -0.60432, 1.05443, 0.01613, 0.98387
-1.40973, 2.85909, -3.75484, 4.92550, 2.02888, 2.43770, 124.00000, 342437.00000, 6054.00000, 66433.05645, 6844000324.03714, 82728.47348, 0.94766, 0.58922, -1.25387, 1.66465, 0.04032, 0.95968
-3.93313, 1.97536, -2.21782, 4.92852, 2.67616, 2.03756, 37.00000, 441838.00000, 22814.00000, 155641.37838, 11044764696.28926, 105094.07546, 0.91102, 0.95092, -0.49591, 0.54500, 0.08108, 0.91892
-3.15040, 1.49161, -3.48430, 4.92852, 2.69940, 2.35600, 59.00000, 494124.00000, 21003.00000, 131166.77966, 14179094813.01925, 119076.00435, 0.91102, 0.61936, -0.30829, 0.68893, 0.03390, 0.96610
-4.02561, 0.70086, -2.75567, 4.92853, 2.96922, 2.16413, 20.00000, 487506.00000, 33960.00000, 162361.35000, 17325251408.92750, 131625.42083, 0.90081, 0.66888, -0.13313, 0.46424, 0.00000, 1.00000
-3.75484, 1.40973, -2.85909, 4.92550, 2.78243, 2.19010, 31.00000, 497435.00000, 18883.00000, 166639.48387, 18056453113.47555, 134374.30228, 0.94766, 0.71466, -0.25296, 0.53830, 0.00000, 1.00000
-2.20355, 3.47499, -2.68919, 4.91558, 2.13592, 2.14966, 42.00000, 382871.00000, 14408.00000, 115311.23810, 9031084106.22902, 95032.01622, 1.08598, 1.52573, -2.37638, 1.85065, 0.04762, 0.95238
-2.68919, 2.20355, -3.47499, 4.91558, 2.45513, 2.35595, 51.00000, 407349.00000, 12402.00000, 115774.45098, 11557218658.44368, 107504.50529, 1.08598, 0.68510, -0.56481, 0.87972, 0.05882, 0.94118
-3.47499, 2.68919, -2.20355, 4.91558, 2.48299, 2.03563, 31.00000, 485460.00000, 23507.00000, 135307.22581, 16140498937.40062, 127045.26334, 1.08598, 1.15838, -0.90211, 0.74373, 0.16129, 0.83871
-2.83550, 2.83550, -2.83550, 4.91123, 2.35619, 2.18628, 63.00000, 342154.00000, 20334.00000, 104461.03175, 7256416224.60217, 85184.60087, 1.14286, 1.00000, -1.00000, 1.00000, 0.03175, 0.96825
-3.18882, 3.75791, 0.00000, 4.92853, 2.27446, 1.57080, 9.00000, 393840.00000, 81043.00000, 198783.66667, 10193439440.00000, 100962.56455, 0.90081, -7.64229, 8.64229, 0.00000, 0.11111, 0.88889
-3.92241, 2.87963, -0.78273, 4.92852, 2.50831, 1.73029, 11.00000, 404170.00000, 21303.00000, 152880.81818, 10009431969.78512, 100047.14873, 0.91102, 2.07817, -1.48153, 0.40335, 0.18182, 0.81818
-3.92241, 2.87963, 0.78273, 4.92852, 2.50831, 1.41130, 5.00000, 444540.00000, 203498.00000, 304620.80000, 7361284098.96000, 85797.92596, 0.91102, 10.75154, -7.66476, -2.08678, 0.40000, 0.60000
-3.73035, 3.21637, 0.00000, 4.92550, 2.43005, 1.57080, 7.00000, 499357.00000, 111962.00000, 209042.14286, 15663561862.12245, 125154.15240, 0.94766, 9.06739, -8.06739, -0.00000, 0.14286, 0.85714
-4.37124, 1.70460, -1.50894, 4.92852, 2.76977, 1.88196, 17.00000, 469617.00000, 31235.00000, 192930.70588, 19722435939.26644, 140436.59046, 0.91102, 1.06961, -0.42255, 0.35294, 0.17647, 0.82353
-4.45876, 0.43315, -2.05481, 4.92853, 3.04475, 2.00085, 8.00000, 451206.00000, 52778.00000, 189236.25000, 19762827256.18750, 140580.32315, 0.90081, 0.75116, -0.08228, 0.33112, 0.00000, 1.00000
-4.85499, 0.43811, -0.72621, 4.92852, 3.05160, 1.71868, 6.00000, 454501.00000, 56938.00000, 283094.33333, 27605535441.22222, 166149.13614, 0.91102, 0.96230, -0.09634, 0.13403, 0.00000, 1.00000
-4.62611, 0.87126, -1.44936, 4.92550, 2.95544, 1.86947, 8.00000, 486033.00000, 95362.00000, 261227.00000, 20819604400.00000, 144290.00104, 0.94766, 0.87099, -0.15634, 0.28534, 0.25000, 0.75000
-4.37124, 1.70460, 1.50894, 4.92852, 2.76977, 1.25963, 1.00000, 454003.00000, 454003.00000, 454003.00000, 0.00000, 0.00000, 0.91102, 3.63662, -1.43665, -1.19997, 1.00000, 0.00000
-4.85499, 0.43811, 0.72621, 4.92852, 3.05160, 1.42291, 6.00000, 353878.00000, 127398.00000, 271676.00000, 6024411863.33333, 77617.08487, 0.91102, 1.31474, -0.13162, -0.18312, 0.16667, 0.83333
-4.45876, 0.43315, 2.05481, 4.92853, 3.04475, 1.14074, 1.00000, 124411.00000, 124411.00000, 124411.00000, 0.00000, 0.00000, 0.90081, 2.22389, -0.24359, -0.98030, 0.00000, 1.00000
-4.62611, 0.87126, 1.44936, 4.92550, 2.95544, 1.27212, 1.00000, 271305.00000, 271305.00000, 271305.00000, 0.00000, 0.00000, 0.94766, 2.02881, -0.36416, -0.66465, 0.00000, 1.00000
-4.35121, 2.14766, -0.78579, 4.91558, 2.68310, 1.73134, 9.00000, 409058.00000, 104903.00000, 221464.88889, 9462283167.87654, 97274.26776, 1.08598, 1.45965, -0.71592, 0.25627, 0.00000, 1.00000
-4.83686, 0.87622, 0.00000, 4.91558, 2.96238, 1.57080, 5.00000, 353542.00000, 140099.00000, 275962.40000, 6124518038.64000, 78259.30001, 1.08598, 1.22879, -0.22879, -0.00000, 0.20000, 0.80000
-4.35121, 2.14766, 0.78579, 4.91558, 2.68310, 1.41025, 7.00000, 412167.00000, 124848.00000, 296025.14286, 12264767375.26530, 110746.41021, 1.08598, 2.99442, -1.46868, -0.52573, 0.00000, 1.00000
-4.58794, 1.75244, 0.00000, 4.91123, 2.77673, 1.57080, 5.00000, 464898.00000, 219804.00000, 366555.00000, 7236017370.40000, 85064.78337, 1.14286, 1.61803, -0.61803, -0.00000, 0.00000, 1.00000
2.75567, 4.02561, 0.70086, 4.92853, 0.97053, 1.42811, 65.00000, 480963.00000, 24425.00000, 141460.90769, 11327115722.79148, 106428.92334, 0.90081, 0.36663, 0.52824, 0.10514, 0.92308, 0.07692
2.21782, 3.93313, 1.97536, 4.92852, 1.05736, 1.15840, 48.00000, 498040.00000, 29843.00000, 202052.43750, 18650603474.87109, 136567.21230, 0.91102, 0.27362, 0.47741, 0.24897, 0.89583, 0.10417
3.48430, 3.15040, 1.49161, 4.92852, 0.73511, 1.26333, 52.00000, 494590.00000, 14439.00000, 136234.34615, 10578871422.72633, 102853.64078, 0.91102, 0.42617, 0.38313, 0.19070, 0.96154, 0.03846
2.85909, 3.75484, 1.40973, 4.92550, 0.92001, 1.28053, 30.00000, 485516.00000, 23690.00000, 173283.73333, 14424003882.99556, 120099.97453, 0.94766, 0.35746, 0.47456, 0.16798, 0.93333, 0.06667
1.49161, 3.48430, 3.15040, 4.92852, 1.16631, 0.87732, 17.00000, 459076.00000, 56786.00000, 203496.58824, 13655087553.06574, 116854.98514, 0.91102, 0.19070, 0.42617, 0.38313, 0.94118, 0.05882
0.70086, 2.75567, 4.02561, 4.92853, 1.32174, 0.61496, 11.00000, 457864.00000, 111494.00000, 263585.72727, 13184347059.10744, 114823.11204, 0.90081, 0.10514, 0.36663, 0.52824, 1.00000, 0.00000
1.97536, 2.21782, 3.93313, 4.92852, 0.84316, 0.64677, 17.00000, 441495.00000, 80243.00000, 194180.29412, 9588070421.50173, 97918.69291, 0.91102, 0.24897, 0.27362, 0.47741, 0.88235, 0.11765
1.40973, 2.85909, 3.75484, 4.92550, 1.11271, 0.70390, 9.00000, 363544.00000, 71984.00000, 194851.22222, 10900745731.72840, 104406.63644, 0.94766, 0.16798, 0.35746, 0.47456, 0.88889, 0.11111
3.93313, 1.97536, 2.21782, 4.92852, 0.46544, 1.10403, 30.00000, 397395.00000, 26607.00000, 186114.83333, 10583569263.40556, 102876.47575, 0.91102, 0.47741, 0.24897, 0.27362, 0.96667, 0.03333
3.15040, 1.49161, 3.48430, 4.92852, 0.44220, 0.78559, 20.00000, 406982.00000, 40796.00000, 198356.15000, 10848542532.22750, 104156.33698, 0.91102, 0.38313, 0.19070, 0.42617, 0.95000, 0.05000
4.02561, 0.70086, 2.75567, 4.92853, 0.17237, 0.97747, 14.00000, 411285.00000, 59922.00000, 193458.28571, 11071904180.48980, 105223.11619, 0.90081, 0.52824, 0.10514, 0.36663, 1.00000, 0.00000
3.75484, 1.40973, 2.85909, 4.92550, 0.35916, 0.95149, 19.00000, 467765.00000, 38906.00000, 191680.78947, 10777764120.48199, 103816.01091, 0.94766, 0.47456, 0.16798, 0.35746, 0.89474, 0.10526
2.20355, 3.47499, 2.68919, 4.91558, 1.00567, 0.99193, 13.00000, 292400.00000, 47349.00000, 174127.00000, 5423513490.46154, 73644.50754, 1.08598, 0.26522, 0.41309, 0.32170, 1.00000, 0.00000
2.68919, 2.20355, 3.47499, 4.91558, 0.68646, 0.78564, 8.00000, 414276.00000, 70347.00000, 251954.12500, 17365623799.85938, 131778.69251, 1.08598, 0.32170, 0.26522, 0.41309, 0.87500, 0.12500
3.47499, 2.68919, 2.20355, 4.91558, 0.65860, 1.10596, 18.00000, 466433.00000, 63613.00000, 213625.72222, 17724249204.75618, 133132.44986, 1.08598, 0.41309, 0.32170, 0.26522, 0.88889, 0.11111
2.83550, 2.83550, 2.83550, 4.91123, 0.78540, 0.95532, 15.00000, 365228.00000, 47987.00000, 145905.33333, 6220624117.28889, 78870.93329, 1.14286, 0.33333, 0.33333, 0.33333, 1.00000, 0.00000
-0.43315, 2.05481, 4.45876, 4.92853, 1.77855, 0.44016, 3.00000, 409256.00000, 266160.00000, 360364.00000, 4439332874.66667, 66628.31886, 0.90081, -0.08228, 0.33112, 0.75116, 1.00000, 0.00000
-1.70460, 1.50894, 4.37124, 4.92852, 2.41700, 0.48015, 5.00000, 489587.00000, 332189.00000, 400546.00000, 3335546020.00000, 57754.18617, 0.91102, -0.42255, 0.35294, 1.06961, 0.60000, 0.40000
-0.43811, 0.72621, 4.85499, 4.92852, 2.11363, 0.17295, 1.00000, 364980.00000, 364980.00000, 364980.00000, 0.00000, 0.00000, 0.91102, -0.09634, 0.13403, 0.96230, 1.00000, 0.00000
-0.87126, 1.44936, 4.62611, 4.92550, 2.11205, 0.35046, 0.00000, 0.00000, 0.00000, 0.00000, 0.00000, 0.00000, 0.94766, -0.15634, 0.28534, 0.87099, 0.00000, 0.00000
-2.87963, 0.78273, 3.92241, 4.92852, 2.87619, 0.65037, 0.00000, 0.00000, 0.00000, 0.00000, 0.00000, 0.00000, 0.91102, -1.48153, 0.40335, 2.07817, 0.00000, 0.00000
-3.75791, 0.00000, 3.18882, 4.92853, 3.14159, 0.86714, 0.00000, 0.00000, 0.00000, 0.00000, 0.00000, 0.00000, 0.90081, 8.64229, -0.00000, -7.64229, 0.00000, 0.00000
-2.87963, -0.78273, 3.92241, 4.92852, -2.87619, 0.65037, 2.00000, 477012.00000, 287104.00000, 382058.00000, 9016262116.00000, 94954.00000, 0.91102, -7.66476, -2.08678, 10.75154, 1.00000, 0.00000
-3.21637, 0.00000, 3.73035, 4.92550, 3.14159, 0.71154, 1.00000, 386445.00000, 386445.00000, 386445.00000, 0.00000, 0.00000, 0.94766, -8.06739, 0.00000, 9.06739, 0.00000, 1.00000
-0.43811, -0.72621, 4.85499, 4.92852, -2.11363, 0.17295, 2.00000, 382585.00000, 358534.00000, 370559.50000, 144612650.25000, 12025.50000, 0.91102, -0.13162, -0.18312, 1.31474, 1.00000, 0.00000
-1.70460, -1.50894, 4.37124, 4.92852, -2.41700, 0.48015, 0.00000, 0.00000, 0.00000, 0.00000, 0.00000, 0.00000, 0.91102, -1.43665, -1.19997, 3.63662, 0.00000, 0.00000
-0.43315, -2.05481, 4.45876, 4.92853, -1.77855, 0.44016, 1.00000, 437853.00000, 437853.00000, 437853.00000, 0.00000, 0.00000, 0.90081, -0.24359, -0.98030, 2.22389, 1.00000, 0.00000
-0.87126, -1.44936, 4.62611, 4.92550, -2.11205, 0.35046, 0.00000, 0.00000, 0.00000, 0.00000, 0.00000, 0.00000, 0.94766, -0.36416, -0.66465, 2.02881, 0.00000, 0.00000
-2.14766, 0.78579, 4.35121, 4.91558, 2.79084, 0.48390, 0.00000, 0.00000, 0.00000, 0.00000, 0.00000, 0.00000, 1.08598, -0.71592, 0.25627, 1.45965, 0.00000, 0.00000
-2.14766, -0.78579, 4.35121, 4.91558, -2.79084, 0.48390, 1.00000, 464817.00000, 464817.00000, 464817.00000, 0.00000, 0.00000, 1.08598, -1.46868, -0.52573, 2.99442, 1.00000, 0.00000
-0.87622, 0.00000, 4.83686, 4.91558, 3.14159, 0.17921, 0.00000, 0.00000, 0.00000, 0.00000, 0.00000, 0.00000, 1.08598, -0.22879, 0.00000, 1.22879, 0.00000, 0.00000
-1.75244, 0.00000, 4.58794, 4.91123, 3.14159, 0.36486, 1.00000, 254157.00000, 254157.00000, 254157.00000, 0.00000, 0.00000, 1.14286, -0.61803, 0.00000, 1.61803, 1.00000, 0.00000
-4.45876, -0.43315, 2.05481, 4.92853, -3.04475, 1.14074, 0.00000, 0.00000, 0.00000, 0.00000, 0.00000, 0.00000, 0.90081, 1.49537, 0.16379, -0.65917, 0.00000, 0.00000
-4.85499, -0.43811, 0.72621, 4.92852, -3.05160, 1.42291, 2.00000, 300692.00000, 238619.00000, 269655.50000, 963264332.25000, 31036.50000, 0.91102, 1.04077, 0.10419, -0.14496, 0.00000, 1.00000
-4.37124, -1.70460, 1.50894, 4.92852, -2.76977, 1.25963, 2.00000, 481597.00000, 278272.00000, 379934.50000, 10335263906.25000, 101662.50000, 0.91102, 0.93889, 0.37091, -0.30980, 0.00000, 1.00000
-4.62611, -0.87126, 1.44936, 4.92550, -2.95544, 1.27212, 0.00000, 0.00000, 0.00000, 0.00000, 0.00000, 0.00000, 0.94766, 1.17386, 0.21070, -0.38457, 0.00000, 0.00000
-4.85499, -0.43811, -0.72621, 4.92852, -3.05160, 1.71868, 6.00000, 326427.00000, 68577.00000, 194841.50000, 8430409384.58333, 91817.26082, 0.91102, 0.80685, 0.08077, 0.11238, 0.00000, 1.00000
-4.45876, -0.43315, -2.05481, 4.92853, -3.04475, 2.00085, 16.00000, 469672.00000, 56092.00000, 196222.81250, 12759502313.65234, 112957.96702, 0.90081, 0.64502, 0.07065, 0.28433, 0.06250, 0.93750
-4.37124, -1.70460, -1.50894, 4.92852, -2.76977, 1.88196, 3.00000, 296183.00000, 129793.00000, 231803.33333, 5322305553.55556, 72954.13322, 0.91102, 0.57970, 0.22901, 0.19128, 0.00000, 1.00000
-4.62611, -0.87126, -1.44936, 4.92550, -2.95544, 1.86947, 3.00000, 488156.00000, 304340.00000, 417794.00000, 6559847208.00000, 80992.88369, 0.94766, 0.66353, 0.11910, 0.21738, 0.00000, 1.00000
-3.92241, -2.87963, 0.78273, 4.92852, -2.50831, 1.41130, 1.00000, 203779.00000, 203779.00000, 203779.00000, 0.00000, 0.00000, 0.91102, 0.65841, 0.46938, -0.12779, 0.00000, 1.00000
-3.92241, -2.87963, -0.78273, 4.92852, -2.50831, 1.73029, 3.00000, 254640.00000, 87551.00000, 196478.00000, 5941664932.66667, 77082.19595, 0.91102, 0.52439, 0.37383, 0.10178, 0.00000, 1.00000
-3.18882, -3.75791, 0.00000, 4.92853, -2.27446, 1.57080, 1.00000, 288681.00000, 288681.00000, 288681.00000, 0.00000, 0.00000, 0.90081, 0.46930, 0.53070, 0.00000, 0.00000, 1.00000
-3.73035, -3.21637, 0.00000, 4.92550, -2.43005, 1.57080, 1.00000, 163633.00000, 163633.00000, 163633.00000, 0.00000, 0.00000, 0.94766, 0.52918, 0.47082, -0.00000, 0.00000, 1.00000
-4.83686, -0.87622, 0.00000, 4.91558, -2.96238, 1.57080, 3.00000, 257657.00000, 83796.00000, 176450.66667, 5103473388.22222, 71438.59873, 1.08598, 0.84303, 0.15697, -0.00000, 0.00000, 1.00000
-4.35121, -2.14766, -0.78579, 4.91558, -2.68310, 1.73134, 3.00000, 365689.00000, 142371.00000, 282422.00000, 9924032848.66667, 99619.44011, 1.08598, 0.60022, 0.29439, 0.10538, 0.00000, 1.00000
-4.35121, -2.14766, 0.78579, 4.91558, -2.68310, 1.41025, 1.00000, 313044.00000, 313044.00000, 313044.00000, 0.00000, 0.00000, 1.08598, 0.76051, 0.37301, -0.13352, 0.00000, 1.00000
-4.58794, -1.75244, 0.00000, 4.91123, -2.77673, 1.57080, 5.00000, 483489.00000, 76718.00000, 275327.60000, 27707698069.04000, 166456.29477, 1.14286, 0.72361, 0.27639, -0.00000, 0.00000, 1.00000
-3.75791, 0.00000, -3.18882, 4.92853, 3.14159, 2.27446, 20.00000, 458889.00000, 31879.00000, 162590.40000, 12245304870.84000, 110658.50564, 0.90081, 0.53070, -0.00000, 0.46930, 0.05000, 0.95000
-2.87963, 0.78273, -3.92241, 4.92852, 2.87619, 2.49122, 59.00000, 485100.00000, 10728.00000, 136628.18644, 13651836150.38897, 116841.07219, 0.91102, 0.46938, -0.12779, 0.65841, 0.03390, 0.96610
-2.87963, -0.78273, -3.92241, 4.92852, -2.87619, 2.49122, 29.00000, 467957.00000, 47832.00000, 142555.82759, 8643462238.76338, 92970.22232, 0.91102, 0.37383, 0.10178, 0.52439, 0.00000, 1.00000
-3.21637, 0.00000, -3.73035, 4.92550, 3.14159, 2.43005, 27.00000, 493757.00000, 22205.00000, 211934.77778, 18244366953.06173, 135071.71041, 0.94766, 0.47082, 0.00000, 0.52918, 0.11111, 0.88889
-1.70460, 1.50894, -4.37124, 4.92852, 2.41700, 2.66145, 138.00000, 477658.00000, 5133.00000, 71905.85507, 7492700173.61668, 86560.38455, 0.91102, 0.37091, -0.30980, 0.93889, 0.00725, 0.99275
-0.43315, 2.05481, -4.45876, 4.92853, 1.77855, 2.70143, 201.00000, 498909.00000, 4959.00000, 71983.18905, 10074626012.66077, 100372.43652, 0.90081, 0.16379, -0.65917, 1.49537, 0.02985, 0.97015
-0.43811, 0.72621, -4.85499, 4.92852, 2.11363, 2.96865, 124.00000, 416910.00000, 4692.00000, 68464.42742, 5768754165.92215, 75952.31508, 0.91102, 0.10419, -0.14496, 1.04077, 0.00806, 0.99194
-0.87126, 1.44936, -4.62611, 4.92550, 2.11205, 2.79113, 128.00000, 402920.00000, 4962.00000, 59024.60156, 4817076504.77094, 69405.16195, 0.94766, 0.21070, -0.38457, 1.17386, 0.00781, 0.99219
-1.70460, -1.50894, -4.37124, 4.92852, -2.41700, 2.66145, 22.00000, 454351.00000, 49878.00000, 149275.18182, 11611497351.69422, 107756.65804, 0.91102, 0.22901, 0.19128, 0.57970, 0.00000, 1.00000
-0.43811, -0.72621, -4.85499, 4.92852, -2.11363, 2.96865, 56.00000, 484066.00000, 11408.00000, 130358.07143, 13322375819.56633, 115422.59666, 0.91102, 0.08077, 0.11238, 0.80685, 0.07143, 0.92857
-0.43315, -2.05481, -4.45876, 4.92853, -1.77855, 2.70143, 18.00000, 446811.00000, 26842.00000, 170969.38889, 14153975796.79321, 118970.48288, 0.90081, 0.07065, 0.28433, 0.64502, 0.05556, 0.94444
-0.87126, -1.44936, -4.62611, 4.92550, -2.11205, 2.79113, 32.00000, 399243.00000, 21294.00000, 144527.34375, 10737729819.72559, 103623.01781, 0.94766, 0.11910, 0.21738, 0.66353, 0.03125, 0.96875
-2.14766, 0.78579, -4.35121, 4.91558, 2.79084, 2.65769, 53.00000, 448982.00000, 8811.00000, 82720.50943, 6814030440.74048, 82547.14072, 1.08598, 0.37301, -0.13352, 0.76051, 0.01887, 0.98113
-0.87622, 0.00000, -4.83686, 4.91558, 3.14159, 2.96238, 54.00000, 478967.00000, 12911.00000, 115316.87037, 11076510885.74245, 105245.00409, 1.08598, 0.15697, 0.00000, 0.84303, 0.00000, 1.00000
-2.14766, -0.78579, -4.35121, 4.91558, -2.79084, 2.65769, 28.00000, 303333.00000, 22925.00000, 98886.85714, 4825249263.19388, 69464.01416, 1.08598, 0.29439, 0.10538, 0.60022, 0.00000, 1.00000
-1.75244, 0.00000, -4.58794, 4.91123, 3.14159, 2.77673, 48.00000, 489266.00000, 20199.00000, 126993.95833, 15059648612.33160, 122717.75997, 1.14286, 0.27639, 0.00000, 0.72361, 0.04167, 0.95833
0.70086, 2.75567, -4.02561, 4.92853, 1.32174, 2.52663, 127.00000, 496558.00000, 5806.00000, 89063.16535, 11013582942.02778, 104945.61897, 0.90081, -1.86160, -6.49176, 9.35336, 0.04724, 0.95276
1.49161, 3.48430, -3.15040, 4.92852, 1.16631, 2.26428, 94.00000, 447282.00000, 11531.00000, 110949.11702, 10422954246.95439, 102092.87070, 0.91102, 0.81587, 1.82322, -1.63909, 0.30851, 0.69149
1.97536, 2.21782, -3.93313, 4.92852, 0.84316, 2.49482, 100.00000, 486815.00000, 7228.00000, 127705.85000, 13250676981.10750, 115111.58491, 0.91102, 5.51065, 6.05607, -10.56672, 0.14000, 0.86000
1.40973, 2.85909, -3.75484, 4.92550, 1.11271, 2.43770, 88.00000, 459315.00000, 12823.00000, 100037.17045, 8921711406.68685, 94454.81145, 0.94766, 3.30198, 7.02665, -9.32863, 0.17045, 0.82955
2.21782, 3.93313, -1.97536, 4.92852, 1.05736, 1.98319, 84.00000, 429223.00000, 15352.00000, 119756.64286, 9294075806.61054, 96405.78720, 0.91102, 0.54500, 0.95092, -0.49591, 0.61905, 0.38095
2.75567, 4.02561, -0.70086, 4.92853, 0.97053, 1.71348, 62.00000, 497075.00000, 17400.00000, 161997.98387, 16696099435.88684, 129213.38722, 0.90081, 0.46424, 0.66888, -0.13313, 0.80645, 0.19355
3.48430, 3.15040, -1.49161, 4.92852, 0.73511, 1.87827, 94.00000, 473632.00000, 14750.00000, 144054.92553, 12407616602.60084, 111389.48156, 0.91102, 0.68893, 0.61936, -0.30829, 0.85106, 0.14894
2.85909, 3.75484, -1.40973, 4.92550, 0.92001, 1.86107, 62.00000, 420127.00000, 19684.00000, 129568.85484, 6729625124.89828, 82034.29237, 0.94766, 0.53830, 0.71466, -0.25296, 0.74194, 0.25806
3.15040, 1.49161, -3.48430, 4.92852, 0.44220, 2.35600, 59.00000, 450668.00000, 23699.00000, 160945.98305, 13469367370.18616, 116057.60367, 0.91102, 2.59457, 1.29147, -2.88604, 0.38983, 0.61017
3.93313, 1.97536, -2.21782, 4.92852, 0.46544, 2.03756, 62.00000, 492885.00000, 17421.00000, 148544.69355, 10937140927.37383, 104580.78661, 0.91102, 1.05443, 0.54989, -0.60432, 0.72581, 0.27419
4.02561, 0.70086, -2.75567, 4.92853, 0.17237, 2.16413, 43.00000, 460836.00000, 44594.00000, 191082.13953, 11506358276.53867, 107267.69447, 0.90081, 1.98030, 0.39414, -1.37444, 0.55814, 0.44186
3.75484, 1.40973, -2.85909, 4.92550, 0.35916, 2.19010, 43.00000, 479118.00000, 27634.00000, 175855.58140, 15380256198.56896, 124017.16090, 0.94766, 1.66465, 0.58922, -1.25387, 0.48837, 0.51163
2.20355, 3.47499, -2.68919, 4.91558, 1.00567, 2.14966, 62.00000, 470949.00000, 20626.00000, 125915.93548, 9625253246.60874, 98108.37501, 1.08598, 0.74373, 1.15838, -0.90211, 0.48387, 0.51613
3.47499, 2.68919, -2.20355, 4.91558, 0.65860, 2.03563, 63.00000, 469562.00000, 21549.00000, 144917.47619, 13291094356.85261, 115287.00862, 1.08598, 0.87972, 0.68510, -0.56481, 0.71429, 0.28571
2.68919, 2.20355, -3.47499, 4.91558, 0.68646, 2.35595, 55.00000, 473923.00000, 13749.00000, 157760.14545, 14169328769.94248, 119034.98969, 1.08598, 1.85065, 1.52573, -2.37638, 0.36364, 0.63636
2.83550, 2.83550, -2.83550, 4.91123, 0.78540, 2.18628, 70.00000, 440269.00000, 18659.00000, 142363.40000, 12108855393.24000, 110040.24443, 1.14286, 1.00000, 1.00000, -1.00000, 0.57143, 0.42857
2.75567, -4.02561, 0.70086, 4.92853, -0.97053, 1.42811, 1.00000, 228171.00000, 228171.00000, 228171.00000, 0.00000, 0.00000, 0.90081, -6.49176, 9.35336, -1.86160, 0.00000, 1.00000
3.48430, -3.15040, 1.49161, 4.92852, -0.73511, 1.26333, 2.00000, 300322.00000, 260567.00000, 280444.50000, 395115006.25000, 19877.50000, 0.91102, 1.82322, -1.63909, 0.81587, 0.50000, 0.50000
2.21782, -3.93313, 1.97536, 4.92852, -1.05736, 1.15840, 3.00000, 408712.00000, 328925.00000, 381881.66667, 1402286874.88889, 37447.12105, 0.91102, 6.05607, -10.56672, 5.51065, 1.00000, 0.00000
2.85909, -3.75484, 1.40973, 4.92550, -0.92001, 1.28053, 1.00000, 264684.00000, 264684.00000, 264684.00000, 0.00000, 0.00000, 0.94766, 7.02665, -9.32863, 3.30198, 1.00000, 0.00000
3.93313, -1.97536, 2.21782, 4.92852, -0.46544, 1.10403, 8.00000, 461567.00000, 230458.00000, 342788.37500, 7651025971.73438, 87470.14332, 0.91102, 0.95092, -0.49591, 0.54500, 0.62500, 0.37500
4.02561, -0.70086, 2.75567, 4.92853, -0.17237, 0.97747, 9.00000, 421420.00000, 56249.00000, 275114.33333, 16600552359.11111, 128843.13082, 0.90081, 0.66888, -0.13313, 0.46424, 1.00000, 0.00000
3.15040, -1.49161, 3.48430, 4.92852, -0.44220, 0.78559, 3.00000, 442404.00000, 138327.00000, 286183.33333, 15445451357.55556, 124279.73028, 0.91102, 0.61936, -0.30829, 0.68893, 1.00000, 0.00000
3.75484, -1.40973, 2.85909, 4.92550, -0.35916, 0.95149, 2.00000, 477419.00000, 263105.00000, 370262.00000, 11482622649.00000, 107157.00000, 0.94766, 0.71466, -0.25296, 0.53830, 1.00000, 0.00000
1.49161, -3.48430, 3.15040, 4.92852, -1.16631, 0.87732, 0.00000, 0.00000, 0.00000, 0.00000, 0.00000, 0.00000, 0.91102, 1.29147, -2.88604, 2.59457, 0.00000, 0.00000
1.97536, -2.21782, 3.93313, 4.92852, -0.84316, 0.64677, 2.00000, 469025.00000, 360165.00000, 414595.00000, 2962624900.00000, 54430.00000, 0.91102, 0.54989, -0.60432, 1.05443, 0.50000, 0.50000
0.70086, -2.75567, 4.02561, 4.92853, -1.32174, 0.61496, 2.00000, 488497.00000, 462169.00000, 475333.00000, 173290896.00000, 13164.00000, 0.90081, 0.39414, -1.37444, 1.98030, 1.00000, 0.00000
1.40973, -2.85909, 3.75484, 4.92550, -1.11271, 0.70390, 1.00000, 256266.00000, 256266.00000, 256266.00000, 0.00000, 0.00000, 0.94766, 0.58922, -1.25387, 1.66465, 1.00000, 0.00000
3.47499, -2.68919, 2.20355, 4.91558, -0.65860, 1.10596, 3.00000, 442336.00000, 93648.00000, 290531.00000, 21279899932.66667, 145876.31724, 1.08598, 1.15838, -0.90211, 0.74373, 1.00000, 0.00000
2.68919, -2.20355, 3.47499, 4.91558, -0.68646, 0.78564, 1.00000, 378550.00000, 378550.00000, 378550.00000, 0.00000, 0.00000, 1.08598, 0.68510, -0.56481, 0.87972, 1.00000, 0.00000
2.20355, -3.47499, 2.68919, 4.91558, -1.00567, 0.99193, 3.00000, 405687.00000, 229462.00000, 298430.00000, 5908898864.66667, 76869.36233, 1.08598, 1.52573, -2.37638, 1.85065, 1.00000, 0.00000
2.83550, -2.83550, 2.83550, 4.91123, -0.78540, 0.95532, 2.00000, 476087.00000, 316997.00000, 396542.00000, 6327407025.00000, 79545.00000, 1.14286, 1.00000, -1.00000, 1.00000, 1.00000, 0.00000
2.05481, -4.45876, 0.43315, 4.92853, -1.13896, 1.48280, 3.00000, 421941.00000, 155833.00000, 312331.66667, 12901549400.88889, 113584.98757, 0.90081, -0.98030, 2.22389, -0.24359, 0.66667, 0.33333
1.50894, -4.37124, 1.70460, 4.92852, -1.23841, 1.21764, 0.00000, 0.00000, 0.00000, 0.00000, 0.00000, 0.00000, 0.91102, -1.19997, 3.63662, -1.43665, 0.00000, 0.00000
0.72621, -4.85499, 0.43811, 4.92852, -1.42232, 1.48179, 0.00000, 0.00000, 0.00000, 0.00000, 0.00000, 0.00000, 0.91102, -0.18312, 1.31474, -0.13162, 0.00000, 0.00000
1.44936, -4.62611, 0.87126, 4.92550, -1.26718, 1.39297, 0.00000, 0.00000, 0.00000, 0.00000, 0.00000, 0.00000, 0.94766, -0.66465, 2.02881, -0.36416, 0.00000, 0.00000
0.78273, -3.92241, 2.87963, 4.92852, -1.37383, 0.94680, 1.00000, 348771.00000, 348771.00000, 348771.00000, 0.00000, 0.00000, 0.91102, -2.08678, 10.75154, -7.66476, 0.00000, 1.00000
0.00000, -3.18882, 3.75791, 4.92853, -1.57080, 0.70366, 0.00000, 0.00000, 0.00000, 0.00000, 0.00000, 0.00000, 0.90081, 0.00000, -7.64229, 8.64229, 0.00000, 0.00000
-0.78273, -3.92241, 2.87963, 4.92852, -1.76776, 0.94680, 0.00000, 0.00000, 0.00000, 0.00000, 0.00000, 0.00000, 0.91102, 0.40335, 2.07817, -1.48153, 0.00000, 0.00000
0.00000, -3.73035, 3.21637, 4.92550, -1.57080, 0.85925, 0.00000, 0.00000, 0.00000, 0.00000, 0.00000, 0.00000, 0.94766, -0.00000, 9.06739, -8.06739, 0.00000, 0.00000
-0.72621, -4.85499, 0.43811, 4.92852, -1.71928, 1.48179, 0.00000, 0.00000, 0.00000, 0.00000, 0.00000, 0.00000, 0.91102, 0.13403, 0.96230, -0.09634, 0.00000, 0.00000
-1.50894, -4.37124, 1.70460, 4.92852, -1.90319, 1.21764, 0.00000, 0.00000, 0.00000, 0.00000, 0.00000, 0.00000, 0.91102, 0.35294, 1.06961, -0.42255, 0.00000, 0.00000
-2.05481, -4.45876, 0.43315, 4.92853, -2.00263, 1.48280, 0.00000, 0.00000, 0.00000, 0.00000, 0.00000, 0.00000, 0.90081, 0.33112, 0.75116, -0.08228, 0.00000, 0.00000
-1.44936, -4.62611, 0.87126, 4.92550, -1.87441, 1.39297, 0.00000, 0.00000, 0.00000, 0.00000, 0.00000, 0.00000, 0.94766, 0.28534, 0.87099, -0.15634, 0.00000, 0.00000
0.78579, -4.35121, 2.14766, 4.91558, -1.39213, 1.11864, 0.00000, 0.00000, 0.00000, 0.00000, 0.00000, 0.00000, 1.08598, -0.52573, 2.99442, -1.46868, 0.00000, 0.00000
-0.78579, -4.35121, 2.14766, 4.91558, -1.74946, 1.11864, 2.00000, 418037.00000, 362578.00000, 390307.50000, 768925170.25000, 27729.50000, 1.08598, 0.25627, 1.45965, -0.71592, 1.00000, 0.00000
0.00000, -4.83686, 0.87622, 4.91558, -1.57080, 1.39159, 0.00000, 0.00000, 0.00000, 0.00000, 0.00000, 0.00000, 1.08598, -0.00000, 1.22879, -0.22879, 0.00000, 0.00000
0.00000, -4.58794, 1.75244, 4.91123, -1.57080, 1.20593, 0.00000, 0.00000, 0.00000, 0.00000, 0.00000, 0.00000, 1.14286, -0.00000, 1.61803, -0.61803, 0.00000, 0.00000
2.05481, -4.45876, -0.43315, 4.92853, -1.13896, 1.65880, 1.00000, 246140.00000, 246140.00000, 246140.00000, 0.00000, 0.00000, 0.90081, -0.65917, 1.49537, 0.16379, 0.00000, 1.00000
0.72621, -4.85499, -0.43811, 4.92852, -1.42232, 1.65981, 0.00000, 0.00000, 0.00000, 0.00000, 0.00000, 0.00000, 0.91102, -0.14496, 1.04077, 0.10419, 0.00000, 0.00000
1.50894, -4.37124, -1.70460, 4.92852, -1.23841, 1.92396, 3.00000, 440543.00000, 228091.00000, 334754.00000, 7523023988.66667, 86735.36758, 0.91102, -0.30980, 0.93889, 0.37091, 0.33333, 0.66667
1.44936, -4.62611, -0.87126, 4.92550, -1.26718, 1.74862, 1.00000, 125866.00000, 125866.00000, 125866.00000, 0.00000, 0.00000, 0.94766, -0.38457, 1.17386, 0.21070, 0.00000, 1.00000
-0.72621, -4.85499, -0.43811, 4.92852, -1.71928, 1.65981, 2.00000, 341351.00000, 190845.00000, 266098.00000, 5663014009.00000, 75253.00000, 0.91102, 0.11238, 0.80685, 0.08077, 0.50000, 0.50000
-2.05481, -4.45876, -0.43315, 4.92853, -2.00263, 1.65880, 0.00000, 0.00000, 0.00000, 0.00000, 0.00000, 0.00000, 0.90081, 0.28433, 0.64502, 0.07065, 0.00000, 0.00000
-1.50894, -4.37124, -1.70460, 4.92852, -1.90319, 1.92396, 3.00000, 313037.00000, 61030.00000, 213474.33333, 11982823342.88889, 109466.08307, 0.91102, 0.19128, 0.57970, 0.22901, 0.00000, 1.00000
-1.44936, -4.62611, -0.87126, 4.92550, -1.87441, 1.74862, 0.00000, 0.00000, 0.00000, 0.00000, 0.00000, 0.00000, 0.94766, 0.21738, 0.66353, 0.11910, 0.00000, 0.00000
0.78273, -3.92241, -2.87963, 4.92852, -1.37383, 2.19479, 6.00000, 480228.00000, 104830.00000, 262494.00000, 14145015797.33333, 118932.82052, 0.91102, -0.12779, 0.65841, 0.46938, 0.00000, 1.00000
-0.78273, -3.92241, -2.87963, 4.92852, -1.76776, 2.19479, 7.00000, 472883.00000, 95300.00000, 258792.57143, 17851512580.24490, 133609.55273, 0.91102, 0.10178, 0.52439, 0.37383, 0.28571, 0.71429
0.00000, -3.18882, -3.75791, 4.92853, -1.57080, 2.43793, 5.00000, 397479.00000, 141414.00000, 276194.60000, 12522761481.04000, 111905.14502, 0.90081, 0.00000, 0.46930, 0.53070, 0.00000, 1.00000
0.00000, -3.73035, -3.21637, 4.92550, -1.57080, 2.28234, 2.00000, 344568.00000, 279828.00000, 312198.00000, 1047816900.00000, 32370.00000, 0.94766, -0.00000, 0.52918, 0.47082, 0.00000, 1.00000
0.00000, -4.83686, -0.87622, 4.91558, -1.57080, 1.75001, 1.00000, 237297.00000, 237297.00000, 237297.00000, 0.00000, 0.00000, 1.08598, -0.00000, 0.84303, 0.15697, 0.00000, 1.00000
-0.78579, -4.35121, -2.14766, 4.91558, -1.74946, 2.02296, 2.00000, 491377.00000, 297439.00000, 394408.00000, 9402986961.00000, 96969.00000, 1.08598, 0.10538, 0.60022, 0.29439, 0.50000, 0.50000
0.78579, -4.35121, -2.14766, 4.91558, -1.39213, 2.02296, 3.00000, 405642.00000, 248492.00000, 337285.00000, 4324835464.66667, 65763.48124, 1.08598, -0.13352, 0.76051, 0.37301, 0.00000, 1.00000
0.00000, -4.58794, -1.75244, 4.91123, -1.57080, 1.93566, 2.00000, 449041.00000, 171382.00000, 310211.50000, 19273630070.25000, 138829.50000, 1.14286, -0.00000, 0.72361, 0.27639, 0.00000, 1.00000
2.75567, -4.02561, -0.70086, 4.92853, -0.97053, 1.71348, 3.00000, 473377.00000, 343535.00000, 423993.66667, 3292662331.55556, 57381.72472, 0.90081, -1.37444, 1.98030, 0.39414, 0.66667, 0.33333
2.21782, -3.93313, -1.97536, 4.92852, -1.05736, 1.98319, 7.00000, 496039.00000, 151243.00000, 310885.42857, 19906230493.10204, 141089.44147, 0.91102, -0.60432, 1.05443, 0.54989, 0.42857, 0.57143
3.48430, -3.15040, -1.49161, 4.92852, -0.73511, 1.87827, 6.00000, 480689.00000, 144801.00000, 246411.83333, 13791017220.13889, 117435.16177, 0.91102, -2.88604, 2.59457, 1.29147, 0.50000, 0.50000
2.85909, -3.75484, -1.40973, 4.92550, -0.92001, 1.86107, 1.00000, 453627.00000, 453627.00000, 453627.00000, 0.00000, 0.00000, 0.94766, -1.25387, 1.66465, 0.58922, 0.00000, 1.00000
1.49161, -3.48430, -3.15040, 4.92852, -1.16631, 2.26428, 5.00000, 452810.00000, 77531.00000, 290224.60000, 22406408781.04000, 149687.70417, 0.91102, -0.30829, 0.68893, 0.61936, 0.00000, 1.00000
0.70086, -2.75567, -4.02561, 4.92853, -1.32174, 2.52663, 4.00000, 421398.00000, 95480.00000, 259988.00000, 25494124459.50000, 159668.79614, 0.90081, -0.13313, 0.46424, 0.66888, 0.00000, 1.00000
1.97536, -2.21782, -3.93313, 4.92852, -0.84316, 2.49482, 15.00000, 455493.00000, 61166.00000, 220479.60000, 14747812424.90667, 121440.57158, 0.91102, -0.49591, 0.54500, 0.95092, 0.20000, 0.80000
1.40973, -2.85909, -3.75484, 4.92550, -1.11271, 2.43770, 11.00000, 487694.00000, 70756.00000, 263422.45455, 20437002774.97520, 142958.04551, 0.94766, -0.25296, 0.53830, 0.71466, 0.09091, 0.90909
3.93313, -1.97536, -2.21782, 4.92852, -0.46544, 2.03756, 13.00000, 374052.00000, 84502.00000, 247824.15385, 6475801801.66864, 80472.36670, 0.91102, -10.56672, 5.51065, 6.05607, 0.53846, 0.46154
3.15040, -1.49161, -3.48430, 4.92852, -0.44220, 2.35600, 17.00000, 493062.00000, 34446.00000, 211335.35294, 19086271218.81661, 138153.07170, 0.91102, -1.63909, 0.81587, 1.82322, 0.35294, 0.64706
4.02561, -0.70086, -2.75567, 4.92853, -0.17237, 2.16413, 13.00000, 467686.00000, 33293.00000, 200148.38462, 16616301845.62130, 128904.23517, 0.90081, 9.35336, -1.86160, -6.49176, 0.69231, 0.30769
3.75484, -1.40973, -2.85909, 4.92550, -0.35916, 2.19010, 11.00000, 409986.00000, 61119.00000, 214140.27273, 12446556086.38017, 111564.13441, 0.94766, -9.32863, 3.30198, 7.02665, 0.36364, 0.63636
2.20355, -3.47499, -2.68919, 4.91558, -1.00567, 2.14966, 6.00000, 352984.00000, 130973.00000, 210155.50000, 6455847145.58333, 80348.28651, 1.08598, -0.56481, 0.87972, 0.68510, 0.83333, 0.16667
2.68919, -2.20355, -3.47499, 4.91558, -0.68646, 2.35595, 13.00000, 469768.00000, 71168.00000, 294815.46154, 13972074460.09467, 118203.52981, 1.08598, -0.90211, 0.74373, 1.15838, 0.46154, 0.53846
3.47499, -2.68919, -2.20355, 4.91558, -0.65860, 2.03563, 4.00000, 384539.00000, 219374.00000, 293338.50000, 4001771628.25000, 63259.55760, 1.08598, -2.37638, 1.85065, 1.52573, 0.75000, 0.25000
2.83550, -2.83550, -2.83550, 4.91123, -0.78540, 2.18628, 6.00000, 320189.00000, 154910.00000, 257885.66667, 3542582567.22222, 59519.59818, 1.14286, -1.00000, 1.00000, 1.00000, 0.33333, 0.66667
3.18882, -3.75791, 0.00000, 4.92853, -0.86714, 1.57080, 5.00000, 484850.00000, 142970.00000, 281938.20000, 12947432019.76000, 113786.78315, 0.90081, -7.64229, 8.64229, -0.00000, 1.00000, 0.00000
3.92241, -2.87963, -0.78273, 4.92852, -0.63328, 1.73029, 7.00000, 413133.00000, 121092.00000, 252278.71429, 8576284008.48980, 92608.22862, 0.91102, 10.75154, -7.66476, -2.08678, 0.71429, 0.28571
3.92241, -2.87963, 0.78273, 4.92852, -0.63328, 1.41130, 5.00000, 310693.00000, 172765.00000, 237500.60000, 2052498953.84000, 45304.51361, 0.91102, 2.07817, -1.48153, 0.40335, 1.00000, 0.00000
3.73035, -3.21637, 0.00000, 4.92550, -0.71154, 1.57080, 0.00000, 0.00000, 0.00000, 0.00000, 0.00000, 0.00000, 0.94766, 9.06739, -8.06739, 0.00000, 0.00000, 0.00000
4.37124, -1.70460, -1.50894, 4.92852, -0.37182, 1.88196, 7.00000, 365953.00000, 111392.00000, 202660.42857, 8214725855.10204, 90635.12484, 0.91102, 3.63662, -1.43665, -1.19997, 0.85714, 0.14286
4.45876, -0.43315, -2.05481, 4.92853, -0.09684, 2.00085, 22.00000, 493007.00000, 67112.00000, 253365.95455, 14277731633.31612, 119489.46244, 0.90081, 2.22389, -0.24359, -0.98030, 0.59091, 0.40909
4.85499, -0.43811, -0.72621, 4.92852, -0.09000, 1.71868, 20.00000, 471980.00000, 51961.00000, 194935.20000, 10423969059.16000, 102097.84062, 0.91102, 1.31474, -0.13162, -0.18312, 0.90000, 0.10000
4.62611, -0.87126, -1.44936, 4.92550, -0.18616, 1.86947, 14.00000, 495370.00000, 42402.00000, 216217.92857, 17790428546.20918, 133380.76528, 0.94766, 2.02881, -0.36416, -0.66465, 0.57143, 0.42857
4.37124, -1.70460, 1.50894, 4.92852, -0.37182, 1.25963, 10.00000, 341958.00000, 82363.00000, 183738.60000, 8600262671.04000, 92737.60117, 0.91102, 1.06961, -0.42255, 0.35294, 0.90000, 0.10000
4.85499, -0.43811, 0.72621, 4.92852, -0.09000, 1.42291, 22.00000, 421591.00000, 39149.00000, 167236.00000, 13449448500.27273, 115971.75734, 0.91102, 0.96230, -0.09634, 0.13403, 1.00000, 0.00000
4.45876, -0.43315, 2.05481, 4.92853, -0.09684, 1.14074, 20.00000, 492112.00000, 72832.00000, 267107.75000, 15618275619.08750, 124973.09958, 0.90081, 0.75116, -0.08228, 0.33112, 0.90000, 0.10000
4.62611, -0.87126, 1.44936, 4.92550, -0.18616, 1.27212, 13.00000, 482182.00000, 35438.00000, 279859.07692, 24652746568.68639, 157011.93129, 0.94766, 0.87099, -0.15634, 0.28534, 0.84615, 0.15385
4.35121, -2.14766, -0.78579, 4.91558, -0.45850, 1.73134, 3.00000, 429716.00000, 162105.00000, 254211.66667, 15413526622.88889, 124151.22481, 1.08598, 2.99442, -1.46868, -0.52573, 1.00000, 0.00000
4.83686, -0.87622, 0.00000, 4.91558, -0.17921, 1.57080, 10.00000, 480558.00000, 82848.00000, 204109.10000, 13461084851.49000, 116021.91539, 1.08598, 1.22879, -0.22879, 0.00000, 0.90000, 0.10000
4.35121, -2.14766, 0.78579, 4.91558, -0.45850, 1.41025, 5.00000, 478229.00000, 196292.00000, 340017.00000, 9930699388.40000, 99652.89453, 1.08598, 1.45965, -0.71592, 0.25627, 0.80000, 0.20000
4.58794, -1.75244, 0.00000, 4.91123, -0.36486, 1.57080, 8.00000, 464605.00000, 84979.00000, 246546.62500, 17801481934.48438, 133422.19431, 1.14286, 1.61803, -0.61803, 0.00000, 0.87500, 0.12500
0.43315, -2.05481, 4.45876, 4.92853, -1.36304, 0.44016, 2.00000, 437644.00000, 222912.00000, 330278.00000, 11527457956.00000, 107366.00000, 0.90081, 0.16379, -0.65917, 1.49537, 1.00000, 0.00000
1.70460, -1.50894, 4.37124, 4.92852, -0.72459, 0.48015, 1.00000, 446404.00000, 446404.00000, 446404.00000, 0.00000, 0.00000, 0.91102, 0.37091, -0.30980, 0.93889, 1.00000, 0.00000
0.43811, -0.72621, 4.85499, 4.92852, -1.02797, 0.17295, 0.00000, 0.00000, 0.00000, 0.00000, 0.00000, 0.00000, 0.91102, 0.10419, -0.14496, 1.04077, 0.00000, 0.00000
0.87126, -1.44936, 4.62611, 4.92550, -1.02954, 0.35046, 2.00000, 405674.00000, 350773.00000, 378223.50000, 753529950.25000, 27450.50000, 0.94766, 0.21070, -0.38457, 1.17386, 0.50000, 0.50000
2.87963, -0.78273, 3.92241, 4.92852, -0.26540, 0.65037, 3.00000, 381321.00000, 189700.00000, 293000.66667, 6231973133.55556, 78942.84726, 0.91102, 0.46938, -0.12779, 0.65841, 1.00000, 0.00000
3.75791, 0.00000, 3.18882, 4.92853, 0.00000, 0.86714, 8.00000, 353800.00000, 129875.00000, 238171.37500, 5769721328.48438, 75958.68172, 0.90081, 0.53070, -0.00000, 0.46930, 1.00000, 0.00000
2.87963, 0.78273, 3.92241, 4.92852, 0.26540, 0.65037, 9.00000, 414979.00000, 96164.00000, 286965.77778, 9149104293.06173, 95650.95030, 0.91102, 0.37383, 0.10178, 0.52439, 1.00000, 0.00000
3.21637, 0.00000, 3.73035, 4.92550, 0.00000, 0.71154, 4.00000, 369560.00000, 103625.00000, 221478.25000, 10381079959.18750, 101887.58491, 0.94766, 0.47082, -0.00000, 0.52918, 0.75000, 0.25000
0.43811, 0.72621, 4.85499, 4.92852, 1.02797, 0.17295, 4.00000, 459722.00000, 153659.00000, 327177.25000, 17404109819.68750, 131924.63689, 0.91102, 0.08077, 0.11238, 0.80685, 1.00000, 0.00000
1.70460, 1.50894, 4.37124, 4.92852, 0.72459, 0.48015, 7.00000, 469594.00000, 126524.00000, 213647.00000, 11781433877.71428, 108542.31377, 0.91102, 0.22901, 0.19128, 0.57970, 0.85714, 0.14286
0.43315, 2.05481, 4.45876, 4.92853, 1.36304, 0.44016, 5.00000, 348231.00000, 143688.00000, 260105.60000, 4690926696.24000, 68490.34017, 0.90081, 0.07065, 0.28433, 0.64502, 1.00000, 0.00000
0.87126, 1.44936, 4.62611, 4.92550, 1.02954, 0.35046, 2.00000, 370885.00000, 267521.00000, 319203.00000, 2671029124.00000, 51682.00000, 0.94766, 0.11910, 0.21738, 0.66353, 1.00000, 0.00000
2.14766, -0.78579, 4.35121, 4.91558, -0.35075, 0.48390, 1.00000, 179216.00000, 179216.00000, 179216.00000, 0.00000, 0.00000, 1.08598, 0.37301, -0.13352, 0.76051, 1.00000, 0.00000
2.14766, 0.78579, 4.35121, 4.91558, 0.35075, 0.48390, 2.00000, 248302.00000, 233945.00000, 241123.50000, 51530862.25000, 7178.50000, 1.08598, 0.29439, 0.10538, 0.60022, 1.00000, 0.00000
0.87622, 0.00000, 4.83686, 4.91558, 0.00000, 0.17921, 0.00000, 0.00000, 0.00000, 0.00000, 0.00000, 0.00000, 1.08598, 0.15697, -0.00000, 0.84303, 0.00000, 0.00000
1.75244, 0.00000, 4.58794, 4.91123, 0.00000, 0.36486, 1.00000, 114851.00000, 114851.00000, 114851.00000, 0.00000, 0.00000, 1.14286, 0.27639, 0.00000, 0.72361, 1.00000, 0.00000
-2.75567, -4.02561, 0.70086, 4.92853, -2.17107, 1.42811, 1.00000, 491412.00000, 491412.00000, 491412.00000, 0.00000, 0.00000, 0.90081, 0.46424, 0.66888, -0.13313, 0.00000, 1.00000
-2.21782, -3.93313, 1.97536, 4.92852, -2.08423, 1.15840, 0.00000, 0.00000, 0.00000, 0.00000, 0.00000, 0.00000, 0.91102, 0.54500, 0.95092, -0.49591, 0.00000, 0.00000
-3.48430, -3.15040, 1.49161, 4.92852, -2.40648, 1.26333, 1.00000, 476921.00000, 476921.00000, 476921.00000, 0.00000, 0.00000, 0.91102, 0.68893, 0.61936, -0.30829, 0.00000, 1.00000
-2.85909, -3.75484, 1.40973, 4.92550, -2.22158, 1.28053, 0.00000, 0.00000, 0.00000, 0.00000, 0.00000, 0.00000, 0.94766, 0.53830, 0.71466, -0.25296, 0.00000, 0.00000
-1.49161, -3.48430, 3.15040, 4.92852, -1.97528, 0.87732, 1.00000, 342664.00000, 342664.00000, 342664.00000, 0.00000, 0.00000, 0.91102, 0.81587, 1.82322, -1.63909, 0.00000, 1.00000
-0.70086, -2.75567, 4.02561, 4.92853, -1.81985, 0.61496, 1.00000, 365728.00000, 365728.00000, 365728.00000, 0.00000, 0.00000, 0.90081, -1.86160, -6.49176, 9.35336, 1.00000, 0.00000
-1.97536, -2.21782, 3.93313, 4.92852, -2.29844, 0.64677, 0.00000, 0.00000, 0.00000, 0.00000, 0.00000, 0.00000, 0.91102, 5.51065, 6.05607, -10.56672, 0.00000, 0.00000
-1.40973, -2.85909, 3.75484, 4.92550, -2.02888, 0.70390, 0.00000, 0.00000, 0.00000, 0.00000, 0.00000, 0.00000, 0.94766, 3.30198, 7.02665, -9.32863, 0.00000, 0.00000
-3.93313, -1.97536, 2.21782, 4.92852, -2.67616, 1.10403, 0.00000, 0.00000, 0.00000, 0.00000, 0.00000, 0.00000, 0.91102, 1.05443, 0.54989, -0.60432, 0.00000, 0.00000
-3.15040, -1.49161, 3.48430, 4.92852, -2.69940, 0.78559, 0.00000, 0.00000, 0.00000, 0.00000, 0.00000, 0.00000, 0.91102, 2.59457, 1.29147, -2.88604, 0.00000, 0.00000
-4.02561, -0.70086, 2.75567, 4.92853, -2.96922, 0.97747, 0.00000, 0.00000, 0.00000, 0.00000, 0.00000, 0.00000, 0.90081, 1.98030, 0.39414, -1.37444, 0.00000, 0.00000
-3.75484, -1.40973, 2.85909, 4.92550, -2.78243, 0.95149, 0.00000, 0.00000, 0.00000, 0.00000, 0.00000, 0.00000, 0.94766, 1.66465, 0.58922, -1.25387, 0.00000, 0.00000
-2.20355, -3.47499, 2.68919, 4.91558, -2.13592, 0.99193, 0.00000, 0.00000, 0.00000, 0.00000, 0.00000, 0.00000, 1.08598, 0.74373, 1.15838, -0.90211, 0.00000, 0.00000
-2.68919, -2.20355, 3.47499, 4.91558, -2.45513, 0.78564, 0.00000, 0.00000, 0.00000, 0.00000, 0.00000, 0.00000, 1.08598, 1.85065, 1.52573, -2.37638, 0.00000, 0.00000
-3.47499, -2.68919, 2.20355, 4.91558, -2.48299, 1.10596, 1.00000, 427631.00000, 427631.00000, 427631.00000, 0.00000, 0.00000, 1.08598, 0.87972, 0.68510, -0.56481, 0.00000, 1.00000
-2.83550, -2.83550, 2.83550, 4.91123, -2.35619, 0.95532, 1.00000, 462584.00000, 462584.00000, 462584.00000, 0.00000, 0.00000, 1.14286, 1.00000, 1.00000, -1.00000, 0.00000, 1.00000
-0.70086, -2.75567, -4.02561, 4.92853, -1.81985, 2.52663, 13.00000, 309302.00000, 57355.00000, 156641.07692, 4388581194.22485, 66246.36740, 0.90081, 0.10514, 0.36663, 0.52824, 0.07692, 0.92308
-1.49161, -3.48430, -3.15040, 4.92852, -1.97528, 2.26428, 7.00000, 303877.00000, 56425.00000, 168804.85714, 11140209497.83673, 105547.19086, 0.91102, 0.19070, 0.42617, 0.38313, 0.14286, 0.85714
-1.97536, -2.21782, -3.93313, 4.92852, -2.29844, 2.49482, 11.00000, 344480.00000, 48223.00000, 162431.09091, 9599655307.90083, 97977.83070, 0.91102, 0.24897, 0.27362, 0.47741, 0.00000, 1.00000
-1.40973, -2.85909, -3.75484, 4.92550, -2.02888, 2.43770, 13.00000, 480282.00000, 37038.00000, 221483.23077, 19069774636.33136, 138093.35479, 0.94766, 0.16798, 0.35746, 0.47456, 0.07692, 0.92308
-2.21782, -3.93313, -1.97536, 4.92852, -2.08423, 1.98319, 5.00000, 432451.00000, 147243.00000, 273402.20000, 9344781494.96000, 96668.41002, 0.91102, 0.27362, 0.47741, 0.24897, 0.20000, 0.80000
-2.75567, -4.02561, -0.70086, 4.92853, -2.17107, 1.71348, 1.00000, 306934.00000, 306934.00000, 306934.00000, 0.00000, 0.00000, 0.90081, 0.36663, 0.52824, 0.10514, 0.00000, 1.00000
-3.48430, -3.15040, -1.49161, 4.92852, -2.40648, 1.87827, 1.00000, 315721.00000, 315721.00000, 315721.00000, 0.00000, 0.00000, 0.91102, 0.42617, 0.38313, 0.19070, 0.00000, 1.00000
-2.85909, -3.75484, -1.40973, 4.92550, -2.22158, 1.86107, 1.00000, 321323.00000, 321323.00000, 321323.00000, 0.00000, 0.00000, 0.94766, 0.35746, 0.47456, 0.16798, 0.00000, 1.00000
-3.15040, -1.49161, -3.48430, 4.92852, -2.69940, 2.35600, 16.00000, 450412.00000, 69844.00000, 213979.93750, 11809688555.55859, 108672.39095, 0.91102, 0.38313, 0.19070, 0.42617, 0.00000, 1.00000
-3.93313, -1.97536, -2.21782, 4.92852, -2.67616, 2.03756, 6.00000, 377479.00000, 117744.00000, 282890.00000, 11099664925.33333, 105354.94732, 0.91102, 0.47741, 0.24897, 0.27362, 0.00000, 1.00000
-4.02561, -0.70086, -2.75567, 4.92853, -2.96922, 2.16413, 10.00000, 426217.00000, 39038.00000, 170841.30000, 16652819730.81000, 129045.80478, 0.90081, 0.52824, 0.10514, 0.36663, 0.00000, 1.00000
-3.75484, -1.40973, -2.85909, 4.92550, -2.78243, 2.19010, 10.00000, 325116.00000, 33296.00000, 157142.90000, 8121348615.89000, 90118.52538, 0.94766, 0.47456, 0.16798, 0.35746, 0.00000, 1.00000
-2.20355, -3.47499, -2.68919, 4.91558, -2.13592, 2.14966, 2.00000, 312314.00000, 65368.00000, 188841.00000, 15245581729.00000, 123473.00000, 1.08598, 0.26522, 0.41309, 0.32170, 0.00000, 1.00000
-3.47499, -2.68919, -2.20355, 4.91558, -2.48299, 2.03563, 4.00000, 277673.00000, 88404.00000, 180489.75000, 7984591202.18750, 89356.53978, 1.08598, 0.41309, 0.32170, 0.26522, 0.00000, 1.00000
-2.68919, -2.20355, -3.47499, 4.91558, -2.45513, 2.35595, 4.00000, 495853.00000, 154668.00000, 339646.50000, 15678770510.25000, 125214.89732, 1.08598, 0.32170, 0.26522, 0.41309, 0.00000, 1.00000
-2.83550, -2.83550, -2.83550, 4.91123, -2.35619, 2.18628, 4.00000, 482556.00000, 66900.00000, 312485.00000, 24612422643.00000, 156883.46835, 1.14286, 0.33333, 0.33333, 0.33333, 0.00000, 1.00000
3.75791, 0.00000, -3.18882, 4.92853, 0.00000, 2.27446, 23.00000, 490914.00000, 66870.00000, 218220.91304, 12774258817.99244, 113023.26671, 0.90081, 8.64229, 0.00000, -7.64229, 0.52174, 0.47826
2.87963, -0.78273, -3.92241, 4.92852, -0.26540, 2.49122, 20.00000, 488841.00000, 69660.00000, 194815.30000, 12921787727.71000, 113674.04157, 0.91102, -1.48153, 0.40335, 2.07817, 0.35000, 0.65000
2.87963, 0.78273, -3.92241, 4.92852, 0.26540, 2.49122, 42.00000, 499894.00000, 25751.00000, 178160.50000, 15041356227.53572, 122643.20702, 0.91102, -7.66476, -2.08678, 10.75154, 0.21429, 0.78571
3.21637, 0.00000, -3.73035, 4.92550, 0.00000, 2.43005, 32.00000, 430693.00000, 20756.00000, 165268.09375, 14774682786.45996, 121551.15296, 0.94766, -8.06739, -0.00000, 9.06739, 0.53125, 0.46875
1.70460, -1.50894, -4.37124, 4.92852, -0.72459, 2.66145, 23.00000, 395854.00000, 42113.00000, 190402.17391, 11464983581.10019, 107074.66358, 0.91102, -0.42255, 0.35294, 1.06961, 0.08696, 0.91304
0.43315, -2.05481, -4.45876, 4.92853, -1.36304, 2.70143, 18.00000, 468819.00000, 32888.00000, 186362.22222, 16352144090.06173, 127875.50231, 0.90081, -0.08228, 0.33112, 0.75116, 0.16667, 0.83333
0.43811, -0.72621, -4.85499, 4.92852, -1.02797, 2.96865, 42.00000, 498795.00000, 23820.00000, 152869.88095, 16385488202.10487, 128005.81316, 0.91102, -0.09634, 0.13403, 0.96230, 0.09524, 0.90476
0.87126, -1.44936, -4.62611, 4.92550, -1.02954, 2.79113, 18.00000, 497649.00000, 30935.00000, 206134.61111, 13346349992.68210, 115526.40388, 0.94766, -0.15634, 0.28534, 0.87099, 0.16667, 0.83333
1.70460, 1.50894, -4.37124, 4.92852, 0.72459, 2.66145, 105.00000, 485854.00000, 7751.00000, 99294.06667, 9932986079.31937, 99664.36715, 0.91102, -1.43665, -1.19997, 3.63662, 0.10476, 0.89524
0.43811, 0.72621, -4.85499, 4.92852, 1.02797, 2.96865, 111.00000, 461574.00000, 6919.00000, 109759.17117, 15762892556.62836, 125550.35865, 0.91102, -0.13162, -0.18312, 1.31474, 0.08108, 0.91892
0.43315, 2.05481, -4.45876, 4.92853, 1.36304, 2.70143, 179.00000, 461966.00000, 4547.00000, 64309.02235, 8465906063.61961, 92010.35846, 0.90081, -0.24359, -0.98030, 2.22389, 0.01676, 0.98324
0.87126, 1.44936, -4.62611, 4.92550, 1.02954, 2.79113, 99.00000, 482101.00000, 5846.00000, 77872.36364, 7425451309.72635, 86171.05842, 0.94766, -0.36416, -0.66465, 2.02881, 0.03030, 0.96970
2.14766, -0.78579, -4.35121, 4.91558, -0.35075, 2.65769, 28.00000, 494572.00000, 31925.00000, 182301.46429, 22431443479.10587, 149771.30392, 1.08598, -0.71592, 0.25627, 1.45965, 0.25000, 0.75000
0.87622, 0.00000, -4.83686, 4.91558, 0.00000, 2.96238, 54.00000, 435678.00000, 8167.00000, 127252.20370, 12598725447.34740, 112244.04415, 1.08598, -0.22879, -0.00000, 1.22879, 0.05556, 0.94444
2.14766, 0.78579, -4.35121, 4.91558, 0.35075, 2.65769, 44.00000, 490331.00000, 14230.00000, 134072.22727, 13072419671.67562, 114334.68272, 1.08598, -1.46868, -0.52573, 2.99442, 0.11364, 0.88636
1.75244, 0.00000, -4.58794, 4.91123, 0.00000, 2.77673, 58.00000, 474848.00000, 21668.00000, 139823.68966, 15341995955.76575, 123862.81103, 1.14286, -0.61803, -0.00000, 1.61803, 0.20690, 0.79310
4.45876, 0.43315, 2.05481, 4.92853, 0.09684, 1.14074, 19.00000, 260599.00000, 27838.00000, 128900.68421, 3416853888.32133, 58453.86119, 0.90081, 0.64502, 0.07065, 0.28433, 1.00000, 0.00000
4.85499, 0.43811, 0.72621, 4.92852, 0.09000, 1.42291, 21.00000, 485525.00000, 41351.00000, 172077.52381, 10276062347.10658, 101370.91470, 0.91102, 0.80685, 0.08077, 0.11238, 0.90476, 0.09524
4.37124, 1.70460, 1.50894, 4.92852, 0.37182, 1.25963, 33.00000, 438656.00000, 16924.00000, 167811.75758, 12734797908.54729, 112848.56184, 0.91102, 0.57970, 0.22901, 0.19128, 1.00000, 0.00000
4.62611, 0.87126, 1.44936, 4.92550, 0.18616, 1.27212, 22.00000, 499661.00000, 46550.00000, 269222.04545, 20720759746.22521, 143947.07273, 0.94766, 0.66353, 0.11910, 0.21738, 1.00000, 0.00000
4.85499, 0.43811, -0.72621, 4.92852, 0.09000, 1.71868, 31.00000, 477048.00000, 56257.00000, 218968.58065, 17970068565.27576, 134052.48437, 0.91102, 1.04077, 0.10419, -0.14496, 0.83871, 0.16129
4.45876, 0.43315, -2.05481, 4.92853, 0.09684, 2.00085, 30.00000, 466107.00000, 43843.00000, 217104.36667, 14990902539.29889, 122437.34128, 0.90081, 1.49537, 0.16379, -0.65917, 0.73333, 0.26667
4.37124, 1.70460, -1.50894, 4.92852, 0.37182, 1.88196, 60.00000, 483628.00000, 24125.00000, 130388.91667, 9185432782.67639, 95840.66351, 0.91102, 0.93889, 0.37091, -0.30980, 0.86667, 0.13333
4.62611, 0.87126, -1.44936, 4.92550, 0.18616, 1.86947, 35.00000, 482312.00000, 23167.00000, 189503.77143, 16896434175.60490, 129986.28457, 0.94766, 1.17386, 0.21070, -0.38457, 0.82857, 0.17143
3.92241, 2.87963, 0.78273, 4.92852, 0.63328, 1.41130, 58.00000, 454787.00000, 17366.00000, 147131.12069, 11673709432.41647, 108044.94173, 0.91102, 0.52439, 0.37383, 0.10178, 0.89655, 0.10345
3.92241, 2.87963, -0.78273, 4.92852, 0.63328, 1.73029, 88.00000, 492469.00000, 18232.00000, 141992.94318, 14738203308.98541, 121401.00209, 0.91102, 0.65841, 0.46938, -0.12779, 0.88636, 0.11364
3.18882, 3.75791, 0.00000, 4.92853, 0.86714, 1.57080, 62.00000, 436501.00000, 14397.00000, 123371.24194, 9189373172.02211, 95861.21829, 0.90081, 0.46930, 0.53070, 0.00000, 0.91935, 0.08065
3.73035, 3.21637, 0.00000, 4.92550, 0.71154, 1.57080, 65.00000, 467093.00000, 16489.00000, 130107.58462, 13405201328.11976, 115780.83316, 0.94766, 0.52918, 0.47082, 0.00000, 0.93846, 0.06154
4.83686, 0.87622, 0.00000, 4.91558, 0.17921, 1.57080, 24.00000, 440444.00000, 48265.00000, 185440.54167, 12914161910.08160, 113640.49415, 1.08598, 0.84303, 0.15697, 0.00000, 1.00000, 0.00000
4.35121, 2.14766, -0.78579, 4.91558, 0.45850, 1.73134, 48.00000, 464276.00000, 19840.00000, 134133.52083, 11130050082.16623, 105499.05252, 1.08598, 0.76051, 0.37301, -0.13352, 0.97917, 0.02083
4.35121, 2.14766, 0.78579, 4.91558, 0.45850, 1.41025, 44.00000, 492943.00000, 19665.00000, 142830.34091, 13702736905.90651, 117058.69001, 1.08598, 0.60022, 0.29439, 0.10538, 0.95455, 0.04545
4.58794, 1.75244, 0.00000, 4.91123, 0.36486, 1.57080, 47.00000, 495711.00000, 31605.00000, 126302.97872, 8648414054.78678, 92996.84970, 1.14286, 0.72361, 0.27639, -0.00000, 0.89362, 0.10638
