-2.75567, 4.02561, 0.70086, 4.92853, 2.17107, 1.42811, 3.00000, 299862.00000, 221838.00000, 251669.00000, 1183205618.00000, 34397.75600, 0.90081, -1.37444, 1.98030, 0.39414, 0.00000, 1.00000
-3.48430, 3.15040, 1.49161, 4.92852, 2.40648, 1.26333, 5.00000, 277637.00000, 179486.00000, 230776.40000, 1190607669.84000, 34505.18323, 0.91102, -2.88604, 2.59457, 1.29147, 0.00000, 1.00000
-2.21782, 3.93313, 1.97536, 4.92852, 2.08423, 1.15840, 14.00000, 384166.00000, 143360.00000, 271309.50000, 8060572002.39286, 89780.68836, 0.91102, -0.60432, 1.05443, 0.54989, 0.21429, 0.78571
-2.85909, 3.75484, 1.40973, 4.92550, 2.22158, 1.28053, 3.00000, 380341.00000, 66936.00000, 206553.00000, 16954277624.66667, 130208.59275, 0.94766, -1.25387, 1.66465, 0.58922, 0.00000, 1.00000
-3.93313, 1.97536, 2.21782, 4.92852, 2.67616, 1.10403, 4.00000, 367459.00000, 192863.00000, 285081.50000, 6145185964.25000, 78391.23653, 0.91102, -10.56672, 5.51065, 6.05607, 0.00000, 1.00000
-4.02561, 0.70086, 2.75567, 4.92853, 2.96922, 0.97747, 2.00000, 432396.00000, 278455.00000, 355425.50000, 5924457870.25000, 76970.50000, 0.90081, 9.35336, -1.86160, -6.49176, 0.50000, 0.50000
-3.15040, 1.49161, 3.48430, 4.92852, 2.69940, 0.78559, 1.00000, 441360.00000, 441360.00000, 441360.00000, 0.00000, 0.00000, 0.91102, -1.63909, 0.81587, 1.82322, 0.00000, 1.00000
-3.75484, 1.40973, 2.85909, 4.92550, 2.78243, 0.95149, 1.00000, 217740.00000, 217740.00000, 217740.00000, 0.00000, 0.00000, 0.94766, -9.32863, 3.30198, 7.02665, 0.00000, 1.00000
-1.49161, 3.48430, 3.15040, 4.92852, 1.97528, 0.87732, 10.00000, 384915.00000, 56425.00000, 200377.50000, 9722746349.05000, 98603.98749, 0.91102, -0.30829, 0.68893, 0.61936, 0.20000, 0.80000
-1.97536, 2.21782, 3.93313, 4.92852, 2.29844, 0.64677, 10.00000, 403146.00000, 89325.00000, 222188.10000, 8786097569.29000, 93734.18570, 0.91102, -0.49591, 0.54500, 0.95092, 0.20000, 0.80000
-0.70086, 2.75567, 4.02561, 4.92853, 1.81985, 0.61496, 11.00000, 444169.00000, 61822.00000, 210340.54545, 18987586700.97520, 137795.45240, 0.90081, -0.13313, 0.46424, 0.66888, 0.27273, 0.72727
-1.40973, 2.85909, 3.75484, 4.92550, 2.02888, 0.70390, 8.00000, 461344.00000, 135549.00000, 255501.87500, 11343350665.85938, 106505.16732, 0.94766, -0.25296, 0.53830, 0.71466, 0.25000, 0.75000
-3.47499, 2.68919, 2.20355, 4.91558, 2.48299, 1.10596, 5.00000, 496609.00000, 217714.00000, 376083.20000, 8260586489.36000, 90887.76865, 1.08598, -2.37638, 1.85065, 1.52573, 0.20000, 0.80000
-2.68919, 2.20355, 3.47499, 4.91558, 2.45513, 0.78564, 2.00000, 410543.00000, 402303.00000, 406423.00000, 16974400.00000, 4120.00000, 1.08598, -0.90211, 0.74373, 1.15838, 0.00000, 1.00000
-2.20355, 3.47499, 2.68919, 4.91558, 2.13592, 0.99193, 4.00000, 387043.00000, 132983.00000, 252238.25000, 13821575643.68750, 117565.19742, 1.08598, -0.56481, 0.87972, 0.68510, 0.00000, 1.00000
-2.83550, 2.83550, 2.83550, 4.91123, 2.35619, 0.95532, 3.00000, 348712.00000, 277392.00000, 320634.33333, 962740624.22222, 31028.06188, 1.14286, -1.00000, 1.00000, 1.00000, 0.00000, 1.00000
-2.05481, 4.45876, 0.43315, 4.92853, 2.00263, 1.48280, 3.00000, 392925.00000, 209440.00000, 327516.00000, 6998030648.66667, 83654.23270, 0.90081, -0.65917, 1.49537, 0.16379, 0.33333, 0.66667
-1.50894, 4.37124, 1.70460, 4.92852, 1.90319, 1.21764, 11.00000, 490539.00000, 40357.00000, 233312.27273, 27829330725.10743, 166821.25382, 0.91102, -0.30980, 0.93889, 0.37091, 0.18182, 0.81818
-0.72621, 4.85499, 0.43811, 4.92852, 1.71928, 1.48179, 27.00000, 464875.00000, 54790.00000, 196643.66667, 11438766645.33333, 106952.16990, 0.91102, -0.14496, 1.04077, 0.10419, 0.00000, 1.00000
-1.44936, 4.62611, 0.87126, 4.92550, 1.87441, 1.39297, 8.00000, 318534.00000, 120461.00000, 194068.12500, 5447911445.85938, 73809.96847, 0.94766, -0.38457, 1.17386, 0.21070, 0.00000, 1.00000
-0.78273, 3.92241, 2.87963, 4.92852, 1.76776, 0.94680, 18.00000, 488470.00000, 64898.00000, 221016.50000, 15922184350.25000, 126183.13814, 0.91102, -0.12779, 0.65841, 0.46938, 0.11111, 0.88889
0.00000, 3.18882, 3.75791, 4.92853, 1.57080, 0.70366, 22.00000, 466487.00000, 53269.00000, 217648.00000, 12111979733.45455, 110054.43986, 0.90081, -0.00000, 0.46930, 0.53070, 0.09091, 0.90909
0.78273, 3.92241, 2.87963, 4.92852, 1.37383, 0.94680, 29.00000, 436118.00000, 27764.00000, 231066.13793, 14735804822.25684, 121391.12333, 0.91102, 0.10178, 0.52439, 0.37383, 0.24138, 0.75862
0.00000, 3.73035, 3.21637, 4.92550, 1.57080, 0.85925, 29.00000, 487454.00000, 77150.00000, 237617.86207, 14692833777.15339, 121213.99992, 0.94766, -0.00000, 0.52918, 0.47082, 0.06897, 0.93103
0.72621, 4.85499, 0.43811, 4.92852, 1.42232, 1.48179, 38.00000, 466391.00000, 37344.00000, 198730.50000, 14012321099.46053, 118373.65036, 0.91102, 0.11238, 0.80685, 0.08077, 0.13158, 0.86842
1.50894, 4.37124, 1.70460, 4.92852, 1.23841, 1.21764, 75.00000, 477112.00000, 20496.00000, 164642.52000, 15515992215.20960, 124563.20570, 0.91102, 0.19128, 0.57970, 0.22901, 0.12000, 0.88000
2.05481, 4.45876, 0.43315, 4.92853, 1.13896, 1.48280, 54.00000, 477533.00000, 27155.00000, 172492.77778, 16153458201.91358, 127096.25566, 0.90081, 0.28433, 0.64502, 0.07065, 0.16667, 0.83333
1.44936, 4.62611, 0.87126, 4.92550, 1.26718, 1.39297, 38.00000, 456084.00000, 26493.00000, 193974.31579, 16201823778.90028, 127286.38489, 0.94766, 0.21738, 0.66353, 0.11910, 0.15789, 0.84211
-0.78579, 4.35121, 2.14766, 4.91558, 1.74946, 1.11864, 13.00000, 458572.00000, 76943.00000, 254724.07692, 19725730122.68639, 140448.31833, 1.08598, -0.13352, 0.76051, 0.37301, 0.07692, 0.92308
0.78579, 4.35121, 2.14766, 4.91558, 1.39213, 1.11864, 33.00000, 447516.00000, 23823.00000, 202269.81818, 15365415189.11846, 123957.31196, 1.08598, 0.10538, 0.60022, 0.29439, 0.18182, 0.81818
0.00000, 4.83686, 0.87622, 4.91558, 1.57080, 1.39159, 21.00000, 473779.00000, 42420.00000, 208656.00000, 15389695560.38095, 124055.21174, 1.08598, -0.00000, 0.84303, 0.15697, 0.00000, 1.00000
0.00000, 4.58794, 1.75244, 4.91123, 1.57080, 1.20593, 21.00000, 446568.00000, 38839.00000, 220579.52381, 19028468193.77324, 137943.71386, 1.14286, 0.00000, 0.72361, 0.27639, 0.09524, 0.90476
-2.05481, 4.45876, -0.43315, 4.92853, 2.00263, 1.65880, 8.00000, 375743.00000, 103825.00000, 212904.87500, 8547226848.35938, 92451.21334, 0.90081, -0.98030, 2.22389, -0.24359, 0.00000, 1.00000
-0.72621, 4.85499, -0.43811, 4.92852, 1.71928, 1.65981, 17.00000, 491336.00000, 89711.00000, 270107.23529, 18476315925.12111, 135927.61281, 0.91102, -0.18312, 1.31474, -0.13162, 0.11765, 0.88235
-1.50894, 4.37124, -1.70460, 4.92852, 1.90319, 1.92396, 6.00000, 317326.00000, 79318.00000, 219141.00000, 5964337075.33333, 77229.12064, 0.91102, -1.19997, 3.63662, -1.43665, 0.16667, 0.83333
-1.44936, 4.62611, -0.87126, 4.92550, 1.87441, 1.74862, 9.00000, 498851.00000, 65704.00000, 217579.66667, 23560713953.33334, 153494.99651, 0.94766, -0.66465, 2.02881, -0.36416, 0.11111, 0.88889
0.72621, 4.85499, -0.43811, 4.92852, 1.42232, 1.65981, 31.00000, 493704.00000, 48700.00000, 245098.93548, 18190601744.70552, 134872.53888, 0.91102, 0.13403, 0.96230, -0.09634, 0.09677, 0.90323
2.05481, 4.45876, -0.43315, 4.92853, 1.13896, 1.65880, 54.00000, 462149.00000, 18434.00000, 172969.40741, 13422650158.50068, 115856.16150, 0.90081, 0.33112, 0.75116, -0.08228, 0.11111, 0.88889
1.50894, 4.37124, -1.70460, 4.92852, 1.23841, 1.92396, 32.00000, 411575.00000, 79072.00000, 201322.21875, 9274796704.29590, 96305.74596, 0.91102, 0.35294, 1.06961, -0.42255, 0.25000, 0.75000
1.44936, 4.62611, -0.87126, 4.92550, 1.26718, 1.74862, 24.00000, 471664.00000, 73471.00000, 200934.04167, 12129360609.45660, 110133.37646, 0.94766, 0.28534, 0.87099, -0.15634, 0.12500, 0.87500
-0.78273, 3.92241, -2.87963, 4.92852, 1.76776, 2.19479, 6.00000, 456335.00000, 125728.00000, 311831.33333, 18246814291.55555, 135080.76951, 0.91102, -2.08678, 10.75154, -7.66476, 0.00000, 1.00000
0.78273, 3.92241, -2.87963, 4.92852, 1.37383, 2.19479, 16.00000, 495356.00000, 52601.00000, 271556.56250, 22872253239.62109, 151235.75384, 0.91102, 0.40335, 2.07817, -1.48153, 0.31250, 0.68750
0.00000, 3.18882, -3.75791, 4.92853, 1.57080, 2.43793, 5.00000, 374343.00000, 154154.00000, 294578.20000, 5857525285.36000, 76534.47122, 0.90081, -0.00000, -7.64229, 8.64229, 0.00000, 1.00000
0.00000, 3.73035, -3.21637, 4.92550, 1.57080, 2.28234, 8.00000, 498623.00000, 121983.00000, 298346.00000, 16039007221.50000, 126645.20213, 0.94766, 0.00000, 9.06739, -8.06739, 0.37500, 0.62500
0.00000, 4.83686, -0.87622, 4.91558, 1.57080, 1.75001, 20.00000, 469150.00000, 63319.00000, 267274.65000, 19089716302.92750, 138165.53949, 1.08598, 0.00000, 1.22879, -0.22879, 0.10000, 0.90000
0.78579, 4.35121, -2.14766, 4.91558, 1.39213, 2.02296, 16.00000, 488634.00000, 38482.00000, 238780.31250, 16098773326.21484, 126880.94154, 1.08598, 0.25627, 1.45965, -0.71592, 0.06250, 0.93750
-0.78579, 4.35121, -2.14766, 4.91558, 1.74946, 2.02296, 5.00000, 339149.00000, 117170.00000, 209863.00000, 7890553322.00000, 88828.78656, 1.08598, -0.52573, 2.99442, -1.46868, 0.20000, 0.80000
0.00000, 4.58794, -1.75244, 4.91123, 1.57080, 1.93566, 16.00000, 413702.00000, 58643.00000, 237083.18750, 10420835433.90234, 102082.49328, 1.14286, 0.00000, 1.61803, -0.61803, 0.12500, 0.87500
-2.75567, 4.02561, -0.70086, 4.92853, 2.17107, 1.71348, 1.00000, 117648.00000, 117648.00000, 117648.00000, 0.00000, 0.00000, 0.90081, -6.49176, 9.35336, -1.86160, 0.00000, 1.00000
-2.21782, 3.93313, -1.97536, 4.92852, 2.08423, 1.98319, 2.00000, 484994.00000, 172323.00000, 328658.50000, 24440788560.25000, 156335.50000, 0.91102, 6.05607, -10.56672, 5.51065, 0.50000, 0.50000
-3.48430, 3.15040, -1.49161, 4.92852, 2.40648, 1.87827, 2.00000, 464981.00000, 453875.00000, 459428.00000, 30835809.00000, 5553.00000, 0.91102, 1.82322, -1.63909, 0.81587, 0.00000, 1.00000
-2.85909, 3.75484, -1.40973, 4.92550, 2.22158, 1.86107, 4.00000, 487716.00000, 178192.00000, 350322.00000, 19164674724.00000, 138436.53681, 0.94766, 7.02665, -9.32863, 3.30198, 0.25000, 0.75000
-1.49161, 3.48430, -3.15040, 4.92852, 1.97528, 2.26428, 2.00000, 272700.00000, 263331.00000, 268015.50000, 21944540.25000, 4684.50000, 0.91102, 1.29147, -2.88604, 2.59457, 0.00000, 1.00000
-0.70086, 2.75567, -4.02561, 4.92853, 1.81985, 2.52663, 4.00000, 426670.00000, 174673.00000, 240837.75000, 11518663652.68750, 107325.03740, 0.90081, 0.39414, -1.37444, 1.98030, 0.00000, 1.00000
-1.97536, 2.21782, -3.93313, 4.92852, 2.29844, 2.49482, 2.00000, 303510.00000, 246888.00000, 275199.00000, 801512721.00000, 28311.00000, 0.91102, 0.54989, -0.60432, 1.05443, 0.00000, 1.00000
-1.40973, 2.85909, -3.75484, 4.92550, 2.02888, 2.43770, 1.00000, 178418.00000, 178418.00000, 178418.00000, 0.00000, 0.00000, 0.94766, 0.58922, -1.25387, 1.66465, 0.00000, 1.00000
-3.93313, 1.97536, -2.21782, 4.92852, 2.67616, 2.03756, 0.00000, 0.00000, 0.00000, 0.00000, 0.00000, 0.00000, 0.91102, 0.95092, -0.49591, 0.54500, 0.00000, 0.00000
-3.15040, 1.49161, -3.48430, 4.92852, 2.69940, 2.35600, 3.00000, 480716.00000, 279300.00000, 375367.00000, 6804478604.66667, 82489.26357, 0.91102, 0.61936, -0.30829, 0.68893, 0.00000, 1.00000
-4.02561, 0.70086, -2.75567, 4.92853, 2.96922, 2.16413, 0.00000, 0.00000, 0.00000, 0.00000, 0.00000, 0.00000, 0.90081, 0.66888, -0.13313, 0.46424, 0.00000, 0.00000
-3.75484, 1.40973, -2.85909, 4.92550, 2.78243, 2.19010, 1.00000, 433196.00000, 433196.00000, 433196.00000, 0.00000, 0.00000, 0.94766, 0.71466, -0.25296, 0.53830, 0.00000, 1.00000
-2.20355, 3.47499, -2.68919, 4.91558, 2.13592, 2.14966, 2.00000, 410317.00000, 188240.00000, 299278.50000, 12329548482.25000, 111038.50000, 1.08598, 1.52573, -2.37638, 1.85065, 0.00000, 1.00000
-2.68919, 2.20355, -3.47499, 4.91558, 2.45513, 2.35595, 2.00000, 313526.00000, 305087.00000, 309306.50000, 17804180.25000, 4219.50000, 1.08598, 0.68510, -0.56481, 0.87972, 0.00000, 1.00000
-3.47499, 2.68919, -2.20355, 4.91558, 2.48299, 2.03563, 2.00000, 373393.00000, 155656.00000, 264524.50000, 11852350292.25000, 108868.50000, 1.08598, 1.15838, -0.90211, 0.74373, 0.00000, 1.00000
-2.83550, 2.83550, -2.83550, 4.91123, 2.35619, 2.18628, 4.00000, 334500.00000, 187884.00000, 244134.75000, 3366725995.68750, 58023.49520, 1.14286, 1.00000, -1.00000, 1.00000, 0.00000, 1.00000
-3.18882, 3.75791, 0.00000, 4.92853, 2.27446, 1.57080, 2.00000, 397017.00000, 280025.00000, 338521.00000, 3421782016.00000, 58496.00000, 0.90081, -7.64229, 8.64229, 0.00000, 0.00000, 1.00000
-3.92241, 2.87963, -0.78273, 4.92852, 2.50831, 1.73029, 2.00000, 262340.00000, 128593.00000, 195466.50000, 4472065002.25000, 66873.50000, 0.91102, 2.07817, -1.48153, 0.40335, 0.00000, 1.00000
-3.92241, 2.87963, 0.78273, 4.92852, 2.50831, 1.41130, 4.00000, 493995.00000, 137762.00000, 272835.75000, 19423857171.68750, 139369.49871, 0.91102, 10.75154, -7.66476, -2.08678, 0.00000, 1.00000
-3.73035, 3.21637, 0.00000, 4.92550, 2.43005, 1.57080, 2.00000, 314627.00000, 230355.00000, 272491.00000, 1775442496.00000, 42136.00000, 0.94766, 9.06739, -8.06739, -0.00000, 0.00000, 1.00000
-4.37124, 1.70460, -1.50894, 4.92852, 2.76977, 1.88196, 2.00000, 439583.00000, 336769.00000, 388176.00000, 2642679649.00000, 51407.00000, 0.91102, 1.06961, -0.42255, 0.35294, 0.50000, 0.50000
-4.45876, 0.43315, -2.05481, 4.92853, 3.04475, 2.00085, 2.00000, 385711.00000, 369842.00000, 377776.50000, 62956290.25000, 7934.50000, 0.90081, 0.75116, -0.08228, 0.33112, 0.00000, 1.00000
-4.85499, 0.43811, -0.72621, 4.92852, 3.05160, 1.71868, 0.00000, 0.00000, 0.00000, 0.00000, 0.00000, 0.00000, 0.91102, 0.96230, -0.09634, 0.13403, 0.00000, 0.00000
-4.62611, 0.87126, -1.44936, 4.92550, 2.95544, 1.86947, 0.00000, 0.00000, 0.00000, 0.00000, 0.00000, 0.00000, 0.94766, 0.87099, -0.15634, 0.28534, 0.00000, 0.00000
-4.37124, 1.70460, 1.50894, 4.92852, 2.76977, 1.25963, 1.00000, 482026.00000, 482026.00000, 482026.00000, 0.00000, 0.00000, 0.91102, 3.63662, -1.43665, -1.19997, 0.00000, 1.00000
-4.85499, 0.43811, 0.72621, 4.92852, 3.05160, 1.42291, 0.00000, 0.00000, 0.00000, 0.00000, 0.00000, 0.00000, 0.91102, 1.31474, -0.13162, -0.18312, 0.00000, 0.00000
-4.45876, 0.43315, 2.05481, 4.92853, 3.04475, 1.14074, 1.00000, 213283.00000, 213283.00000, 213283.00000, 0.00000, 0.00000, 0.90081, 2.22389, -0.24359, -0.98030, 0.00000, 1.00000
-4.62611, 0.87126, 1.44936, 4.92550, 2.95544, 1.27212, 0.00000, 0.00000, 0.00000, 0.00000, 0.00000, 0.00000, 0.94766, 2.02881, -0.36416, -0.66465, 0.00000, 0.00000
-4.35121, 2.14766, -0.78579, 4.91558, 2.68310, 1.73134, 0.00000, 0.00000, 0.00000, 0.00000, 0.00000, 0.00000, 1.08598, 1.45965, -0.71592, 0.25627, 0.00000, 0.00000
-4.83686, 0.87622, 0.00000, 4.91558, 2.96238, 1.57080, 0.00000, 0.00000, 0.00000, 0.00000, 0.00000, 0.00000, 1.08598, 1.22879, -0.22879, -0.00000, 0.00000, 0.00000
-4.35121, 2.14766, 0.78579, 4.91558, 2.68310, 1.41025, 0.00000, 0.00000, 0.00000, 0.00000, 0.00000, 0.00000, 1.08598, 2.99442, -1.46868, -0.52573, 0.00000, 0.00000
-4.58794, 1.75244, 0.00000, 4.91123, 2.77673, 1.57080, 0.00000, 0.00000, 0.00000, 0.00000, 0.00000, 0.00000, 1.14286, 1.61803, -0.61803, -0.00000, 0.00000, 0.00000
2.75567, 4.02561, 0.70086, 4.92853, 0.97053, 1.42811, 61.00000, 453238.00000, 21997.00000, 165570.59016, 13718912367.42220, 117127.76087, 0.90081, 0.36663, 0.52824, 0.10514, 0.24590, 0.75410
2.21782, 3.93313, 1.97536, 4.92852, 1.05736, 1.15840, 78.00000, 448451.00000, 25740.00000, 151443.43590, 12846261762.68179, 113341.35063, 0.91102, 0.27362, 0.47741, 0.24897, 0.07692, 0.92308
3.48430, 3.15040, 1.49161, 4.92852, 0.73511, 1.26333, 90.00000, 476275.00000, 17052.00000, 144858.98889, 10677541282.01099, 103332.18899, 0.91102, 0.42617, 0.38313, 0.19070, 0.25556, 0.74444
2.85909, 3.75484, 1.40973, 4.92550, 0.92001, 1.28053, 52.00000, 499206.00000, 24610.00000, 158717.36538, 16972427046.69342, 130278.26775, 0.94766, 0.35746, 0.47456, 0.16798, 0.15385, 0.84615
1.49161, 3.48430, 3.15040, 4.92852, 1.16631, 0.87732, 51.00000, 495537.00000, 32540.00000, 184783.09804, 12079891543.06882, 109908.55992, 0.91102, 0.19070, 0.42617, 0.38313, 0.11765, 0.88235
0.70086, 2.75567, 4.02561, 4.92853, 1.32174, 0.61496, 23.00000, 445388.00000, 63120.00000, 214031.30435, 13397564638.38563, 115747.84939, 0.90081, 0.10514, 0.36663, 0.52824, 0.26087, 0.73913
1.97536, 2.21782, 3.93313, 4.92852, 0.84316, 0.64677, 41.00000, 477764.00000, 58257.00000, 230692.12195, 13369098496.69244, 115624.81782, 0.91102, 0.24897, 0.27362, 0.47741, 0.26829, 0.73171
1.40973, 2.85909, 3.75484, 4.92550, 1.11271, 0.70390, 37.00000, 478778.00000, 31193.00000, 170485.51351, 12562676640.73631, 112083.34685, 0.94766, 0.16798, 0.35746, 0.47456, 0.27027, 0.72973
3.93313, 1.97536, 2.21782, 4.92852, 0.46544, 1.10403, 84.00000, 499686.00000, 37377.00000, 169419.15476, 13076700514.70224, 114353.40185, 0.91102, 0.47741, 0.24897, 0.27362, 0.50000, 0.50000
3.15040, 1.49161, 3.48430, 4.92852, 0.44220, 0.78559, 55.00000, 494437.00000, 33979.00000, 185135.78182, 11971535546.27967, 109414.51250, 0.91102, 0.38313, 0.19070, 0.42617, 0.45455, 0.54545
4.02561, 0.70086, 2.75567, 4.92853, 0.17237, 0.97747, 47.00000, 449058.00000, 20049.00000, 180870.70213, 13490708131.69851, 116149.50767, 0.90081, 0.52824, 0.10514, 0.36663, 0.72340, 0.27660
3.75484, 1.40973, 2.85909, 4.92550, 0.35916, 0.95149, 66.00000, 480775.00000, 39772.00000, 194527.24242, 12908964427.72911, 113617.62375, 0.94766, 0.47456, 0.16798, 0.35746, 0.48485, 0.51515
2.20355, 3.47499, 2.68919, 4.91558, 1.00567, 0.99193, 46.00000, 428042.00000, 26552.00000, 159949.93478, 11155048564.14792, 105617.46335, 1.08598, 0.26522, 0.41309, 0.32170, 0.15217, 0.84783
2.68919, 2.20355, 3.47499, 4.91558, 0.68646, 0.78564, 48.00000, 490622.00000, 43867.00000, 194948.39583, 15248115246.11415, 123483.25897, 1.08598, 0.32170, 0.26522, 0.41309, 0.25000, 0.75000
3.47499, 2.68919, 2.20355, 4.91558, 0.65860, 1.10596, 48.00000, 441524.00000, 27057.00000, 173936.95833, 15607526569.53993, 124930.08673, 1.08598, 0.41309, 0.32170, 0.26522, 0.27083, 0.72917
2.83550, 2.83550, 2.83550, 4.91123, 0.78540, 0.95532, 59.00000, 474318.00000, 26854.00000, 187979.57627, 14836265326.75266, 121804.20899, 1.14286, 0.33333, 0.33333, 0.33333, 0.20339, 0.79661
-0.43315, 2.05481, 4.45876, 4.92853, 1.77855, 0.44016, 15.00000, 469853.00000, 126815.00000, 285886.86667, 10326380199.98222, 101618.79846, 0.90081, -0.08228, 0.33112, 0.75116, 0.13333, 0.86667
-1.70460, 1.50894, 4.37124, 4.92852, 2.41700, 0.48015, 14.00000, 480572.00000, 80420.00000, 264316.28571, 16322459523.63266, 127759.38135, 0.91102, -0.42255, 0.35294, 1.06961, 0.21429, 0.78571
-0.43811, 0.72621, 4.85499, 4.92852, 2.11363, 0.17295, 9.00000, 461087.00000, 145432.00000, 281415.33333, 12819718356.00000, 113224.19510, 0.91102, -0.09634, 0.13403, 0.96230, 0.22222, 0.77778
-0.87126, 1.44936, 4.62611, 4.92550, 2.11205, 0.35046, 8.00000, 499047.00000, 139503.00000, 299551.25000, 18780417010.43750, 137041.66159, 0.94766, -0.15634, 0.28534, 0.87099, 0.12500, 0.87500
-2.87963, 0.78273, 3.92241, 4.92852, 2.87619, 0.65037, 1.00000, 300173.00000, 300173.00000, 300173.00000, 0.00000, 0.00000, 0.91102, -1.48153, 0.40335, 2.07817, 0.00000, 1.00000
-3.75791, 0.00000, 3.18882, 4.92853, 3.14159, 0.86714, 0.00000, 0.00000, 0.00000, 0.00000, 0.00000, 0.00000, 0.90081, 8.64229, -0.00000, -7.64229, 0.00000, 0.00000
-2.87963, -0.78273, 3.92241, 4.92852, -2.87619, 0.65037, 0.00000, 0.00000, 0.00000, 0.00000, 0.00000, 0.00000, 0.91102, -7.66476, -2.08678, 10.75154, 0.00000, 0.00000
-3.21637, 0.00000, 3.73035, 4.92550, 3.14159, 0.71154, 1.00000, 361154.00000, 361154.00000, 361154.00000, 0.00000, 0.00000, 0.94766, -8.06739, 0.00000, 9.06739, 0.00000, 1.00000
-0.43811, -0.72621, 4.85499, 4.92852, -2.11363, 0.17295, 3.00000, 367715.00000, 146013.00000, 270773.33333, 8578901908.22222, 92622.36182, 0.91102, -0.13162, -0.18312, 1.31474, 1.00000, 0.00000
-1.70460, -1.50894, 4.37124, 4.92852, -2.41700, 0.48015, 4.00000, 476763.00000, 142763.00000, 308420.00000, 13985464899.00000, 118260.15770, 0.91102, -1.43665, -1.19997, 3.63662, 0.25000, 0.75000
-0.43315, -2.05481, 4.45876, 4.92853, -1.77855, 0.44016, 2.00000, 368292.00000, 360606.00000, 364449.00000, 14768649.00000, 3843.00000, 0.90081, -0.24359, -0.98030, 2.22389, 0.50000, 0.50000
-0.87126, -1.44936, 4.62611, 4.92550, -2.11205, 0.35046, 6.00000, 361695.00000, 206283.00000, 310207.50000, 2382185099.58333, 48807.63362, 0.94766, -0.36416, -0.66465, 2.02881, 0.33333, 0.66667
-2.14766, 0.78579, 4.35121, 4.91558, 2.79084, 0.48390, 3.00000, 490894.00000, 155863.00000, 287086.66667, 21341822826.88889, 146088.40757, 1.08598, -0.71592, 0.25627, 1.45965, 0.33333, 0.66667
-2.14766, -0.78579, 4.35121, 4.91558, -2.79084, 0.48390, 2.00000, 285450.00000, 221069.00000, 253259.50000, 1036228290.25000, 32190.50000, 1.08598, -1.46868, -0.52573, 2.99442, 0.00000, 1.00000
-0.87622, 0.00000, 4.83686, 4.91558, 3.14159, 0.17921, 3.00000, 312419.00000, 273366.00000, 290639.33333, 264342988.22222, 16258.62812, 1.08598, -0.22879, 0.00000, 1.22879, 0.00000, 1.00000
-1.75244, 0.00000, 4.58794, 4.91123, 3.14159, 0.36486, 4.00000, 414993.00000, 126452.00000, 282410.75000, 11407636223.18750, 106806.53643, 1.14286, -0.61803, 0.00000, 1.61803, 0.25000, 0.75000
-4.45876, -0.43315, 2.05481, 4.92853, -3.04475, 1.14074, 0.00000, 0.00000, 0.00000, 0.00000, 0.00000, 0.00000, 0.90081, 1.49537, 0.16379, -0.65917, 0.00000, 0.00000
-4.85499, -0.43811, 0.72621, 4.92852, -3.05160, 1.42291, 0.00000, 0.00000, 0.00000, 0.00000, 0.00000, 0.00000, 0.91102, 1.04077, 0.10419, -0.14496, 0.00000, 0.00000
-4.37124, -1.70460, 1.50894, 4.92852, -2.76977, 1.25963, 0.00000, 0.00000, 0.00000, 0.00000, 0.00000, 0.00000, 0.91102, 0.93889, 0.37091, -0.30980, 0.00000, 0.00000
-4.62611, -0.87126, 1.44936, 4.92550, -2.95544, 1.27212, 0.00000, 0.00000, 0.00000, 0.00000, 0.00000, 0.00000, 0.94766, 1.17386, 0.21070, -0.38457, 0.00000, 0.00000
-4.85499, -0.43811, -0.72621, 4.92852, -3.05160, 1.71868, 0.00000, 0.00000, 0.00000, 0.00000, 0.00000, 0.00000, 0.91102, 0.80685, 0.08077, 0.11238, 0.00000, 0.00000
-4.45876, -0.43315, -2.05481, 4.92853, -3.04475, 2.00085, 0.00000, 0.00000, 0.00000, 0.00000, 0.00000, 0.00000, 0.90081, 0.64502, 0.07065, 0.28433, 0.00000, 0.00000
-4.37124, -1.70460, -1.50894, 4.92852, -2.76977, 1.88196, 0.00000, 0.00000, 0.00000, 0.00000, 0.00000, 0.00000, 0.91102, 0.57970, 0.22901, 0.19128, 0.00000, 0.00000
-4.62611, -0.87126, -1.44936, 4.92550, -2.95544, 1.86947, 0.00000, 0.00000, 0.00000, 0.00000, 0.00000, 0.00000, 0.94766, 0.66353, 0.11910, 0.21738, 0.00000, 0.00000
-3.92241, -2.87963, 0.78273, 4.92852, -2.50831, 1.41130, 1.00000, 495200.00000, 495200.00000, 495200.00000, 0.00000, 0.00000, 0.91102, 0.65841, 0.46938, -0.12779, 1.00000, 0.00000
-3.92241, -2.87963, -0.78273, 4.92852, -2.50831, 1.73029, 0.00000, 0.00000, 0.00000, 0.00000, 0.00000, 0.00000, 0.91102, 0.52439, 0.37383, 0.10178, 0.00000, 0.00000
-3.18882, -3.75791, 0.00000, 4.92853, -2.27446, 1.57080, 1.00000, 469407.00000, 469407.00000, 469407.00000, 0.00000, 0.00000, 0.90081, 0.46930, 0.53070, 0.00000, 1.00000, 0.00000
-3.73035, -3.21637, 0.00000, 4.92550, -2.43005, 1.57080, 0.00000, 0.00000, 0.00000, 0.00000, 0.00000, 0.00000, 0.94766, 0.52918, 0.47082, -0.00000, 0.00000, 0.00000
-4.83686, -0.87622, 0.00000, 4.91558, -2.96238, 1.57080, 0.00000, 0.00000, 0.00000, 0.00000, 0.00000, 0.00000, 1.08598, 0.84303, 0.15697, -0.00000, 0.00000, 0.00000
-4.35121, -2.14766, -0.78579, 4.91558, -2.68310, 1.73134, 0.00000, 0.00000, 0.00000, 0.00000, 0.00000, 0.00000, 1.08598, 0.60022, 0.29439, 0.10538, 0.00000, 0.00000
-4.35121, -2.14766, 0.78579, 4.91558, -2.68310, 1.41025, 0.00000, 0.00000, 0.00000, 0.00000, 0.00000, 0.00000, 1.08598, 0.76051, 0.37301, -0.13352, 0.00000, 0.00000
-4.58794, -1.75244, 0.00000, 4.91123, -2.77673, 1.57080, 1.00000, 451695.00000, 451695.00000, 451695.00000, 0.00000, 0.00000, 1.14286, 0.72361, 0.27639, -0.00000, 0.00000, 1.00000
-3.75791, 0.00000, -3.18882, 4.92853, 3.14159, 2.27446, 1.00000, 292067.00000, 292067.00000, 292067.00000, 0.00000, 0.00000, 0.90081, 0.53070, -0.00000, 0.46930, 0.00000, 1.00000
-2.87963, 0.78273, -3.92241, 4.92852, 2.87619, 2.49122, 0.00000, 0.00000, 0.00000, 0.00000, 0.00000, 0.00000, 0.91102, 0.46938, -0.12779, 0.65841, 0.00000, 0.00000
-2.87963, -0.78273, -3.92241, 4.92852, -2.87619, 2.49122, 1.00000, 239998.00000, 239998.00000, 239998.00000, 0.00000, 0.00000, 0.91102, 0.37383, 0.10178, 0.52439, 0.00000, 1.00000
-3.21637, 0.00000, -3.73035, 4.92550, 3.14159, 2.43005, 0.00000, 0.00000, 0.00000, 0.00000, 0.00000, 0.00000, 0.94766, 0.47082, 0.00000, 0.52918, 0.00000, 0.00000
-1.70460, 1.50894, -4.37124, 4.92852, 2.41700, 2.66145, 5.00000, 437285.00000, 282344.00000, 347766.40000, 3539101796.64000, 59490.35045, 0.91102, 0.37091, -0.30980, 0.93889, 0.60000, 0.40000
-0.43315, 2.05481, -4.45876, 4.92853, 1.77855, 2.70143, 4.00000, 413530.00000, 157388.00000, 341176.00000, 11433554622.00000, 106927.80098, 0.90081, 0.16379, -0.65917, 1.49537, 0.25000, 0.75000
-0.43811, 0.72621, -4.85499, 4.92852, 2.11363, 2.96865, 1.00000, 388074.00000, 388074.00000, 388074.00000, 0.00000, 0.00000, 0.91102, 0.10419, -0.14496, 1.04077, 0.00000, 1.00000
-0.87126, 1.44936, -4.62611, 4.92550, 2.11205, 2.79113, 2.00000, 396638.00000, 221983.00000, 309310.50000, 7626092256.25000, 87327.50000, 0.94766, 0.21070, -0.38457, 1.17386, 1.00000, 0.00000
-1.70460, -1.50894, -4.37124, 4.92852, -2.41700, 2.66145, 0.00000, 0.00000, 0.00000, 0.00000, 0.00000, 0.00000, 0.91102, 0.22901, 0.19128, 0.57970, 0.00000, 0.00000
-0.43811, -0.72621, -4.85499, 4.92852, -2.11363, 2.96865, 2.00000, 267904.00000, 257423.00000, 262663.50000, 27462840.25000, 5240.50000, 0.91102, 0.08077, 0.11238, 0.80685, 0.50000, 0.50000
-0.43315, -2.05481, -4.45876, 4.92853, -1.77855, 2.70143, 0.00000, 0.00000, 0.00000, 0.00000, 0.00000, 0.00000, 0.90081, 0.07065, 0.28433, 0.64502, 0.00000, 0.00000
-0.87126, -1.44936, -4.62611, 4.92550, -2.11205, 2.79113, 2.00000, 483040.00000, 317741.00000, 400390.50000, 6830939850.25000, 82649.50000, 0.94766, 0.11910, 0.21738, 0.66353, 0.00000, 1.00000
-2.14766, 0.78579, -4.35121, 4.91558, 2.79084, 2.65769, 3.00000, 499620.00000, 298213.00000, 409618.00000, 6989840812.66667, 83605.26785, 1.08598, 0.37301, -0.13352, 0.76051, 0.33333, 0.66667
-0.87622, 0.00000, -4.83686, 4.91558, 3.14159, 2.96238, 0.00000, 0.00000, 0.00000, 0.00000, 0.00000, 0.00000, 1.08598, 0.15697, 0.00000, 0.84303, 0.00000, 0.00000
-2.14766, -0.78579, -4.35121, 4.91558, -2.79084, 2.65769, 0.00000, 0.00000, 0.00000, 0.00000, 0.00000, 0.00000, 1.08598, 0.29439, 0.10538, 0.60022, 0.00000, 0.00000
-1.75244, 0.00000, -4.58794, 4.91123, 3.14159, 2.77673, 0.00000, 0.00000, 0.00000, 0.00000, 0.00000, 0.00000, 1.14286, 0.27639, 0.00000, 0.72361, 0.00000, 0.00000
0.70086, 2.75567, -4.02561, 4.92853, 1.32174, 2.52663, 12.00000, 408195.00000, 146144.00000, 278043.41667, 6437254273.90972, 80232.50136, 0.90081, -1.86160, -6.49176, 9.35336, 0.41667, 0.58333
1.49161, 3.48430, -3.15040, 4.92852, 1.16631, 2.26428, 17.00000, 431039.00000, 60453.00000, 228820.11765, 12972822911.04498, 113898.30074, 0.91102, 0.81587, 1.82322, -1.63909, 0.11765, 0.88235
1.97536, 2.21782, -3.93313, 4.92852, 0.84316, 2.49482, 8.00000, 360970.00000, 129135.00000, 221283.37500, 4525804073.23438, 67274.09660, 0.91102, 5.51065, 6.05607, -10.56672, 0.50000, 0.50000
1.40973, 2.85909, -3.75484, 4.92550, 1.11271, 2.43770, 4.00000, 481058.00000, 165058.00000, 292867.75000, 14001322473.18750, 118327.18400, 0.94766, 3.30198, 7.02665, -9.32863, 0.00000, 1.00000
2.21782, 3.93313, -1.97536, 4.92852, 1.05736, 1.98319, 28.00000, 446652.00000, 41196.00000, 205684.60714, 15232453942.59566, 123419.82800, 0.91102, 0.54500, 0.95092, -0.49591, 0.14286, 0.85714
2.75567, 4.02561, -0.70086, 4.92853, 0.97053, 1.71348, 45.00000, 497918.00000, 28598.00000, 134687.26667, 11667908985.88444, 108018.09564, 0.90081, 0.46424, 0.66888, -0.13313, 0.08889, 0.91111
3.48430, 3.15040, -1.49161, 4.92852, 0.73511, 1.87827, 34.00000, 396906.00000, 35434.00000, 163313.64706, 12794781207.87543, 113114.01862, 0.91102, 0.68893, 0.61936, -0.30829, 0.38235, 0.61765
2.85909, 3.75484, -1.40973, 4.92550, 0.92001, 1.86107, 40.00000, 467793.00000, 47718.00000, 207731.60000, 15170514340.89000, 123168.64187, 0.94766, 0.53830, 0.71466, -0.25296, 0.30000, 0.70000
3.15040, 1.49161, -3.48430, 4.92852, 0.44220, 2.35600, 17.00000, 472822.00000, 54253.00000, 265389.29412, 22444834265.61938, 149816.00137, 0.91102, 2.59457, 1.29147, -2.88604, 0.35294, 0.64706
3.93313, 1.97536, -2.21782, 4.92852, 0.46544, 2.03756, 37.00000, 422618.00000, 57408.00000, 185186.02703, 9406213345.75603, 96985.63474, 0.91102, 1.05443, 0.54989, -0.60432, 0.43243, 0.56757
4.02561, 0.70086, -2.75567, 4.92853, 0.17237, 2.16413, 23.00000, 469120.00000, 46266.00000, 293479.56522, 13752424747.89792, 117270.73270, 0.90081, 1.98030, 0.39414, -1.37444, 0.60870, 0.39130
3.75484, 1.40973, -2.85909, 4.92550, 0.35916, 2.19010, 20.00000, 483006.00000, 55959.00000, 237657.25000, 18815918691.98750, 137171.12922, 0.94766, 1.66465, 0.58922, -1.25387, 0.60000, 0.40000
2.20355, 3.47499, -2.68919, 4.91558, 1.00567, 2.14966, 21.00000, 437572.00000, 58876.00000, 186658.28571, 11237673382.01361, 106007.89302, 1.08598, 0.74373, 1.15838, -0.90211, 0.19048, 0.80952
3.47499, 2.68919, -2.20355, 4.91558, 0.65860, 2.03563, 27.00000, 476013.00000, 41751.00000, 221476.92593, 12793639884.80933, 113108.97349, 1.08598, 0.87972, 0.68510, -0.56481, 0.48148, 0.51852
2.68919, 2.20355, -3.47499, 4.91558, 0.68646, 2.35595, 15.00000, 498428.00000, 94213.00000, 259140.93333, 19476901032.99556, 139559.66836, 1.08598, 1.85065, 1.52573, -2.37638, 0.40000, 0.60000
2.83550, 2.83550, -2.83550, 4.91123, 0.78540, 2.18628, 21.00000, 483503.00000, 38009.00000, 239267.57143, 17271162980.72109, 131419.79676, 1.14286, 1.00000, 1.00000, -1.00000, 0.52381, 0.47619
2.75567, -4.02561, 0.70086, 4.92853, -0.97053, 1.42811, 4.00000, 431934.00000, 114165.00000, 268392.25000, 22757949685.68750, 150857.38194, 0.90081, -6.49176, 9.35336, -1.86160, 1.00000, 0.00000
3.48430, -3.15040, 1.49161, 4.92852, -0.73511, 1.26333, 15.00000, 464959.00000, 43595.00000, 280672.73333, 18330317878.19556, 135389.50431, 0.91102, 1.82322, -1.63909, 0.81587, 0.86667, 0.13333
2.21782, -3.93313, 1.97536, 4.92852, -1.05736, 1.15840, 9.00000, 497005.00000, 74667.00000, 284569.33333, 23266920235.77778, 152534.98037, 0.91102, 6.05607, -10.56672, 5.51065, 0.88889, 0.11111
2.85909, -3.75484, 1.40973, 4.92550, -0.92001, 1.28053, 11.00000, 465080.00000, 101804.00000, 236240.36364, 13009627261.86777, 114059.75303, 0.94766, 7.02665, -9.32863, 3.30198, 0.81818, 0.18182
3.93313, -1.97536, 2.21782, 4.92852, -0.46544, 1.10403, 29.00000, 430167.00000, 39406.00000, 179261.72414, 13770075252.61355, 117345.96394, 0.91102, 0.95092, -0.49591, 0.54500, 0.89655, 0.10345
4.02561, -0.70086, 2.75567, 4.92853, -0.17237, 0.97747, 31.00000, 413896.00000, 30434.00000, 204421.64516, 10513224916.22893, 102534.01834, 0.90081, 0.66888, -0.13313, 0.46424, 0.70968, 0.29032
3.15040, -1.49161, 3.48430, 4.92852, -0.44220, 0.78559, 24.00000, 487980.00000, 79293.00000, 265372.12500, 17036207280.60938, 130522.82283, 0.91102, 0.61936, -0.30829, 0.68893, 0.70833, 0.29167
3.75484, -1.40973, 2.85909, 4.92550, -0.35916, 0.95149, 22.00000, 473693.00000, 78845.00000, 227278.90909, 15132824351.17355, 123015.54516, 0.94766, 0.71466, -0.25296, 0.53830, 0.72727, 0.27273
1.49161, -3.48430, 3.15040, 4.92852, -1.16631, 0.87732, 5.00000, 480764.00000, 190204.00000, 355612.00000, 9903075184.40000, 99514.19589, 0.91102, 1.29147, -2.88604, 2.59457, 0.60000, 0.40000
1.97536, -2.21782, 3.93313, 4.92852, -0.84316, 0.64677, 11.00000, 459214.00000, 128557.00000, 310932.36364, 10466794513.68595, 102307.35318, 0.91102, 0.54989, -0.60432, 1.05443, 0.54545, 0.45455
0.70086, -2.75567, 4.02561, 4.92853, -1.32174, 0.61496, 5.00000, 497583.00000, 229378.00000, 357136.80000, 13498472876.16000, 116182.92851, 0.90081, 0.39414, -1.37444, 1.98030, 0.80000, 0.20000
1.40973, -2.85909, 3.75484, 4.92550, -1.11271, 0.70390, 5.00000, 482028.00000, 175687.00000, 294767.40000, 12584359228.24000, 112180.03043, 0.94766, 0.58922, -1.25387, 1.66465, 1.00000, 0.00000
3.47499, -2.68919, 2.20355, 4.91558, -0.65860, 1.10596, 17.00000, 477652.00000, 61549.00000, 248615.58824, 12105715213.18339, 110025.97517, 1.08598, 1.15838, -0.90211, 0.74373, 0.76471, 0.23529
2.68919, -2.20355, 3.47499, 4.91558, -0.68646, 0.78564, 12.00000, 429348.00000, 63541.00000, 228927.83333, 10518419215.47222, 102559.34485, 1.08598, 0.68510, -0.56481, 0.87972, 0.91667, 0.08333
2.20355, -3.47499, 2.68919, 4.91558, -1.00567, 0.99193, 4.00000, 478814.00000, 351631.00000, 429232.25000, 2235388191.68750, 47279.89204, 1.08598, 1.52573, -2.37638, 1.85065, 0.75000, 0.25000
2.83550, -2.83550, 2.83550, 4.91123, -0.78540, 0.95532, 8.00000, 483163.00000, 80794.00000, 323808.00000, 19317024633.25000, 138985.69938, 1.14286, 1.00000, -1.00000, 1.00000, 0.50000, 0.50000
2.05481, -4.45876, 0.43315, 4.92853, -1.13896, 1.48280, 1.00000, 218422.00000, 218422.00000, 218422.00000, 0.00000, 0.00000, 0.90081, -0.98030, 2.22389, -0.24359, 1.00000, 0.00000
1.50894, -4.37124, 1.70460, 4.92852, -1.23841, 1.21764, 4.00000, 278151.00000, 162626.00000, 207584.00000, 2152974879.50000, 46400.16034, 0.91102, -1.19997, 3.63662, -1.43665, 1.00000, 0.00000
0.72621, -4.85499, 0.43811, 4.92852, -1.42232, 1.48179, 2.00000, 286801.00000, 190363.00000, 238582.00000, 2325071961.00000, 48219.00000, 0.91102, -0.18312, 1.31474, -0.13162, 1.00000, 0.00000
1.44936, -4.62611, 0.87126, 4.92550, -1.26718, 1.39297, 2.00000, 261680.00000, 261612.00000, 261646.00000, 1156.00000, 34.00000, 0.94766, -0.66465, 2.02881, -0.36416, 1.00000, 0.00000
0.78273, -3.92241, 2.87963, 4.92852, -1.37383, 0.94680, 3.00000, 461533.00000, 217366.00000, 304783.33333, 12339740204.22222, 111084.38326, 0.91102, -2.08678, 10.75154, -7.66476, 0.33333, 0.66667
0.00000, -3.18882, 3.75791, 4.92853, -1.57080, 0.70366, 4.00000, 466898.00000, 183783.00000, 289979.25000, 13603150517.18750, 116632.54485, 0.90081, 0.00000, -7.64229, 8.64229, 0.75000, 0.25000
-0.78273, -3.92241, 2.87963, 4.92852, -1.76776, 0.94680, 2.00000, 115481.00000, 75641.00000, 95561.00000, 396806400.00000, 19920.00000, 0.91102, 0.40335, 2.07817, -1.48153, 1.00000, 0.00000
0.00000, -3.73035, 3.21637, 4.92550, -1.57080, 0.85925, 3.00000, 441130.00000, 119169.00000, 260646.00000, 18037253944.66667, 134302.84414, 0.94766, -0.00000, 9.06739, -8.06739, 1.00000, 0.00000
-0.72621, -4.85499, 0.43811, 4.92852, -1.71928, 1.48179, 4.00000, 492418.00000, 188705.00000, 319441.50000, 12289440574.25000, 110857.74927, 0.91102, 0.13403, 0.96230, -0.09634, 1.00000, 0.00000
-1.50894, -4.37124, 1.70460, 4.92852, -1.90319, 1.21764, 1.00000, 384305.00000, 384305.00000, 384305.00000, 0.00000, 0.00000, 0.91102, 0.35294, 1.06961, -0.42255, 0.00000, 1.00000
-2.05481, -4.45876, 0.43315, 4.92853, -2.00263, 1.48280, 1.00000, 228302.00000, 228302.00000, 228302.00000, 0.00000, 0.00000, 0.90081, 0.33112, 0.75116, -0.08228, 1.00000, 0.00000
-1.44936, -4.62611, 0.87126, 4.92550, -1.87441, 1.39297, 2.00000, 352350.00000, 274545.00000, 313447.50000, 1513404506.25000, 38902.50000, 0.94766, 0.28534, 0.87099, -0.15634, 1.00000, 0.00000
0.78579, -4.35121, 2.14766, 4.91558, -1.39213, 1.11864, 2.00000, 467784.00000, 402401.00000, 435092.50000, 1068734172.25000, 32691.50000, 1.08598, -0.52573, 2.99442, -1.46868, 0.00000, 1.00000
-0.78579, -4.35121, 2.14766, 4.91558, -1.74946, 1.11864, 0.00000, 0.00000, 0.00000, 0.00000, 0.00000, 0.00000, 1.08598, 0.25627, 1.45965, -0.71592, 0.00000, 0.00000
0.00000, -4.83686, 0.87622, 4.91558, -1.57080, 1.39159, 0.00000, 0.00000, 0.00000, 0.00000, 0.00000, 0.00000, 1.08598, -0.00000, 1.22879, -0.22879, 0.00000, 0.00000
0.00000, -4.58794, 1.75244, 4.91123, -1.57080, 1.20593, 3.00000, 447389.00000, 311314.00000, 387336.00000, 3213572084.66667, 56688.37698, 1.14286, -0.00000, 1.61803, -0.61803, 1.00000, 0.00000
2.05481, -4.45876, -0.43315, 4.92853, -1.13896, 1.65880, 3.00000, 496160.00000, 269757.00000, 390664.33333, 8661812802.88889, 93068.86054, 0.90081, -0.65917, 1.49537, 0.16379, 1.00000, 0.00000
0.72621, -4.85499, -0.43811, 4.92852, -1.42232, 1.65981, 1.00000, 446143.00000, 446143.00000, 446143.00000, 0.00000, 0.00000, 0.91102, -0.14496, 1.04077, 0.10419, 1.00000, 0.00000
1.50894, -4.37124, -1.70460, 4.92852, -1.23841, 1.92396, 2.00000, 396776.00000, 337162.00000, 366969.00000, 888457249.00000, 29807.00000, 0.91102, -0.30980, 0.93889, 0.37091, 1.00000, 0.00000
1.44936, -4.62611, -0.87126, 4.92550, -1.26718, 1.74862, 3.00000, 415977.00000, 188250.00000, 271790.33333, 10482253294.88889, 102382.87598, 0.94766, -0.38457, 1.17386, 0.21070, 1.00000, 0.00000
-0.72621, -4.85499, -0.43811, 4.92852, -1.71928, 1.65981, 1.00000, 326817.00000, 326817.00000, 326817.00000, 0.00000, 0.00000, 0.91102, 0.11238, 0.80685, 0.08077, 0.00000, 1.00000
-2.05481, -4.45876, -0.43315, 4.92853, -2.00263, 1.65880, 0.00000, 0.00000, 0.00000, 0.00000, 0.00000, 0.00000, 0.90081, 0.28433, 0.64502, 0.07065, 0.00000, 0.00000
-1.50894, -4.37124, -1.70460, 4.92852, -1.90319, 1.92396, 0.00000, 0.00000, 0.00000, 0.00000, 0.00000, 0.00000, 0.91102, 0.19128, 0.57970, 0.22901, 0.00000, 0.00000
-1.44936, -4.62611, -0.87126, 4.92550, -1.87441, 1.74862, 0.00000, 0.00000, 0.00000, 0.00000, 0.00000, 0.00000, 0.94766, 0.21738, 0.66353, 0.11910, 0.00000, 0.00000
0.78273, -3.92241, -2.87963, 4.92852, -1.37383, 2.19479, 0.00000, 0.00000, 0.00000, 0.00000, 0.00000, 0.00000, 0.91102, -0.12779, 0.65841, 0.46938, 0.00000, 0.00000
-0.78273, -3.92241, -2.87963, 4.92852, -1.76776, 2.19479, 1.00000, 466216.00000, 466216.00000, 466216.00000, 0.00000, 0.00000, 0.91102, 0.10178, 0.52439, 0.37383, 1.00000, 0.00000
0.00000, -3.18882, -3.75791, 4.92853, -1.57080, 2.43793, 2.00000, 430075.00000, 408645.00000, 419360.00000, 114811225.00000, 10715.00000, 0.90081, 0.00000, 0.46930, 0.53070, 0.50000, 0.50000
0.00000, -3.73035, -3.21637, 4.92550, -1.57080, 2.28234, 1.00000, 289291.00000, 289291.00000, 289291.00000, 0.00000, 0.00000, 0.94766, -0.00000, 0.52918, 0.47082, 1.00000, 0.00000
0.00000, -4.83686, -0.87622, 4.91558, -1.57080, 1.75001, 3.00000, 451905.00000, 159685.00000, 321759.00000, 14741786658.66667, 121415.75952, 1.08598, -0.00000, 0.84303, 0.15697, 1.00000, 0.00000
-0.78579, -4.35121, -2.14766, 4.91558, -1.74946, 2.02296, 0.00000, 0.00000, 0.00000, 0.00000, 0.00000, 0.00000, 1.08598, 0.10538, 0.60022, 0.29439, 0.00000, 0.00000
0.78579, -4.35121, -2.14766, 4.91558, -1.39213, 2.02296, 2.00000, 454598.00000, 344010.00000, 399304.00000, 3057426436.00000, 55294.00000, 1.08598, -0.13352, 0.76051, 0.37301, 1.00000, 0.00000
0.00000, -4.58794, -1.75244, 4.91123, -1.57080, 1.93566, 4.00000, 416040.00000, 262029.00000, 369658.25000, 3941943091.68750, 62784.89541, 1.14286, -0.00000, 0.72361, 0.27639, 1.00000, 0.00000
2.75567, -4.02561, -0.70086, 4.92853, -0.97053, 1.71348, 6.00000, 400355.00000, 98605.00000, 202980.50000, 10629635827.58333, 103100.12525, 0.90081, -1.37444, 1.98030, 0.39414, 1.00000, 0.00000
2.21782, -3.93313, -1.97536, 4.92852, -1.05736, 1.98319, 5.00000, 489944.00000, 130020.00000, 282820.00000, 15754132660.40000, 125515.46781, 0.91102, -0.60432, 1.05443, 0.54989, 1.00000, 0.00000
3.48430, -3.15040, -1.49161, 4.92852, -0.73511, 1.87827, 15.00000, 418121.00000, 78331.00000, 252452.13333, 11565505053.71556, 107543.03815, 0.91102, -2.88604, 2.59457, 1.29147, 0.93333, 0.06667
2.85909, -3.75484, -1.40973, 4.92550, -0.92001, 1.86107, 3.00000, 256310.00000, 153033.00000, 219427.00000, 2213139348.66667, 47044.01501, 0.94766, -1.25387, 1.66465, 0.58922, 1.00000, 0.00000
1.49161, -3.48430, -3.15040, 4.92852, -1.16631, 2.26428, 1.00000, 480641.00000, 480641.00000, 480641.00000, 0.00000, 0.00000, 0.91102, -0.30829, 0.68893, 0.61936, 0.00000, 1.00000
0.70086, -2.75567, -4.02561, 4.92853, -1.32174, 2.52663, 3.00000, 481549.00000, 228774.00000, 374054.00000, 11363053216.66667, 106597.62294, 0.90081, -0.13313, 0.46424, 0.66888, 0.33333, 0.66667
1.97536, -2.21782, -3.93313, 4.92852, -0.84316, 2.49482, 4.00000, 484895.00000, 172037.00000, 356732.50000, 13525171524.75000, 116297.77094, 0.91102, -0.49591, 0.54500, 0.95092, 0.75000, 0.25000
1.40973, -2.85909, -3.75484, 4.92550, -1.11271, 2.43770, 2.00000, 391494.00000, 179849.00000, 285671.50000, 11198401506.25000, 105822.50000, 0.94766, -0.25296, 0.53830, 0.71466, 0.50000, 0.50000
3.93313, -1.97536, -2.21782, 4.92852, -0.46544, 2.03756, 13.00000, 436126.00000, 98838.00000, 229281.15385, 16656159920.43787, 129058.74601, 0.91102, -10.56672, 5.51065, 6.05607, 0.92308, 0.07692
3.15040, -1.49161, -3.48430, 4.92852, -0.44220, 2.35600, 18.00000, 447907.00000, 80242.00000, 238068.77778, 11616435137.17284, 107779.56735, 0.91102, -1.63909, 0.81587, 1.82322, 0.83333, 0.16667
4.02561, -0.70086, -2.75567, 4.92853, -0.17237, 2.16413, 14.00000, 379948.00000, 101637.00000, 220399.50000, 5825940418.82143, 76327.84825, 0.90081, 9.35336, -1.86160, -6.49176, 0.78571, 0.21429
3.75484, -1.40973, -2.85909, 4.92550, -0.35916, 2.19010, 10.00000, 482715.00000, 121997.00000, 290509.10000, 12737281775.69000, 112859.56661, 0.94766, -9.32863, 3.30198, 7.02665, 0.70000, 0.30000
2.20355, -3.47499, -2.68919, 4.91558, -1.00567, 2.14966, 7.00000, 409769.00000, 110077.00000, 264395.85714, 11129276532.12245, 105495.38631, 1.08598, -0.56481, 0.87972, 0.68510, 1.00000, 0.00000
2.68919, -2.20355, -3.47499, 4.91558, -0.68646, 2.35595, 8.00000, 494230.00000, 163798.00000, 312373.50000, 13988316888.50000, 118272.21520, 1.08598, -0.90211, 0.74373, 1.15838, 0.75000, 0.25000
3.47499, -2.68919, -2.20355, 4.91558, -0.65860, 2.03563, 7.00000, 317852.00000, 123356.00000, 199367.14286, 5798572566.40816, 76148.35892, 1.08598, -2.37638, 1.85065, 1.52573, 1.00000, 0.00000
2.83550, -2.83550, -2.83550, 4.91123, -0.78540, 2.18628, 2.00000, 423081.00000, 124307.00000, 273694.00000, 22316475769.00000, 149387.00000, 1.14286, -1.00000, 1.00000, 1.00000, 1.00000, 0.00000
3.18882, -3.75791, 0.00000, 4.92853, -0.86714, 1.57080, 14.00000, 432388.00000, 102112.00000, 221096.42857, 8763092046.95918, 93611.38845, 0.90081, -7.64229, 8.64229, -0.00000, 0.78571, 0.21429
3.92241, -2.87963, -0.78273, 4.92852, -0.63328, 1.73029, 20.00000, 346612.00000, 66849.00000, 218688.50000, 6731060994.25000, 82043.04355, 0.91102, 10.75154, -7.66476, -2.08678, 0.95000, 0.05000
3.92241, -2.87963, 0.78273, 4.92852, -0.63328, 1.41130, 28.00000, 470584.00000, 51801.00000, 236604.75000, 19403278694.25893, 139295.65210, 0.91102, 2.07817, -1.48153, 0.40335, 0.82143, 0.17857
3.73035, -3.21637, 0.00000, 4.92550, -0.71154, 1.57080, 7.00000, 486595.00000, 60314.00000, 192267.42857, 20018442969.95919, 141486.54696, 0.94766, 9.06739, -8.06739, 0.00000, 0.85714, 0.14286
4.37124, -1.70460, -1.50894, 4.92852, -0.37182, 1.88196, 21.00000, 490575.00000, 51545.00000, 240472.14286, 15847877427.17007, 125888.35302, 0.91102, 3.63662, -1.43665, -1.19997, 0.71429, 0.28571
4.45876, -0.43315, -2.05481, 4.92853, -0.09684, 2.00085, 19.00000, 486750.00000, 48652.00000, 202186.00000, 12133910954.94737, 110154.03286, 0.90081, 2.22389, -0.24359, -0.98030, 0.68421, 0.31579
4.85499, -0.43811, -0.72621, 4.92852, -0.09000, 1.71868, 44.00000, 497261.00000, 40063.00000, 185787.11364, 16672995694.87345, 129123.95477, 0.91102, 1.31474, -0.13162, -0.18312, 0.81818, 0.18182
4.62611, -0.87126, -1.44936, 4.92550, -0.18616, 1.86947, 15.00000, 431266.00000, 80956.00000, 181277.53333, 8956010065.18222, 94636.19849, 0.94766, 2.02881, -0.36416, -0.66465, 0.86667, 0.13333
4.37124, -1.70460, 1.50894, 4.92852, -0.37182, 1.25963, 33.00000, 498584.00000, 40256.00000, 206295.36364, 15860757737.32231, 125939.50031, 0.91102, 1.06961, -0.42255, 0.35294, 0.87879, 0.12121
4.85499, -0.43811, 0.72621, 4.92852, -0.09000, 1.42291, 53.00000, 476410.00000, 53903.00000, 172687.92453, 11412231835.01317, 106828.04798, 0.91102, 0.96230, -0.09634, 0.13403, 0.75472, 0.24528
4.45876, -0.43315, 2.05481, 4.92853, -0.09684, 1.14074, 53.00000, 496094.00000, 32823.00000, 206281.45283, 13932733517.22890, 118037.00063, 0.90081, 0.75116, -0.08228, 0.33112, 0.81132, 0.18868
4.62611, -0.87126, 1.44936, 4.92550, -0.18616, 1.27212, 41.00000, 491270.00000, 25678.00000, 184109.19512, 16356004343.03510, 127890.59521, 0.94766, 0.87099, -0.15634, 0.28534, 0.78049, 0.21951
4.35121, -2.14766, -0.78579, 4.91558, -0.45850, 1.73134, 20.00000, 495960.00000, 49807.00000, 225217.55000, 15573940596.74750, 124795.59526, 1.08598, 2.99442, -1.46868, -0.52573, 0.90000, 0.10000
4.83686, -0.87622, 0.00000, 4.91558, -0.17921, 1.57080, 34.00000, 413975.00000, 33641.00000, 175211.79412, 14456164433.16350, 120233.79073, 1.08598, 1.22879, -0.22879, 0.00000, 0.82353, 0.17647
4.35121, -2.14766, 0.78579, 4.91558, -0.45850, 1.41025, 13.00000, 475221.00000, 59100.00000, 206570.07692, 12413473852.53255, 111415.77021, 1.08598, 1.45965, -0.71592, 0.25627, 0.84615, 0.15385
4.58794, -1.75244, 0.00000, 4.91123, -0.36486, 1.57080, 34.00000, 489796.00000, 63018.00000, 217233.91176, 11916049383.78633, 109160.65859, 1.14286, 1.61803, -0.61803, 0.00000, 0.76471, 0.23529
0.43315, -2.05481, 4.45876, 4.92853, -1.36304, 0.44016, 3.00000, 457725.00000, 107222.00000, 336134.33333, 26234362236.22222, 161970.25108, 0.90081, 0.16379, -0.65917, 1.49537, 1.00000, 0.00000
1.70460, -1.50894, 4.37124, 4.92852, -0.72459, 0.48015, 15.00000, 452535.00000, 116409.00000, 280425.40000, 7550156696.90667, 86891.63767, 0.91102, 0.37091, -0.30980, 0.93889, 0.60000, 0.40000
0.43811, -0.72621, 4.85499, 4.92852, -1.02797, 0.17295, 13.00000, 443883.00000, 94593.00000, 256072.69231, 12612441051.75148, 112305.12478, 0.91102, 0.10419, -0.14496, 1.04077, 0.53846, 0.46154
0.87126, -1.44936, 4.62611, 4.92550, -1.02954, 0.35046, 14.00000, 484703.00000, 116413.00000, 286541.71429, 13168887181.77551, 114755.77189, 0.94766, 0.21070, -0.38457, 1.17386, 0.85714, 0.14286
2.87963, -0.78273, 3.92241, 4.92852, -0.26540, 0.65037, 20.00000, 464979.00000, 66574.00000, 247890.90000, 16609930472.09000, 128879.51921, 0.91102, 0.46938, -0.12779, 0.65841, 0.55000, 0.45000
3.75791, 0.00000, 3.18882, 4.92853, 0.00000, 0.86714, 33.00000, 494808.00000, 49137.00000, 242125.57576, 20534273315.75941, 143297.84826, 0.90081, 0.53070, -0.00000, 0.46930, 0.72727, 0.27273
2.87963, 0.78273, 3.92241, 4.92852, 0.26540, 0.65037, 40.00000, 483751.00000, 52056.00000, 217098.92500, 14833730158.21938, 121793.80181, 0.91102, 0.37383, 0.10178, 0.52439, 0.62500, 0.37500
3.21637, 0.00000, 3.73035, 4.92550, 0.00000, 0.71154, 28.00000, 446992.00000, 57737.00000, 204718.67857, 11904559211.71811, 109108.01626, 0.94766, 0.47082, -0.00000, 0.52918, 0.46429, 0.53571
0.43811, 0.72621, 4.85499, 4.92852, 1.02797, 0.17295, 16.00000, 468500.00000, 106694.00000, 247324.00000, 15882053429.75000, 126024.01926, 0.91102, 0.08077, 0.11238, 0.80685, 0.37500, 0.62500
1.70460, 1.50894, 4.37124, 4.92852, 0.72459, 0.48015, 24.00000, 444493.00000, 83710.00000, 254943.83333, 12241291006.22222, 110640.36789, 0.91102, 0.22901, 0.19128, 0.57970, 0.54167, 0.45833
0.43315, 2.05481, 4.45876, 4.92853, 1.36304, 0.44016, 21.00000, 490383.00000, 39389.00000, 257565.47619, 22086341790.82086, 148614.74284, 0.90081, 0.07065, 0.28433, 0.64502, 0.38095, 0.61905
0.87126, 1.44936, 4.62611, 4.92550, 1.02954, 0.35046, 15.00000, 401619.00000, 136882.00000, 236291.73333, 6318156462.32889, 79486.83201, 0.94766, 0.11910, 0.21738, 0.66353, 0.33333, 0.66667
2.14766, -0.78579, 4.35121, 4.91558, -0.35075, 0.48390, 12.00000, 435625.00000, 58433.00000, 219730.58333, 14537336192.90972, 120570.87622, 1.08598, 0.37301, -0.13352, 0.76051, 0.58333, 0.41667
2.14766, 0.78579, 4.35121, 4.91558, 0.35075, 0.48390, 24.00000, 444260.00000, 73251.00000, 207642.37500, 10025279207.31771, 100126.31626, 1.08598, 0.29439, 0.10538, 0.60022, 0.62500, 0.37500
0.87622, 0.00000, 4.83686, 4.91558, 0.00000, 0.17921, 12.00000, 444552.00000, 178675.00000, 264775.33333, 7455427608.72222, 86344.81808, 1.08598, 0.15697, -0.00000, 0.84303, 0.50000, 0.50000
1.75244, 0.00000, 4.58794, 4.91123, 0.00000, 0.36486, 20.00000, 494600.00000, 70967.00000, 253179.95000, 12479221663.74750, 111710.43668, 1.14286, 0.27639, 0.00000, 0.72361, 0.45000, 0.55000
-2.75567, -4.02561, 0.70086, 4.92853, -2.17107, 1.42811, 1.00000, 360581.00000, 360581.00000, 360581.00000, 0.00000, 0.00000, 0.90081, 0.46424, 0.66888, -0.13313, 1.00000, 0.00000
-2.21782, -3.93313, 1.97536, 4.92852, -2.08423, 1.15840, 0.00000, 0.00000, 0.00000, 0.00000, 0.00000, 0.00000, 0.91102, 0.54500, 0.95092, -0.49591, 0.00000, 0.00000
-3.48430, -3.15040, 1.49161, 4.92852, -2.40648, 1.26333, 0.00000, 0.00000, 0.00000, 0.00000, 0.00000, 0.00000, 0.91102, 0.68893, 0.61936, -0.30829, 0.00000, 0.00000
-2.85909, -3.75484, 1.40973, 4.92550, -2.22158, 1.28053, 2.00000, 436880.00000, 377120.00000, 407000.00000, 892814400.00000, 29880.00000, 0.94766, 0.53830, 0.71466, -0.25296, 0.50000, 0.50000
-1.49161, -3.48430, 3.15040, 4.92852, -1.97528, 0.87732, 0.00000, 0.00000, 0.00000, 0.00000, 0.00000, 0.00000, 0.91102, 0.81587, 1.82322, -1.63909, 0.00000, 0.00000
-0.70086, -2.75567, 4.02561, 4.92853, -1.81985, 0.61496, 1.00000, 298297.00000, 298297.00000, 298297.00000, 0.00000, 0.00000, 0.90081, -1.86160, -6.49176, 9.35336, 1.00000, 0.00000
-1.97536, -2.21782, 3.93313, 4.92852, -2.29844, 0.64677, 1.00000, 138676.00000, 138676.00000, 138676.00000, 0.00000, 0.00000, 0.91102, 5.51065, 6.05607, -10.56672, 1.00000, 0.00000
-1.40973, -2.85909, 3.75484, 4.92550, -2.02888, 0.70390, 1.00000, 238503.00000, 238503.00000, 238503.00000, 0.00000, 0.00000, 0.94766, 3.30198, 7.02665, -9.32863, 0.00000, 1.00000
-3.93313, -1.97536, 2.21782, 4.92852, -2.67616, 1.10403, 1.00000, 496528.00000, 496528.00000, 496528.00000, 0.00000, 0.00000, 0.91102, 1.05443, 0.54989, -0.60432, 0.00000, 1.00000
-3.15040, -1.49161, 3.48430, 4.92852, -2.69940, 0.78559, 0.00000, 0.00000, 0.00000, 0.00000, 0.00000, 0.00000, 0.91102, 2.59457, 1.29147, -2.88604, 0.00000, 0.00000
-4.02561, -0.70086, 2.75567, 4.92853, -2.96922, 0.97747, 0.00000, 0.00000, 0.00000, 0.00000, 0.00000, 0.00000, 0.90081, 1.98030, 0.39414, -1.37444, 0.00000, 0.00000
-3.75484, -1.40973, 2.85909, 4.92550, -2.78243, 0.95149, 1.00000, 455708.00000, 455708.00000, 455708.00000, 0.00000, 0.00000, 0.94766, 1.66465, 0.58922, -1.25387, 0.00000, 1.00000
-2.20355, -3.47499, 2.68919, 4.91558, -2.13592, 0.99193, 0.00000, 0.00000, 0.00000, 0.00000, 0.00000, 0.00000, 1.08598, 0.74373, 1.15838, -0.90211, 0.00000, 0.00000
-2.68919, -2.20355, 3.47499, 4.91558, -2.45513, 0.78564, 1.00000, 307070.00000, 307070.00000, 307070.00000, 0.00000, 0.00000, 1.08598, 1.85065, 1.52573, -2.37638, 1.00000, 0.00000
-3.47499, -2.68919, 2.20355, 4.91558, -2.48299, 1.10596, 1.00000, 260295.00000, 260295.00000, 260295.00000, 0.00000, 0.00000, 1.08598, 0.87972, 0.68510, -0.56481, 1.00000, 0.00000
-2.83550, -2.83550, 2.83550, 4.91123, -2.35619, 0.95532, 0.00000, 0.00000, 0.00000, 0.00000, 0.00000, 0.00000, 1.14286, 1.00000, 1.00000, -1.00000, 0.00000, 0.00000
-0.70086, -2.75567, -4.02561, 4.92853, -1.81985, 2.52663, 1.00000, 372997.00000, 372997.00000, 372997.00000, 0.00000, 0.00000, 0.90081, 0.10514, 0.36663, 0.52824, 1.00000, 0.00000
-1.49161, -3.48430, -3.15040, 4.92852, -1.97528, 2.26428, 1.00000, 311265.00000, 311265.00000, 311265.00000, 0.00000, 0.00000, 0.91102, 0.19070, 0.42617, 0.38313, 1.00000, 0.00000
-1.97536, -2.21782, -3.93313, 4.92852, -2.29844, 2.49482, 0.00000, 0.00000, 0.00000, 0.00000, 0.00000, 0.00000, 0.91102, 0.24897, 0.27362, 0.47741, 0.00000, 0.00000
-1.40973, -2.85909, -3.75484, 4.92550, -2.02888, 2.43770, 0.00000, 0.00000, 0.00000, 0.00000, 0.00000, 0.00000, 0.94766, 0.16798, 0.35746, 0.47456, 0.00000, 0.00000
-2.21782, -3.93313, -1.97536, 4.92852, -2.08423, 1.98319, 1.00000, 476940.00000, 476940.00000, 476940.00000, 0.00000, 0.00000, 0.91102, 0.27362, 0.47741, 0.24897, 1.00000, 0.00000
-2.75567, -4.02561, -0.70086, 4.92853, -2.17107, 1.71348, 0.00000, 0.00000, 0.00000, 0.00000, 0.00000, 0.00000, 0.90081, 0.36663, 0.52824, 0.10514, 0.00000, 0.00000
-3.48430, -3.15040, -1.49161, 4.92852, -2.40648, 1.87827, 0.00000, 0.00000, 0.00000, 0.00000, 0.00000, 0.00000, 0.91102, 0.42617, 0.38313, 0.19070, 0.00000, 0.00000
-2.85909, -3.75484, -1.40973, 4.92550, -2.22158, 1.86107, 0.00000, 0.00000, 0.00000, 0.00000, 0.00000, 0.00000, 0.94766, 0.35746, 0.47456, 0.16798, 0.00000, 0.00000
-3.15040, -1.49161, -3.48430, 4.92852, -2.69940, 2.35600, 0.00000, 0.00000, 0.00000, 0.00000, 0.00000, 0.00000, 0.91102, 0.38313, 0.19070, 0.42617, 0.00000, 0.00000
-3.93313, -1.97536, -2.21782, 4.92852, -2.67616, 2.03756, 0.00000, 0.00000, 0.00000, 0.00000, 0.00000, 0.00000, 0.91102, 0.47741, 0.24897, 0.27362, 0.00000, 0.00000
-4.02561, -0.70086, -2.75567, 4.92853, -2.96922, 2.16413, 0.00000, 0.00000, 0.00000, 0.00000, 0.00000, 0.00000, 0.90081, 0.52824, 0.10514, 0.36663, 0.00000, 0.00000
-3.75484, -1.40973, -2.85909, 4.92550, -2.78243, 2.19010, 0.00000, 0.00000, 0.00000, 0.00000, 0.00000, 0.00000, 0.94766, 0.47456, 0.16798, 0.35746, 0.00000, 0.00000
-2.20355, -3.47499, -2.68919, 4.91558, -2.13592, 2.14966, 0.00000, 0.00000, 0.00000, 0.00000, 0.00000, 0.00000, 1.08598, 0.26522, 0.41309, 0.32170, 0.00000, 0.00000
-3.47499, -2.68919, -2.20355, 4.91558, -2.48299, 2.03563, 0.00000, 0.00000, 0.00000, 0.00000, 0.00000, 0.00000, 1.08598, 0.41309, 0.32170, 0.26522, 0.00000, 0.00000
-2.68919, -2.20355, -3.47499, 4.91558, -2.45513, 2.35595, 1.00000, 276234.00000, 276234.00000, 276234.00000, 0.00000, 0.00000, 1.08598, 0.32170, 0.26522, 0.41309, 0.00000, 1.00000
-2.83550, -2.83550, -2.83550, 4.91123, -2.35619, 2.18628, 0.00000, 0.00000, 0.00000, 0.00000, 0.00000, 0.00000, 1.14286, 0.33333, 0.33333, 0.33333, 0.00000, 0.00000
3.75791, 0.00000, -3.18882, 4.92853, 0.00000, 2.27446, 14.00000, 496892.00000, 164483.00000, 281021.00000, 11053111181.42857, 105133.77755, 0.90081, 8.64229, 0.00000, -7.64229, 0.71429, 0.28571
2.87963, -0.78273, -3.92241, 4.92852, -0.26540, 2.49122, 5.00000, 446039.00000, 107555.00000, 268377.40000, 13417350264.64000, 115833.28651, 0.91102, -1.48153, 0.40335, 2.07817, 0.60000, 0.40000
2.87963, 0.78273, -3.92241, 4.92852, 0.26540, 2.49122, 7.00000, 494586.00000, 121632.00000, 289554.42857, 19666345384.81632, 140236.74763, 0.91102, -7.66476, -2.08678, 10.75154, 0.57143, 0.42857
3.21637, 0.00000, -3.73035, 4.92550, 0.00000, 2.43005, 10.00000, 461581.00000, 132913.00000, 307317.80000, 11281014504.16000, 106212.12033, 0.94766, -8.06739, -0.00000, 9.06739, 0.60000, 0.40000
1.70460, -1.50894, -4.37124, 4.92852, -0.72459, 2.66145, 4.00000, 409551.00000, 212625.00000, 292259.25000, 5618149836.18750, 74954.31833, 0.91102, -0.42255, 0.35294, 1.06961, 0.25000, 0.75000
0.43315, -2.05481, -4.45876, 4.92853, -1.36304, 2.70143, 2.00000, 341568.00000, 267335.00000, 304451.50000, 1377634572.25000, 37116.50000, 0.90081, -0.08228, 0.33112, 0.75116, 0.50000, 0.50000
0.43811, -0.72621, -4.85499, 4.92852, -1.02797, 2.96865, 3.00000, 491550.00000, 338616.00000, 392172.00000, 4947962568.00000, 70341.75551, 0.91102, -0.09634, 0.13403, 0.96230, 0.66667, 0.33333
0.87126, -1.44936, -4.62611, 4.92550, -1.02954, 2.79113, 3.00000, 401430.00000, 149553.00000, 306222.66667, 12462479730.88889, 111635.47703, 0.94766, -0.15634, 0.28534, 0.87099, 0.66667, 0.33333
1.70460, 1.50894, -4.37124, 4.92852, 0.72459, 2.66145, 5.00000, 473502.00000, 200992.00000, 314004.20000, 14500379791.36000, 120417.52278, 0.91102, -1.43665, -1.19997, 3.63662, 0.20000, 0.80000
0.43811, 0.72621, -4.85499, 4.92852, 1.02797, 2.96865, 6.00000, 264853.00000, 174766.00000, 209677.50000, 985601106.25000, 31394.28461, 0.91102, -0.13162, -0.18312, 1.31474, 0.33333, 0.66667
0.43315, 2.05481, -4.45876, 4.92853, 1.36304, 2.70143, 4.00000, 367893.00000, 164427.00000, 276977.00000, 6724218421.50000, 82001.33183, 0.90081, -0.24359, -0.98030, 2.22389, 0.25000, 0.75000
0.87126, 1.44936, -4.62611, 4.92550, 1.02954, 2.79113, 4.00000, 308454.00000, 247196.00000, 269726.00000, 548155634.00000, 23412.72376, 0.94766, -0.36416, -0.66465, 2.02881, 0.50000, 0.50000
2.14766, -0.78579, -4.35121, 4.91558, -0.35075, 2.65769, 3.00000, 389913.00000, 98171.00000, 269119.00000, 15443277618.66667, 124270.98462, 1.08598, -0.71592, 0.25627, 1.45965, 1.00000, 0.00000
0.87622, 0.00000, -4.83686, 4.91558, 0.00000, 2.96238, 3.00000, 482731.00000, 134319.00000, 329468.66667, 21109094637.55556, 145289.69212, 1.08598, -0.22879, -0.00000, 1.22879, 0.66667, 0.33333
2.14766, 0.78579, -4.35121, 4.91558, 0.35075, 2.65769, 5.00000, 359423.00000, 172837.00000, 247068.40000, 4402896694.24000, 66354.32687, 1.08598, -1.46868, -0.52573, 2.99442, 0.40000, 0.60000
1.75244, 0.00000, -4.58794, 4.91123, 0.00000, 2.77673, 6.00000, 497041.00000, 197090.00000, 372756.83333, 11645100861.13889, 107912.46852, 1.14286, -0.61803, -0.00000, 1.61803, 1.00000, 0.00000
4.45876, 0.43315, 2.05481, 4.92853, 0.09684, 1.14074, 60.00000, 470467.00000, 29821.00000, 195255.80000, 15189956345.59333, 123247.54093, 0.90081, 0.64502, 0.07065, 0.28433, 0.75000, 0.25000
4.85499, 0.43811, 0.72621, 4.92852, 0.09000, 1.42291, 56.00000, 487890.00000, 48220.00000, 181321.91071, 14113318782.72417, 118799.48983, 0.91102, 0.80685, 0.08077, 0.11238, 0.60714, 0.39286
4.37124, 1.70460, 1.50894, 4.92852, 0.37182, 1.25963, 76.00000, 495306.00000, 27623.00000, 168284.05263, 10481569153.99723, 102379.53484, 0.91102, 0.57970, 0.22901, 0.19128, 0.50000, 0.50000
4.62611, 0.87126, 1.44936, 4.92550, 0.18616, 1.27212, 54.00000, 464242.00000, 25866.00000, 167827.38889, 12648907077.83025, 112467.36006, 0.94766, 0.66353, 0.11910, 0.21738, 0.59259, 0.40741
4.85499, 0.43811, -0.72621, 4.92852, 0.09000, 1.71868, 45.00000, 493581.00000, 41208.00000, 199379.66667, 18763996929.11111, 136981.73940, 0.91102, 1.04077, 0.10419, -0.14496, 0.75556, 0.24444
4.45876, 0.43315, -2.05481, 4.92853, 0.09684, 2.00085, 24.00000, 493699.00000, 65759.00000, 266945.95833, 18277213286.37326, 135193.24423, 0.90081, 1.49537, 0.16379, -0.65917, 0.75000, 0.25000
4.37124, 1.70460, -1.50894, 4.92852, 0.37182, 1.88196, 54.00000, 475290.00000, 45608.00000, 214693.77778, 11765611948.20988, 108469.40559, 0.91102, 0.93889, 0.37091, -0.30980, 0.59259, 0.40741
4.62611, 0.87126, -1.44936, 4.92550, 0.18616, 1.86947, 27.00000, 426283.00000, 68169.00000, 229674.70370, 12432355759.98628, 111500.47426, 0.94766, 1.17386, 0.21070, -0.38457, 0.48148, 0.51852
3.92241, 2.87963, 0.78273, 4.92852, 0.63328, 1.41130, 81.00000, 475392.00000, 18642.00000, 163256.93827, 11243463190.74928, 106035.19789, 0.91102, 0.52439, 0.37383, 0.10178, 0.37037, 0.62963
3.92241, 2.87963, -0.78273, 4.92852, 0.63328, 1.73029, 51.00000, 444357.00000, 31728.00000, 169918.41176, 11529825332.00692, 107377.02423, 0.91102, 0.65841, 0.46938, -0.12779, 0.31373, 0.68627
3.18882, 3.75791, 0.00000, 4.92853, 0.86714, 1.57080, 69.00000, 489652.00000, 27432.00000, 168632.00000, 15319575906.81159, 123772.27439, 0.90081, 0.46930, 0.53070, 0.00000, 0.21739, 0.78261
3.73035, 3.21637, 0.00000, 4.92550, 0.71154, 1.57080, 58.00000, 431462.00000, 27092.00000, 188725.65517, 13815127874.63972, 117537.77212, 0.94766, 0.52918, 0.47082, 0.00000, 0.20690, 0.79310
4.83686, 0.87622, 0.00000, 4.91558, 0.17921, 1.57080, 68.00000, 486620.00000, 24447.00000, 181766.92647, 14320782729.09753, 119669.47284, 1.08598, 0.84303, 0.15697, 0.00000, 0.76471, 0.23529
4.35121, 2.14766, -0.78579, 4.91558, 0.45850, 1.73134, 39.00000, 475193.00000, 48313.00000, 177735.35897, 10926604527.46088, 104530.40002, 1.08598, 0.76051, 0.37301, -0.13352, 0.41026, 0.58974
4.35121, 2.14766, 0.78579, 4.91558, 0.45850, 1.41025, 66.00000, 481455.00000, 25932.00000, 178003.42424, 15106726949.15335, 122909.42579, 1.08598, 0.60022, 0.29439, 0.10538, 0.51515, 0.48485
4.58794, 1.75244, 0.00000, 4.91123, 0.36486, 1.57080, 66.00000, 456597.00000, 39317.00000, 190154.98485, 13514375689.49977, 116251.34704, 1.14286, 0.72361, 0.27639, -0.00000, 0.31818, 0.68182
