-2.75567, 4.02561, 0.70086, 4.92853, 2.17107, 1.42811, 6.00000, 458180.00000, 138075.00000, 239879.16667, 10434015009.13889, 102147.02643, 0.90081, -1.37444, 1.98030, 0.39414, 0.33333, 0.66667
-3.48430, 3.15040, 1.49161, 4.92852, 2.40648, 1.26333, 12.00000, 377584.00000, 92428.00000, 227655.33333, 9349389057.22222, 96692.23887, 0.91102, -2.88604, 2.59457, 1.29147, 0.58333, 0.41667
-2.21782, 3.93313, 1.97536, 4.92852, 2.08423, 1.15840, 5.00000, 367315.00000, 198200.00000, 267133.00000, 3309257531.60000, 57526.14650, 0.91102, -0.60432, 1.05443, 0.54989, 0.40000, 0.60000
-2.85909, 3.75484, 1.40973, 4.92550, 2.22158, 1.28053, 5.00000, 439327.00000, 159104.00000, 255652.40000, 10249043885.04000, 101237.56163, 0.94766, -1.25387, 1.66465, 0.58922, 0.20000, 0.80000
-3.93313, 1.97536, 2.21782, 4.92852, 2.67616, 1.10403, 13.00000, 449112.00000, 50108.00000, 254078.15385, 14838257343.51479, 121812.38584, 0.91102, -10.56672, 5.51065, 6.05607, 0.92308, 0.07692
-4.02561, 0.70086, 2.75567, 4.92853, 2.96922, 0.97747, 17.00000, 487467.00000, 30612.00000, 216717.88235, 23371004163.16263, 152875.78017, 0.90081, 9.35336, -1.86160, -6.49176, 0.94118, 0.05882
-3.15040, 1.49161, 3.48430, 4.92852, 2.69940, 0.78559, 8.00000, 456699.00000, 58958.00000, 196716.62500, 19139399711.73438, 138345.21933, 0.91102, -1.63909, 0.81587, 1.82322, 0.75000, 0.25000
-3.75484, 1.40973, 2.85909, 4.92550, 2.78243, 0.95149, 10.00000, 422142.00000, 50201.00000, 208117.80000, 16679147054.96000, 129147.77216, 0.94766, -9.32863, 3.30198, 7.02665, 0.80000, 0.20000
-1.49161, 3.48430, 3.15040, 4.92852, 1.97528, 0.87732, 6.00000, 393541.00000, 172827.00000, 277981.33333, 5915524930.88889, 76912.44978, 0.91102, -0.30829, 0.68893, 0.61936, 0.16667, 0.83333
-1.97536, 2.21782, 3.93313, 4.92852, 2.29844, 0.64677, 9.00000, 454875.00000, 142895.00000, 266404.11111, 8188533631.43210, 90490.51680, 0.91102, -0.49591, 0.54500, 0.95092, 0.77778, 0.22222
-0.70086, 2.75567, 4.02561, 4.92853, 1.81985, 0.61496, 5.00000, 453445.00000, 189590.00000, 327069.80000, 9412949802.16000, 97020.35767, 0.90081, -0.13313, 0.46424, 0.66888, 0.60000, 0.40000
-1.40973, 2.85909, 3.75484, 4.92550, 2.02888, 0.70390, 6.00000, 496046.00000, 90107.00000, 303013.16667, 21474796598.47223, 146542.81490, 0.94766, -0.25296, 0.53830, 0.71466, 0.66667, 0.33333
-3.47499, 2.68919, 2.20355, 4.91558, 2.48299, 1.10596, 4.00000, 460458.00000, 177560.00000, 293974.75000, 14770077039.68750, 121532.20577, 1.08598, -2.37638, 1.85065, 1.52573, 1.00000, 0.00000
-2.68919, 2.20355, 3.47499, 4.91558, 2.45513, 0.78564, 3.00000, 243879.00000, 46475.00000, 155963.00000, 6727398794.66667, 82020.72174, 1.08598, -0.90211, 0.74373, 1.15838, 1.00000, 0.00000
-2.20355, 3.47499, 2.68919, 4.91558, 2.13592, 0.99193, 10.00000, 463875.00000, 109800.00000, 288812.30000, 11498653642.01000, 107231.77534, 1.08598, -0.56481, 0.87972, 0.68510, 0.30000, 0.70000
-2.83550, 2.83550, 2.83550, 4.91123, 2.35619, 0.95532, 4.00000, 267495.00000, 139998.00000, 204201.25000, 3649866504.18750, 60414.12504, 1.14286, -1.00000, 1.00000, 1.00000, 0.75000, 0.25000
-2.05481, 4.45876, 0.43315, 4.92853, 2.00263, 1.48280, 9.00000, 464773.00000, 51077.00000, 232589.77778, 14293120635.95062, 119553.83990, 0.90081, -0.65917, 1.49537, 0.16379, 0.11111, 0.88889
-1.50894, 4.37124, 1.70460, 4.92852, 1.90319, 1.21764, 7.00000, 495090.00000, 104197.00000, 231082.00000, 17783347334.57143, 133354.21754, 0.91102, -0.30980, 0.93889, 0.37091, 0.00000, 1.00000
-0.72621, 4.85499, 0.43811, 4.92852, 1.71928, 1.48179, 24.00000, 478455.00000, 74016.00000, 284102.91667, 18946636004.82639, 137646.77986, 0.91102, -0.14496, 1.04077, 0.10419, 0.08333, 0.91667
-1.44936, 4.62611, 0.87126, 4.92550, 1.87441, 1.39297, 12.00000, 459739.00000, 48150.00000, 230830.50000, 14512774351.08333, 120468.97672, 0.94766, -0.38457, 1.17386, 0.21070, 0.00000, 1.00000
-0.78273, 3.92241, 2.87963, 4.92852, 1.76776, 0.94680, 8.00000, 496160.00000, 80732.00000, 270405.00000, 22679070572.25000, 150595.71897, 0.91102, -0.12779, 0.65841, 0.46938, 0.00000, 1.00000
0.00000, 3.18882, 3.75791, 4.92853, 1.57080, 0.70366, 6.00000, 272546.00000, 201946.00000, 236389.00000, 731550622.33333, 27047.19250, 0.90081, -0.00000, 0.46930, 0.53070, 0.16667, 0.83333
0.78273, 3.92241, 2.87963, 4.92852, 1.37383, 0.94680, 10.00000, 492251.00000, 46369.00000, 305479.30000, 24823858578.41000, 157555.89033, 0.91102, 0.10178, 0.52439, 0.37383, 0.10000, 0.90000
0.00000, 3.73035, 3.21637, 4.92550, 1.57080, 0.85925, 5.00000, 446232.00000, 109303.00000, 289208.60000, 20770429809.44000, 144119.49837, 0.94766, -0.00000, 0.52918, 0.47082, 0.20000, 0.80000
0.72621, 4.85499, 0.43811, 4.92852, 1.42232, 1.48179, 30.00000, 392884.00000, 55273.00000, 171594.66667, 9714672465.95555, 98563.03803, 0.91102, 0.11238, 0.80685, 0.08077, 0.03333, 0.96667
1.50894, 4.37124, 1.70460, 4.92852, 1.23841, 1.21764, 21.00000, 443709.00000, 53590.00000, 239669.19048, 18817595222.82086, 137177.24018, 0.91102, 0.19128, 0.57970, 0.22901, 0.00000, 1.00000
2.05481, 4.45876, 0.43315, 4.92853, 1.13896, 1.48280, 38.00000, 402935.00000, 38721.00000, 175104.34211, 8941495026.64612, 94559.47878, 0.90081, 0.28433, 0.64502, 0.07065, 0.00000, 1.00000
1.44936, 4.62611, 0.87126, 4.92550, 1.26718, 1.39297, 21.00000, 494883.00000, 56251.00000, 172454.66667, 14608927639.55556, 120867.39693, 0.94766, 0.21738, 0.66353, 0.11910, 0.00000, 1.00000
-0.78579, 4.35121, 2.14766, 4.91558, 1.74946, 1.11864, 7.00000, 434796.00000, 101222.00000, 253586.00000, 11050433681.71428, 105121.04300, 1.08598, -0.13352, 0.76051, 0.37301, 0.00000, 1.00000
0.78579, 4.35121, 2.14766, 4.91558, 1.39213, 1.11864, 15.00000, 439690.00000, 46560.00000, 194708.73333, 13184302877.79556, 114822.91965, 1.08598, 0.10538, 0.60022, 0.29439, 0.00000, 1.00000
0.00000, 4.83686, 0.87622, 4.91558, 1.57080, 1.39159, 10.00000, 461530.00000, 86069.00000, 263727.60000, 16311950380.04000, 127718.24607, 1.08598, -0.00000, 0.84303, 0.15697, 0.00000, 1.00000
0.00000, 4.58794, 1.75244, 4.91123, 1.57080, 1.20593, 11.00000, 489553.00000, 59956.00000, 255361.72727, 20059228179.65289, 141630.60467, 1.14286, 0.00000, 0.72361, 0.27639, 0.00000, 1.00000
-2.05481, 4.45876, -0.43315, 4.92853, 2.00263, 1.65880, 7.00000, 376523.00000, 78829.00000, 198647.57143, 9190616798.53061, 95867.70467, 0.90081, -0.98030, 2.22389, -0.24359, 0.14286, 0.85714
-0.72621, 4.85499, -0.43811, 4.92852, 1.71928, 1.65981, 21.00000, 401894.00000, 66771.00000, 195530.00000, 7986375110.09524, 89366.52119, 0.91102, -0.18312, 1.31474, -0.13162, 0.00000, 1.00000
-1.50894, 4.37124, -1.70460, 4.92852, 1.90319, 1.92396, 18.00000, 420854.00000, 67065.00000, 252719.05556, 14804521803.49691, 121673.83368, 0.91102, -1.19997, 3.63662, -1.43665, 0.11111, 0.88889
-1.44936, 4.62611, -0.87126, 4.92550, 1.87441, 1.74862, 19.00000, 489353.00000, 55291.00000, 237448.94737, 12675522789.52355, 112585.62426, 0.94766, -0.66465, 2.02881, -0.36416, 0.21053, 0.78947
0.72621, 4.85499, -0.43811, 4.92852, 1.42232, 1.65981, 37.00000, 499720.00000, 18548.00000, 205684.81081, 15940670030.42366, 126256.36630, 0.91102, 0.13403, 0.96230, -0.09634, 0.00000, 1.00000
2.05481, 4.45876, -0.43315, 4.92853, 1.13896, 1.65880, 48.00000, 483485.00000, 25731.00000, 143926.29167, 14553575415.20660, 120638.20048, 0.90081, 0.33112, 0.75116, -0.08228, 0.00000, 1.00000
1.50894, 4.37124, -1.70460, 4.92852, 1.23841, 1.92396, 40.00000, 478186.00000, 23898.00000, 166045.10000, 14239512022.14000, 119329.42647, 0.91102, 0.35294, 1.06961, -0.42255, 0.00000, 1.00000
1.44936, 4.62611, -0.87126, 4.92550, 1.26718, 1.74862, 36.00000, 371127.00000, 25894.00000, 167385.22222, 10071606570.00617, 100357.39420, 0.94766, 0.28534, 0.87099, -0.15634, 0.00000, 1.00000
-0.78273, 3.92241, -2.87963, 4.92852, 1.76776, 2.19479, 31.00000, 371727.00000, 47907.00000, 177658.96774, 7759906781.06347, 88090.33307, 0.91102, -2.08678, 10.75154, -7.66476, 0.03226, 0.96774
0.78273, 3.92241, -2.87963, 4.92852, 1.37383, 2.19479, 45.00000, 481221.00000, 22084.00000, 170425.66667, 15077661372.53333, 122791.12905, 0.91102, 0.40335, 2.07817, -1.48153, 0.00000, 1.00000
0.00000, 3.18882, -3.75791, 4.92853, 1.57080, 2.43793, 21.00000, 380307.00000, 43915.00000, 201290.33333, 9241596562.41270, 96133.22299, 0.90081, -0.00000, -7.64229, 8.64229, 0.04762, 0.95238
0.00000, 3.73035, -3.21637, 4.92550, 1.57080, 2.28234, 24.00000, 406208.00000, 69152.00000, 186427.00000, 8875461523.58333, 94209.66789, 0.94766, 0.00000, 9.06739, -8.06739, 0.04167, 0.95833
0.00000, 4.83686, -0.87622, 4.91558, 1.57080, 1.75001, 22.00000, 473158.00000, 50580.00000, 174374.22727, 18052934351.90289, 134361.20851, 1.08598, 0.00000, 1.22879, -0.22879, 0.00000, 1.00000
0.78579, 4.35121, -2.14766, 4.91558, 1.39213, 2.02296, 23.00000, 482303.00000, 29280.00000, 141087.00000, 15887352032.52174, 126045.03970, 1.08598, 0.25627, 1.45965, -0.71592, 0.00000, 1.00000
-0.78579, 4.35121, -2.14766, 4.91558, 1.74946, 2.02296, 12.00000, 398617.00000, 50344.00000, 178786.66667, 9894688974.88889, 99472.05122, 1.08598, -0.52573, 2.99442, -1.46868, 0.16667, 0.83333
0.00000, 4.58794, -1.75244, 4.91123, 1.57080, 1.93566, 31.00000, 475622.00000, 48044.00000, 181031.80645, 15092287140.73673, 122850.67009, 1.14286, 0.00000, 1.61803, -0.61803, 0.03226, 0.96774
-2.75567, 4.02561, -0.70086, 4.92853, 2.17107, 1.71348, 15.00000, 398109.00000, 55686.00000, 237429.60000, 10100387203.70667, 100500.68260, 0.90081, -6.49176, 9.35336, -1.86160, 0.26667, 0.73333
-2.21782, 3.93313, -1.97536, 4.92852, 2.08423, 1.98319, 10.00000, 446707.00000, 54248.00000, 232562.80000, 11825650850.76000, 108745.80843, 0.91102, 6.05607, -10.56672, 5.51065, 0.00000, 1.00000
-3.48430, 3.15040, -1.49161, 4.92852, 2.40648, 1.87827, 9.00000, 468159.00000, 143922.00000, 302815.88889, 11162428315.43210, 105652.39380, 0.91102, 1.82322, -1.63909, 0.81587, 0.44444, 0.55556
-2.85909, 3.75484, -1.40973, 4.92550, 2.22158, 1.86107, 9.00000, 498264.00000, 54360.00000, 240058.44444, 19656984666.02469, 140203.36895, 0.94766, 7.02665, -9.32863, 3.30198, 0.11111, 0.88889
-1.49161, 3.48430, -3.15040, 4.92852, 1.97528, 2.26428, 11.00000, 418143.00000, 109418.00000, 230646.45455, 12511720011.33884, 111855.80008, 0.91102, 1.29147, -2.88604, 2.59457, 0.18182, 0.81818
-0.70086, 2.75567, -4.02561, 4.92853, 1.81985, 2.52663, 19.00000, 460715.00000, 74633.00000, 200753.31579, 11130889444.53185, 105503.03050, 0.90081, 0.39414, -1.37444, 1.98030, 0.05263, 0.94737
-1.97536, 2.21782, -3.93313, 4.92852, 2.29844, 2.49482, 17.00000, 438098.00000, 64302.00000, 252796.00000, 19197946764.58823, 138556.65543, 0.91102, 0.54989, -0.60432, 1.05443, 0.35294, 0.64706
-1.40973, 2.85909, -3.75484, 4.92550, 2.02888, 2.43770, 12.00000, 407705.00000, 75171.00000, 234541.25000, 12226984585.35417, 110575.69618, 0.94766, 0.58922, -1.25387, 1.66465, 0.16667, 0.83333
-3.93313, 1.97536, -2.21782, 4.92852, 2.67616, 2.03756, 7.00000, 466265.00000, 90461.00000, 288916.42857, 15642379851.10204, 125069.50008, 0.91102, 0.95092, -0.49591, 0.54500, 0.71429, 0.28571
-3.15040, 1.49161, -3.48430, 4.92852, 2.69940, 2.35600, 6.00000, 373830.00000, 100281.00000, 221221.33333, 7848596475.88889, 88592.30483, 0.91102, 0.61936, -0.30829, 0.68893, 0.83333, 0.16667
-4.02561, 0.70086, -2.75567, 4.92853, 2.96922, 2.16413, 8.00000, 297683.00000, 119395.00000, 201902.25000, 3176346083.18750, 56359.08164, 0.90081, 0.66888, -0.13313, 0.46424, 0.75000, 0.25000
-3.75484, 1.40973, -2.85909, 4.92550, 2.78243, 2.19010, 2.00000, 409596.00000, 57492.00000, 233544.00000, 30994306704.00000, 176052.00000, 0.94766, 0.71466, -0.25296, 0.53830, 0.50000, 0.50000
-2.20355, 3.47499, -2.68919, 4.91558, 2.13592, 2.14966, 10.00000, 499019.00000, 98723.00000, 282053.40000, 15567944386.04000, 124771.56882, 1.08598, 1.52573, -2.37638, 1.85065, 0.00000, 1.00000
-2.68919, 2.20355, -3.47499, 4.91558, 2.45513, 2.35595, 9.00000, 492204.00000, 236411.00000, 339454.77778, 6011061262.61728, 77531.03419, 1.08598, 0.68510, -0.56481, 0.87972, 0.33333, 0.66667
-3.47499, 2.68919, -2.20355, 4.91558, 2.48299, 2.03563, 4.00000, 266402.00000, 101628.00000, 175676.00000, 5093552805.50000, 71369.13062, 1.08598, 1.15838, -0.90211, 0.74373, 0.50000, 0.50000
-2.83550, 2.83550, -2.83550, 4.91123, 2.35619, 2.18628, 10.00000, 460644.00000, 163013.00000, 265675.00000, 11111794089.80000, 105412.49494, 1.14286, 1.00000, -1.00000, 1.00000, 0.20000, 0.80000
-3.18882, 3.75791, 0.00000, 4.92853, 2.27446, 1.57080, 6.00000, 376099.00000, 100680.00000, 213242.83333, 10467778013.13889, 102312.15965, 0.90081, -7.64229, 8.64229, 0.00000, 0.50000, 0.50000
-3.92241, 2.87963, -0.78273, 4.92852, 2.50831, 1.73029, 12.00000, 401984.00000, 105388.00000, 272905.83333, 8954503790.47222, 94628.23992, 0.91102, 2.07817, -1.48153, 0.40335, 0.75000, 0.25000
-3.92241, 2.87963, 0.78273, 4.92852, 2.50831, 1.41130, 7.00000, 409973.00000, 151917.00000, 260002.57143, 8654055779.10204, 93027.17764, 0.91102, 10.75154, -7.66476, -2.08678, 0.85714, 0.14286
-3.73035, 3.21637, 0.00000, 4.92550, 2.43005, 1.57080, 4.00000, 480574.00000, 99625.00000, 272921.75000, 18814485854.68750, 137165.90631, 0.94766, 9.06739, -8.06739, -0.00000, 0.75000, 0.25000
-4.37124, 1.70460, -1.50894, 4.92852, 2.76977, 1.88196, 10.00000, 344184.00000, 91798.00000, 185646.20000, 6512010397.76000, 80697.02843, 0.91102, 1.06961, -0.42255, 0.35294, 1.00000, 0.00000
-4.45876, 0.43315, -2.05481, 4.92853, 3.04475, 2.00085, 23.00000, 496316.00000, 25762.00000, 197910.47826, 23834415846.68431, 154383.98831, 0.90081, 0.75116, -0.08228, 0.33112, 0.91304, 0.08696
-4.85499, 0.43811, -0.72621, 4.92852, 3.05160, 1.71868, 31.00000, 417939.00000, 29821.00000, 172093.67742, 14086159576.67013, 118685.12787, 0.91102, 0.96230, -0.09634, 0.13403, 0.96774, 0.03226
-4.62611, 0.87126, -1.44936, 4.92550, 2.95544, 1.86947, 15.00000, 368187.00000, 30365.00000, 153571.60000, 6626306326.77333, 81402.12729, 0.94766, 0.87099, -0.15634, 0.28534, 1.00000, 0.00000
-4.37124, 1.70460, 1.50894, 4.92852, 2.76977, 1.25963, 9.00000, 470961.00000, 52765.00000, 195400.44444, 20278213185.58025, 142401.59123, 0.91102, 3.63662, -1.43665, -1.19997, 0.88889, 0.11111
-4.85499, 0.43811, 0.72621, 4.92852, 3.05160, 1.42291, 21.00000, 460762.00000, 30700.00000, 169276.66667, 14341745259.36508, 119757.02593, 0.91102, 1.31474, -0.13162, -0.18312, 1.00000, 0.00000
-4.45876, 0.43315, 2.05481, 4.92853, 3.04475, 1.14074, 22.00000, 482626.00000, 30452.00000, 172499.00000, 19407923546.63636, 139312.32374, 0.90081, 2.22389, -0.24359, -0.98030, 0.90909, 0.09091
-4.62611, 0.87126, 1.44936, 4.92550, 2.95544, 1.27212, 15.00000, 401506.00000, 58492.00000, 153853.66667, 10441228689.55556, 102182.33061, 0.94766, 2.02881, -0.36416, -0.66465, 1.00000, 0.00000
-4.35121, 2.14766, -0.78579, 4.91558, 2.68310, 1.73134, 8.00000, 419084.00000, 29008.00000, 211943.12500, 13145186391.10938, 114652.45916, 1.08598, 1.45965, -0.71592, 0.25627, 0.75000, 0.25000
-4.83686, 0.87622, 0.00000, 4.91558, 2.96238, 1.57080, 17.00000, 415350.00000, 35062.00000, 193409.64706, 13264696935.16955, 115172.46605, 1.08598, 1.22879, -0.22879, -0.00000, 0.88235, 0.11765
-4.35121, 2.14766, 0.78579, 4.91558, 2.68310, 1.41025, 4.00000, 148221.00000, 77084.00000, 110204.75000, 638814840.68750, 25274.78666, 1.08598, 2.99442, -1.46868, -0.52573, 1.00000, 0.00000
-4.58794, 1.75244, 0.00000, 4.91123, 2.77673, 1.57080, 12.00000, 451747.00000, 85672.00000, 198063.08333, 10136565732.40972, 100680.51317, 1.14286, 1.61803, -0.61803, -0.00000, 0.83333, 0.16667
2.75567, 4.02561, 0.70086, 4.92853, 0.97053, 1.42811, 36.00000, 423856.00000, 33668.00000, 199492.41667, 12348316211.68750, 111122.97787, 0.90081, 0.36663, 0.52824, 0.10514, 0.00000, 1.00000
2.21782, 3.93313, 1.97536, 4.92852, 1.05736, 1.15840, 17.00000, 448304.00000, 59610.00000, 189891.76471, 14358733881.70934, 119827.93448, 0.91102, 0.27362, 0.47741, 0.24897, 0.00000, 1.00000
3.48430, 3.15040, 1.49161, 4.92852, 0.73511, 1.26333, 20.00000, 494258.00000, 62366.00000, 226276.55000, 15630064166.04750, 125020.25502, 0.91102, 0.42617, 0.38313, 0.19070, 0.00000, 1.00000
2.85909, 3.75484, 1.40973, 4.92550, 0.92001, 1.28053, 20.00000, 442067.00000, 63152.00000, 197877.40000, 12968038199.84000, 113877.29449, 0.94766, 0.35746, 0.47456, 0.16798, 0.00000, 1.00000
1.49161, 3.48430, 3.15040, 4.92852, 1.16631, 0.87732, 6.00000, 468277.00000, 53541.00000, 247499.50000, 15437624222.91667, 124248.23630, 0.91102, 0.19070, 0.42617, 0.38313, 0.00000, 1.00000
0.70086, 2.75567, 4.02561, 4.92853, 1.32174, 0.61496, 5.00000, 437279.00000, 99849.00000, 278328.60000, 12713936786.64000, 112756.09423, 0.90081, 0.10514, 0.36663, 0.52824, 0.00000, 1.00000
1.97536, 2.21782, 3.93313, 4.92852, 0.84316, 0.64677, 7.00000, 494569.00000, 83660.00000, 282868.71429, 19238687591.91837, 138703.59618, 0.91102, 0.24897, 0.27362, 0.47741, 0.00000, 1.00000
1.40973, 2.85909, 3.75484, 4.92550, 1.11271, 0.70390, 6.00000, 491105.00000, 194936.00000, 354555.83333, 8142788259.47222, 90237.39945, 0.94766, 0.16798, 0.35746, 0.47456, 0.16667, 0.83333
3.93313, 1.97536, 2.21782, 4.92852, 0.46544, 1.10403, 11.00000, 437276.00000, 69804.00000, 221416.63636, 16056754002.77686, 126715.24771, 0.91102, 0.47741, 0.24897, 0.27362, 0.00000, 1.00000
3.15040, 1.49161, 3.48430, 4.92852, 0.44220, 0.78559, 2.00000, 400705.00000, 315192.00000, 357948.50000, 1828118292.25000, 42756.50000, 0.91102, 0.38313, 0.19070, 0.42617, 0.00000, 1.00000
4.02561, 0.70086, 2.75567, 4.92853, 0.17237, 0.97747, 5.00000, 217572.00000, 119976.00000, 179127.80000, 1362949609.76000, 36918.14743, 0.90081, 0.52824, 0.10514, 0.36663, 0.00000, 1.00000
3.75484, 1.40973, 2.85909, 4.92550, 0.35916, 0.95149, 6.00000, 299460.00000, 101469.00000, 234183.83333, 3950135215.80556, 62850.10116, 0.94766, 0.47456, 0.16798, 0.35746, 0.16667, 0.83333
2.20355, 3.47499, 2.68919, 4.91558, 1.00567, 0.99193, 7.00000, 433999.00000, 148589.00000, 288454.14286, 7400730699.26531, 86027.49967, 1.08598, 0.26522, 0.41309, 0.32170, 0.00000, 1.00000
2.68919, 2.20355, 3.47499, 4.91558, 0.68646, 0.78564, 2.00000, 379672.00000, 152919.00000, 266295.50000, 12854230752.25000, 113376.50000, 1.08598, 0.32170, 0.26522, 0.41309, 0.00000, 1.00000
3.47499, 2.68919, 2.20355, 4.91558, 0.65860, 1.10596, 9.00000, 492682.00000, 127101.00000, 303415.11111, 23667960658.09877, 153843.94905, 1.08598, 0.41309, 0.32170, 0.26522, 0.00000, 1.00000
2.83550, 2.83550, 2.83550, 4.91123, 0.78540, 0.95532, 12.00000, 459670.00000, 87575.00000, 254751.25000, 12582873412.52083, 112173.40778, 1.14286, 0.33333, 0.33333, 0.33333, 0.16667, 0.83333
-0.43315, 2.05481, 4.45876, 4.92853, 1.77855, 0.44016, 3.00000, 405074.00000, 166091.00000, 270474.33333, 9975325781.55556, 99876.55271, 0.90081, -0.08228, 0.33112, 0.75116, 0.33333, 0.66667
-1.70460, 1.50894, 4.37124, 4.92852, 2.41700, 0.48015, 7.00000, 466427.00000, 95639.00000, 277251.85714, 14035721965.83673, 118472.45235, 0.91102, -0.42255, 0.35294, 1.06961, 0.85714, 0.14286
-0.43811, 0.72621, 4.85499, 4.92852, 2.11363, 0.17295, 1.00000, 111306.00000, 111306.00000, 111306.00000, 0.00000, 0.00000, 0.91102, -0.09634, 0.13403, 0.96230, 1.00000, 0.00000
-0.87126, 1.44936, 4.62611, 4.92550, 2.11205, 0.35046, 1.00000, 481745.00000, 481745.00000, 481745.00000, 0.00000, 0.00000, 0.94766, -0.15634, 0.28534, 0.87099, 0.00000, 1.00000
-2.87963, 0.78273, 3.92241, 4.92852, 2.87619, 0.65037, 11.00000, 483908.00000, 36841.00000, 195090.09091, 23494834421.71901, 153280.24798, 0.91102, -1.48153, 0.40335, 2.07817, 1.00000, 0.00000
-3.75791, 0.00000, 3.18882, 4.92853, 3.14159, 0.86714, 27.00000, 427304.00000, 20221.00000, 194178.74074, 16274693370.48834, 127572.30644, 0.90081, 8.64229, -0.00000, -7.64229, 0.96296, 0.03704
-2.87963, -0.78273, 3.92241, 4.92852, -2.87619, 0.65037, 13.00000, 332304.00000, 32790.00000, 153121.30769, 11591351603.90532, 107663.13949, 0.91102, -7.66476, -2.08678, 10.75154, 1.00000, 0.00000
-3.21637, 0.00000, 3.73035, 4.92550, 3.14159, 0.71154, 16.00000, 493084.00000, 83878.00000, 205667.43750, 11316428385.87109, 106378.70269, 0.94766, -8.06739, 0.00000, 9.06739, 1.00000, 0.00000
-0.43811, -0.72621, 4.85499, 4.92852, -2.11363, 0.17295, 6.00000, 482261.00000, 166546.00000, 338378.33333, 13678297302.88889, 116954.25303, 0.91102, -0.13162, -0.18312, 1.31474, 1.00000, 0.00000
-1.70460, -1.50894, 4.37124, 4.92852, -2.41700, 0.48015, 11.00000, 498044.00000, 94186.00000, 239264.81818, 13469997527.42149, 116060.31849, 0.91102, -1.43665, -1.19997, 3.63662, 0.90909, 0.09091
-0.43315, -2.05481, 4.45876, 4.92853, -1.77855, 0.44016, 6.00000, 283801.00000, 80852.00000, 181231.33333, 5816715086.88889, 76267.39203, 0.90081, -0.24359, -0.98030, 2.22389, 1.00000, 0.00000
-0.87126, -1.44936, 4.62611, 4.92550, -2.11205, 0.35046, 8.00000, 436536.00000, 39544.00000, 220218.62500, 20825826619.98438, 144311.56094, 0.94766, -0.36416, -0.66465, 2.02881, 1.00000, 0.00000
-2.14766, 0.78579, 4.35121, 4.91558, 2.79084, 0.48390, 11.00000, 445559.00000, 82131.00000, 180140.45455, 14542271127.88430, 120591.33936, 1.08598, -0.71592, 0.25627, 1.45965, 1.00000, 0.00000
-2.14766, -0.78579, 4.35121, 4.91558, -2.79084, 0.48390, 9.00000, 320673.00000, 38173.00000, 144494.22222, 6513627131.95062, 80707.04512, 1.08598, -1.46868, -0.52573, 2.99442, 1.00000, 0.00000
-0.87622, 0.00000, 4.83686, 4.91558, 3.14159, 0.17921, 2.00000, 459273.00000, 325163.00000, 392218.00000, 4496373025.00000, 67055.00000, 1.08598, -0.22879, 0.00000, 1.22879, 1.00000, 0.00000
-1.75244, 0.00000, 4.58794, 4.91123, 3.14159, 0.36486, 8.00000, 457481.00000, 62146.00000, 188487.62500, 12786918169.48438, 113079.25614, 1.14286, -0.61803, 0.00000, 1.61803, 1.00000, 0.00000
-4.45876, -0.43315, 2.05481, 4.92853, -3.04475, 1.14074, 34.00000, 457992.00000, 11932.00000, 145116.41176, 13011496904.53633, 114067.94863, 0.90081, 1.49537, 0.16379, -0.65917, 0.97059, 0.02941
-4.85499, -0.43811, 0.72621, 4.92852, -3.05160, 1.42291, 49.00000, 496981.00000, 14379.00000, 142200.12245, 16838481102.84215, 129763.17314, 0.91102, 1.04077, 0.10419, -0.14496, 1.00000, 0.00000
-4.37124, -1.70460, 1.50894, 4.92852, -2.76977, 1.25963, 83.00000, 495928.00000, 8366.00000, 114621.09639, 15711686716.23167, 125346.26726, 0.91102, 0.93889, 0.37091, -0.30980, 0.97590, 0.02410
-4.62611, -0.87126, 1.44936, 4.92550, -2.95544, 1.27212, 55.00000, 480622.00000, 20051.00000, 137134.90909, 13417622991.93719, 115834.46375, 0.94766, 1.17386, 0.21070, -0.38457, 1.00000, 0.00000
-4.85499, -0.43811, -0.72621, 4.92852, -3.05160, 1.71868, 54.00000, 475421.00000, 17377.00000, 131309.64815, 11737479570.11694, 108339.64911, 0.91102, 0.80685, 0.08077, 0.11238, 0.98148, 0.01852
-4.45876, -0.43315, -2.05481, 4.92853, -3.04475, 2.00085, 19.00000, 458191.00000, 26198.00000, 160029.05263, 12250280089.83933, 110680.98342, 0.90081, 0.64502, 0.07065, 0.28433, 1.00000, 0.00000
-4.37124, -1.70460, -1.50894, 4.92852, -2.76977, 1.88196, 73.00000, 482224.00000, 7810.00000, 118884.94521, 13440829721.77782, 115934.59243, 0.91102, 0.57970, 0.22901, 0.19128, 1.00000, 0.00000
-4.62611, -0.87126, -1.44936, 4.92550, -2.95544, 1.86947, 31.00000, 456106.00000, 13252.00000, 104508.58065, 10917642805.85640, 104487.52464, 0.94766, 0.66353, 0.11910, 0.21738, 1.00000, 0.00000
-3.92241, -2.87963, 0.78273, 4.92852, -2.50831, 1.41130, 161.00000, 396542.00000, 6930.00000, 63087.77640, 5505939575.92516, 74202.01868, 0.91102, 0.65841, 0.46938, -0.12779, 1.00000, 0.00000
-3.92241, -2.87963, -0.78273, 4.92852, -2.50831, 1.73029, 152.00000, 467841.00000, 8199.00000, 77788.23684, 6320873769.16759, 79503.92298, 0.91102, 0.52439, 0.37383, 0.10178, 1.00000, 0.00000
-3.18882, -3.75791, 0.00000, 4.92853, -2.27446, 1.57080, 126.00000, 462056.00000, 6950.00000, 81344.03175, 8053829513.49106, 89743.13073, 0.90081, 0.46930, 0.53070, 0.00000, 1.00000, 0.00000
-3.73035, -3.21637, 0.00000, 4.92550, -2.43005, 1.57080, 152.00000, 496679.00000, 5861.00000, 67988.96053, 5643339248.85371, 75122.16217, 0.94766, 0.52918, 0.47082, -0.00000, 1.00000, 0.00000
-4.83686, -0.87622, 0.00000, 4.91558, -2.96238, 1.57080, 48.00000, 421060.00000, 13420.00000, 101305.93750, 7191242433.43359, 84801.19358, 1.08598, 0.84303, 0.15697, -0.00000, 1.00000, 0.00000
-4.35121, -2.14766, -0.78579, 4.91558, -2.68310, 1.73134, 77.00000, 434267.00000, 9162.00000, 99695.23377, 9663413144.49081, 98302.66092, 1.08598, 0.60022, 0.29439, 0.10538, 1.00000, 0.00000
-4.35121, -2.14766, 0.78579, 4.91558, -2.68310, 1.41025, 85.00000, 489198.00000, 7266.00000, 90932.62353, 13698703407.52886, 117041.46021, 1.08598, 0.76051, 0.37301, -0.13352, 0.98824, 0.01176
-4.58794, -1.75244, 0.00000, 4.91123, -2.77673, 1.57080, 92.00000, 472959.00000, 7342.00000, 96074.07609, 11123184412.54856, 105466.50849, 1.14286, 0.72361, 0.27639, -0.00000, 1.00000, 0.00000
-3.75791, 0.00000, -3.18882, 4.92853, 3.14159, 2.27446, 13.00000, 474895.00000, 87705.00000, 259073.92308, 15854445855.91716, 125914.43863, 0.90081, 0.53070, -0.00000, 0.46930, 0.92308, 0.07692
-2.87963, 0.78273, -3.92241, 4.92852, 2.87619, 2.49122, 10.00000, 488927.00000, 85268.00000, 237931.90000, 11584555993.29000, 107631.57526, 0.91102, 0.46938, -0.12779, 0.65841, 0.60000, 0.40000
-2.87963, -0.78273, -3.92241, 4.92852, -2.87619, 2.49122, 12.00000, 459687.00000, 56311.00000, 218563.66667, 11124214896.72222, 105471.39374, 0.91102, 0.37383, 0.10178, 0.52439, 0.91667, 0.08333
-3.21637, 0.00000, -3.73035, 4.92550, 3.14159, 2.43005, 8.00000, 351760.00000, 90862.00000, 175409.37500, 6696720050.98438, 81833.48979, 0.94766, 0.47082, 0.00000, 0.52918, 1.00000, 0.00000
-1.70460, 1.50894, -4.37124, 4.92852, 2.41700, 2.66145, 10.00000, 368573.00000, 71688.00000, 245547.50000, 8108060754.25000, 90044.77083, 0.91102, 0.37091, -0.30980, 0.93889, 0.30000, 0.70000
-0.43315, 2.05481, -4.45876, 4.92853, 1.77855, 2.70143, 12.00000, 421166.00000, 102596.00000, 218774.75000, 9191438805.35417, 95871.99177, 0.90081, 0.16379, -0.65917, 1.49537, 0.16667, 0.83333
-0.43811, 0.72621, -4.85499, 4.92852, 2.11363, 2.96865, 8.00000, 494865.00000, 79853.00000, 298822.00000, 22629536905.25000, 150431.16999, 0.91102, 0.10419, -0.14496, 1.04077, 0.12500, 0.87500
-0.87126, 1.44936, -4.62611, 4.92550, 2.11205, 2.79113, 11.00000, 433203.00000, 56865.00000, 235590.63636, 12882251655.32232, 113500.00729, 0.94766, 0.21070, -0.38457, 1.17386, 0.09091, 0.90909
-1.70460, -1.50894, -4.37124, 4.92852, -2.41700, 2.66145, 5.00000, 271207.00000, 72825.00000, 176832.60000, 4209258756.24000, 64878.80051, 0.91102, 0.22901, 0.19128, 0.57970, 0.80000, 0.20000
-0.43811, -0.72621, -4.85499, 4.92852, -2.11363, 2.96865, 9.00000, 475145.00000, 140141.00000, 275002.00000, 11365748372.88889, 106610.26392, 0.91102, 0.08077, 0.11238, 0.80685, 0.66667, 0.33333
-0.43315, -2.05481, -4.45876, 4.92853, -1.77855, 2.70143, 9.00000, 466999.00000, 73241.00000, 255375.22222, 19491011861.50617, 139610.21403, 0.90081, 0.07065, 0.28433, 0.64502, 0.77778, 0.22222
-0.87126, -1.44936, -4.62611, 4.92550, -2.11205, 2.79113, 6.00000, 483678.00000, 156750.00000, 233743.83333, 12991681100.13889, 113981.05588, 0.94766, 0.11910, 0.21738, 0.66353, 0.66667, 0.33333
-2.14766, 0.78579, -4.35121, 4.91558, 2.79084, 2.65769, 4.00000, 420195.00000, 292529.00000, 334757.75000, 2695767552.68750, 51920.78151, 1.08598, 0.37301, -0.13352, 0.76051, 0.00000, 1.00000
-0.87622, 0.00000, -4.83686, 4.91558, 3.14159, 2.96238, 9.00000, 491355.00000, 162175.00000, 319323.88889, 14807027308.32099, 121684.12924, 1.08598, 0.15697, 0.00000, 0.84303, 0.22222, 0.77778
-2.14766, -0.78579, -4.35121, 4.91558, -2.79084, 2.65769, 5.00000, 372937.00000, 64487.00000, 223377.40000, 10529022459.84000, 102611.02504, 1.08598, 0.29439, 0.10538, 0.60022, 0.80000, 0.20000
-1.75244, 0.00000, -4.58794, 4.91123, 3.14159, 2.77673, 6.00000, 459652.00000, 87155.00000, 284842.66667, 18942971368.22223, 137633.46747, 1.14286, 0.27639, 0.00000, 0.72361, 0.33333, 0.66667
0.70086, 2.75567, -4.02561, 4.92853, 1.32174, 2.52663, 23.00000, 415630.00000, 44200.00000, 204542.65217, 14834531627.35728, 121797.09203, 0.90081, -1.86160, -6.49176, 9.35336, 0.00000, 1.00000
1.49161, 3.48430, -3.15040, 4.92852, 1.16631, 2.26428, 43.00000, 427594.00000, 27657.00000, 151731.65116, 12680828100.22715, 112609.18302, 0.91102, 0.81587, 1.82322, -1.63909, 0.00000, 1.00000
1.97536, 2.21782, -3.93313, 4.92852, 0.84316, 2.49482, 28.00000, 354566.00000, 28312.00000, 175241.32143, 7494140679.28954, 86568.70496, 0.91102, 5.51065, 6.05607, -10.56672, 0.00000, 1.00000
1.40973, 2.85909, -3.75484, 4.92550, 1.11271, 2.43770, 38.00000, 465645.00000, 25056.00000, 191752.36842, 16339439084.96953, 127825.81541, 0.94766, 3.30198, 7.02665, -9.32863, 0.00000, 1.00000
2.21782, 3.93313, -1.97536, 4.92852, 1.05736, 1.98319, 56.00000, 455047.00000, 22323.00000, 133595.76786, 9708562171.42825, 98532.03627, 0.91102, 0.54500, 0.95092, -0.49591, 0.00000, 1.00000
2.75567, 4.02561, -0.70086, 4.92853, 0.97053, 1.71348, 40.00000, 488797.00000, 27695.00000, 151163.05000, 12560271486.59750, 112072.61702, 0.90081, 0.46424, 0.66888, -0.13313, 0.00000, 1.00000
3.48430, 3.15040, -1.49161, 4.92852, 0.73511, 1.87827, 53.00000, 495828.00000, 23493.00000, 161289.35849, 16352450646.60733, 127876.70095, 0.91102, 0.68893, 0.61936, -0.30829, 0.00000, 1.00000
2.85909, 3.75484, -1.40973, 4.92550, 0.92001, 1.86107, 48.00000, 422772.00000, 20127.00000, 157890.06250, 12771480149.97526, 113010.97358, 0.94766, 0.53830, 0.71466, -0.25296, 0.00000, 1.00000
3.15040, 1.49161, -3.48430, 4.92852, 0.44220, 2.35600, 24.00000, 497823.00000, 46522.00000, 233514.70833, 21230105321.12326, 145705.54321, 0.91102, 2.59457, 1.29147, -2.88604, 0.04167, 0.95833
3.93313, 1.97536, -2.21782, 4.92852, 0.46544, 2.03756, 40.00000, 492495.00000, 39314.00000, 189305.32500, 19652701886.41937, 140188.09467, 0.91102, 1.05443, 0.54989, -0.60432, 0.00000, 1.00000
4.02561, 0.70086, -2.75567, 4.92853, 0.17237, 2.16413, 13.00000, 385575.00000, 67715.00000, 163908.76923, 6996833245.10059, 83647.07553, 0.90081, 1.98030, 0.39414, -1.37444, 0.00000, 1.00000
3.75484, 1.40973, -2.85909, 4.92550, 0.35916, 2.19010, 20.00000, 450363.00000, 35807.00000, 227694.65000, 17347303488.32750, 131709.16251, 0.94766, 1.66465, 0.58922, -1.25387, 0.00000, 1.00000
2.20355, 3.47499, -2.68919, 4.91558, 1.00567, 2.14966, 34.00000, 440119.00000, 28793.00000, 145731.91176, 9763308647.49221, 98809.45627, 1.08598, 0.74373, 1.15838, -0.90211, 0.00000, 1.00000
3.47499, 2.68919, -2.20355, 4.91558, 0.65860, 2.03563, 35.00000, 283421.00000, 32448.00000, 110057.62857, 4717672944.97633, 68685.31826, 1.08598, 0.87972, 0.68510, -0.56481, 0.00000, 1.00000
2.68919, 2.20355, -3.47499, 4.91558, 0.68646, 2.35595, 24.00000, 434205.00000, 47468.00000, 228922.12500, 13242075527.94271, 115074.21748, 1.08598, 1.85065, 1.52573, -2.37638, 0.00000, 1.00000
2.83550, 2.83550, -2.83550, 4.91123, 0.78540, 2.18628, 36.00000, 444543.00000, 21255.00000, 175683.47222, 16356191920.02700, 127891.32856, 1.14286, 1.00000, 1.00000, -1.00000, 0.00000, 1.00000
2.75567, -4.02561, 0.70086, 4.92853, -0.97053, 1.42811, 5.00000, 390769.00000, 101165.00000, 284578.00000, 10255550089.20000, 101269.68988, 0.90081, -6.49176, 9.35336, -1.86160, 1.00000, 0.00000
3.48430, -3.15040, 1.49161, 4.92852, -0.73511, 1.26333, 4.00000, 497543.00000, 196592.00000, 359495.75000, 13787287488.68750, 117419.28074, 0.91102, 1.82322, -1.63909, 0.81587, 0.75000, 0.25000
2.21782, -3.93313, 1.97536, 4.92852, -1.05736, 1.15840, 4.00000, 322732.00000, 80700.00000, 209270.25000, 8170309386.18750, 90389.76372, 0.91102, 6.05607, -10.56672, 5.51065, 1.00000, 0.00000
2.85909, -3.75484, 1.40973, 4.92550, -0.92001, 1.28053, 6.00000, 444897.00000, 105771.00000, 243786.16667, 13771092230.47222, 117350.29710, 0.94766, 7.02665, -9.32863, 3.30198, 0.50000, 0.50000
3.93313, -1.97536, 2.21782, 4.92852, -0.46544, 1.10403, 4.00000, 479007.00000, 183018.00000, 368054.25000, 12932421866.18750, 113720.80665, 0.91102, 0.95092, -0.49591, 0.54500, 0.25000, 0.75000
4.02561, -0.70086, 2.75567, 4.92853, -0.17237, 0.97747, 2.00000, 369277.00000, 364195.00000, 366736.00000, 6456681.00000, 2541.00000, 0.90081, 0.66888, -0.13313, 0.46424, 0.00000, 1.00000
3.15040, -1.49161, 3.48430, 4.92852, -0.44220, 0.78559, 2.00000, 350697.00000, 261058.00000, 305877.50000, 2008787580.25000, 44819.50000, 0.91102, 0.61936, -0.30829, 0.68893, 0.50000, 0.50000
3.75484, -1.40973, 2.85909, 4.92550, -0.35916, 0.95149, 0.00000, 0.00000, 0.00000, 0.00000, 0.00000, 0.00000, 0.94766, 0.71466, -0.25296, 0.53830, 0.00000, 0.00000
1.49161, -3.48430, 3.15040, 4.92852, -1.16631, 0.87732, 7.00000, 347004.00000, 100581.00000, 188308.85714, 7527644122.69388, 86761.99700, 0.91102, 1.29147, -2.88604, 2.59457, 1.00000, 0.00000
1.97536, -2.21782, 3.93313, 4.92852, -0.84316, 0.64677, 1.00000, 126450.00000, 126450.00000, 126450.00000, 0.00000, 0.00000, 0.91102, 0.54989, -0.60432, 1.05443, 1.00000, 0.00000
0.70086, -2.75567, 4.02561, 4.92853, -1.32174, 0.61496, 5.00000, 354331.00000, 136505.00000, 232986.80000, 5289435073.76000, 72728.50249, 0.90081, 0.39414, -1.37444, 1.98030, 1.00000, 0.00000
1.40973, -2.85909, 3.75484, 4.92550, -1.11271, 0.70390, 6.00000, 497594.00000, 79513.00000, 281826.00000, 22846682260.33333, 151151.19007, 0.94766, 0.58922, -1.25387, 1.66465, 1.00000, 0.00000
3.47499, -2.68919, 2.20355, 4.91558, -0.65860, 1.10596, 1.00000, 462679.00000, 462679.00000, 462679.00000, 0.00000, 0.00000, 1.08598, 1.15838, -0.90211, 0.74373, 1.00000, 0.00000
2.68919, -2.20355, 3.47499, 4.91558, -0.68646, 0.78564, 3.00000, 343859.00000, 143924.00000, 267902.66667, 7815406286.88889, 88404.78656, 1.08598, 0.68510, -0.56481, 0.87972, 1.00000, 0.00000
2.20355, -3.47499, 2.68919, 4.91558, -1.00567, 0.99193, 7.00000, 499218.00000, 160924.00000, 320716.14286, 12224296764.97959, 110563.54175, 1.08598, 1.52573, -2.37638, 1.85065, 1.00000, 0.00000
2.83550, -2.83550, 2.83550, 4.91123, -0.78540, 0.95532, 3.00000, 258694.00000, 215912.00000, 235068.66667, 315034411.55556, 17749.20876, 1.14286, 1.00000, -1.00000, 1.00000, 1.00000, 0.00000
2.05481, -4.45876, 0.43315, 4.92853, -1.13896, 1.48280, 6.00000, 439100.00000, 123341.00000, 303644.00000, 11207913898.66667, 105867.43550, 0.90081, -0.98030, 2.22389, -0.24359, 1.00000, 0.00000
1.50894, -4.37124, 1.70460, 4.92852, -1.23841, 1.21764, 10.00000, 435728.00000, 76289.00000, 226864.80000, 11964554397.96000, 109382.60555, 0.91102, -1.19997, 3.63662, -1.43665, 1.00000, 0.00000
0.72621, -4.85499, 0.43811, 4.92852, -1.42232, 1.48179, 14.00000, 479797.00000, 22485.00000, 216569.07143, 14282886838.78061, 119511.03229, 0.91102, -0.18312, 1.31474, -0.13162, 1.00000, 0.00000
1.44936, -4.62611, 0.87126, 4.92550, -1.26718, 1.39297, 11.00000, 485791.00000, 128337.00000, 252132.27273, 14084561216.92562, 118678.39406, 0.94766, -0.66465, 2.02881, -0.36416, 1.00000, 0.00000
0.78273, -3.92241, 2.87963, 4.92852, -1.37383, 0.94680, 14.00000, 467565.00000, 60733.00000, 213010.71429, 15838215710.48979, 125849.97303, 0.91102, -2.08678, 10.75154, -7.66476, 0.85714, 0.14286
0.00000, -3.18882, 3.75791, 4.92853, -1.57080, 0.70366, 12.00000, 484224.00000, 60294.00000, 221433.58333, 18077535424.74305, 134452.72561, 0.90081, 0.00000, -7.64229, 8.64229, 1.00000, 0.00000
-0.78273, -3.92241, 2.87963, 4.92852, -1.76776, 0.94680, 24.00000, 401235.00000, 27306.00000, 160740.04167, 10744906931.20660, 103657.64290, 0.91102, 0.40335, 2.07817, -1.48153, 1.00000, 0.00000
0.00000, -3.73035, 3.21637, 4.92550, -1.57080, 0.85925, 19.00000, 438327.00000, 55054.00000, 202029.84211, 16428995577.81718, 128175.64347, 0.94766, -0.00000, 9.06739, -8.06739, 1.00000, 0.00000
-0.72621, -4.85499, 0.43811, 4.92852, -1.71928, 1.48179, 27.00000, 478191.00000, 31576.00000, 166699.25926, 16993531040.48834, 130359.23842, 0.91102, 0.13403, 0.96230, -0.09634, 1.00000, 0.00000
-1.50894, -4.37124, 1.70460, 4.92852, -1.90319, 1.21764, 59.00000, 455800.00000, 16223.00000, 99003.18644, 9645095923.13473, 98209.44926, 0.91102, 0.35294, 1.06961, -0.42255, 1.00000, 0.00000
-2.05481, -4.45876, 0.43315, 4.92853, -2.00263, 1.48280, 68.00000, 471396.00000, 11838.00000, 106047.01471, 9171387383.74978, 95767.36074, 0.90081, 0.33112, 0.75116, -0.08228, 1.00000, 0.00000
-1.44936, -4.62611, 0.87126, 4.92550, -1.87441, 1.39297, 30.00000, 271692.00000, 26362.00000, 116801.20000, 5490355769.96000, 74096.93496, 0.94766, 0.28534, 0.87099, -0.15634, 1.00000, 0.00000
0.78579, -4.35121, 2.14766, 4.91558, -1.39213, 1.11864, 12.00000, 349807.00000, 45413.00000, 173361.83333, 7649860704.30556, 87463.48212, 1.08598, -0.52573, 2.99442, -1.46868, 1.00000, 0.00000
-0.78579, -4.35121, 2.14766, 4.91558, -1.74946, 1.11864, 24.00000, 428461.00000, 33029.00000, 167088.41667, 14207560544.32639, 119195.47200, 1.08598, 0.25627, 1.45965, -0.71592, 1.00000, 0.00000
0.00000, -4.83686, 0.87622, 4.91558, -1.57080, 1.39159, 12.00000, 228146.00000, 62479.00000, 127077.41667, 3869221843.74306, 62203.06941, 1.08598, -0.00000, 1.22879, -0.22879, 1.00000, 0.00000
0.00000, -4.58794, 1.75244, 4.91123, -1.57080, 1.20593, 17.00000, 435464.00000, 15062.00000, 184357.76471, 14450762600.06228, 120211.32476, 1.14286, -0.00000, 1.61803, -0.61803, 1.00000, 0.00000
2.05481, -4.45876, -0.43315, 4.92853, -1.13896, 1.65880, 3.00000, 185722.00000, 66440.00000, 109369.66667, 2929903244.22222, 54128.58066, 0.90081, -0.65917, 1.49537, 0.16379, 1.00000, 0.00000
0.72621, -4.85499, -0.43811, 4.92852, -1.42232, 1.65981, 13.00000, 484762.00000, 15585.00000, 203479.38462, 25699454626.08284, 160310.49444, 0.91102, -0.14496, 1.04077, 0.10419, 0.92308, 0.07692
1.50894, -4.37124, -1.70460, 4.92852, -1.23841, 1.92396, 7.00000, 377719.00000, 67091.00000, 203525.57143, 14213810911.95918, 119221.68809, 0.91102, -0.30980, 0.93889, 0.37091, 0.85714, 0.14286
1.44936, -4.62611, -0.87126, 4.92550, -1.26718, 1.74862, 8.00000, 340014.00000, 33817.00000, 168002.50000, 8757153357.50000, 93579.66316, 0.94766, -0.38457, 1.17386, 0.21070, 0.87500, 0.12500
-0.72621, -4.85499, -0.43811, 4.92852, -1.71928, 1.65981, 33.00000, 378652.00000, 23041.00000, 132332.60606, 9369040936.17814, 96793.80629, 0.91102, 0.11238, 0.80685, 0.08077, 1.00000, 0.00000
-2.05481, -4.45876, -0.43315, 4.92853, -2.00263, 1.65880, 53.00000, 490641.00000, 13998.00000, 102850.32075, 11850996232.67070, 108862.28104, 0.90081, 0.28433, 0.64502, 0.07065, 1.00000, 0.00000
-1.50894, -4.37124, -1.70460, 4.92852, -1.90319, 1.92396, 42.00000, 435020.00000, 19211.00000, 118876.66667, 9789866319.93651, 98943.75331, 0.91102, 0.19128, 0.57970, 0.22901, 1.00000, 0.00000
-1.44936, -4.62611, -0.87126, 4.92550, -1.87441, 1.74862, 35.00000, 491661.00000, 17007.00000, 126961.08571, 16557672642.93551, 128676.62042, 0.94766, 0.21738, 0.66353, 0.11910, 0.94286, 0.05714
0.78273, -3.92241, -2.87963, 4.92852, -1.37383, 2.19479, 9.00000, 442461.00000, 71552.00000, 215146.88889, 14535274992.54321, 120562.32825, 0.91102, -0.12779, 0.65841, 0.46938, 0.88889, 0.11111
-0.78273, -3.92241, -2.87963, 4.92852, -1.76776, 2.19479, 22.00000, 470658.00000, 44975.00000, 163442.81818, 9398052940.96694, 96943.55544, 0.91102, 0.10178, 0.52439, 0.37383, 0.95455, 0.04545
0.00000, -3.18882, -3.75791, 4.92853, -1.57080, 2.43793, 13.00000, 459648.00000, 45141.00000, 210252.00000, 13076835598.76923, 114353.99249, 0.90081, 0.00000, 0.46930, 0.53070, 0.92308, 0.07692
0.00000, -3.73035, -3.21637, 4.92550, -1.57080, 2.28234, 3.00000, 395628.00000, 101967.00000, 207044.33333, 17859451006.88889, 133639.25698, 0.94766, -0.00000, 0.52918, 0.47082, 1.00000, 0.00000
0.00000, -4.83686, -0.87622, 4.91558, -1.57080, 1.75001, 11.00000, 365360.00000, 64084.00000, 148788.09091, 7555836347.90083, 86924.31391, 1.08598, -0.00000, 0.84303, 0.15697, 1.00000, 0.00000
-0.78579, -4.35121, -2.14766, 4.91558, -1.74946, 2.02296, 19.00000, 388322.00000, 39911.00000, 143466.57895, 7817975104.45429, 88419.31409, 1.08598, 0.10538, 0.60022, 0.29439, 1.00000, 0.00000
0.78579, -4.35121, -2.14766, 4.91558, -1.39213, 2.02296, 5.00000, 305060.00000, 98803.00000, 177792.00000, 5573154608.80000, 74653.56394, 1.08598, -0.13352, 0.76051, 0.37301, 1.00000, 0.00000
0.00000, -4.58794, -1.75244, 4.91123, -1.57080, 1.93566, 12.00000, 429190.00000, 35840.00000, 231051.33333, 21376193130.55556, 146205.99554, 1.14286, -0.00000, 0.72361, 0.27639, 0.83333, 0.16667
2.75567, -4.02561, -0.70086, 4.92853, -0.97053, 1.71348, 2.00000, 446561.00000, 155127.00000, 300844.00000, 21233444089.00000, 145717.00000, 0.90081, -1.37444, 1.98030, 0.39414, 1.00000, 0.00000
2.21782, -3.93313, -1.97536, 4.92852, -1.05736, 1.98319, 6.00000, 430866.00000, 137929.00000, 281421.66667, 7742942596.22222, 87993.99182, 0.91102, -0.60432, 1.05443, 0.54989, 0.66667, 0.33333
3.48430, -3.15040, -1.49161, 4.92852, -0.73511, 1.87827, 2.00000, 276336.00000, 239530.00000, 257933.00000, 338670409.00000, 18403.00000, 0.91102, -2.88604, 2.59457, 1.29147, 0.50000, 0.50000
2.85909, -3.75484, -1.40973, 4.92550, -0.92001, 1.86107, 3.00000, 417654.00000, 228814.00000, 349783.33333, 7353158467.55555, 85750.55958, 0.94766, -1.25387, 1.66465, 0.58922, 0.66667, 0.33333
1.49161, -3.48430, -3.15040, 4.92852, -1.16631, 2.26428, 5.00000, 368661.00000, 90854.00000, 214678.40000, 13171410861.84000, 114766.76724, 0.91102, -0.30829, 0.68893, 0.61936, 0.80000, 0.20000
0.70086, -2.75567, -4.02561, 4.92853, -1.32174, 2.52663, 6.00000, 403588.00000, 186253.00000, 277724.50000, 4816190044.91667, 69398.77553, 0.90081, -0.13313, 0.46424, 0.66888, 0.83333, 0.16667
1.97536, -2.21782, -3.93313, 4.92852, -0.84316, 2.49482, 5.00000, 487737.00000, 305477.00000, 378680.60000, 6192822045.84000, 78694.48549, 0.91102, -0.49591, 0.54500, 0.95092, 0.20000, 0.80000
1.40973, -2.85909, -3.75484, 4.92550, -1.11271, 2.43770, 5.00000, 418823.00000, 67718.00000, 192771.60000, 14456013295.44000, 120233.16221, 0.94766, -0.25296, 0.53830, 0.71466, 0.80000, 0.20000
3.93313, -1.97536, -2.21782, 4.92852, -0.46544, 2.03756, 11.00000, 427995.00000, 134419.00000, 285358.18182, 9686111549.60330, 98418.04484, 0.91102, -10.56672, 5.51065, 6.05607, 0.18182, 0.81818
3.15040, -1.49161, -3.48430, 4.92852, -0.44220, 2.35600, 6.00000, 457238.00000, 122599.00000, 308778.00000, 21587186686.66667, 146925.78632, 0.91102, -1.63909, 0.81587, 1.82322, 0.16667, 0.83333
4.02561, -0.70086, -2.75567, 4.92853, -0.17237, 2.16413, 17.00000, 492219.00000, 46946.00000, 230724.47059, 12984932006.36678, 113951.44583, 0.90081, 9.35336, -1.86160, -6.49176, 0.05882, 0.94118
3.75484, -1.40973, -2.85909, 4.92550, -0.35916, 2.19010, 3.00000, 312549.00000, 116764.00000, 187878.33333, 7822768124.22222, 88446.41386, 0.94766, -9.32863, 3.30198, 7.02665, 0.00000, 1.00000
2.20355, -3.47499, -2.68919, 4.91558, -1.00567, 2.14966, 2.00000, 144492.00000, 90737.00000, 117614.50000, 722400006.25000, 26877.50000, 1.08598, -0.56481, 0.87972, 0.68510, 1.00000, 0.00000
2.68919, -2.20355, -3.47499, 4.91558, -0.68646, 2.35595, 2.00000, 431686.00000, 392889.00000, 412287.50000, 376301802.25000, 19398.50000, 1.08598, -0.90211, 0.74373, 1.15838, 0.50000, 0.50000
3.47499, -2.68919, -2.20355, 4.91558, -0.65860, 2.03563, 3.00000, 391408.00000, 195784.00000, 302786.00000, 6547037096.00000, 80913.76333, 1.08598, -2.37638, 1.85065, 1.52573, 0.33333, 0.66667
2.83550, -2.83550, -2.83550, 4.91123, -0.78540, 2.18628, 3.00000, 401729.00000, 244956.00000, 300877.33333, 5105663014.88889, 71453.92232, 1.14286, -1.00000, 1.00000, 1.00000, 0.66667, 0.33333
3.18882, -3.75791, 0.00000, 4.92853, -0.86714, 1.57080, 2.00000, 346868.00000, 205854.00000, 276361.00000, 4971237049.00000, 70507.00000, 0.90081, -7.64229, 8.64229, -0.00000, 1.00000, 0.00000
3.92241, -2.87963, -0.78273, 4.92852, -0.63328, 1.73029, 3.00000, 393789.00000, 228923.00000, 310287.00000, 4532418514.66667, 67323.23904, 0.91102, 10.75154, -7.66476, -2.08678, 0.66667, 0.33333
3.92241, -2.87963, 0.78273, 4.92852, -0.63328, 1.41130, 8.00000, 494216.00000, 90019.00000, 307669.75000, 11355480641.43750, 106562.09758, 0.91102, 2.07817, -1.48153, 0.40335, 0.50000, 0.50000
3.73035, -3.21637, 0.00000, 4.92550, -0.71154, 1.57080, 4.00000, 456171.00000, 65339.00000, 346574.75000, 26731872896.18750, 163498.84677, 0.94766, 9.06739, -8.06739, 0.00000, 0.50000, 0.50000
4.37124, -1.70460, -1.50894, 4.92852, -0.37182, 1.88196, 3.00000, 235277.00000, 116989.00000, 169115.66667, 2430494424.88889, 49300.04488, 0.91102, 3.63662, -1.43665, -1.19997, 0.00000, 1.00000
4.45876, -0.43315, -2.05481, 4.92853, -0.09684, 2.00085, 5.00000, 187735.00000, 129797.00000, 156659.00000, 505719588.80000, 22488.21000, 0.90081, 2.22389, -0.24359, -0.98030, 0.00000, 1.00000
4.85499, -0.43811, -0.72621, 4.92852, -0.09000, 1.71868, 1.00000, 233270.00000, 233270.00000, 233270.00000, 0.00000, 0.00000, 0.91102, 1.31474, -0.13162, -0.18312, 0.00000, 1.00000
4.62611, -0.87126, -1.44936, 4.92550, -0.18616, 1.86947, 5.00000, 391816.00000, 148433.00000, 261825.00000, 6914795038.00000, 83155.24661, 0.94766, 2.02881, -0.36416, -0.66465, 0.00000, 1.00000
4.37124, -1.70460, 1.50894, 4.92852, -0.37182, 1.25963, 3.00000, 353076.00000, 122038.00000, 230141.33333, 9006410464.88889, 94902.10991, 0.91102, 1.06961, -0.42255, 0.35294, 0.33333, 0.66667
4.85499, -0.43811, 0.72621, 4.92852, -0.09000, 1.42291, 7.00000, 439205.00000, 78180.00000, 268588.42857, 11722054540.24490, 108268.43741, 0.91102, 0.96230, -0.09634, 0.13403, 0.14286, 0.85714
4.45876, -0.43315, 2.05481, 4.92853, -0.09684, 1.14074, 3.00000, 469325.00000, 270978.00000, 365800.66667, 6594781569.55555, 81208.26048, 0.90081, 0.75116, -0.08228, 0.33112, 0.00000, 1.00000
4.62611, -0.87126, 1.44936, 4.92550, -0.18616, 1.27212, 3.00000, 304942.00000, 215672.00000, 250322.33333, 1527575953.55556, 39084.21617, 0.94766, 0.87099, -0.15634, 0.28534, 0.33333, 0.66667
4.35121, -2.14766, -0.78579, 4.91558, -0.45850, 1.73134, 5.00000, 495649.00000, 128825.00000, 323118.80000, 15843301600.16000, 125870.17756, 1.08598, 2.99442, -1.46868, -0.52573, 0.20000, 0.80000
4.83686, -0.87622, 0.00000, 4.91558, -0.17921, 1.57080, 4.00000, 243203.00000, 138550.00000, 191561.75000, 1459240673.18750, 38200.00881, 1.08598, 1.22879, -0.22879, 0.00000, 0.00000, 1.00000
4.35121, -2.14766, 0.78579, 4.91558, -0.45850, 1.41025, 1.00000, 174438.00000, 174438.00000, 174438.00000, 0.00000, 0.00000, 1.08598, 1.45965, -0.71592, 0.25627, 0.00000, 1.00000
4.58794, -1.75244, 0.00000, 4.91123, -0.36486, 1.57080, 5.00000, 480610.00000, 231605.00000, 359698.60000, 8766253465.84000, 93628.27279, 1.14286, 1.61803, -0.61803, 0.00000, 0.20000, 0.80000
0.43315, -2.05481, 4.45876, 4.92853, -1.36304, 0.44016, 8.00000, 489807.00000, 128797.00000, 326604.87500, 16092163818.85938, 126854.89277, 0.90081, 0.16379, -0.65917, 1.49537, 1.00000, 0.00000
1.70460, -1.50894, 4.37124, 4.92852, -0.72459, 0.48015, 3.00000, 328513.00000, 125557.00000, 205861.00000, 7761866208.00000, 88101.45406, 0.91102, 0.37091, -0.30980, 0.93889, 1.00000, 0.00000
0.43811, -0.72621, 4.85499, 4.92852, -1.02797, 0.17295, 8.00000, 336188.00000, 58105.00000, 179021.75000, 7348176320.43750, 85721.50442, 0.91102, 0.10419, -0.14496, 1.04077, 1.00000, 0.00000
0.87126, -1.44936, 4.62611, 4.92550, -1.02954, 0.35046, 2.00000, 409997.00000, 248327.00000, 329162.00000, 6534297225.00000, 80835.00000, 0.94766, 0.21070, -0.38457, 1.17386, 0.50000, 0.50000
2.87963, -0.78273, 3.92241, 4.92852, -0.26540, 0.65037, 3.00000, 350277.00000, 296733.00000, 314618.33333, 635772344.88889, 25214.52647, 0.91102, 0.46938, -0.12779, 0.65841, 0.66667, 0.33333
3.75791, 0.00000, 3.18882, 4.92853, 0.00000, 0.86714, 2.00000, 460956.00000, 179920.00000, 320438.00000, 19745308324.00000, 140518.00000, 0.90081, 0.53070, -0.00000, 0.46930, 0.50000, 0.50000
2.87963, 0.78273, 3.92241, 4.92852, 0.26540, 0.65037, 5.00000, 431741.00000, 188440.00000, 275381.40000, 6948730957.04000, 83359.04844, 0.91102, 0.37383, 0.10178, 0.52439, 0.60000, 0.40000
3.21637, 0.00000, 3.73035, 4.92550, 0.00000, 0.71154, 2.00000, 260742.00000, 240386.00000, 250564.00000, 103591684.00000, 10178.00000, 0.94766, 0.47082, -0.00000, 0.52918, 0.50000, 0.50000
0.43811, 0.72621, 4.85499, 4.92852, 1.02797, 0.17295, 3.00000, 333037.00000, 240522.00000, 273984.66667, 1753919724.22222, 41879.82479, 0.91102, 0.08077, 0.11238, 0.80685, 0.66667, 0.33333
1.70460, 1.50894, 4.37124, 4.92852, 0.72459, 0.48015, 3.00000, 480969.00000, 180579.00000, 343788.33333, 15377771094.22222, 124007.14130, 0.91102, 0.22901, 0.19128, 0.57970, 0.33333, 0.66667
0.43315, 2.05481, 4.45876, 4.92853, 1.36304, 0.44016, 4.00000, 390866.00000, 203104.00000, 274289.75000, 5159744408.18750, 71831.36090, 0.90081, 0.07065, 0.28433, 0.64502, 0.25000, 0.75000
0.87126, 1.44936, 4.62611, 4.92550, 1.02954, 0.35046, 4.00000, 228306.00000, 130389.00000, 178259.00000, 1812309703.50000, 42571.23094, 0.94766, 0.11910, 0.21738, 0.66353, 0.00000, 1.00000
2.14766, -0.78579, 4.35121, 4.91558, -0.35075, 0.48390, 5.00000, 330311.00000, 171218.00000, 237701.00000, 3193942441.60000, 56514.97537, 1.08598, 0.37301, -0.13352, 0.76051, 0.40000, 0.60000
2.14766, 0.78579, 4.35121, 4.91558, 0.35075, 0.48390, 1.00000, 429799.00000, 429799.00000, 429799.00000, 0.00000, 0.00000, 1.08598, 0.29439, 0.10538, 0.60022, 0.00000, 1.00000
0.87622, 0.00000, 4.83686, 4.91558, 0.00000, 0.17921, 4.00000, 375131.00000, 154551.00000, 269705.75000, 8700452622.68750, 93276.21681, 1.08598, 0.15697, -0.00000, 0.84303, 1.00000, 0.00000
1.75244, 0.00000, 4.58794, 4.91123, 0.00000, 0.36486, 2.00000, 452171.00000, 203637.00000, 327904.00000, 15442287289.00000, 124267.00000, 1.14286, 0.27639, 0.00000, 0.72361, 0.00000, 1.00000
-2.75567, -4.02561, 0.70086, 4.92853, -2.17107, 1.42811, 123.00000, 475873.00000, 6729.00000, 76021.14634, 6579132900.98671, 81111.85426, 0.90081, 0.46424, 0.66888, -0.13313, 1.00000, 0.00000
-2.21782, -3.93313, 1.97536, 4.92852, -2.08423, 1.15840, 69.00000, 485639.00000, 12362.00000, 108151.10145, 12488083548.72884, 111750.09418, 0.91102, 0.54500, 0.95092, -0.49591, 0.98551, 0.01449
-3.48430, -3.15040, 1.49161, 4.92852, -2.40648, 1.26333, 150.00000, 478936.00000, 8215.00000, 74707.44000, 7656777849.85973, 87503.01623, 0.91102, 0.68893, 0.61936, -0.30829, 0.99333, 0.00667
-2.85909, -3.75484, 1.40973, 4.92550, -2.22158, 1.28053, 103.00000, 472469.00000, 7120.00000, 81336.95146, 8007489673.21124, 89484.57785, 0.94766, 0.53830, 0.71466, -0.25296, 0.99029, 0.00971
-1.49161, -3.48430, 3.15040, 4.92852, -1.97528, 0.87732, 30.00000, 465515.00000, 22586.00000, 123302.63333, 12060569935.16556, 109820.62618, 0.91102, 0.81587, 1.82322, -1.63909, 1.00000, 0.00000
-0.70086, -2.75567, 4.02561, 4.92853, -1.81985, 0.61496, 18.00000, 333010.00000, 45472.00000, 138675.27778, 7020568408.31173, 83788.83224, 0.90081, -1.86160, -6.49176, 9.35336, 1.00000, 0.00000
-1.97536, -2.21782, 3.93313, 4.92852, -2.29844, 0.64677, 32.00000, 426960.00000, 17791.00000, 181021.93750, 9710618548.87109, 98542.47079, 0.91102, 5.51065, 6.05607, -10.56672, 1.00000, 0.00000
-1.40973, -2.85909, 3.75484, 4.92550, -2.02888, 0.70390, 23.00000, 454055.00000, 45467.00000, 158534.60870, 14077850221.54253, 118650.11682, 0.94766, 3.30198, 7.02665, -9.32863, 1.00000, 0.00000
-3.93313, -1.97536, 2.21782, 4.92852, -2.67616, 1.10403, 107.00000, 499001.00000, 9058.00000, 103570.88785, 11737633562.11827, 108340.35980, 0.91102, 1.05443, 0.54989, -0.60432, 1.00000, 0.00000
-3.15040, -1.49161, 3.48430, 4.92852, -2.69940, 0.78559, 45.00000, 465386.00000, 23774.00000, 141108.08889, 14191290724.34765, 119127.20396, 0.91102, 2.59457, 1.29147, -2.88604, 1.00000, 0.00000
-4.02561, -0.70086, 2.75567, 4.92853, -2.96922, 0.97747, 34.00000, 462080.00000, 14590.00000, 141088.23529, 15117357196.53287, 122952.66242, 0.90081, 1.98030, 0.39414, -1.37444, 1.00000, 0.00000
-3.75484, -1.40973, 2.85909, 4.92550, -2.78243, 0.95149, 39.00000, 491998.00000, 18013.00000, 151392.46154, 16220124719.78698, 127358.25344, 0.94766, 1.66465, 0.58922, -1.25387, 1.00000, 0.00000
-2.20355, -3.47499, 2.68919, 4.91558, -2.13592, 0.99193, 47.00000, 432427.00000, 17452.00000, 109769.04255, 6993259837.14713, 83625.71278, 1.08598, 0.74373, 1.15838, -0.90211, 1.00000, 0.00000
-2.68919, -2.20355, 3.47499, 4.91558, -2.45513, 0.78564, 29.00000, 419353.00000, 18966.00000, 132859.06897, 11889143778.20214, 109037.35038, 1.08598, 1.85065, 1.52573, -2.37638, 1.00000, 0.00000
-3.47499, -2.68919, 2.20355, 4.91558, -2.48299, 1.10596, 64.00000, 439892.00000, 9242.00000, 105371.65625, 9804991551.28809, 99020.15730, 1.08598, 0.87972, 0.68510, -0.56481, 1.00000, 0.00000
-2.83550, -2.83550, 2.83550, 4.91123, -2.35619, 0.95532, 52.00000, 495694.00000, 14596.00000, 103741.78846, 9904200721.82064, 99519.85089, 1.14286, 1.00000, 1.00000, -1.00000, 1.00000, 0.00000
-0.70086, -2.75567, -4.02561, 4.92853, -1.81985, 2.52663, 7.00000, 436412.00000, 60896.00000, 270265.28571, 22896656797.91837, 151316.41285, 0.90081, 0.10514, 0.36663, 0.52824, 0.85714, 0.14286
-1.49161, -3.48430, -3.15040, 4.92852, -1.97528, 2.26428, 21.00000, 431688.00000, 81255.00000, 234786.80952, 13127903493.67801, 114577.06356, 0.91102, 0.19070, 0.42617, 0.38313, 1.00000, 0.00000
-1.97536, -2.21782, -3.93313, 4.92852, -2.29844, 2.49482, 15.00000, 448832.00000, 53470.00000, 195463.46667, 18932845561.31556, 137596.67714, 0.91102, 0.24897, 0.27362, 0.47741, 0.86667, 0.13333
-1.40973, -2.85909, -3.75484, 4.92550, -2.02888, 2.43770, 13.00000, 415208.00000, 57823.00000, 162312.92308, 10308605123.60947, 101531.30120, 0.94766, 0.16798, 0.35746, 0.47456, 0.92308, 0.07692
-2.21782, -3.93313, -1.97536, 4.92852, -2.08423, 1.98319, 48.00000, 470206.00000, 9980.00000, 131760.39583, 13158647983.36415, 114711.15021, 0.91102, 0.27362, 0.47741, 0.24897, 1.00000, 0.00000
-2.75567, -4.02561, -0.70086, 4.92853, -2.17107, 1.71348, 82.00000, 493847.00000, 11315.00000, 108086.85366, 11820353007.00298, 108721.44686, 0.90081, 0.36663, 0.52824, 0.10514, 1.00000, 0.00000
-3.48430, -3.15040, -1.49161, 4.92852, -2.40648, 1.87827, 84.00000, 430229.00000, 10273.00000, 91092.83333, 9126015067.18651, 95530.17883, 0.91102, 0.42617, 0.38313, 0.19070, 1.00000, 0.00000
-2.85909, -3.75484, -1.40973, 4.92550, -2.22158, 1.86107, 48.00000, 354409.00000, 9742.00000, 75644.58333, 5573412025.65972, 74655.28800, 0.94766, 0.35746, 0.47456, 0.16798, 1.00000, 0.00000
-3.15040, -1.49161, -3.48430, 4.92852, -2.69940, 2.35600, 21.00000, 412377.00000, 32122.00000, 156722.23810, 8598228574.94331, 92726.63358, 0.91102, 0.38313, 0.19070, 0.42617, 1.00000, 0.00000
-3.93313, -1.97536, -2.21782, 4.92852, -2.67616, 2.03756, 45.00000, 455147.00000, 14651.00000, 133251.88889, 9840360808.58765, 99198.59278, 0.91102, 0.47741, 0.24897, 0.27362, 0.95556, 0.04444
-4.02561, -0.70086, -2.75567, 4.92853, -2.96922, 2.16413, 16.00000, 470461.00000, 25874.00000, 195917.68750, 16200678650.21484, 127281.88658, 0.90081, 0.52824, 0.10514, 0.36663, 1.00000, 0.00000
-3.75484, -1.40973, -2.85909, 4.92550, -2.78243, 2.19010, 27.00000, 376813.00000, 48255.00000, 155378.48148, 9290147684.84225, 96385.41220, 0.94766, 0.47456, 0.16798, 0.35746, 1.00000, 0.00000
-2.20355, -3.47499, -2.68919, 4.91558, -2.13592, 2.14966, 25.00000, 481041.00000, 20435.00000, 164758.84000, 14766845587.33440, 121518.91041, 1.08598, 0.26522, 0.41309, 0.32170, 1.00000, 0.00000
-3.47499, -2.68919, -2.20355, 4.91558, -2.48299, 2.03563, 34.00000, 375260.00000, 21582.00000, 149263.05882, 10917936714.40831, 104488.93106, 1.08598, 0.41309, 0.32170, 0.26522, 1.00000, 0.00000
-2.68919, -2.20355, -3.47499, 4.91558, -2.45513, 2.35595, 17.00000, 404148.00000, 37359.00000, 140571.52941, 10530810752.24913, 102619.73861, 1.08598, 0.32170, 0.26522, 0.41309, 1.00000, 0.00000
-2.83550, -2.83550, -2.83550, 4.91123, -2.35619, 2.18628, 30.00000, 466255.00000, 24501.00000, 127298.16667, 12883153476.93889, 113503.98000, 1.14286, 0.33333, 0.33333, 0.33333, 0.96667, 0.03333
3.75791, 0.00000, -3.18882, 4.92853, 0.00000, 2.27446, 9.00000, 496464.00000, 114555.00000, 304207.77778, 13280865997.72840, 115242.63967, 0.90081, 8.64229, 0.00000, -7.64229, 0.00000, 1.00000
2.87963, -0.78273, -3.92241, 4.92852, -0.26540, 2.49122, 6.00000, 338775.00000, 111475.00000, 226745.16667, 6933984511.47222, 83270.55009, 0.91102, -1.48153, 0.40335, 2.07817, 0.33333, 0.66667
2.87963, 0.78273, -3.92241, 4.92852, 0.26540, 2.49122, 12.00000, 451647.00000, 42916.00000, 265014.75000, 18572435196.02083, 136280.72203, 0.91102, -7.66476, -2.08678, 10.75154, 0.08333, 0.91667
3.21637, 0.00000, -3.73035, 4.92550, 0.00000, 2.43005, 9.00000, 359797.00000, 86370.00000, 182456.22222, 6218179985.06173, 78855.43726, 0.94766, -8.06739, -0.00000, 9.06739, 0.11111, 0.88889
1.70460, -1.50894, -4.37124, 4.92852, -0.72459, 2.66145, 5.00000, 414377.00000, 71363.00000, 240766.80000, 20568314439.36000, 143416.57658, 0.91102, -0.42255, 0.35294, 1.06961, 0.20000, 0.80000
0.43315, -2.05481, -4.45876, 4.92853, -1.36304, 2.70143, 6.00000, 344008.00000, 137713.00000, 262350.83333, 5164244934.47222, 71862.68110, 0.90081, -0.08228, 0.33112, 0.75116, 0.50000, 0.50000
0.43811, -0.72621, -4.85499, 4.92852, -1.02797, 2.96865, 2.00000, 417402.00000, 272181.00000, 344791.50000, 5272284710.25000, 72610.50000, 0.91102, -0.09634, 0.13403, 0.96230, 0.50000, 0.50000
0.87126, -1.44936, -4.62611, 4.92550, -1.02954, 2.79113, 3.00000, 407869.00000, 291543.00000, 340381.66667, 2429176096.88889, 49286.67261, 0.94766, -0.15634, 0.28534, 0.87099, 1.00000, 0.00000
1.70460, 1.50894, -4.37124, 4.92852, 0.72459, 2.66145, 24.00000, 460757.00000, 60163.00000, 169688.08333, 10593862832.40972, 102926.49237, 0.91102, -1.43665, -1.19997, 3.63662, 0.04167, 0.95833
0.43811, 0.72621, -4.85499, 4.92852, 1.02797, 2.96865, 15.00000, 443653.00000, 51564.00000, 287804.13333, 12038734247.31556, 109721.16590, 0.91102, -0.13162, -0.18312, 1.31474, 0.06667, 0.93333
0.43315, 2.05481, -4.45876, 4.92853, 1.36304, 2.70143, 12.00000, 425276.00000, 47694.00000, 204938.16667, 12978968555.80556, 113925.27619, 0.90081, -0.24359, -0.98030, 2.22389, 0.16667, 0.83333
0.87126, 1.44936, -4.62611, 4.92550, 1.02954, 2.79113, 15.00000, 441769.00000, 37411.00000, 213907.86667, 15406780582.51556, 124124.05320, 0.94766, -0.36416, -0.66465, 2.02881, 0.00000, 1.00000
2.14766, -0.78579, -4.35121, 4.91558, -0.35075, 2.65769, 5.00000, 480005.00000, 120225.00000, 263701.60000, 15368619213.04000, 123970.23519, 1.08598, -0.71592, 0.25627, 1.45965, 0.20000, 0.80000
0.87622, 0.00000, -4.83686, 4.91558, 0.00000, 2.96238, 3.00000, 165145.00000, 67277.00000, 129245.33333, 1936145261.55556, 44001.65067, 1.08598, -0.22879, -0.00000, 1.22879, 0.00000, 1.00000
2.14766, 0.78579, -4.35121, 4.91558, 0.35075, 2.65769, 12.00000, 467551.00000, 112262.00000, 194794.16667, 8714300697.13889, 93350.41884, 1.08598, -1.46868, -0.52573, 2.99442, 0.00000, 1.00000
1.75244, 0.00000, -4.58794, 4.91123, 0.00000, 2.77673, 10.00000, 493044.00000, 115199.00000, 300076.50000, 22155588242.65000, 148847.53355, 1.14286, -0.61803, -0.00000, 1.61803, 0.00000, 1.00000
4.45876, 0.43315, 2.05481, 4.92853, 0.09684, 1.14074, 7.00000, 483449.00000, 162009.00000, 323467.71429, 11057673804.20408, 105155.47444, 0.90081, 0.64502, 0.07065, 0.28433, 0.14286, 0.85714
4.85499, 0.43811, 0.72621, 4.92852, 0.09000, 1.42291, 3.00000, 316305.00000, 81461.00000, 177237.33333, 10129020493.55556, 100643.03500, 0.91102, 0.80685, 0.08077, 0.11238, 0.00000, 1.00000
4.37124, 1.70460, 1.50894, 4.92852, 0.37182, 1.25963, 6.00000, 388891.00000, 54460.00000, 218097.16667, 18000039122.47223, 134164.22445, 0.91102, 0.57970, 0.22901, 0.19128, 0.16667, 0.83333
4.62611, 0.87126, 1.44936, 4.92550, 0.18616, 1.27212, 8.00000, 415308.00000, 118283.00000, 240352.87500, 9317465776.10938, 96527.02096, 0.94766, 0.66353, 0.11910, 0.21738, 0.00000, 1.00000
4.85499, 0.43811, -0.72621, 4.92852, 0.09000, 1.71868, 8.00000, 459372.00000, 102099.00000, 254711.50000, 20257036666.25000, 142327.21689, 0.91102, 1.04077, 0.10419, -0.14496, 0.00000, 1.00000
4.45876, 0.43315, -2.05481, 4.92853, 0.09684, 2.00085, 15.00000, 480353.00000, 46357.00000, 208158.73333, 15897780308.46222, 126086.40017, 0.90081, 1.49537, 0.16379, -0.65917, 0.06667, 0.93333
4.37124, 1.70460, -1.50894, 4.92852, 0.37182, 1.88196, 24.00000, 498397.00000, 43918.00000, 213445.20833, 19819160230.33160, 140780.53925, 0.91102, 0.93889, 0.37091, -0.30980, 0.00000, 1.00000
4.62611, 0.87126, -1.44936, 4.92550, 0.18616, 1.86947, 7.00000, 477818.00000, 82732.00000, 221072.57143, 14812074897.10204, 121704.86801, 0.94766, 1.17386, 0.21070, -0.38457, 0.00000, 1.00000
3.92241, 2.87963, 0.78273, 4.92852, 0.63328, 1.41130, 23.00000, 407423.00000, 45807.00000, 179413.26087, 9808280304.54064, 99036.76239, 0.91102, 0.52439, 0.37383, 0.10178, 0.00000, 1.00000
3.92241, 2.87963, -0.78273, 4.92852, 0.63328, 1.73029, 31.00000, 476627.00000, 40345.00000, 201714.70968, 21613874267.30281, 147016.57821, 0.91102, 0.65841, 0.46938, -0.12779, 0.00000, 1.00000
3.18882, 3.75791, 0.00000, 4.92853, 0.86714, 1.57080, 39.00000, 487521.00000, 18418.00000, 183381.66667, 19424940052.78633, 139373.38359, 0.90081, 0.46930, 0.53070, 0.00000, 0.00000, 1.00000
3.73035, 3.21637, 0.00000, 4.92550, 0.71154, 1.57080, 29.00000, 382722.00000, 34338.00000, 179472.55172, 9078782365.62663, 95282.64462, 0.94766, 0.52918, 0.47082, 0.00000, 0.00000, 1.00000
4.83686, 0.87622, 0.00000, 4.91558, 0.17921, 1.57080, 12.00000, 423090.00000, 49448.00000, 227332.58333, 13919085265.57639, 117979.17302, 1.08598, 0.84303, 0.15697, 0.00000, 0.00000, 1.00000
4.35121, 2.14766, -0.78579, 4.91558, 0.45850, 1.73134, 17.00000, 442857.00000, 109850.00000, 209854.88235, 10267278775.51557, 101327.58151, 1.08598, 0.76051, 0.37301, -0.13352, 0.00000, 1.00000
4.35121, 2.14766, 0.78579, 4.91558, 0.45850, 1.41025, 12.00000, 437283.00000, 89938.00000, 208997.50000, 9966535547.58333, 99832.53752, 1.08598, 0.60022, 0.29439, 0.10538, 0.00000, 1.00000
4.58794, 1.75244, 0.00000, 4.91123, 0.36486, 1.57080, 18.00000, 486560.00000, 41733.00000, 221569.33333, 16415834131.88889, 128124.29173, 1.14286, 0.72361, 0.27639, -0.00000, 0.00000, 1.00000
