-2.75567, 4.02561, 0.70086, 4.92853, 2.17107, 1.42811, 8.00000, 456713.00000, 139036.00000, 266574.00000, 11043103290.00000, 105086.17078, 0.90081, -1.37444, 1.98030, 0.39414, 0.12500, 0.87500
-3.48430, 3.15040, 1.49161, 4.92852, 2.40648, 1.26333, 1.00000, 311962.00000, 311962.00000, 311962.00000, 0.00000, 0.00000, 0.91102, -2.88604, 2.59457, 1.29147, 1.00000, 0.00000
-2.21782, 3.93313, 1.97536, 4.92852, 2.08423, 1.15840, 8.00000, 385753.00000, 149504.00000, 230766.00000, 4352208646.50000, 65971.27137, 0.91102, -0.60432, 1.05443, 0.54989, 0.12500, 0.87500
-2.85909, 3.75484, 1.40973, 4.92550, 2.22158, 1.28053, 8.00000, 419856.00000, 110965.00000, 268809.00000, 7840247677.00000, 88545.17309, 0.94766, -1.25387, 1.66465, 0.58922, 0.37500, 0.62500
-3.93313, 1.97536, 2.21782, 4.92852, 2.67616, 1.10403, 7.00000, 472052.00000, 163737.00000, 318068.85714, 11630946486.40816, 107846.86591, 0.91102, -10.56672, 5.51065, 6.05607, 0.71429, 0.28571
-4.02561, 0.70086, 2.75567, 4.92853, 2.96922, 0.97747, 5.00000, 445568.00000, 104371.00000, 227641.80000, 14626190810.96000, 120938.78952, 0.90081, 9.35336, -1.86160, -6.49176, 1.00000, 0.00000
-3.15040, 1.49161, 3.48430, 4.92852, 2.69940, 0.78559, 5.00000, 478304.00000, 217212.00000, 335578.20000, 8270149762.16000, 90940.36377, 0.91102, -1.63909, 0.81587, 1.82322, 0.80000, 0.20000
-3.75484, 1.40973, 2.85909, 4.92550, 2.78243, 0.95149, 9.00000, 492668.00000, 117221.00000, 358917.66667, 15369138811.55556, 123972.33083, 0.94766, -9.32863, 3.30198, 7.02665, 0.88889, 0.11111
-1.49161, 3.48430, 3.15040, 4.92852, 1.97528, 0.87732, 1.00000, 205967.00000, 205967.00000, 205967.00000, 0.00000, 0.00000, 0.91102, -0.30829, 0.68893, 0.61936, 0.00000, 1.00000
-1.97536, 2.21782, 3.93313, 4.92852, 2.29844, 0.64677, 2.00000, 496290.00000, 488045.00000, 492167.50000, 16995006.25000, 4122.50000, 0.91102, -0.49591, 0.54500, 0.95092, 0.50000, 0.50000
-0.70086, 2.75567, 4.02561, 4.92853, 1.81985, 0.61496, 1.00000, 263450.00000, 263450.00000, 263450.00000, 0.00000, 0.00000, 0.90081, -0.13313, 0.46424, 0.66888, 0.00000, 1.00000
-1.40973, 2.85909, 3.75484, 4.92550, 2.02888, 0.70390, 1.00000, 164652.00000, 164652.00000, 164652.00000, 0.00000, 0.00000, 0.94766, -0.25296, 0.53830, 0.71466, 0.00000, 1.00000
-3.47499, 2.68919, 2.20355, 4.91558, 2.48299, 1.10596, 1.00000, 235105.00000, 235105.00000, 235105.00000, 0.00000, 0.00000, 1.08598, -2.37638, 1.85065, 1.52573, 1.00000, 0.00000
-2.68919, 2.20355, 3.47499, 4.91558, 2.45513, 0.78564, 2.00000, 182244.00000, 164169.00000, 173206.50000, 81676406.25000, 9037.50000, 1.08598, -0.90211, 0.74373, 1.15838, 1.00000, 0.00000
-2.20355, 3.47499, 2.68919, 4.91558, 2.13592, 0.99193, 3.00000, 438216.00000, 284224.00000, 368082.33333, 4046439248.22222, 63611.62825, 1.08598, -0.56481, 0.87972, 0.68510, 0.00000, 1.00000
-2.83550, 2.83550, 2.83550, 4.91123, 2.35619, 0.95532, 2.00000, 217569.00000, 141314.00000, 179441.50000, 1453706256.25000, 38127.50000, 1.14286, -1.00000, 1.00000, 1.00000, 1.00000, 0.00000
-2.05481, 4.45876, 0.43315, 4.92853, 2.00263, 1.48280, 10.00000, 471406.00000, 51877.00000, 262562.60000, 23016286792.64000, 151711.19534, 0.90081, -0.65917, 1.49537, 0.16379, 0.10000, 0.90000
-1.50894, 4.37124, 1.70460, 4.92852, 1.90319, 1.21764, 4.00000, 453877.00000, 100173.00000, 277503.25000, 18559812941.18750, 136234.40440, 0.91102, -0.30980, 0.93889, 0.37091, 0.00000, 1.00000
-0.72621, 4.85499, 0.43811, 4.92852, 1.71928, 1.48179, 11.00000, 399690.00000, 68432.00000, 226974.90909, 15149598675.71901, 123083.70597, 0.91102, -0.14496, 1.04077, 0.10419, 0.00000, 1.00000
-1.44936, 4.62611, 0.87126, 4.92550, 1.87441, 1.39297, 5.00000, 470950.00000, 78667.00000, 286202.00000, 21508702938.80000, 146658.45676, 0.94766, -0.38457, 1.17386, 0.21070, 0.00000, 1.00000
-0.78273, 3.92241, 2.87963, 4.92852, 1.76776, 0.94680, 3.00000, 372278.00000, 322615.00000, 352919.00000, 470965440.66667, 21701.73819, 0.91102, -0.12779, 0.65841, 0.46938, 0.00000, 1.00000
0.00000, 3.18882, 3.75791, 4.92853, 1.57080, 0.70366, 0.00000, 0.00000, 0.00000, 0.00000, 0.00000, 0.00000, 0.90081, -0.00000, 0.46930, 0.53070, 0.00000, 0.00000
0.78273, 3.92241, 2.87963, 4.92852, 1.37383, 0.94680, 2.00000, 468711.00000, 317237.00000, 392974.00000, 5736093169.00000, 75737.00000, 0.91102, 0.10178, 0.52439, 0.37383, 0.00000, 1.00000
0.00000, 3.73035, 3.21637, 4.92550, 1.57080, 0.85925, 3.00000, 451159.00000, 168035.00000, 263850.00000, 17545442580.66667, 132459.21101, 0.94766, -0.00000, 0.52918, 0.47082, 0.00000, 1.00000
0.72621, 4.85499, 0.43811, 4.92852, 1.42232, 1.48179, 13.00000, 456211.00000, 36222.00000, 240602.23077, 16659492585.71597, 129071.65679, 0.91102, 0.11238, 0.80685, 0.08077, 0.00000, 1.00000
1.50894, 4.37124, 1.70460, 4.92852, 1.23841, 1.21764, 5.00000, 339191.00000, 64182.00000, 165973.20000, 11239691078.16000, 106017.40932, 0.91102, 0.19128, 0.57970, 0.22901, 0.00000, 1.00000
2.05481, 4.45876, 0.43315, 4.92853, 1.13896, 1.48280, 11.00000, 355652.00000, 42695.00000, 200042.00000, 9597805037.09091, 97968.38795, 0.90081, 0.28433, 0.64502, 0.07065, 0.09091, 0.90909
1.44936, 4.62611, 0.87126, 4.92550, 1.26718, 1.39297, 9.00000, 420892.00000, 59673.00000, 244137.55556, 9234677014.24691, 96097.22688, 0.94766, 0.21738, 0.66353, 0.11910, 0.00000, 1.00000
-0.78579, 4.35121, 2.14766, 4.91558, 1.74946, 1.11864, 4.00000, 330842.00000, 183552.00000, 274675.25000, 3189676831.68750, 56477.22401, 1.08598, -0.13352, 0.76051, 0.37301, 0.25000, 0.75000
0.78579, 4.35121, 2.14766, 4.91558, 1.39213, 1.11864, 2.00000, 427829.00000, 249336.00000, 338582.50000, 7964937762.25000, 89246.50000, 1.08598, 0.10538, 0.60022, 0.29439, 0.00000, 1.00000
0.00000, 4.83686, 0.87622, 4.91558, 1.57080, 1.39159, 9.00000, 451989.00000, 74216.00000, 265033.44444, 17250873079.35802, 131342.57908, 1.08598, -0.00000, 0.84303, 0.15697, 0.00000, 1.00000
0.00000, 4.58794, 1.75244, 4.91123, 1.57080, 1.20593, 2.00000, 466744.00000, 240621.00000, 353682.50000, 12782902782.25000, 113061.50000, 1.14286, 0.00000, 0.72361, 0.27639, 0.50000, 0.50000
-2.05481, 4.45876, -0.43315, 4.92853, 2.00263, 1.65880, 7.00000, 210182.00000, 87268.00000, 160152.42857, 1695227490.53061, 41173.14040, 0.90081, -0.98030, 2.22389, -0.24359, 0.00000, 1.00000
-0.72621, 4.85499, -0.43811, 4.92852, 1.71928, 1.65981, 20.00000, 460354.00000, 32276.00000, 204513.80000, 18403277971.46000, 135658.68189, 0.91102, -0.18312, 1.31474, -0.13162, 0.00000, 1.00000
-1.50894, 4.37124, -1.70460, 4.92852, 1.90319, 1.92396, 28.00000, 490852.00000, 37096.00000, 167869.35714, 16373332354.37245, 127958.32272, 0.91102, -1.19997, 3.63662, -1.43665, 0.03571, 0.96429
-1.44936, 4.62611, -0.87126, 4.92550, 1.87441, 1.74862, 18.00000, 460523.00000, 48108.00000, 140387.50000, 10323371288.91667, 101603.99249, 0.94766, -0.66465, 2.02881, -0.36416, 0.00000, 1.00000
0.72621, 4.85499, -0.43811, 4.92852, 1.42232, 1.65981, 24.00000, 479736.00000, 35106.00000, 185821.20833, 13278805372.66493, 115233.69895, 0.91102, 0.13403, 0.96230, -0.09634, 0.00000, 1.00000
2.05481, 4.45876, -0.43315, 4.92853, 1.13896, 1.65880, 20.00000, 496692.00000, 42703.00000, 171678.55000, 15716628728.04750, 125365.97915, 0.90081, 0.33112, 0.75116, -0.08228, 0.00000, 1.00000
1.50894, 4.37124, -1.70460, 4.92852, 1.23841, 1.92396, 27.00000, 295750.00000, 16803.00000, 113430.96296, 6249347181.22085, 79052.81261, 0.91102, 0.35294, 1.06961, -0.42255, 0.00000, 1.00000
1.44936, 4.62611, -0.87126, 4.92550, 1.26718, 1.74862, 33.00000, 346402.00000, 30559.00000, 140159.39394, 5782076820.35996, 76039.96857, 0.94766, 0.28534, 0.87099, -0.15634, 0.00000, 1.00000
-0.78273, 3.92241, -2.87963, 4.92852, 1.76776, 2.19479, 58.00000, 484889.00000, 17445.00000, 145639.36207, 15415054447.12753, 124157.37774, 0.91102, -2.08678, 10.75154, -7.66476, 0.00000, 1.00000
0.78273, 3.92241, -2.87963, 4.92852, 1.37383, 2.19479, 85.00000, 450347.00000, 11697.00000, 99165.80000, 9266823379.99529, 96264.34117, 0.91102, 0.40335, 2.07817, -1.48153, 0.00000, 1.00000
0.00000, 3.18882, -3.75791, 4.92853, 1.57080, 2.43793, 88.00000, 476443.00000, 12634.00000, 106095.60227, 9215908660.71681, 95999.52427, 0.90081, -0.00000, -7.64229, 8.64229, 0.00000, 1.00000
0.00000, 3.73035, -3.21637, 4.92550, 1.57080, 2.28234, 76.00000, 419333.00000, 16299.00000, 99056.34211, 8867536463.06717, 94167.59773, 0.94766, 0.00000, 9.06739, -8.06739, 0.00000, 1.00000
0.00000, 4.83686, -0.87622, 4.91558, 1.57080, 1.75001, 18.00000, 436798.00000, 38542.00000, 178045.77778, 10839715481.50617, 104113.95431, 1.08598, 0.00000, 1.22879, -0.22879, 0.00000, 1.00000
0.78579, 4.35121, -2.14766, 4.91558, 1.39213, 2.02296, 39.00000, 251785.00000, 21387.00000, 90793.87179, 2737343355.23997, 52319.62686, 1.08598, 0.25627, 1.45965, -0.71592, 0.00000, 1.00000
-0.78579, 4.35121, -2.14766, 4.91558, 1.74946, 2.02296, 33.00000, 342813.00000, 14134.00000, 128271.81818, 8132956398.93664, 90182.90525, 1.08598, -0.52573, 2.99442, -1.46868, 0.00000, 1.00000
0.00000, 4.58794, -1.75244, 4.91123, 1.57080, 1.93566, 34.00000, 466440.00000, 33153.00000, 169526.29412, 16767702658.14879, 129490.16433, 1.14286, 0.00000, 1.61803, -0.61803, 0.00000, 1.00000
-2.75567, 4.02561, -0.70086, 4.92853, 2.17107, 1.71348, 12.00000, 394306.00000, 113358.00000, 224535.00000, 10082245094.16667, 100410.38340, 0.90081, -6.49176, 9.35336, -1.86160, 0.16667, 0.83333
-2.21782, 3.93313, -1.97536, 4.92852, 2.08423, 1.98319, 28.00000, 474957.00000, 43994.00000, 171443.39286, 15835773378.23852, 125840.26930, 0.91102, 6.05607, -10.56672, 5.51065, 0.00000, 1.00000
-3.48430, 3.15040, -1.49161, 4.92852, 2.40648, 1.87827, 19.00000, 493569.00000, 44007.00000, 216547.10526, 26625732519.88366, 163173.93333, 0.91102, 1.82322, -1.63909, 0.81587, 0.05263, 0.94737
-2.85909, 3.75484, -1.40973, 4.92550, 2.22158, 1.86107, 11.00000, 344947.00000, 50507.00000, 181053.90909, 10289274714.80992, 101436.06220, 0.94766, 7.02665, -9.32863, 3.30198, 0.18182, 0.81818
-1.49161, 3.48430, -3.15040, 4.92852, 1.97528, 2.26428, 50.00000, 435779.00000, 18357.00000, 133472.56000, 10614778420.72640, 103028.04677, 0.91102, 1.29147, -2.88604, 2.59457, 0.02000, 0.98000
-0.70086, 2.75567, -4.02561, 4.92853, 1.81985, 2.52663, 62.00000, 440045.00000, 17140.00000, 114874.75806, 10139550371.05437, 100695.33441, 0.90081, 0.39414, -1.37444, 1.98030, 0.03226, 0.96774
-1.97536, 2.21782, -3.93313, 4.92852, 2.29844, 2.49482, 35.00000, 493457.00000, 25615.00000, 134841.17143, 10491069870.25632, 102425.92382, 0.91102, 0.54989, -0.60432, 1.05443, 0.05714, 0.94286
-1.40973, 2.85909, -3.75484, 4.92550, 2.02888, 2.43770, 51.00000, 437139.00000, 11737.00000, 127710.31373, 10500788306.56824, 102473.35413, 0.94766, 0.58922, -1.25387, 1.66465, 0.01961, 0.98039
-3.93313, 1.97536, -2.21782, 4.92852, 2.67616, 2.03756, 15.00000, 471847.00000, 78295.00000, 274399.40000, 16039781141.04000, 126648.25755, 0.91102, 0.95092, -0.49591, 0.54500, 0.20000, 0.80000
-3.15040, 1.49161, -3.48430, 4.92852, 2.69940, 2.35600, 17.00000, 420198.00000, 35604.00000, 210376.05882, 16075182385.34948, 126787.94259, 0.91102, 0.61936, -0.30829, 0.68893, 0.29412, 0.70588
-4.02561, 0.70086, -2.75567, 4.92853, 2.96922, 2.16413, 17.00000, 467607.00000, 79274.00000, 255463.82353, 9981814301.91003, 99909.03013, 0.90081, 0.66888, -0.13313, 0.46424, 0.70588, 0.29412
-3.75484, 1.40973, -2.85909, 4.92550, 2.78243, 2.19010, 11.00000, 455238.00000, 49238.00000, 291137.54545, 19597423925.52066, 139990.79943, 0.94766, 0.71466, -0.25296, 0.53830, 0.36364, 0.63636
-2.20355, 3.47499, -2.68919, 4.91558, 2.13592, 2.14966, 19.00000, 490441.00000, 18927.00000, 200087.94737, 20948394811.73407, 144735.60312, 1.08598, 1.52573, -2.37638, 1.85065, 0.05263, 0.94737
-2.68919, 2.20355, -3.47499, 4.91558, 2.45513, 2.35595, 20.00000, 423951.00000, 26778.00000, 183667.65000, 17031341981.42750, 130504.18377, 1.08598, 0.68510, -0.56481, 0.87972, 0.15000, 0.85000
-3.47499, 2.68919, -2.20355, 4.91558, 2.48299, 2.03563, 8.00000, 375847.00000, 118642.00000, 236749.12500, 10973709175.10938, 104755.47325, 1.08598, 1.15838, -0.90211, 0.74373, 0.25000, 0.75000
-2.83550, 2.83550, -2.83550, 4.91123, 2.35619, 2.18628, 22.00000, 323632.00000, 39078.00000, 164644.22727, 6450149290.81198, 80312.82146, 1.14286, 1.00000, -1.00000, 1.00000, 0.09091, 0.90909
-3.18882, 3.75791, 0.00000, 4.92853, 2.27446, 1.57080, 13.00000, 496767.00000, 114561.00000, 293310.76923, 14085140327.25444, 118680.83387, 0.90081, -7.64229, 8.64229, 0.00000, 0.15385, 0.84615
-3.92241, 2.87963, -0.78273, 4.92852, 2.50831, 1.73029, 10.00000, 490570.00000, 67269.00000, 277234.80000, 20160706013.96000, 141988.40098, 0.91102, 2.07817, -1.48153, 0.40335, 0.50000, 0.50000
-3.92241, 2.87963, 0.78273, 4.92852, 2.50831, 1.41130, 6.00000, 449023.00000, 85505.00000, 245248.33333, 17103133346.22222, 130778.94841, 0.91102, 10.75154, -7.66476, -2.08678, 0.66667, 0.33333
-3.73035, 3.21637, 0.00000, 4.92550, 2.43005, 1.57080, 1.00000, 155461.00000, 155461.00000, 155461.00000, 0.00000, 0.00000, 0.94766, 9.06739, -8.06739, -0.00000, 0.00000, 1.00000
-4.37124, 1.70460, -1.50894, 4.92852, 2.76977, 1.88196, 20.00000, 474377.00000, 124523.00000, 318239.80000, 11481821165.76000, 107153.26017, 0.91102, 1.06961, -0.42255, 0.35294, 0.55000, 0.45000
-4.45876, 0.43315, -2.05481, 4.92853, 3.04475, 2.00085, 8.00000, 426198.00000, 87611.00000, 254696.62500, 14747942126.23438, 121441.10559, 0.90081, 0.75116, -0.08228, 0.33112, 0.62500, 0.37500
-4.85499, 0.43811, -0.72621, 4.92852, 3.05160, 1.71868, 21.00000, 498406.00000, 81114.00000, 266735.66667, 15251881753.26984, 123498.50911, 0.91102, 0.96230, -0.09634, 0.13403, 0.90476, 0.09524
-4.62611, 0.87126, -1.44936, 4.92550, 2.95544, 1.86947, 15.00000, 470441.00000, 64055.00000, 269249.26667, 17201827326.72889, 131155.73692, 0.94766, 0.87099, -0.15634, 0.28534, 0.80000, 0.20000
-4.37124, 1.70460, 1.50894, 4.92852, 2.76977, 1.25963, 7.00000, 470993.00000, 78220.00000, 264750.42857, 21423051927.67347, 146366.15704, 0.91102, 3.63662, -1.43665, -1.19997, 0.85714, 0.14286
-4.85499, 0.43811, 0.72621, 4.92852, 3.05160, 1.42291, 15.00000, 436687.00000, 101571.00000, 202729.13333, 8086281862.64889, 89923.75583, 0.91102, 1.31474, -0.13162, -0.18312, 0.86667, 0.13333
-4.45876, 0.43315, 2.05481, 4.92853, 3.04475, 1.14074, 8.00000, 238672.00000, 54996.00000, 146989.12500, 4793980610.35938, 69238.57747, 0.90081, 2.22389, -0.24359, -0.98030, 1.00000, 0.00000
-4.62611, 0.87126, 1.44936, 4.92550, 2.95544, 1.27212, 8.00000, 425758.00000, 112319.00000, 282920.62500, 13212811008.98438, 114946.99217, 0.94766, 2.02881, -0.36416, -0.66465, 0.87500, 0.12500
-4.35121, 2.14766, -0.78579, 4.91558, 2.68310, 1.73134, 9.00000, 455835.00000, 92526.00000, 234517.55556, 10101061910.02469, 100504.03927, 1.08598, 1.45965, -0.71592, 0.25627, 0.55556, 0.44444
-4.83686, 0.87622, 0.00000, 4.91558, 2.96238, 1.57080, 6.00000, 480645.00000, 139781.00000, 247683.33333, 14442001012.22222, 120174.87679, 1.08598, 1.22879, -0.22879, -0.00000, 0.83333, 0.16667
-4.35121, 2.14766, 0.78579, 4.91558, 2.68310, 1.41025, 4.00000, 444022.00000, 319527.00000, 353657.00000, 2727978614.50000, 52230.05471, 1.08598, 2.99442, -1.46868, -0.52573, 0.75000, 0.25000
-4.58794, 1.75244, 0.00000, 4.91123, 2.77673, 1.57080, 11.00000, 353467.00000, 107134.00000, 229934.63636, 8117581347.86777, 90097.62121, 1.14286, 1.61803, -0.61803, -0.00000, 0.54545, 0.45455
2.75567, 4.02561, 0.70086, 4.92853, 0.97053, 1.42811, 4.00000, 437403.00000, 96365.00000, 270974.00000, 25036585678.50000, 158229.53479, 0.90081, 0.36663, 0.52824, 0.10514, 0.00000, 1.00000
2.21782, 3.93313, 1.97536, 4.92852, 1.05736, 1.15840, 5.00000, 414558.00000, 72003.00000, 244844.80000, 19962296542.96000, 141287.99150, 0.91102, 0.27362, 0.47741, 0.24897, 0.00000, 1.00000
3.48430, 3.15040, 1.49161, 4.92852, 0.73511, 1.26333, 8.00000, 338773.00000, 99574.00000, 245107.37500, 6157291555.23438, 78468.41119, 0.91102, 0.42617, 0.38313, 0.19070, 0.00000, 1.00000
2.85909, 3.75484, 1.40973, 4.92550, 0.92001, 1.28053, 10.00000, 442392.00000, 87946.00000, 260723.80000, 16092382042.56000, 126855.75290, 0.94766, 0.35746, 0.47456, 0.16798, 0.00000, 1.00000
1.49161, 3.48430, 3.15040, 4.92852, 1.16631, 0.87732, 2.00000, 492429.00000, 188704.00000, 340566.50000, 23062218906.25000, 151862.50000, 0.91102, 0.19070, 0.42617, 0.38313, 0.50000, 0.50000
0.70086, 2.75567, 4.02561, 4.92853, 1.32174, 0.61496, 3.00000, 460963.00000, 196863.00000, 290493.33333, 14576943240.22222, 120735.01249, 0.90081, 0.10514, 0.36663, 0.52824, 0.33333, 0.66667
1.97536, 2.21782, 3.93313, 4.92852, 0.84316, 0.64677, 2.00000, 200396.00000, 169813.00000, 185104.50000, 233829972.25000, 15291.50000, 0.91102, 0.24897, 0.27362, 0.47741, 0.00000, 1.00000
1.40973, 2.85909, 3.75484, 4.92550, 1.11271, 0.70390, 1.00000, 163972.00000, 163972.00000, 163972.00000, 0.00000, 0.00000, 0.94766, 0.16798, 0.35746, 0.47456, 0.00000, 1.00000
3.93313, 1.97536, 2.21782, 4.92852, 0.46544, 1.10403, 2.00000, 389940.00000, 219845.00000, 304892.50000, 7233077256.25000, 85047.50000, 0.91102, 0.47741, 0.24897, 0.27362, 0.00000, 1.00000
3.15040, 1.49161, 3.48430, 4.92852, 0.44220, 0.78559, 0.00000, 0.00000, 0.00000, 0.00000, 0.00000, 0.00000, 0.91102, 0.38313, 0.19070, 0.42617, 0.00000, 0.00000
4.02561, 0.70086, 2.75567, 4.92853, 0.17237, 0.97747, 0.00000, 0.00000, 0.00000, 0.00000, 0.00000, 0.00000, 0.90081, 0.52824, 0.10514, 0.36663, 0.00000, 0.00000
3.75484, 1.40973, 2.85909, 4.92550, 0.35916, 0.95149, 1.00000, 398387.00000, 398387.00000, 398387.00000, 0.00000, 0.00000, 0.94766, 0.47456, 0.16798, 0.35746, 0.00000, 1.00000
2.20355, 3.47499, 2.68919, 4.91558, 1.00567, 0.99193, 1.00000, 219984.00000, 219984.00000, 219984.00000, 0.00000, 0.00000, 1.08598, 0.26522, 0.41309, 0.32170, 0.00000, 1.00000
2.68919, 2.20355, 3.47499, 4.91558, 0.68646, 0.78564, 1.00000, 453505.00000, 453505.00000, 453505.00000, 0.00000, 0.00000, 1.08598, 0.32170, 0.26522, 0.41309, 0.00000, 1.00000
3.47499, 2.68919, 2.20355, 4.91558, 0.65860, 1.10596, 2.00000, 143761.00000, 122160.00000, 132960.50000, 116650800.25000, 10800.50000, 1.08598, 0.41309, 0.32170, 0.26522, 0.00000, 1.00000
2.83550, 2.83550, 2.83550, 4.91123, 0.78540, 0.95532, 2.00000, 285188.00000, 157780.00000, 221484.00000, 4058199616.00000, 63704.00000, 1.14286, 0.33333, 0.33333, 0.33333, 0.00000, 1.00000
-0.43315, 2.05481, 4.45876, 4.92853, 1.77855, 0.44016, 0.00000, 0.00000, 0.00000, 0.00000, 0.00000, 0.00000, 0.90081, -0.08228, 0.33112, 0.75116, 0.00000, 0.00000
-1.70460, 1.50894, 4.37124, 4.92852, 2.41700, 0.48015, 3.00000, 283392.00000, 148666.00000, 223539.00000, 3137982712.66667, 56017.69999, 0.91102, -0.42255, 0.35294, 1.06961, 1.00000, 0.00000
-0.43811, 0.72621, 4.85499, 4.92852, 2.11363, 0.17295, 0.00000, 0.00000, 0.00000, 0.00000, 0.00000, 0.00000, 0.91102, -0.09634, 0.13403, 0.96230, 0.00000, 0.00000
-0.87126, 1.44936, 4.62611, 4.92550, 2.11205, 0.35046, 1.00000, 299315.00000, 299315.00000, 299315.00000, 0.00000, 0.00000, 0.94766, -0.15634, 0.28534, 0.87099, 1.00000, 0.00000
-2.87963, 0.78273, 3.92241, 4.92852, 2.87619, 0.65037, 5.00000, 499515.00000, 172535.00000, 326257.40000, 11316512765.44000, 106379.09929, 0.91102, -1.48153, 0.40335, 2.07817, 1.00000, 0.00000
-3.75791, 0.00000, 3.18882, 4.92853, 3.14159, 0.86714, 6.00000, 455835.00000, 177742.00000, 248712.83333, 9088959422.47222, 95336.03423, 0.90081, 8.64229, -0.00000, -7.64229, 1.00000, 0.00000
-2.87963, -0.78273, 3.92241, 4.92852, -2.87619, 0.65037, 7.00000, 377824.00000, 105297.00000, 241727.14286, 7343289920.40816, 85692.99808, 0.91102, -7.66476, -2.08678, 10.75154, 1.00000, 0.00000
-3.21637, 0.00000, 3.73035, 4.92550, 3.14159, 0.71154, 5.00000, 422241.00000, 50345.00000, 267188.80000, 19632300320.56000, 140115.31080, 0.94766, -8.06739, 0.00000, 9.06739, 1.00000, 0.00000
-0.43811, -0.72621, 4.85499, 4.92852, -2.11363, 0.17295, 4.00000, 492557.00000, 232148.00000, 337875.00000, 11767442422.50000, 108477.84300, 0.91102, -0.13162, -0.18312, 1.31474, 1.00000, 0.00000
-1.70460, -1.50894, 4.37124, 4.92852, -2.41700, 0.48015, 9.00000, 407708.00000, 156781.00000, 275549.77778, 7424681341.50617, 86166.59063, 0.91102, -1.43665, -1.19997, 3.63662, 1.00000, 0.00000
-0.43315, -2.05481, 4.45876, 4.92853, -1.77855, 0.44016, 5.00000, 478402.00000, 73386.00000, 257228.40000, 21288955683.44000, 145907.35308, 0.90081, -0.24359, -0.98030, 2.22389, 1.00000, 0.00000
-0.87126, -1.44936, 4.62611, 4.92550, -2.11205, 0.35046, 6.00000, 322588.00000, 160661.00000, 220280.83333, 3410713069.13889, 58401.31051, 0.94766, -0.36416, -0.66465, 2.02881, 1.00000, 0.00000
-2.14766, 0.78579, 4.35121, 4.91558, 2.79084, 0.48390, 2.00000, 224688.00000, 133557.00000, 179122.50000, 2076214790.25000, 45565.50000, 1.08598, -0.71592, 0.25627, 1.45965, 1.00000, 0.00000
-2.14766, -0.78579, 4.35121, 4.91558, -2.79084, 0.48390, 6.00000, 410886.00000, 132676.00000, 266689.66667, 11728889602.22222, 108299.99816, 1.08598, -1.46868, -0.52573, 2.99442, 1.00000, 0.00000
-0.87622, 0.00000, 4.83686, 4.91558, 3.14159, 0.17921, 1.00000, 358517.00000, 358517.00000, 358517.00000, 0.00000, 0.00000, 1.08598, -0.22879, 0.00000, 1.22879, 1.00000, 0.00000
-1.75244, 0.00000, 4.58794, 4.91123, 3.14159, 0.36486, 1.00000, 427259.00000, 427259.00000, 427259.00000, 0.00000, 0.00000, 1.14286, -0.61803, 0.00000, 1.61803, 1.00000, 0.00000
-4.45876, -0.43315, 2.05481, 4.92853, -3.04475, 1.14074, 16.00000, 485469.00000, 75988.00000, 205770.31250, 13395046813.96484, 115736.97255, 0.90081, 1.49537, 0.16379, -0.65917, 1.00000, 0.00000
-4.85499, -0.43811, 0.72621, 4.92852, -3.05160, 1.42291, 16.00000, 467149.00000, 42065.00000, 270937.18750, 18534960838.77734, 136143.16303, 0.91102, 1.04077, 0.10419, -0.14496, 1.00000, 0.00000
-4.37124, -1.70460, 1.50894, 4.92852, -2.76977, 1.25963, 27.00000, 484346.00000, 31111.00000, 193047.14815, 15466874566.34842, 124365.88988, 0.91102, 0.93889, 0.37091, -0.30980, 1.00000, 0.00000
-4.62611, -0.87126, 1.44936, 4.92550, -2.95544, 1.27212, 10.00000, 483308.00000, 54911.00000, 184580.10000, 16652418960.09000, 129044.25195, 0.94766, 1.17386, 0.21070, -0.38457, 1.00000, 0.00000
-4.85499, -0.43811, -0.72621, 4.92852, -3.05160, 1.71868, 22.00000, 457231.00000, 45253.00000, 213197.45455, 14056074487.79339, 118558.31682, 0.91102, 0.80685, 0.08077, 0.11238, 0.95455, 0.04545
-4.45876, -0.43315, -2.05481, 4.92853, -3.04475, 2.00085, 20.00000, 465306.00000, 41364.00000, 231948.70000, 18063086975.41000, 134398.98428, 0.90081, 0.64502, 0.07065, 0.28433, 0.70000, 0.30000
-4.37124, -1.70460, -1.50894, 4.92852, -2.76977, 1.88196, 30.00000, 496044.00000, 44954.00000, 216902.00000, 17287405328.66667, 131481.57791, 0.91102, 0.57970, 0.22901, 0.19128, 0.93333, 0.06667
-4.62611, -0.87126, -1.44936, 4.92550, -2.95544, 1.86947, 17.00000, 484040.00000, 71423.00000, 265441.11765, 14126774051.86851, 118856.10650, 0.94766, 0.66353, 0.11910, 0.21738, 0.82353, 0.17647
-3.92241, -2.87963, 0.78273, 4.92852, -2.50831, 1.41130, 47.00000, 457762.00000, 20779.00000, 144813.29787, 12032979459.40063, 109694.93817, 0.91102, 0.65841, 0.46938, -0.12779, 1.00000, 0.00000
-3.92241, -2.87963, -0.78273, 4.92852, -2.50831, 1.73029, 46.00000, 440965.00000, 28502.00000, 161035.45652, 10993878372.90028, 104851.69704, 0.91102, 0.52439, 0.37383, 0.10178, 1.00000, 0.00000
-3.18882, -3.75791, 0.00000, 4.92853, -2.27446, 1.57080, 51.00000, 490170.00000, 33752.00000, 175184.66667, 12122222729.94771, 110100.96607, 0.90081, 0.46930, 0.53070, 0.00000, 0.98039, 0.01961
-3.73035, -3.21637, 0.00000, 4.92550, -2.43005, 1.57080, 43.00000, 461675.00000, 30094.00000, 139141.72093, 10325627927.82910, 101615.09695, 0.94766, 0.52918, 0.47082, -0.00000, 0.97674, 0.02326
-4.83686, -0.87622, 0.00000, 4.91558, -2.96238, 1.57080, 16.00000, 494842.00000, 74356.00000, 273912.00000, 17559462000.00000, 132512.12020, 1.08598, 0.84303, 0.15697, -0.00000, 0.93750, 0.06250
-4.35121, -2.14766, -0.78579, 4.91558, -2.68310, 1.73134, 48.00000, 493162.00000, 21024.00000, 160400.18750, 13874164430.90234, 117788.64305, 1.08598, 0.60022, 0.29439, 0.10538, 1.00000, 0.00000
-4.35121, -2.14766, 0.78579, 4.91558, -2.68310, 1.41025, 36.00000, 475365.00000, 32183.00000, 178491.00000, 16942979990.50000, 130165.20269, 1.08598, 0.76051, 0.37301, -0.13352, 1.00000, 0.00000
-4.58794, -1.75244, 0.00000, 4.91123, -2.77673, 1.57080, 15.00000, 498327.00000, 19696.00000, 211740.33333, 24724341869.42222, 157239.75919, 1.14286, 0.72361, 0.27639, -0.00000, 1.00000, 0.00000
-3.75791, 0.00000, -3.18882, 4.92853, 3.14159, 2.27446, 15.00000, 482519.00000, 71408.00000, 259491.06667, 18359329977.66222, 135496.60504, 0.90081, 0.53070, -0.00000, 0.46930, 0.53333, 0.46667
-2.87963, 0.78273, -3.92241, 4.92852, 2.87619, 2.49122, 21.00000, 276069.00000, 48023.00000, 167151.61905, 6006875161.66440, 77504.03320, 0.91102, 0.46938, -0.12779, 0.65841, 0.09524, 0.90476
-2.87963, -0.78273, -3.92241, 4.92852, -2.87619, 2.49122, 28.00000, 499847.00000, 67300.00000, 267829.25000, 18127940456.25893, 134640.04032, 0.91102, 0.37383, 0.10178, 0.52439, 0.42857, 0.57143
-3.21637, 0.00000, -3.73035, 4.92550, 3.14159, 2.43005, 19.00000, 337014.00000, 60068.00000, 179355.10526, 6926325167.04155, 83224.54666, 0.94766, 0.47082, 0.00000, 0.52918, 0.42105, 0.57895
-1.70460, 1.50894, -4.37124, 4.92852, 2.41700, 2.66145, 36.00000, 470696.00000, 26864.00000, 139898.22222, 14474037169.72839, 120308.09270, 0.91102, 0.37091, -0.30980, 0.93889, 0.00000, 1.00000
-0.43315, 2.05481, -4.45876, 4.92853, 1.77855, 2.70143, 77.00000, 472979.00000, 10568.00000, 122657.23377, 13497205017.58172, 116177.47207, 0.90081, 0.16379, -0.65917, 1.49537, 0.00000, 1.00000
-0.43811, 0.72621, -4.85499, 4.92852, 2.11363, 2.96865, 57.00000, 475851.00000, 15851.00000, 145149.07018, 11643548696.59157, 107905.27650, 0.91102, 0.10419, -0.14496, 1.04077, 0.08772, 0.91228
-0.87126, 1.44936, -4.62611, 4.92550, 2.11205, 2.79113, 28.00000, 390471.00000, 20341.00000, 131569.32143, 8022750790.57526, 89569.80959, 0.94766, 0.21070, -0.38457, 1.17386, 0.00000, 1.00000
-1.70460, -1.50894, -4.37124, 4.92852, -2.41700, 2.66145, 22.00000, 498184.00000, 35318.00000, 252004.77273, 17583129893.81199, 132601.39477, 0.91102, 0.22901, 0.19128, 0.57970, 0.31818, 0.68182
-0.43811, -0.72621, -4.85499, 4.92852, -2.11363, 2.96865, 24.00000, 487381.00000, 43471.00000, 232387.04167, 15382149221.87327, 124024.79277, 0.91102, 0.08077, 0.11238, 0.80685, 0.16667, 0.83333
-0.43315, -2.05481, -4.45876, 4.92853, -1.77855, 2.70143, 19.00000, 486864.00000, 76203.00000, 251530.63158, 15521892967.18005, 124586.88923, 0.90081, 0.07065, 0.28433, 0.64502, 0.31579, 0.68421
-0.87126, -1.44936, -4.62611, 4.92550, -2.11205, 2.79113, 16.00000, 481571.00000, 59507.00000, 233612.62500, 15553109216.98438, 124712.10533, 0.94766, 0.11910, 0.21738, 0.66353, 0.31250, 0.68750
-2.14766, 0.78579, -4.35121, 4.91558, 2.79084, 2.65769, 16.00000, 347676.00000, 25636.00000, 169471.00000, 10222841755.75000, 101108.06969, 1.08598, 0.37301, -0.13352, 0.76051, 0.06250, 0.93750
-0.87622, 0.00000, -4.83686, 4.91558, 3.14159, 2.96238, 25.00000, 482687.00000, 43512.00000, 163712.92000, 11726871486.71360, 108290.68052, 1.08598, 0.15697, 0.00000, 0.84303, 0.04000, 0.96000
-2.14766, -0.78579, -4.35121, 4.91558, -2.79084, 2.65769, 17.00000, 482449.00000, 48107.00000, 246503.47059, 14332192905.30796, 119717.13706, 1.08598, 0.29439, 0.10538, 0.60022, 0.41176, 0.58824
-1.75244, 0.00000, -4.58794, 4.91123, 3.14159, 2.77673, 20.00000, 487902.00000, 41395.00000, 224900.10000, 19798453730.19000, 140706.97826, 1.14286, 0.27639, 0.00000, 0.72361, 0.15000, 0.85000
0.70086, 2.75567, -4.02561, 4.92853, 1.32174, 2.52663, 88.00000, 463776.00000, 9843.00000, 95228.69318, 9237355878.30359, 96111.16417, 0.90081, -1.86160, -6.49176, 9.35336, 0.01136, 0.98864
1.49161, 3.48430, -3.15040, 4.92852, 1.16631, 2.26428, 106.00000, 456040.00000, 15285.00000, 118656.18868, 13629347288.13421, 116744.79555, 0.91102, 0.81587, 1.82322, -1.63909, 0.01887, 0.98113
1.97536, 2.21782, -3.93313, 4.92852, 0.84316, 2.49482, 86.00000, 491370.00000, 10900.00000, 93637.09302, 10338475527.31693, 101678.29428, 0.91102, 5.51065, 6.05607, -10.56672, 0.02326, 0.97674
1.40973, 2.85909, -3.75484, 4.92550, 1.11271, 2.43770, 85.00000, 479982.00000, 10004.00000, 105498.81176, 11526273262.48222, 107360.48278, 0.94766, 3.30198, 7.02665, -9.32863, 0.01176, 0.98824
2.21782, 3.93313, -1.97536, 4.92852, 1.05736, 1.98319, 51.00000, 470069.00000, 19380.00000, 127348.39216, 13434334498.55210, 115906.57660, 0.91102, 0.54500, 0.95092, -0.49591, 0.00000, 1.00000
2.75567, 4.02561, -0.70086, 4.92853, 0.97053, 1.71348, 19.00000, 491193.00000, 60194.00000, 225111.00000, 20157197183.78947, 141976.04440, 0.90081, 0.46424, 0.66888, -0.13313, 0.00000, 1.00000
3.48430, 3.15040, -1.49161, 4.92852, 0.73511, 1.87827, 33.00000, 310352.00000, 34957.00000, 116253.03030, 5044876922.69605, 71027.29703, 0.91102, 0.68893, 0.61936, -0.30829, 0.00000, 1.00000
2.85909, 3.75484, -1.40973, 4.92550, 0.92001, 1.86107, 21.00000, 415838.00000, 27116.00000, 166677.61905, 12242831116.23583, 110647.32765, 0.94766, 0.53830, 0.71466, -0.25296, 0.00000, 1.00000
3.15040, 1.49161, -3.48430, 4.92852, 0.44220, 2.35600, 43.00000, 482217.00000, 30486.00000, 145021.34884, 14070379401.66901, 118618.63008, 0.91102, 2.59457, 1.29147, -2.88604, 0.00000, 1.00000
3.93313, 1.97536, -2.21782, 4.92852, 0.46544, 2.03756, 32.00000, 491206.00000, 32066.00000, 151267.93750, 12366231365.74609, 111203.55824, 0.91102, 1.05443, 0.54989, -0.60432, 0.00000, 1.00000
4.02561, 0.70086, -2.75567, 4.92853, 0.17237, 2.16413, 17.00000, 485320.00000, 29560.00000, 224815.35294, 27497515955.16955, 165823.74967, 0.90081, 1.98030, 0.39414, -1.37444, 0.00000, 1.00000
3.75484, 1.40973, -2.85909, 4.92550, 0.35916, 2.19010, 22.00000, 467475.00000, 28502.00000, 202273.00000, 15424328316.63636, 124194.71936, 0.94766, 1.66465, 0.58922, -1.25387, 0.00000, 1.00000
2.20355, 3.47499, -2.68919, 4.91558, 1.00567, 2.14966, 47.00000, 476996.00000, 10960.00000, 112148.95745, 8402178324.21095, 91663.39686, 1.08598, 0.74373, 1.15838, -0.90211, 0.00000, 1.00000
3.47499, 2.68919, -2.20355, 4.91558, 0.65860, 2.03563, 21.00000, 212085.00000, 14204.00000, 96953.66667, 2930243116.88889, 54131.72006, 1.08598, 0.87972, 0.68510, -0.56481, 0.00000, 1.00000
2.68919, 2.20355, -3.47499, 4.91558, 0.68646, 2.35595, 55.00000, 435833.00000, 13635.00000, 118424.14545, 10238933561.32430, 101187.61565, 1.08598, 1.85065, 1.52573, -2.37638, 0.00000, 1.00000
2.83550, 2.83550, -2.83550, 4.91123, 0.78540, 2.18628, 47.00000, 476767.00000, 12125.00000, 137613.87234, 14109083330.74966, 118781.66243, 1.14286, 1.00000, 1.00000, -1.00000, 0.02128, 0.97872
2.75567, -4.02561, 0.70086, 4.92853, -0.97053, 1.42811, 4.00000, 399999.00000, 194705.00000, 291456.75000, 5339316405.18750, 73070.62614, 0.90081, -6.49176, 9.35336, -1.86160, 1.00000, 0.00000
3.48430, -3.15040, 1.49161, 4.92852, -0.73511, 1.26333, 0.00000, 0.00000, 0.00000, 0.00000, 0.00000, 0.00000, 0.91102, 1.82322, -1.63909, 0.81587, 0.00000, 0.00000
2.21782, -3.93313, 1.97536, 4.92852, -1.05736, 1.15840, 4.00000, 317271.00000, 110296.00000, 165789.75000, 7660959815.18750, 87526.90909, 0.91102, 6.05607, -10.56672, 5.51065, 1.00000, 0.00000
2.85909, -3.75484, 1.40973, 4.92550, -0.92001, 1.28053, 2.00000, 465362.00000, 198549.00000, 331955.50000, 17797294242.25000, 133406.50000, 0.94766, 7.02665, -9.32863, 3.30198, 1.00000, 0.00000
3.93313, -1.97536, 2.21782, 4.92852, -0.46544, 1.10403, 1.00000, 493123.00000, 493123.00000, 493123.00000, 0.00000, 0.00000, 0.91102, 0.95092, -0.49591, 0.54500, 0.00000, 1.00000
4.02561, -0.70086, 2.75567, 4.92853, -0.17237, 0.97747, 1.00000, 278208.00000, 278208.00000, 278208.00000, 0.00000, 0.00000, 0.90081, 0.66888, -0.13313, 0.46424, 0.00000, 1.00000
3.15040, -1.49161, 3.48430, 4.92852, -0.44220, 0.78559, 1.00000, 411773.00000, 411773.00000, 411773.00000, 0.00000, 0.00000, 0.91102, 0.61936, -0.30829, 0.68893, 1.00000, 0.00000
3.75484, -1.40973, 2.85909, 4.92550, -0.35916, 0.95149, 0.00000, 0.00000, 0.00000, 0.00000, 0.00000, 0.00000, 0.94766, 0.71466, -0.25296, 0.53830, 0.00000, 0.00000
1.49161, -3.48430, 3.15040, 4.92852, -1.16631, 0.87732, 6.00000, 481187.00000, 171985.00000, 306532.16667, 14630061981.13889, 120954.79313, 0.91102, 1.29147, -2.88604, 2.59457, 1.00000, 0.00000
1.97536, -2.21782, 3.93313, 4.92852, -0.84316, 0.64677, 2.00000, 499940.00000, 293159.00000, 396549.50000, 10689595490.25000, 103390.50000, 0.91102, 0.54989, -0.60432, 1.05443, 0.50000, 0.50000
0.70086, -2.75567, 4.02561, 4.92853, -1.32174, 0.61496, 4.00000, 269199.00000, 199465.00000, 234418.50000, 1034502587.25000, 32163.68429, 0.90081, 0.39414, -1.37444, 1.98030, 1.00000, 0.00000
1.40973, -2.85909, 3.75484, 4.92550, -1.11271, 0.70390, 5.00000, 466234.00000, 205434.00000, 307478.00000, 7505697897.20000, 86635.43096, 0.94766, 0.58922, -1.25387, 1.66465, 1.00000, 0.00000
3.47499, -2.68919, 2.20355, 4.91558, -0.65860, 1.10596, 1.00000, 354537.00000, 354537.00000, 354537.00000, 0.00000, 0.00000, 1.08598, 1.15838, -0.90211, 0.74373, 0.00000, 1.00000
2.68919, -2.20355, 3.47499, 4.91558, -0.68646, 0.78564, 0.00000, 0.00000, 0.00000, 0.00000, 0.00000, 0.00000, 1.08598, 0.68510, -0.56481, 0.87972, 0.00000, 0.00000
2.20355, -3.47499, 2.68919, 4.91558, -1.00567, 0.99193, 4.00000, 492590.00000, 375166.00000, 424441.50000, 2537982964.75000, 50378.39780, 1.08598, 1.52573, -2.37638, 1.85065, 1.00000, 0.00000
2.83550, -2.83550, 2.83550, 4.91123, -0.78540, 0.95532, 4.00000, 405200.00000, 276067.00000, 342462.25000, 2922857499.68750, 54063.45808, 1.14286, 1.00000, -1.00000, 1.00000, 1.00000, 0.00000
2.05481, -4.45876, 0.43315, 4.92853, -1.13896, 1.48280, 10.00000, 332907.00000, 126058.00000, 244435.00000, 4304093327.20000, 65605.58915, 0.90081, -0.98030, 2.22389, -0.24359, 0.80000, 0.20000
1.50894, -4.37124, 1.70460, 4.92852, -1.23841, 1.21764, 5.00000, 443761.00000, 59046.00000, 257670.00000, 18579791105.20000, 136307.70743, 0.91102, -1.19997, 3.63662, -1.43665, 1.00000, 0.00000
0.72621, -4.85499, 0.43811, 4.92852, -1.42232, 1.48179, 12.00000, 395094.00000, 97804.00000, 267835.83333, 8839965280.47222, 94021.08955, 0.91102, -0.18312, 1.31474, -0.13162, 1.00000, 0.00000
1.44936, -4.62611, 0.87126, 4.92550, -1.26718, 1.39297, 5.00000, 215269.00000, 58368.00000, 149123.20000, 3203307772.56000, 56597.77180, 0.94766, -0.66465, 2.02881, -0.36416, 1.00000, 0.00000
0.78273, -3.92241, 2.87963, 4.92852, -1.37383, 0.94680, 12.00000, 494813.00000, 108571.00000, 322993.58333, 11901271938.74306, 109092.95091, 0.91102, -2.08678, 10.75154, -7.66476, 0.91667, 0.08333
0.00000, -3.18882, 3.75791, 4.92853, -1.57080, 0.70366, 11.00000, 475571.00000, 127801.00000, 280709.36364, 13528959828.59504, 116314.05688, 0.90081, 0.00000, -7.64229, 8.64229, 1.00000, 0.00000
-0.78273, -3.92241, 2.87963, 4.92852, -1.76776, 0.94680, 23.00000, 481324.00000, 35578.00000, 218939.60870, 16668992127.45558, 129108.45103, 0.91102, 0.40335, 2.07817, -1.48153, 0.95652, 0.04348
0.00000, -3.73035, 3.21637, 4.92550, -1.57080, 0.85925, 13.00000, 385316.00000, 99472.00000, 227127.38462, 8405239018.85207, 91680.09064, 0.94766, -0.00000, 9.06739, -8.06739, 1.00000, 0.00000
-0.72621, -4.85499, 0.43811, 4.92852, -1.71928, 1.48179, 32.00000, 484344.00000, 41792.00000, 210454.87500, 16431071065.35938, 128183.73947, 0.91102, 0.13403, 0.96230, -0.09634, 1.00000, 0.00000
-1.50894, -4.37124, 1.70460, 4.92852, -1.90319, 1.21764, 42.00000, 484447.00000, 29640.00000, 169205.11905, 13527175002.20011, 116306.38419, 0.91102, 0.35294, 1.06961, -0.42255, 0.97619, 0.02381
-2.05481, -4.45876, 0.43315, 4.92853, -2.00263, 1.48280, 45.00000, 432866.00000, 30997.00000, 150625.20000, 11325115741.62667, 106419.52707, 0.90081, 0.33112, 0.75116, -0.08228, 0.97778, 0.02222
-1.44936, -4.62611, 0.87126, 4.92550, -1.87441, 1.39297, 30.00000, 445254.00000, 52546.00000, 167663.73333, 12617056603.66222, 112325.67206, 0.94766, 0.28534, 0.87099, -0.15634, 1.00000, 0.00000
0.78579, -4.35121, 2.14766, 4.91558, -1.39213, 1.11864, 11.00000, 363700.00000, 45190.00000, 198087.45455, 10693214708.42975, 103408.00118, 1.08598, -0.52573, 2.99442, -1.46868, 1.00000, 0.00000
-0.78579, -4.35121, 2.14766, 4.91558, -1.74946, 1.11864, 21.00000, 471368.00000, 59378.00000, 243273.95238, 13721434882.33107, 117138.52860, 1.08598, 0.25627, 1.45965, -0.71592, 1.00000, 0.00000
0.00000, -4.83686, 0.87622, 4.91558, -1.57080, 1.39159, 18.00000, 472210.00000, 96230.00000, 252185.66667, 17591699661.44445, 132633.70485, 1.08598, -0.00000, 1.22879, -0.22879, 0.88889, 0.11111
0.00000, -4.58794, 1.75244, 4.91123, -1.57080, 1.20593, 18.00000, 404167.00000, 59715.00000, 193138.05556, 8135838804.94136, 90198.88472, 1.14286, -0.00000, 1.61803, -0.61803, 1.00000, 0.00000
2.05481, -4.45876, -0.43315, 4.92853, -1.13896, 1.65880, 8.00000, 462310.00000, 104683.00000, 236197.75000, 13055067688.93750, 114258.77511, 0.90081, -0.65917, 1.49537, 0.16379, 0.87500, 0.12500
0.72621, -4.85499, -0.43811, 4.92852, -1.42232, 1.65981, 13.00000, 471677.00000, 44889.00000, 309052.61538, 16636832191.77515, 128983.84469, 0.91102, -0.14496, 1.04077, 0.10419, 0.76923, 0.23077
1.50894, -4.37124, -1.70460, 4.92852, -1.23841, 1.92396, 12.00000, 451202.00000, 94143.00000, 239324.75000, 11820929858.68750, 108724.09971, 0.91102, -0.30980, 0.93889, 0.37091, 0.83333, 0.16667
1.44936, -4.62611, -0.87126, 4.92550, -1.26718, 1.74862, 5.00000, 341298.00000, 125430.00000, 255729.20000, 9317039372.56000, 96524.81221, 0.94766, -0.38457, 1.17386, 0.21070, 1.00000, 0.00000
-0.72621, -4.85499, -0.43811, 4.92852, -1.71928, 1.65981, 27.00000, 432137.00000, 35872.00000, 179420.22222, 13511531931.06173, 116239.11532, 0.91102, 0.11238, 0.80685, 0.08077, 1.00000, 0.00000
-2.05481, -4.45876, -0.43315, 4.92853, -2.00263, 1.65880, 46.00000, 393455.00000, 27457.00000, 136825.73913, 9970851024.67108, 99854.14876, 0.90081, 0.28433, 0.64502, 0.07065, 1.00000, 0.00000
-1.50894, -4.37124, -1.70460, 4.92852, -1.90319, 1.92396, 39.00000, 429318.00000, 27264.00000, 164677.07692, 11065872154.22485, 105194.44926, 0.91102, 0.19128, 0.57970, 0.22901, 0.92308, 0.07692
-1.44936, -4.62611, -0.87126, 4.92550, -1.87441, 1.74862, 21.00000, 479375.00000, 28202.00000, 229729.76190, 24250238755.80045, 155724.88162, 0.94766, 0.21738, 0.66353, 0.11910, 0.95238, 0.04762
0.78273, -3.92241, -2.87963, 4.92852, -1.37383, 2.19479, 12.00000, 496005.00000, 105561.00000, 217210.91667, 14228180016.24306, 119281.93500, 0.91102, -0.12779, 0.65841, 0.46938, 0.75000, 0.25000
-0.78273, -3.92241, -2.87963, 4.92852, -1.76776, 2.19479, 15.00000, 435921.00000, 54329.00000, 261031.00000, 11581279998.13333, 107616.35563, 0.91102, 0.10178, 0.52439, 0.37383, 0.86667, 0.13333
0.00000, -3.18882, -3.75791, 4.92853, -1.57080, 2.43793, 9.00000, 397513.00000, 117917.00000, 280467.33333, 8942166770.00000, 94563.03067, 0.90081, 0.00000, 0.46930, 0.53070, 0.44444, 0.55556
0.00000, -3.73035, -3.21637, 4.92550, -1.57080, 2.28234, 19.00000, 496771.00000, 70924.00000, 231351.00000, 11416672544.31579, 106848.83034, 0.94766, -0.00000, 0.52918, 0.47082, 0.68421, 0.31579
0.00000, -4.83686, -0.87622, 4.91558, -1.57080, 1.75001, 17.00000, 454954.00000, 43805.00000, 220755.05882, 15492561740.05536, 124469.11962, 1.08598, -0.00000, 0.84303, 0.15697, 0.88235, 0.11765
-0.78579, -4.35121, -2.14766, 4.91558, -1.74946, 2.02296, 25.00000, 476088.00000, 73427.00000, 221664.44000, 13683403234.64640, 116976.07975, 1.08598, 0.10538, 0.60022, 0.29439, 0.84000, 0.16000
0.78579, -4.35121, -2.14766, 4.91558, -1.39213, 2.02296, 5.00000, 463279.00000, 72850.00000, 279776.80000, 21869962983.36000, 147884.96537, 1.08598, -0.13352, 0.76051, 0.37301, 0.60000, 0.40000
0.00000, -4.58794, -1.75244, 4.91123, -1.57080, 1.93566, 23.00000, 499903.00000, 71456.00000, 255196.65217, 16150520012.83554, 127084.69622, 1.14286, -0.00000, 0.72361, 0.27639, 0.95652, 0.04348
2.75567, -4.02561, -0.70086, 4.92853, -0.97053, 1.71348, 2.00000, 322307.00000, 318176.00000, 320241.50000, 4266290.25000, 2065.50000, 0.90081, -1.37444, 1.98030, 0.39414, 1.00000, 0.00000
2.21782, -3.93313, -1.97536, 4.92852, -1.05736, 1.98319, 9.00000, 429784.00000, 84081.00000, 261866.22222, 7505020290.61728, 86631.52019, 0.91102, -0.60432, 1.05443, 0.54989, 0.66667, 0.33333
3.48430, -3.15040, -1.49161, 4.92852, -0.73511, 1.87827, 3.00000, 294875.00000, 188322.00000, 227493.00000, 2290187228.66667, 47855.90067, 0.91102, -2.88604, 2.59457, 1.29147, 0.00000, 1.00000
2.85909, -3.75484, -1.40973, 4.92550, -0.92001, 1.86107, 7.00000, 470138.00000, 135656.00000, 313032.28571, 11041286413.63266, 105077.52573, 0.94766, -1.25387, 1.66465, 0.58922, 0.71429, 0.28571
1.49161, -3.48430, -3.15040, 4.92852, -1.16631, 2.26428, 1.00000, 435707.00000, 435707.00000, 435707.00000, 0.00000, 0.00000, 0.91102, -0.30829, 0.68893, 0.61936, 1.00000, 0.00000
0.70086, -2.75567, -4.02561, 4.92853, -1.32174, 2.52663, 11.00000, 441051.00000, 127564.00000, 251769.09091, 7500524080.26446, 86605.56610, 0.90081, -0.13313, 0.46424, 0.66888, 0.72727, 0.27273
1.97536, -2.21782, -3.93313, 4.92852, -0.84316, 2.49482, 14.00000, 481053.00000, 39787.00000, 229997.50000, 18333809148.53571, 135402.39713, 0.91102, -0.49591, 0.54500, 0.95092, 0.28571, 0.71429
1.40973, -2.85909, -3.75484, 4.92550, -1.11271, 2.43770, 9.00000, 463675.00000, 148429.00000, 344667.22222, 12193389528.39506, 110423.68192, 0.94766, -0.25296, 0.53830, 0.71466, 0.33333, 0.66667
3.93313, -1.97536, -2.21782, 4.92852, -0.46544, 2.03756, 4.00000, 389685.00000, 103797.00000, 292606.25000, 12620448011.68750, 112340.76736, 0.91102, -10.56672, 5.51065, 6.05607, 0.25000, 0.75000
3.15040, -1.49161, -3.48430, 4.92852, -0.44220, 2.35600, 11.00000, 389392.00000, 40949.00000, 188543.72727, 12939736280.01653, 113752.96163, 0.91102, -1.63909, 0.81587, 1.82322, 0.00000, 1.00000
4.02561, -0.70086, -2.75567, 4.92853, -0.17237, 2.16413, 21.00000, 465145.00000, 50076.00000, 238716.47619, 18529445251.39229, 136122.90495, 0.90081, 9.35336, -1.86160, -6.49176, 0.04762, 0.95238
3.75484, -1.40973, -2.85909, 4.92550, -0.35916, 2.19010, 5.00000, 353476.00000, 166225.00000, 225342.80000, 4850200038.16000, 69643.37756, 0.94766, -9.32863, 3.30198, 7.02665, 0.00000, 1.00000
2.20355, -3.47499, -2.68919, 4.91558, -1.00567, 2.14966, 8.00000, 411434.00000, 150097.00000, 284674.37500, 10670636511.23438, 103298.77304, 1.08598, -0.56481, 0.87972, 0.68510, 0.37500, 0.62500
2.68919, -2.20355, -3.47499, 4.91558, -0.68646, 2.35595, 7.00000, 463197.00000, 120390.00000, 268943.14286, 18047153327.83673, 134339.69379, 1.08598, -0.90211, 0.74373, 1.15838, 0.14286, 0.85714
3.47499, -2.68919, -2.20355, 4.91558, -0.65860, 2.03563, 5.00000, 484617.00000, 49828.00000, 263778.00000, 30047259962.00000, 173341.45483, 1.08598, -2.37638, 1.85065, 1.52573, 0.20000, 0.80000
2.83550, -2.83550, -2.83550, 4.91123, -0.78540, 2.18628, 4.00000, 438154.00000, 154905.00000, 331490.25000, 11750757653.18750, 108400.91168, 1.14286, -1.00000, 1.00000, 1.00000, 0.50000, 0.50000
3.18882, -3.75791, 0.00000, 4.92853, -0.86714, 1.57080, 2.00000, 484223.00000, 276567.00000, 380395.00000, 10780253584.00000, 103828.00000, 0.90081, -7.64229, 8.64229, -0.00000, 1.00000, 0.00000
3.92241, -2.87963, -0.78273, 4.92852, -0.63328, 1.73029, 6.00000, 431154.00000, 151338.00000, 304911.83333, 9279757753.80556, 96331.49928, 0.91102, 10.75154, -7.66476, -2.08678, 0.50000, 0.50000
3.92241, -2.87963, 0.78273, 4.92852, -0.63328, 1.41130, 3.00000, 478060.00000, 184475.00000, 323482.66667, 14486565964.22222, 120360.15106, 0.91102, 2.07817, -1.48153, 0.40335, 0.66667, 0.33333
3.73035, -3.21637, 0.00000, 4.92550, -0.71154, 1.57080, 3.00000, 378442.00000, 164863.00000, 287731.66667, 8119744074.88889, 90109.62254, 0.94766, 9.06739, -8.06739, 0.00000, 0.66667, 0.33333
4.37124, -1.70460, -1.50894, 4.92852, -0.37182, 1.88196, 4.00000, 481384.00000, 195724.00000, 352158.00000, 13406716114.00000, 115787.37459, 0.91102, 3.63662, -1.43665, -1.19997, 0.00000, 1.00000
4.45876, -0.43315, -2.05481, 4.92853, -0.09684, 2.00085, 11.00000, 404110.00000, 73936.00000, 210010.81818, 8216999525.96694, 90647.66696, 0.90081, 2.22389, -0.24359, -0.98030, 0.00000, 1.00000
4.85499, -0.43811, -0.72621, 4.92852, -0.09000, 1.71868, 11.00000, 454687.00000, 204148.00000, 338136.27273, 6015700128.38017, 77560.94461, 0.91102, 1.31474, -0.13162, -0.18312, 0.18182, 0.81818
4.62611, -0.87126, -1.44936, 4.92550, -0.18616, 1.86947, 2.00000, 139456.00000, 123424.00000, 131440.00000, 64256256.00000, 8016.00000, 0.94766, 2.02881, -0.36416, -0.66465, 0.00000, 1.00000
4.37124, -1.70460, 1.50894, 4.92852, -0.37182, 1.25963, 1.00000, 285122.00000, 285122.00000, 285122.00000, 0.00000, 0.00000, 0.91102, 1.06961, -0.42255, 0.35294, 0.00000, 1.00000
4.85499, -0.43811, 0.72621, 4.92852, -0.09000, 1.42291, 8.00000, 481638.00000, 221358.00000, 369361.37500, 11584859541.48438, 107632.98538, 0.91102, 0.96230, -0.09634, 0.13403, 0.25000, 0.75000
4.45876, -0.43315, 2.05481, 4.92853, -0.09684, 1.14074, 0.00000, 0.00000, 0.00000, 0.00000, 0.00000, 0.00000, 0.90081, 0.75116, -0.08228, 0.33112, 0.00000, 0.00000
4.62611, -0.87126, 1.44936, 4.92550, -0.18616, 1.27212, 3.00000, 438653.00000, 306926.00000, 382299.33333, 3072874281.55556, 55433.51226, 0.94766, 0.87099, -0.15634, 0.28534, 0.66667, 0.33333
4.35121, -2.14766, -0.78579, 4.91558, -0.45850, 1.73134, 3.00000, 433926.00000, 206010.00000, 291546.00000, 10273237344.00000, 101356.97975, 1.08598, 2.99442, -1.46868, -0.52573, 0.00000, 1.00000
4.83686, -0.87622, 0.00000, 4.91558, -0.17921, 1.57080, 2.00000, 443035.00000, 169739.00000, 306387.00000, 18672675904.00000, 136648.00000, 1.08598, 1.22879, -0.22879, 0.00000, 0.00000, 1.00000
4.35121, -2.14766, 0.78579, 4.91558, -0.45850, 1.41025, 3.00000, 409433.00000, 188206.00000, 284324.66667, 8577097974.88889, 92612.62319, 1.08598, 1.45965, -0.71592, 0.25627, 0.33333, 0.66667
4.58794, -1.75244, 0.00000, 4.91123, -0.36486, 1.57080, 1.00000, 236004.00000, 236004.00000, 236004.00000, 0.00000, 0.00000, 1.14286, 1.61803, -0.61803, 0.00000, 0.00000, 1.00000
0.43315, -2.05481, 4.45876, 4.92853, -1.36304, 0.44016, 4.00000, 485449.00000, 348278.00000, 403275.50000, 2662381019.25000, 51598.26566, 0.90081, 0.16379, -0.65917, 1.49537, 1.00000, 0.00000
1.70460, -1.50894, 4.37124, 4.92852, -0.72459, 0.48015, 7.00000, 411512.00000, 156518.00000, 288527.57143, 8037043238.53061, 89649.55794, 0.91102, 0.37091, -0.30980, 0.93889, 1.00000, 0.00000
0.43811, -0.72621, 4.85499, 4.92852, -1.02797, 0.17295, 1.00000, 396306.00000, 396306.00000, 396306.00000, 0.00000, 0.00000, 0.91102, 0.10419, -0.14496, 1.04077, 1.00000, 0.00000
0.87126, -1.44936, 4.62611, 4.92550, -1.02954, 0.35046, 0.00000, 0.00000, 0.00000, 0.00000, 0.00000, 0.00000, 0.94766, 0.21070, -0.38457, 1.17386, 0.00000, 0.00000
2.87963, -0.78273, 3.92241, 4.92852, -0.26540, 0.65037, 1.00000, 375955.00000, 375955.00000, 375955.00000, 0.00000, 0.00000, 0.91102, 0.46938, -0.12779, 0.65841, 1.00000, 0.00000
3.75791, 0.00000, 3.18882, 4.92853, 0.00000, 0.86714, 2.00000, 338308.00000, 296796.00000, 317552.00000, 430811536.00000, 20756.00000, 0.90081, 0.53070, -0.00000, 0.46930, 0.50000, 0.50000
2.87963, 0.78273, 3.92241, 4.92852, 0.26540, 0.65037, 1.00000, 371402.00000, 371402.00000, 371402.00000, 0.00000, 0.00000, 0.91102, 0.37383, 0.10178, 0.52439, 0.00000, 1.00000
3.21637, 0.00000, 3.73035, 4.92550, 0.00000, 0.71154, 1.00000, 151114.00000, 151114.00000, 151114.00000, 0.00000, 0.00000, 0.94766, 0.47082, -0.00000, 0.52918, 0.00000, 1.00000
0.43811, 0.72621, 4.85499, 4.92852, 1.02797, 0.17295, 2.00000, 401803.00000, 170268.00000, 286035.50000, 13402114056.25000, 115767.50000, 0.91102, 0.08077, 0.11238, 0.80685, 1.00000, 0.00000
1.70460, 1.50894, 4.37124, 4.92852, 0.72459, 0.48015, 1.00000, 244888.00000, 244888.00000, 244888.00000, 0.00000, 0.00000, 0.91102, 0.22901, 0.19128, 0.57970, 1.00000, 0.00000
0.43315, 2.05481, 4.45876, 4.92853, 1.36304, 0.44016, 4.00000, 471163.00000, 172739.00000, 381962.25000, 14735345309.68750, 121389.23062, 0.90081, 0.07065, 0.28433, 0.64502, 0.50000, 0.50000
0.87126, 1.44936, 4.62611, 4.92550, 1.02954, 0.35046, 0.00000, 0.00000, 0.00000, 0.00000, 0.00000, 0.00000, 0.94766, 0.11910, 0.21738, 0.66353, 0.00000, 0.00000
2.14766, -0.78579, 4.35121, 4.91558, -0.35075, 0.48390, 3.00000, 445934.00000, 401892.00000, 416983.66667, 419314281.55556, 20477.16488, 1.08598, 0.37301, -0.13352, 0.76051, 0.66667, 0.33333
2.14766, 0.78579, 4.35121, 4.91558, 0.35075, 0.48390, 0.00000, 0.00000, 0.00000, 0.00000, 0.00000, 0.00000, 1.08598, 0.29439, 0.10538, 0.60022, 0.00000, 0.00000
0.87622, 0.00000, 4.83686, 4.91558, 0.00000, 0.17921, 3.00000, 442318.00000, 336479.00000, 379516.33333, 2062296756.22222, 45412.51762, 1.08598, 0.15697, -0.00000, 0.84303, 1.00000, 0.00000
1.75244, 0.00000, 4.58794, 4.91123, 0.00000, 0.36486, 1.00000, 325179.00000, 325179.00000, 325179.00000, 0.00000, 0.00000, 1.14286, 0.27639, 0.00000, 0.72361, 1.00000, 0.00000
-2.75567, -4.02561, 0.70086, 4.92853, -2.17107, 1.42811, 49.00000, 496942.00000, 22166.00000, 155272.77551, 16289532095.03123, 127630.45128, 0.90081, 0.46424, 0.66888, -0.13313, 1.00000, 0.00000
-2.21782, -3.93313, 1.97536, 4.92852, -2.08423, 1.15840, 39.00000, 488700.00000, 13958.00000, 190332.84615, 17612431489.20710, 132711.83628, 0.91102, 0.54500, 0.95092, -0.49591, 1.00000, 0.00000
-3.48430, -3.15040, 1.49161, 4.92852, -2.40648, 1.26333, 34.00000, 282151.00000, 28130.00000, 115513.76471, 4864579927.59170, 69746.54061, 0.91102, 0.68893, 0.61936, -0.30829, 1.00000, 0.00000
-2.85909, -3.75484, 1.40973, 4.92550, -2.22158, 1.28053, 36.00000, 447525.00000, 36217.00000, 139386.05556, 7743380607.60802, 87996.48065, 0.94766, 0.53830, 0.71466, -0.25296, 1.00000, 0.00000
-1.49161, -3.48430, 3.15040, 4.92852, -1.97528, 0.87732, 17.00000, 489475.00000, 38945.00000, 236373.64706, 17456190272.58132, 132121.87659, 0.91102, 0.81587, 1.82322, -1.63909, 1.00000, 0.00000
-0.70086, -2.75567, 4.02561, 4.92853, -1.81985, 0.61496, 11.00000, 443871.00000, 88527.00000, 260960.00000, 12270594003.45455, 110772.71326, 0.90081, -1.86160, -6.49176, 9.35336, 1.00000, 0.00000
-1.97536, -2.21782, 3.93313, 4.92852, -2.29844, 0.64677, 13.00000, 484943.00000, 62478.00000, 246060.84615, 15060960568.13018, 122723.10527, 0.91102, 5.51065, 6.05607, -10.56672, 1.00000, 0.00000
-1.40973, -2.85909, 3.75484, 4.92550, -2.02888, 0.70390, 11.00000, 405846.00000, 71636.00000, 221355.00000, 14682380320.00000, 121170.87241, 0.94766, 3.30198, 7.02665, -9.32863, 1.00000, 0.00000
-3.93313, -1.97536, 2.21782, 4.92852, -2.67616, 1.10403, 33.00000, 431700.00000, 54450.00000, 165367.54545, 9993835334.42975, 99969.17192, 0.91102, 1.05443, 0.54989, -0.60432, 1.00000, 0.00000
-3.15040, -1.49161, 3.48430, 4.92852, -2.69940, 0.78559, 17.00000, 470521.00000, 85473.00000, 235031.29412, 14678335821.14879, 121154.18202, 0.91102, 2.59457, 1.29147, -2.88604, 0.94118, 0.05882
-4.02561, -0.70086, 2.75567, 4.92853, -2.96922, 0.97747, 8.00000, 366834.00000, 53688.00000, 225632.37500, 13559779788.23438, 116446.46748, 0.90081, 1.98030, 0.39414, -1.37444, 1.00000, 0.00000
-3.75484, -1.40973, 2.85909, 4.92550, -2.78243, 0.95149, 16.00000, 476287.00000, 51309.00000, 249153.31250, 17139393505.21484, 130917.50649, 0.94766, 1.66465, 0.58922, -1.25387, 1.00000, 0.00000
-2.20355, -3.47499, 2.68919, 4.91558, -2.13592, 0.99193, 14.00000, 371117.00000, 65883.00000, 181567.00000, 9445130679.00000, 97186.06216, 1.08598, 0.74373, 1.15838, -0.90211, 1.00000, 0.00000
-2.68919, -2.20355, 3.47499, 4.91558, -2.45513, 0.78564, 9.00000, 439944.00000, 103237.00000, 232857.00000, 10954860925.77778, 104665.47151, 1.08598, 1.85065, 1.52573, -2.37638, 1.00000, 0.00000
-3.47499, -2.68919, 2.20355, 4.91558, -2.48299, 1.10596, 24.00000, 490302.00000, 39519.00000, 153429.08333, 13183489146.32639, 114819.37618, 1.08598, 0.87972, 0.68510, -0.56481, 1.00000, 0.00000
-2.83550, -2.83550, 2.83550, 4.91123, -2.35619, 0.95532, 21.00000, 485543.00000, 43343.00000, 201945.23810, 17748102275.22902, 133222.00372, 1.14286, 1.00000, 1.00000, -1.00000, 1.00000, 0.00000
-0.70086, -2.75567, -4.02561, 4.92853, -1.81985, 2.52663, 3.00000, 461928.00000, 179649.00000, 364107.00000, 17033223858.00000, 130511.39359, 0.90081, 0.10514, 0.36663, 0.52824, 1.00000, 0.00000
-1.49161, -3.48430, -3.15040, 4.92852, -1.97528, 2.26428, 20.00000, 483838.00000, 83463.00000, 247018.25000, 14307643892.28750, 119614.56388, 0.91102, 0.19070, 0.42617, 0.38313, 0.75000, 0.25000
-1.97536, -2.21782, -3.93313, 4.92852, -2.29844, 2.49482, 20.00000, 490724.00000, 61612.00000, 199235.60000, 13106179305.74000, 114482.22266, 0.91102, 0.24897, 0.27362, 0.47741, 0.65000, 0.35000
-1.40973, -2.85909, -3.75484, 4.92550, -2.02888, 2.43770, 8.00000, 442271.00000, 82085.00000, 221640.25000, 12448247277.68750, 111571.71361, 0.94766, 0.16798, 0.35746, 0.47456, 0.50000, 0.50000
-2.21782, -3.93313, -1.97536, 4.92852, -2.08423, 1.98319, 33.00000, 422169.00000, 34893.00000, 154536.84848, 10417918272.97704, 102068.20403, 0.91102, 0.27362, 0.47741, 0.24897, 1.00000, 0.00000
-2.75567, -4.02561, -0.70086, 4.92853, -2.17107, 1.71348, 48.00000, 456922.00000, 21219.00000, 147646.43750, 9489071627.91276, 97411.86595, 0.90081, 0.36663, 0.52824, 0.10514, 1.00000, 0.00000
-3.48430, -3.15040, -1.49161, 4.92852, -2.40648, 1.87827, 38.00000, 493424.00000, 46818.00000, 178632.23684, 15003188912.23338, 122487.50513, 0.91102, 0.42617, 0.38313, 0.19070, 1.00000, 0.00000
-2.85909, -3.75484, -1.40973, 4.92550, -2.22158, 1.86107, 27.00000, 425164.00000, 31023.00000, 175582.00000, 13501112130.22222, 116194.28613, 0.94766, 0.35746, 0.47456, 0.16798, 0.96296, 0.03704
-3.15040, -1.49161, -3.48430, 4.92852, -2.69940, 2.35600, 29.00000, 497684.00000, 66892.00000, 244153.79310, 16182464913.81926, 127210.31764, 0.91102, 0.38313, 0.19070, 0.42617, 0.75862, 0.24138
-3.93313, -1.97536, -2.21782, 4.92852, -2.67616, 2.03756, 34.00000, 499226.00000, 37006.00000, 211249.02941, 18367572199.02855, 135527.01649, 0.91102, 0.47741, 0.24897, 0.27362, 0.94118, 0.05882
-4.02561, -0.70086, -2.75567, 4.92853, -2.96922, 2.16413, 21.00000, 483080.00000, 64393.00000, 240035.85714, 11352561823.17007, 106548.40132, 0.90081, 0.52824, 0.10514, 0.36663, 0.61905, 0.38095
-3.75484, -1.40973, -2.85909, 4.92550, -2.78243, 2.19010, 23.00000, 488892.00000, 49276.00000, 256229.91304, 21103848435.12287, 145271.63672, 0.94766, 0.47456, 0.16798, 0.35746, 0.73913, 0.26087
-2.20355, -3.47499, -2.68919, 4.91558, -2.13592, 2.14966, 17.00000, 497896.00000, 51456.00000, 200607.11765, 15226026558.92734, 123393.78655, 1.08598, 0.26522, 0.41309, 0.32170, 0.88235, 0.11765
-3.47499, -2.68919, -2.20355, 4.91558, -2.48299, 2.03563, 40.00000, 464763.00000, 25096.00000, 144314.50000, 12204064743.60000, 110472.00887, 1.08598, 0.41309, 0.32170, 0.26522, 0.95000, 0.05000
-2.68919, -2.20355, -3.47499, 4.91558, -2.45513, 2.35595, 14.00000, 458070.00000, 41733.00000, 178473.35714, 12633609976.94388, 112399.33264, 1.08598, 0.32170, 0.26522, 0.41309, 0.71429, 0.28571
-2.83550, -2.83550, -2.83550, 4.91123, -2.35619, 2.18628, 28.00000, 416988.00000, 52797.00000, 194644.35714, 10003934596.15816, 100019.67105, 1.14286, 0.33333, 0.33333, 0.33333, 1.00000, 0.00000
3.75791, 0.00000, -3.18882, 4.92853, 0.00000, 2.27446, 11.00000, 422005.00000, 41832.00000, 183721.00000, 14452456651.81818, 120218.37069, 0.90081, 8.64229, 0.00000, -7.64229, 0.00000, 1.00000
2.87963, -0.78273, -3.92241, 4.92852, -0.26540, 2.49122, 27.00000, 493414.00000, 47681.00000, 216950.74074, 17810281506.04390, 133455.16665, 0.91102, -1.48153, 0.40335, 2.07817, 0.07407, 0.92593
2.87963, 0.78273, -3.92241, 4.92852, 0.26540, 2.49122, 36.00000, 489456.00000, 35109.00000, 144421.52778, 14241474660.63812, 119337.64980, 0.91102, -7.66476, -2.08678, 10.75154, 0.00000, 1.00000
3.21637, 0.00000, -3.73035, 4.92550, 0.00000, 2.43005, 18.00000, 426996.00000, 36231.00000, 182539.38889, 13881947452.01543, 117821.67649, 0.94766, -8.06739, -0.00000, 9.06739, 0.00000, 1.00000
1.70460, -1.50894, -4.37124, 4.92852, -0.72459, 2.66145, 18.00000, 442323.00000, 43149.00000, 227396.55556, 13606631982.02469, 116647.46882, 0.91102, -0.42255, 0.35294, 1.06961, 0.05556, 0.94444
0.43315, -2.05481, -4.45876, 4.92853, -1.36304, 2.70143, 9.00000, 390298.00000, 157044.00000, 298818.66667, 5427753233.55556, 73673.28711, 0.90081, -0.08228, 0.33112, 0.75116, 0.33333, 0.66667
0.43811, -0.72621, -4.85499, 4.92852, -1.02797, 2.96865, 23.00000, 432991.00000, 26021.00000, 154739.91304, 10867385850.16635, 104246.75463, 0.91102, -0.09634, 0.13403, 0.96230, 0.04348, 0.95652
0.87126, -1.44936, -4.62611, 4.92550, -1.02954, 2.79113, 10.00000, 305595.00000, 32633.00000, 167443.30000, 6507413084.01000, 80668.53838, 0.94766, -0.15634, 0.28534, 0.87099, 0.10000, 0.90000
1.70460, 1.50894, -4.37124, 4.92852, 0.72459, 2.66145, 77.00000, 492284.00000, 12016.00000, 126487.23377, 14338791629.58171, 119744.69353, 0.91102, -1.43665, -1.19997, 3.63662, 0.01299, 0.98701
0.43811, 0.72621, -4.85499, 4.92852, 1.02797, 2.96865, 42.00000, 472511.00000, 20270.00000, 162995.47619, 17296305130.58276, 131515.41784, 0.91102, -0.13162, -0.18312, 1.31474, 0.00000, 1.00000
0.43315, 2.05481, -4.45876, 4.92853, 1.36304, 2.70143, 76.00000, 478334.00000, 12507.00000, 106201.88158, 11160478753.89387, 105643.16710, 0.90081, -0.24359, -0.98030, 2.22389, 0.00000, 1.00000
0.87126, 1.44936, -4.62611, 4.92550, 1.02954, 2.79113, 71.00000, 484850.00000, 14337.00000, 109930.26761, 10031128739.04106, 100155.52276, 0.94766, -0.36416, -0.66465, 2.02881, 0.00000, 1.00000
2.14766, -0.78579, -4.35121, 4.91558, -0.35075, 2.65769, 17.00000, 444213.00000, 58153.00000, 136423.70588, 10458318902.67820, 102265.92249, 1.08598, -0.71592, 0.25627, 1.45965, 0.00000, 1.00000
0.87622, 0.00000, -4.83686, 4.91558, 0.00000, 2.96238, 27.00000, 370001.00000, 35379.00000, 130656.74074, 9018662260.85871, 94966.63762, 1.08598, -0.22879, -0.00000, 1.22879, 0.00000, 1.00000
2.14766, 0.78579, -4.35121, 4.91558, 0.35075, 2.65769, 35.00000, 488337.00000, 19550.00000, 128871.00000, 12302072663.37143, 110914.70896, 1.08598, -1.46868, -0.52573, 2.99442, 0.02857, 0.97143
1.75244, 0.00000, -4.58794, 4.91123, 0.00000, 2.77673, 34.00000, 466076.00000, 25295.00000, 192971.47059, 17861684149.24914, 133647.61184, 1.14286, -0.61803, -0.00000, 1.61803, 0.02941, 0.97059
4.45876, 0.43315, 2.05481, 4.92853, 0.09684, 1.14074, 2.00000, 441356.00000, 231459.00000, 336407.50000, 11014187652.25000, 104948.50000, 0.90081, 0.64502, 0.07065, 0.28433, 0.00000, 1.00000
4.85499, 0.43811, 0.72621, 4.92852, 0.09000, 1.42291, 7.00000, 441509.00000, 135677.00000, 275857.85714, 13502754884.69388, 116201.35492, 0.91102, 0.80685, 0.08077, 0.11238, 0.00000, 1.00000
4.37124, 1.70460, 1.50894, 4.92852, 0.37182, 1.25963, 2.00000, 457794.00000, 169015.00000, 313404.50000, 20848327710.25000, 144389.50000, 0.91102, 0.57970, 0.22901, 0.19128, 0.00000, 1.00000
4.62611, 0.87126, 1.44936, 4.92550, 0.18616, 1.27212, 0.00000, 0.00000, 0.00000, 0.00000, 0.00000, 0.00000, 0.94766, 0.66353, 0.11910, 0.21738, 0.00000, 0.00000
4.85499, 0.43811, -0.72621, 4.92852, 0.09000, 1.71868, 11.00000, 475564.00000, 67248.00000, 227314.54545, 17631699370.06612, 132784.40936, 0.91102, 1.04077, 0.10419, -0.14496, 0.09091, 0.90909
4.45876, 0.43315, -2.05481, 4.92853, 0.09684, 2.00085, 10.00000, 357696.00000, 30195.00000, 192770.90000, 15295521290.89000, 123675.06333, 0.90081, 1.49537, 0.16379, -0.65917, 0.00000, 1.00000
4.37124, 1.70460, -1.50894, 4.92852, 0.37182, 1.88196, 21.00000, 480150.00000, 39446.00000, 220022.38095, 16241647111.56916, 127442.72090, 0.91102, 0.93889, 0.37091, -0.30980, 0.00000, 1.00000
4.62611, 0.87126, -1.44936, 4.92550, 0.18616, 1.86947, 9.00000, 482546.00000, 93082.00000, 175433.88889, 13032233272.76543, 114158.80725, 0.94766, 1.17386, 0.21070, -0.38457, 0.00000, 1.00000
3.92241, 2.87963, 0.78273, 4.92852, 0.63328, 1.41130, 10.00000, 475356.00000, 71635.00000, 273799.60000, 20969887322.64000, 144809.83158, 0.91102, 0.52439, 0.37383, 0.10178, 0.00000, 1.00000
3.92241, 2.87963, -0.78273, 4.92852, 0.63328, 1.73029, 23.00000, 396102.00000, 16568.00000, 164319.52174, 9838991479.90170, 99191.69058, 0.91102, 0.65841, 0.46938, -0.12779, 0.00000, 1.00000
3.18882, 3.75791, 0.00000, 4.92853, 0.86714, 1.57080, 11.00000, 349265.00000, 62403.00000, 192514.18182, 7720129773.60331, 87864.26904, 0.90081, 0.46930, 0.53070, 0.00000, 0.00000, 1.00000
3.73035, 3.21637, 0.00000, 4.92550, 0.71154, 1.57080, 8.00000, 438048.00000, 112202.00000, 275846.25000, 9843463627.93750, 99214.23097, 0.94766, 0.52918, 0.47082, 0.00000, 0.00000, 1.00000
4.83686, 0.87622, 0.00000, 4.91558, 0.17921, 1.57080, 2.00000, 157457.00000, 87751.00000, 122604.00000, 1214731609.00000, 34853.00000, 1.08598, 0.84303, 0.15697, 0.00000, 0.00000, 1.00000
4.35121, 2.14766, -0.78579, 4.91558, 0.45850, 1.73134, 14.00000, 477208.00000, 51755.00000, 201704.21429, 18576207156.59694, 136294.56026, 1.08598, 0.76051, 0.37301, -0.13352, 0.00000, 1.00000
4.35121, 2.14766, 0.78579, 4.91558, 0.45850, 1.41025, 5.00000, 310451.00000, 80978.00000, 161749.60000, 6715187491.44000, 81946.24757, 1.08598, 0.60022, 0.29439, 0.10538, 0.00000, 1.00000
4.58794, 1.75244, 0.00000, 4.91123, 0.36486, 1.57080, 7.00000, 316581.00000, 69550.00000, 214729.28571, 7100083814.77551, 84261.99508, 1.14286, 0.72361, 0.27639, -0.00000, 0.00000, 1.00000
