-2.75567, 4.02561, 0.70086, 4.92853, 2.17107, 1.42811, 2.00000, 437799.00000, 99081.00000, 268440.00000, 28682470881.00000, 169359.00000, 0.90081, -1.37444, 1.98030, 0.39414, 0.00000, 1.00000
-3.48430, 3.15040, 1.49161, 4.92852, 2.40648, 1.26333, 0.00000, 0.00000, 0.00000, 0.00000, 0.00000, 0.00000, 0.91102, -2.88604, 2.59457, 1.29147, 0.00000, 0.00000
-2.21782, 3.93313, 1.97536, 4.92852, 2.08423, 1.15840, 0.00000, 0.00000, 0.00000, 0.00000, 0.00000, 0.00000, 0.91102, -0.60432, 1.05443, 0.54989, 0.00000, 0.00000
-2.85909, 3.75484, 1.40973, 4.92550, 2.22158, 1.28053, 0.00000, 0.00000, 0.00000, 0.00000, 0.00000, 0.00000, 0.94766, -1.25387, 1.66465, 0.58922, 0.00000, 0.00000
-3.93313, 1.97536, 2.21782, 4.92852, 2.67616, 1.10403, 1.00000, 383602.00000, 383602.00000, 383602.00000, 0.00000, 0.00000, 0.91102, -10.56672, 5.51065, 6.05607, 0.00000, 1.00000
-4.02561, 0.70086, 2.75567, 4.92853, 2.96922, 0.97747, 0.00000, 0.00000, 0.00000, 0.00000, 0.00000, 0.00000, 0.90081, 9.35336, -1.86160, -6.49176, 0.00000, 0.00000
-3.15040, 1.49161, 3.48430, 4.92852, 2.69940, 0.78559, 1.00000, 313639.00000, 313639.00000, 313639.00000, 0.00000, 0.00000, 0.91102, -1.63909, 0.81587, 1.82322, 1.00000, 0.00000
-3.75484, 1.40973, 2.85909, 4.92550, 2.78243, 0.95149, 1.00000, 235715.00000, 235715.00000, 235715.00000, 0.00000, 0.00000, 0.94766, -9.32863, 3.30198, 7.02665, 0.00000, 1.00000
-1.49161, 3.48430, 3.15040, 4.92852, 1.97528, 0.87732, 1.00000, 281147.00000, 281147.00000, 281147.00000, 0.00000, 0.00000, 0.91102, -0.30829, 0.68893, 0.61936, 0.00000, 1.00000
-1.97536, 2.21782, 3.93313, 4.92852, 2.29844, 0.64677, 1.00000, 212483.00000, 212483.00000, 212483.00000, 0.00000, 0.00000, 0.91102, -0.49591, 0.54500, 0.95092, 0.00000, 1.00000
-0.70086, 2.75567, 4.02561, 4.92853, 1.81985, 0.61496, 0.00000, 0.00000, 0.00000, 0.00000, 0.00000, 0.00000, 0.90081, -0.13313, 0.46424, 0.66888, 0.00000, 0.00000
-1.40973, 2.85909, 3.75484, 4.92550, 2.02888, 0.70390, 0.00000, 0.00000, 0.00000, 0.00000, 0.00000, 0.00000, 0.94766, -0.25296, 0.53830, 0.71466, 0.00000, 0.00000
-3.47499, 2.68919, 2.20355, 4.91558, 2.48299, 1.10596, 0.00000, 0.00000, 0.00000, 0.00000, 0.00000, 0.00000, 1.08598, -2.37638, 1.85065, 1.52573, 0.00000, 0.00000
-2.68919, 2.20355, 3.47499, 4.91558, 2.45513, 0.78564, 0.00000, 0.00000, 0.00000, 0.00000, 0.00000, 0.00000, 1.08598, -0.90211, 0.74373, 1.15838, 0.00000, 0.00000
-2.20355, 3.47499, 2.68919, 4.91558, 2.13592, 0.99193, 1.00000, 224906.00000, 224906.00000, 224906.00000, 0.00000, 0.00000, 1.08598, -0.56481, 0.87972, 0.68510, 0.00000, 1.00000
-2.83550, 2.83550, 2.83550, 4.91123, 2.35619, 0.95532, 0.00000, 0.00000, 0.00000, 0.00000, 0.00000, 0.00000, 1.14286, -1.00000, 1.00000, 1.00000, 0.00000, 0.00000
-2.05481, 4.45876, 0.43315, 4.92853, 2.00263, 1.48280, 5.00000, 467759.00000, 184310.00000, 342092.80000, 10620906984.56000, 103057.78469, 0.90081, -0.65917, 1.49537, 0.16379, 0.20000, 0.80000
-1.50894, 4.37124, 1.70460, 4.92852, 1.90319, 1.21764, 1.00000, 425470.00000, 425470.00000, 425470.00000, 0.00000, 0.00000, 0.91102, -0.30980, 0.93889, 0.37091, 0.00000, 1.00000
-0.72621, 4.85499, 0.43811, 4.92852, 1.71928, 1.48179, 9.00000, 412137.00000, 114543.00000, 259195.11111, 9126353675.20988, 95531.95107, 0.91102, -0.14496, 1.04077, 0.10419, 0.00000, 1.00000
-1.44936, 4.62611, 0.87126, 4.92550, 1.87441, 1.39297, 1.00000, 233271.00000, 233271.00000, 233271.00000, 0.00000, 0.00000, 0.94766, -0.38457, 1.17386, 0.21070, 0.00000, 1.00000
-0.78273, 3.92241, 2.87963, 4.92852, 1.76776, 0.94680, 2.00000, 345490.00000, 293186.00000, 319338.00000, 683927104.00000, 26152.00000, 0.91102, -0.12779, 0.65841, 0.46938, 0.00000, 1.00000
0.00000, 3.18882, 3.75791, 4.92853, 1.57080, 0.70366, 2.00000, 449608.00000, 313286.00000, 381447.00000, 4645921921.00000, 68161.00000, 0.90081, -0.00000, 0.46930, 0.53070, 0.00000, 1.00000
0.78273, 3.92241, 2.87963, 4.92852, 1.37383, 0.94680, 4.00000, 474729.00000, 163806.00000, 283792.00000, 14893421677.50000, 122038.60732, 0.91102, 0.10178, 0.52439, 0.37383, 0.25000, 0.75000
0.00000, 3.73035, 3.21637, 4.92550, 1.57080, 0.85925, 0.00000, 0.00000, 0.00000, 0.00000, 0.00000, 0.00000, 0.94766, -0.00000, 0.52918, 0.47082, 0.00000, 0.00000
0.72621, 4.85499, 0.43811, 4.92852, 1.42232, 1.48179, 10.00000, 456569.00000, 134416.00000, 283194.00000, 11882268106.80000, 109005.81685, 0.91102, 0.11238, 0.80685, 0.08077, 0.10000, 0.90000
1.50894, 4.37124, 1.70460, 4.92852, 1.23841, 1.21764, 4.00000, 288574.00000, 130616.00000, 202064.00000, 4162925103.50000, 64520.73390, 0.91102, 0.19128, 0.57970, 0.22901, 0.00000, 1.00000
2.05481, 4.45876, 0.43315, 4.92853, 1.13896, 1.48280, 10.00000, 464202.00000, 113746.00000, 268782.10000, 18137390699.29000, 134675.13022, 0.90081, 0.28433, 0.64502, 0.07065, 0.10000, 0.90000
1.44936, 4.62611, 0.87126, 4.92550, 1.26718, 1.39297, 1.00000, 160363.00000, 160363.00000, 160363.00000, 0.00000, 0.00000, 0.94766, 0.21738, 0.66353, 0.11910, 0.00000, 1.00000
-0.78579, 4.35121, 2.14766, 4.91558, 1.74946, 1.11864, 1.00000, 479029.00000, 479029.00000, 479029.00000, 0.00000, 0.00000, 1.08598, -0.13352, 0.76051, 0.37301, 0.00000, 1.00000
0.78579, 4.35121, 2.14766, 4.91558, 1.39213, 1.11864, 3.00000, 277863.00000, 114057.00000, 178287.66667, 5096690336.88889, 71391.10825, 1.08598, 0.10538, 0.60022, 0.29439, 0.00000, 1.00000
0.00000, 4.83686, 0.87622, 4.91558, 1.57080, 1.39159, 7.00000, 491475.00000, 156839.00000, 324170.28571, 12141949184.77551, 110190.51313, 1.08598, -0.00000, 0.84303, 0.15697, 0.14286, 0.85714
0.00000, 4.58794, 1.75244, 4.91123, 1.57080, 1.20593, 3.00000, 475078.00000, 143252.00000, 277288.33333, 20383659468.22223, 142771.35381, 1.14286, 0.00000, 0.72361, 0.27639, 0.33333, 0.66667
-2.05481, 4.45876, -0.43315, 4.92853, 2.00263, 1.65880, 6.00000, 484127.00000, 115906.00000, 297056.16667, 19330917603.13889, 139035.67025, 0.90081, -0.98030, 2.22389, -0.24359, 0.00000, 1.00000
-0.72621, 4.85499, -0.43811, 4.92852, 1.71928, 1.65981, 9.00000, 294943.00000, 53973.00000, 199655.33333, 6662262315.33333, 81622.68260, 0.91102, -0.18312, 1.31474, -0.13162, 0.00000, 1.00000
-1.50894, 4.37124, -1.70460, 4.92852, 1.90319, 1.92396, 8.00000, 396468.00000, 86099.00000, 232144.25000, 12644872172.18750, 112449.42051, 0.91102, -1.19997, 3.63662, -1.43665, 0.00000, 1.00000
-1.44936, 4.62611, -0.87126, 4.92550, 1.87441, 1.74862, 3.00000, 441039.00000, 126453.00000, 237666.00000, 20740791366.00000, 144016.63573, 0.94766, -0.66465, 2.02881, -0.36416, 0.00000, 1.00000
0.72621, 4.85499, -0.43811, 4.92852, 1.42232, 1.65981, 12.00000, 477210.00000, 68350.00000, 228285.58333, 23955322303.24306, 154775.07003, 0.91102, 0.13403, 0.96230, -0.09634, 0.08333, 0.91667
2.05481, 4.45876, -0.43315, 4.92853, 1.13896, 1.65880, 9.00000, 457929.00000, 76570.00000, 243457.33333, 16249859952.00000, 127474.93853, 0.90081, 0.33112, 0.75116, -0.08228, 0.11111, 0.88889
1.50894, 4.37124, -1.70460, 4.92852, 1.23841, 1.92396, 22.00000, 492359.00000, 39762.00000, 202061.81818, 14492651636.14876, 120385.42950, 0.91102, 0.35294, 1.06961, -0.42255, 0.13636, 0.86364
1.44936, 4.62611, -0.87126, 4.92550, 1.26718, 1.74862, 16.00000, 372151.00000, 69386.00000, 219879.00000, 11386209162.00000, 106706.18146, 0.94766, 0.28534, 0.87099, -0.15634, 0.06250, 0.93750
-0.78273, 3.92241, -2.87963, 4.92852, 1.76776, 2.19479, 25.00000, 412642.00000, 39658.00000, 188134.92000, 10868714493.91360, 104253.12702, 0.91102, -2.08678, 10.75154, -7.66476, 0.00000, 1.00000
0.78273, 3.92241, -2.87963, 4.92852, 1.37383, 2.19479, 34.00000, 480770.00000, 25639.00000, 156589.14706, 14764567394.94897, 121509.53623, 0.91102, 0.40335, 2.07817, -1.48153, 0.08824, 0.91176
0.00000, 3.18882, -3.75791, 4.92853, 1.57080, 2.43793, 29.00000, 427069.00000, 35102.00000, 176478.06897, 13582724636.20214, 116544.94685, 0.90081, -0.00000, -7.64229, 8.64229, 0.03448, 0.96552
0.00000, 3.73035, -3.21637, 4.92550, 1.57080, 2.28234, 27.00000, 492161.00000, 36365.00000, 177296.59259, 17896758496.90809, 133778.76699, 0.94766, 0.00000, 9.06739, -8.06739, 0.07407, 0.92593
0.00000, 4.83686, -0.87622, 4.91558, 1.57080, 1.75001, 11.00000, 275990.00000, 66398.00000, 145943.27273, 3632135040.74380, 60267.19705, 1.08598, 0.00000, 1.22879, -0.22879, 0.00000, 1.00000
0.78579, 4.35121, -2.14766, 4.91558, 1.39213, 2.02296, 17.00000, 470389.00000, 41845.00000, 190690.82353, 11420149988.26298, 106865.10183, 1.08598, 0.25627, 1.45965, -0.71592, 0.05882, 0.94118
-0.78579, 4.35121, -2.14766, 4.91558, 1.74946, 2.02296, 6.00000, 462531.00000, 50529.00000, 214506.83333, 19353082163.13889, 139115.35560, 1.08598, -0.52573, 2.99442, -1.46868, 0.00000, 1.00000
0.00000, 4.58794, -1.75244, 4.91123, 1.57080, 1.93566, 14.00000, 318611.00000, 58196.00000, 196656.28571, 6872302990.06122, 82899.35458, 1.14286, 0.00000, 1.61803, -0.61803, 0.07143, 0.92857
-2.75567, 4.02561, -0.70086, 4.92853, 2.17107, 1.71348, 5.00000, 404790.00000, 258850.00000, 326985.60000, 3807352535.04000, 61703.74814, 0.90081, -6.49176, 9.35336, -1.86160, 0.00000, 1.00000
-2.21782, 3.93313, -1.97536, 4.92852, 2.08423, 1.98319, 8.00000, 282155.00000, 99778.00000, 158167.75000, 4289063171.18750, 65490.93961, 0.91102, 6.05607, -10.56672, 5.51065, 0.00000, 1.00000
-3.48430, 3.15040, -1.49161, 4.92852, 2.40648, 1.87827, 7.00000, 273828.00000, 138702.00000, 200736.85714, 1694752120.97959, 41167.36719, 0.91102, 1.82322, -1.63909, 0.81587, 0.00000, 1.00000
-2.85909, 3.75484, -1.40973, 4.92550, 2.22158, 1.86107, 4.00000, 456796.00000, 290517.00000, 354078.25000, 4440851347.68750, 66639.71299, 0.94766, 7.02665, -9.32863, 3.30198, 0.25000, 0.75000
-1.49161, 3.48430, -3.15040, 4.92852, 1.97528, 2.26428, 30.00000, 458585.00000, 40851.00000, 197413.63333, 15348026798.89889, 123887.15349, 0.91102, 1.29147, -2.88604, 2.59457, 0.10000, 0.90000
-0.70086, 2.75567, -4.02561, 4.92853, 1.81985, 2.52663, 33.00000, 499699.00000, 54440.00000, 204492.03030, 15701877812.02939, 125307.13392, 0.90081, 0.39414, -1.37444, 1.98030, 0.06061, 0.93939
-1.97536, 2.21782, -3.93313, 4.92852, 2.29844, 2.49482, 18.00000, 449038.00000, 33621.00000, 183070.83333, 14505725813.13889, 120439.71859, 0.91102, 0.54989, -0.60432, 1.05443, 0.05556, 0.94444
-1.40973, 2.85909, -3.75484, 4.92550, 2.02888, 2.43770, 20.00000, 493585.00000, 33383.00000, 203490.60000, 19512626099.64000, 139687.60181, 0.94766, 0.58922, -1.25387, 1.66465, 0.00000, 1.00000
-3.93313, 1.97536, -2.21782, 4.92852, 2.67616, 2.03756, 4.00000, 463008.00000, 254880.00000, 376815.75000, 7501297922.18750, 86610.03361, 0.91102, 0.95092, -0.49591, 0.54500, 0.00000, 1.00000
-3.15040, 1.49161, -3.48430, 4.92852, 2.69940, 2.35600, 19.00000, 391174.00000, 71497.00000, 196042.10526, 8691322352.40997, 93227.26185, 0.91102, 0.61936, -0.30829, 0.68893, 0.21053, 0.78947
-4.02561, 0.70086, -2.75567, 4.92853, 2.96922, 2.16413, 7.00000, 469345.00000, 146004.00000, 296502.71429, 13318740151.06122, 115406.84621, 0.90081, 0.66888, -0.13313, 0.46424, 0.00000, 1.00000
-3.75484, 1.40973, -2.85909, 4.92550, 2.78243, 2.19010, 7.00000, 430973.00000, 142918.00000, 284389.14286, 10319535198.69388, 101585.11308, 0.94766, 0.71466, -0.25296, 0.53830, 0.14286, 0.85714
-2.20355, 3.47499, -2.68919, 4.91558, 2.13592, 2.14966, 10.00000, 463701.00000, 72864.00000, 289259.50000, 17993442452.25000, 134139.63789, 1.08598, 1.52573, -2.37638, 1.85065, 0.00000, 1.00000
-2.68919, 2.20355, -3.47499, 4.91558, 2.45513, 2.35595, 15.00000, 459282.00000, 94757.00000, 271993.20000, 11664623782.29333, 108002.88784, 1.08598, 0.68510, -0.56481, 0.87972, 0.06667, 0.93333
-3.47499, 2.68919, -2.20355, 4.91558, 2.48299, 2.03563, 6.00000, 412124.00000, 95786.00000, 225599.83333, 13776398889.13889, 117372.90526, 1.08598, 1.15838, -0.90211, 0.74373, 0.00000, 1.00000
-2.83550, 2.83550, -2.83550, 4.91123, 2.35619, 2.18628, 8.00000, 492034.00000, 53955.00000, 269028.37500, 20373700113.48438, 142736.47086, 1.14286, 1.00000, -1.00000, 1.00000, 0.00000, 1.00000
-3.18882, 3.75791, 0.00000, 4.92853, 2.27446, 1.57080, 5.00000, 431855.00000, 214473.00000, 313774.00000, 6257433784.00000, 79103.94291, 0.90081, -7.64229, 8.64229, 0.00000, 0.00000, 1.00000
-3.92241, 2.87963, -0.78273, 4.92852, 2.50831, 1.73029, 0.00000, 0.00000, 0.00000, 0.00000, 0.00000, 0.00000, 0.91102, 2.07817, -1.48153, 0.40335, 0.00000, 0.00000
-3.92241, 2.87963, 0.78273, 4.92852, 2.50831, 1.41130, 1.00000, 333473.00000, 333473.00000, 333473.00000, 0.00000, 0.00000, 0.91102, 10.75154, -7.66476, -2.08678, 0.00000, 1.00000
-3.73035, 3.21637, 0.00000, 4.92550, 2.43005, 1.57080, 1.00000, 309472.00000, 309472.00000, 309472.00000, 0.00000, 0.00000, 0.94766, 9.06739, -8.06739, -0.00000, 0.00000, 1.00000
-4.37124, 1.70460, -1.50894, 4.92852, 2.76977, 1.88196, 2.00000, 169705.00000, 144219.00000, 156962.00000, 162384049.00000, 12743.00000, 0.91102, 1.06961, -0.42255, 0.35294, 0.00000, 1.00000
-4.45876, 0.43315, -2.05481, 4.92853, 3.04475, 2.00085, 1.00000, 483434.00000, 483434.00000, 483434.00000, 0.00000, 0.00000, 0.90081, 0.75116, -0.08228, 0.33112, 1.00000, 0.00000
-4.85499, 0.43811, -0.72621, 4.92852, 3.05160, 1.71868, 4.00000, 483085.00000, 183359.00000, 336761.00000, 12894189033.50000, 113552.58268, 0.91102, 0.96230, -0.09634, 0.13403, 0.25000, 0.75000
-4.62611, 0.87126, -1.44936, 4.92550, 2.95544, 1.86947, 3.00000, 377511.00000, 128418.00000, 260493.33333, 10454587104.22222, 102247.67530, 0.94766, 0.87099, -0.15634, 0.28534, 0.00000, 1.00000
-4.37124, 1.70460, 1.50894, 4.92852, 2.76977, 1.25963, 0.00000, 0.00000, 0.00000, 0.00000, 0.00000, 0.00000, 0.91102, 3.63662, -1.43665, -1.19997, 0.00000, 0.00000
-4.85499, 0.43811, 0.72621, 4.92852, 3.05160, 1.42291, 2.00000, 483946.00000, 373050.00000, 428498.00000, 3074480704.00000, 55448.00000, 0.91102, 1.31474, -0.13162, -0.18312, 0.00000, 1.00000
-4.45876, 0.43315, 2.05481, 4.92853, 3.04475, 1.14074, 1.00000, 446355.00000, 446355.00000, 446355.00000, 0.00000, 0.00000, 0.90081, 2.22389, -0.24359, -0.98030, 0.00000, 1.00000
-4.62611, 0.87126, 1.44936, 4.92550, 2.95544, 1.27212, 1.00000, 236285.00000, 236285.00000, 236285.00000, 0.00000, 0.00000, 0.94766, 2.02881, -0.36416, -0.66465, 0.00000, 1.00000
-4.35121, 2.14766, -0.78579, 4.91558, 2.68310, 1.73134, 2.00000, 458018.00000, 427950.00000, 442984.00000, 226021156.00000, 15034.00000, 1.08598, 1.45965, -0.71592, 0.25627, 0.00000, 1.00000
-4.83686, 0.87622, 0.00000, 4.91558, 2.96238, 1.57080, 0.00000, 0.00000, 0.00000, 0.00000, 0.00000, 0.00000, 1.08598, 1.22879, -0.22879, -0.00000, 0.00000, 0.00000
-4.35121, 2.14766, 0.78579, 4.91558, 2.68310, 1.41025, 1.00000, 328305.00000, 328305.00000, 328305.00000, 0.00000, 0.00000, 1.08598, 2.99442, -1.46868, -0.52573, 0.00000, 1.00000
-4.58794, 1.75244, 0.00000, 4.91123, 2.77673, 1.57080, 3.00000, 455548.00000, 340915.00000, 380343.66667, 2830069944.22222, 53198.40171, 1.14286, 1.61803, -0.61803, -0.00000, 0.33333, 0.66667
2.75567, 4.02561, 0.70086, 4.92853, 0.97053, 1.42811, 2.00000, 322270.00000, 180020.00000, 251145.00000, 5058765625.00000, 71125.00000, 0.90081, 0.36663, 0.52824, 0.10514, 0.00000, 1.00000
2.21782, 3.93313, 1.97536, 4.92852, 1.05736, 1.15840, 3.00000, 387347.00000, 255266.00000, 329129.33333, 3029958536.22222, 55045.05914, 0.91102, 0.27362, 0.47741, 0.24897, 0.33333, 0.66667
3.48430, 3.15040, 1.49161, 4.92852, 0.73511, 1.26333, 6.00000, 477506.00000, 170542.00000, 326136.33333, 11516826961.88889, 107316.48038, 0.91102, 0.42617, 0.38313, 0.19070, 0.50000, 0.50000
2.85909, 3.75484, 1.40973, 4.92550, 0.92001, 1.28053, 4.00000, 444611.00000, 90018.00000, 279177.75000, 16727372964.68750, 129334.34565, 0.94766, 0.35746, 0.47456, 0.16798, 0.00000, 1.00000
1.49161, 3.48430, 3.15040, 4.92852, 1.16631, 0.87732, 3.00000, 413369.00000, 252756.00000, 342379.66667, 4473041817.55556, 66880.80306, 0.91102, 0.19070, 0.42617, 0.38313, 0.00000, 1.00000
0.70086, 2.75567, 4.02561, 4.92853, 1.32174, 0.61496, 0.00000, 0.00000, 0.00000, 0.00000, 0.00000, 0.00000, 0.90081, 0.10514, 0.36663, 0.52824, 0.00000, 0.00000
1.97536, 2.21782, 3.93313, 4.92852, 0.84316, 0.64677, 3.00000, 297619.00000, 118221.00000, 223268.66667, 5835103537.55556, 76387.84941, 0.91102, 0.24897, 0.27362, 0.47741, 0.33333, 0.66667
1.40973, 2.85909, 3.75484, 4.92550, 1.11271, 0.70390, 3.00000, 432135.00000, 340892.00000, 401260.00000, 1822466032.66667, 42690.35058, 0.94766, 0.16798, 0.35746, 0.47456, 0.33333, 0.66667
3.93313, 1.97536, 2.21782, 4.92852, 0.46544, 1.10403, 5.00000, 361774.00000, 111980.00000, 234325.80000, 10864634326.16000, 104233.55662, 0.91102, 0.47741, 0.24897, 0.27362, 0.60000, 0.40000
3.15040, 1.49161, 3.48430, 4.92852, 0.44220, 0.78559, 0.00000, 0.00000, 0.00000, 0.00000, 0.00000, 0.00000, 0.91102, 0.38313, 0.19070, 0.42617, 0.00000, 0.00000
4.02561, 0.70086, 2.75567, 4.92853, 0.17237, 0.97747, 5.00000, 435381.00000, 68787.00000, 287850.40000, 16219941325.44000, 127357.53345, 0.90081, 0.52824, 0.10514, 0.36663, 0.40000, 0.60000
3.75484, 1.40973, 2.85909, 4.92550, 0.35916, 0.95149, 8.00000, 370340.00000, 111730.00000, 273194.25000, 8212558551.68750, 90623.16785, 0.94766, 0.47456, 0.16798, 0.35746, 0.87500, 0.12500
2.20355, 3.47499, 2.68919, 4.91558, 1.00567, 0.99193, 2.00000, 451674.00000, 273469.00000, 362571.50000, 7939255506.25000, 89102.50000, 1.08598, 0.26522, 0.41309, 0.32170, 1.00000, 0.00000
2.68919, 2.20355, 3.47499, 4.91558, 0.68646, 0.78564, 1.00000, 263472.00000, 263472.00000, 263472.00000, 0.00000, 0.00000, 1.08598, 0.32170, 0.26522, 0.41309, 1.00000, 0.00000
3.47499, 2.68919, 2.20355, 4.91558, 0.65860, 1.10596, 1.00000, 225992.00000, 225992.00000, 225992.00000, 0.00000, 0.00000, 1.08598, 0.41309, 0.32170, 0.26522, 1.00000, 0.00000
2.83550, 2.83550, 2.83550, 4.91123, 0.78540, 0.95532, 5.00000, 466835.00000, 239782.00000, 352251.00000, 9557857410.80000, 97764.29517, 1.14286, 0.33333, 0.33333, 0.33333, 0.80000, 0.20000
-0.43315, 2.05481, 4.45876, 4.92853, 1.77855, 0.44016, 0.00000, 0.00000, 0.00000, 0.00000, 0.00000, 0.00000, 0.90081, -0.08228, 0.33112, 0.75116, 0.00000, 0.00000
-1.70460, 1.50894, 4.37124, 4.92852, 2.41700, 0.48015, 0.00000, 0.00000, 0.00000, 0.00000, 0.00000, 0.00000, 0.91102, -0.42255, 0.35294, 1.06961, 0.00000, 0.00000
-0.43811, 0.72621, 4.85499, 4.92852, 2.11363, 0.17295, 1.00000, 434476.00000, 434476.00000, 434476.00000, 0.00000, 0.00000, 0.91102, -0.09634, 0.13403, 0.96230, 1.00000, 0.00000
-0.87126, 1.44936, 4.62611, 4.92550, 2.11205, 0.35046, 0.00000, 0.00000, 0.00000, 0.00000, 0.00000, 0.00000, 0.94766, -0.15634, 0.28534, 0.87099, 0.00000, 0.00000
-2.87963, 0.78273, 3.92241, 4.92852, 2.87619, 0.65037, 0.00000, 0.00000, 0.00000, 0.00000, 0.00000, 0.00000, 0.91102, -1.48153, 0.40335, 2.07817, 0.00000, 0.00000
-3.75791, 0.00000, 3.18882, 4.92853, 3.14159, 0.86714, 0.00000, 0.00000, 0.00000, 0.00000, 0.00000, 0.00000, 0.90081, 8.64229, -0.00000, -7.64229, 0.00000, 0.00000
-2.87963, -0.78273, 3.92241, 4.92852, -2.87619, 0.65037, 2.00000, 347485.00000, 163097.00000, 255291.00000, 8499733636.00000, 92194.00000, 0.91102, -7.66476, -2.08678, 10.75154, 1.00000, 0.00000
-3.21637, 0.00000, 3.73035, 4.92550, 3.14159, 0.71154, 0.00000, 0.00000, 0.00000, 0.00000, 0.00000, 0.00000, 0.94766, -8.06739, 0.00000, 9.06739, 0.00000, 0.00000
-0.43811, -0.72621, 4.85499, 4.92852, -2.11363, 0.17295, 2.00000, 379011.00000, 146594.00000, 262802.50000, 13504415472.25000, 116208.50000, 0.91102, -0.13162, -0.18312, 1.31474, 0.50000, 0.50000
-1.70460, -1.50894, 4.37124, 4.92852, -2.41700, 0.48015, 1.00000, 254387.00000, 254387.00000, 254387.00000, 0.00000, 0.00000, 0.91102, -1.43665, -1.19997, 3.63662, 1.00000, 0.00000
-0.43315, -2.05481, 4.45876, 4.92853, -1.77855, 0.44016, 1.00000, 320541.00000, 320541.00000, 320541.00000, 0.00000, 0.00000, 0.90081, -0.24359, -0.98030, 2.22389, 1.00000, 0.00000
-0.87126, -1.44936, 4.62611, 4.92550, -2.11205, 0.35046, 1.00000, 291614.00000, 291614.00000, 291614.00000, 0.00000, 0.00000, 0.94766, -0.36416, -0.66465, 2.02881, 1.00000, 0.00000
-2.14766, 0.78579, 4.35121, 4.91558, 2.79084, 0.48390, 0.00000, 0.00000, 0.00000, 0.00000, 0.00000, 0.00000, 1.08598, -0.71592, 0.25627, 1.45965, 0.00000, 0.00000
-2.14766, -0.78579, 4.35121, 4.91558, -2.79084, 0.48390, 0.00000, 0.00000, 0.00000, 0.00000, 0.00000, 0.00000, 1.08598, -1.46868, -0.52573, 2.99442, 0.00000, 0.00000
-0.87622, 0.00000, 4.83686, 4.91558, 3.14159, 0.17921, 0.00000, 0.00000, 0.00000, 0.00000, 0.00000, 0.00000, 1.08598, -0.22879, 0.00000, 1.22879, 0.00000, 0.00000
-1.75244, 0.00000, 4.58794, 4.91123, 3.14159, 0.36486, 0.00000, 0.00000, 0.00000, 0.00000, 0.00000, 0.00000, 1.14286, -0.61803, 0.00000, 1.61803, 0.00000, 0.00000
-4.45876, -0.43315, 2.05481, 4.92853, -3.04475, 1.14074, 0.00000, 0.00000, 0.00000, 0.00000, 0.00000, 0.00000, 0.90081, 1.49537, 0.16379, -0.65917, 0.00000, 0.00000
-4.85499, -0.43811, 0.72621, 4.92852, -3.05160, 1.42291, 1.00000, 333624.00000, 333624.00000, 333624.00000, 0.00000, 0.00000, 0.91102, 1.04077, 0.10419, -0.14496, 0.00000, 1.00000
-4.37124, -1.70460, 1.50894, 4.92852, -2.76977, 1.25963, 1.00000, 259222.00000, 259222.00000, 259222.00000, 0.00000, 0.00000, 0.91102, 0.93889, 0.37091, -0.30980, 0.00000, 1.00000
-4.62611, -0.87126, 1.44936, 4.92550, -2.95544, 1.27212, 1.00000, 449720.00000, 449720.00000, 449720.00000, 0.00000, 0.00000, 0.94766, 1.17386, 0.21070, -0.38457, 0.00000, 1.00000
-4.85499, -0.43811, -0.72621, 4.92852, -3.05160, 1.71868, 2.00000, 472463.00000, 276327.00000, 374395.00000, 9617332624.00000, 98068.00000, 0.91102, 0.80685, 0.08077, 0.11238, 0.00000, 1.00000
-4.45876, -0.43315, -2.05481, 4.92853, -3.04475, 2.00085, 6.00000, 357388.00000, 68078.00000, 236111.33333, 9412281867.55556, 97016.91537, 0.90081, 0.64502, 0.07065, 0.28433, 0.33333, 0.66667
-4.37124, -1.70460, -1.50894, 4.92852, -2.76977, 1.88196, 0.00000, 0.00000, 0.00000, 0.00000, 0.00000, 0.00000, 0.91102, 0.57970, 0.22901, 0.19128, 0.00000, 0.00000
-4.62611, -0.87126, -1.44936, 4.92550, -2.95544, 1.86947, 1.00000, 310009.00000, 310009.00000, 310009.00000, 0.00000, 0.00000, 0.94766, 0.66353, 0.11910, 0.21738, 0.00000, 1.00000
-3.92241, -2.87963, 0.78273, 4.92852, -2.50831, 1.41130, 2.00000, 246192.00000, 156913.00000, 201552.50000, 1992684960.25000, 44639.50000, 0.91102, 0.65841, 0.46938, -0.12779, 1.00000, 0.00000
-3.92241, -2.87963, -0.78273, 4.92852, -2.50831, 1.73029, 1.00000, 383366.00000, 383366.00000, 383366.00000, 0.00000, 0.00000, 0.91102, 0.52439, 0.37383, 0.10178, 1.00000, 0.00000
-3.18882, -3.75791, 0.00000, 4.92853, -2.27446, 1.57080, 3.00000, 442770.00000, 238098.00000, 308476.66667, 9024313571.55556, 94996.38715, 0.90081, 0.46930, 0.53070, 0.00000, 1.00000, 0.00000
-3.73035, -3.21637, 0.00000, 4.92550, -2.43005, 1.57080, 1.00000, 143428.00000, 143428.00000, 143428.00000, 0.00000, 0.00000, 0.94766, 0.52918, 0.47082, -0.00000, 0.00000, 1.00000
-4.83686, -0.87622, 0.00000, 4.91558, -2.96238, 1.57080, 2.00000, 392302.00000, 213561.00000, 302931.50000, 7987086270.25000, 89370.50000, 1.08598, 0.84303, 0.15697, -0.00000, 0.50000, 0.50000
-4.35121, -2.14766, -0.78579, 4.91558, -2.68310, 1.73134, 3.00000, 437301.00000, 203314.00000, 347644.66667, 10619627390.88889, 103051.57636, 1.08598, 0.60022, 0.29439, 0.10538, 0.66667, 0.33333
-4.35121, -2.14766, 0.78579, 4.91558, -2.68310, 1.41025, 2.00000, 289305.00000, 157391.00000, 223348.00000, 4350325849.00000, 65957.00000, 1.08598, 0.76051, 0.37301, -0.13352, 1.00000, 0.00000
-4.58794, -1.75244, 0.00000, 4.91123, -2.77673, 1.57080, 1.00000, 155070.00000, 155070.00000, 155070.00000, 0.00000, 0.00000, 1.14286, 0.72361, 0.27639, -0.00000, 0.00000, 1.00000
-3.75791, 0.00000, -3.18882, 4.92853, 3.14159, 2.27446, 5.00000, 324539.00000, 133972.00000, 217647.60000, 3849788267.44000, 62046.66202, 0.90081, 0.53070, -0.00000, 0.46930, 0.00000, 1.00000
-2.87963, 0.78273, -3.92241, 4.92852, 2.87619, 2.49122, 14.00000, 483201.00000, 54813.00000, 295645.92857, 22409250372.20919, 149697.19561, 0.91102, 0.46938, -0.12779, 0.65841, 0.07143, 0.92857
-2.87963, -0.78273, -3.92241, 4.92852, -2.87619, 2.49122, 8.00000, 481225.00000, 92758.00000, 261371.87500, 20721910734.35938, 143951.07063, 0.91102, 0.37383, 0.10178, 0.52439, 0.12500, 0.87500
-3.21637, 0.00000, -3.73035, 4.92550, 3.14159, 2.43005, 8.00000, 463973.00000, 102832.00000, 285006.12500, 20891962049.85938, 144540.52044, 0.94766, 0.47082, 0.00000, 0.52918, 0.12500, 0.87500
-1.70460, 1.50894, -4.37124, 4.92852, 2.41700, 2.66145, 30.00000, 490480.00000, 35430.00000, 202077.16667, 15873837622.07222, 125991.41884, 0.91102, 0.37091, -0.30980, 0.93889, 0.06667, 0.93333
-0.43315, 2.05481, -4.45876, 4.92853, 1.77855, 2.70143, 47.00000, 497759.00000, 26561.00000, 156131.02128, 11316430733.80806, 106378.71373, 0.90081, 0.16379, -0.65917, 1.49537, 0.06383, 0.93617
-0.43811, 0.72621, -4.85499, 4.92852, 2.11363, 2.96865, 63.00000, 482341.00000, 26550.00000, 213562.33333, 16946610717.04762, 130179.14855, 0.91102, 0.10419, -0.14496, 1.04077, 0.25397, 0.74603
-0.87126, 1.44936, -4.62611, 4.92550, 2.11205, 2.79113, 26.00000, 374717.00000, 45016.00000, 183040.69231, 10418749803.28994, 102072.27735, 0.94766, 0.21070, -0.38457, 1.17386, 0.03846, 0.96154
-1.70460, -1.50894, -4.37124, 4.92852, -2.41700, 2.66145, 17.00000, 453543.00000, 107104.00000, 300474.47059, 10392511539.19031, 101943.66846, 0.91102, 0.22901, 0.19128, 0.57970, 0.17647, 0.82353
-0.43811, -0.72621, -4.85499, 4.92852, -2.11363, 2.96865, 37.00000, 460375.00000, 37946.00000, 187672.40541, 14476480088.34916, 120318.24504, 0.91102, 0.08077, 0.11238, 0.80685, 0.27027, 0.72973
-0.43315, -2.05481, -4.45876, 4.92853, -1.77855, 2.70143, 20.00000, 401444.00000, 55867.00000, 187858.60000, 8818902367.74000, 93909.01111, 0.90081, 0.07065, 0.28433, 0.64502, 0.45000, 0.55000
-0.87126, -1.44936, -4.62611, 4.92550, -2.11205, 2.79113, 20.00000, 410744.00000, 54762.00000, 192035.40000, 9895323834.84000, 99475.24232, 0.94766, 0.11910, 0.21738, 0.66353, 0.25000, 0.75000
-2.14766, 0.78579, -4.35121, 4.91558, 2.79084, 2.65769, 20.00000, 420641.00000, 62359.00000, 194865.70000, 11431328543.11000, 106917.39121, 1.08598, 0.37301, -0.13352, 0.76051, 0.15000, 0.85000
-0.87622, 0.00000, -4.83686, 4.91558, 3.14159, 2.96238, 32.00000, 495087.00000, 31605.00000, 218921.68750, 21603926772.96484, 146982.74311, 1.08598, 0.15697, 0.00000, 0.84303, 0.15625, 0.84375
-2.14766, -0.78579, -4.35121, 4.91558, -2.79084, 2.65769, 11.00000, 458571.00000, 49429.00000, 283172.63636, 14780948634.04959, 121576.92476, 1.08598, 0.29439, 0.10538, 0.60022, 0.18182, 0.81818
-1.75244, 0.00000, -4.58794, 4.91123, 3.14159, 2.77673, 28.00000, 429870.00000, 65061.00000, 213577.67857, 10830424126.93240, 104069.32366, 1.14286, 0.27639, 0.00000, 0.72361, 0.14286, 0.85714
0.70086, 2.75567, -4.02561, 4.92853, 1.32174, 2.52663, 50.00000, 344336.00000, 32346.00000, 120465.26000, 5756991696.91240, 75874.84232, 0.90081, -1.86160, -6.49176, 9.35336, 0.04000, 0.96000
1.49161, 3.48430, -3.15040, 4.92852, 1.16631, 2.26428, 52.00000, 480064.00000, 32267.00000, 155741.53846, 12026683682.94083, 109666.23766, 0.91102, 0.81587, 1.82322, -1.63909, 0.05769, 0.94231
1.97536, 2.21782, -3.93313, 4.92852, 0.84316, 2.49482, 67.00000, 495658.00000, 18314.00000, 138183.61194, 10726685304.47627, 103569.71229, 0.91102, 5.51065, 6.05607, -10.56672, 0.11940, 0.88060
1.40973, 2.85909, -3.75484, 4.92550, 1.11271, 2.43770, 54.00000, 441068.00000, 24337.00000, 147604.74074, 12262951309.56241, 110738.21070, 0.94766, 3.30198, 7.02665, -9.32863, 0.03704, 0.96296
2.21782, 3.93313, -1.97536, 4.92852, 1.05736, 1.98319, 27.00000, 424582.00000, 29758.00000, 190280.88889, 13172455341.50617, 114771.31759, 0.91102, 0.54500, 0.95092, -0.49591, 0.11111, 0.88889
2.75567, 4.02561, -0.70086, 4.92853, 0.97053, 1.71348, 12.00000, 488891.00000, 54730.00000, 244594.83333, 21537629377.97222, 146757.04200, 0.90081, 0.46424, 0.66888, -0.13313, 0.08333, 0.91667
3.48430, 3.15040, -1.49161, 4.92852, 0.73511, 1.87827, 19.00000, 445035.00000, 44588.00000, 233768.89474, 21096254055.35734, 145245.49582, 0.91102, 0.68893, 0.61936, -0.30829, 0.21053, 0.78947
2.85909, 3.75484, -1.40973, 4.92550, 0.92001, 1.86107, 17.00000, 498469.00000, 21243.00000, 205651.05882, 19888378059.23183, 141026.16090, 0.94766, 0.53830, 0.71466, -0.25296, 0.11765, 0.88235
3.15040, 1.49161, -3.48430, 4.92852, 0.44220, 2.35600, 64.00000, 489799.00000, 25270.00000, 176689.54688, 14937963085.84155, 122220.96009, 0.91102, 2.59457, 1.29147, -2.88604, 0.17188, 0.82812
3.93313, 1.97536, -2.21782, 4.92852, 0.46544, 2.03756, 35.00000, 484193.00000, 50868.00000, 207723.45714, 14675484129.61959, 121142.41260, 0.91102, 1.05443, 0.54989, -0.60432, 0.40000, 0.60000
4.02561, 0.70086, -2.75567, 4.92853, 0.17237, 2.16413, 36.00000, 480347.00000, 48775.00000, 202566.97222, 13243932637.97145, 115082.28638, 0.90081, 1.98030, 0.39414, -1.37444, 0.52778, 0.47222
3.75484, 1.40973, -2.85909, 4.92550, 0.35916, 2.19010, 45.00000, 475055.00000, 37063.00000, 152246.55556, 9667538743.04691, 98323.64285, 0.94766, 1.66465, 0.58922, -1.25387, 0.15556, 0.84444
2.20355, 3.47499, -2.68919, 4.91558, 1.00567, 2.14966, 38.00000, 419352.00000, 22656.00000, 185329.86842, 15008608153.27216, 122509.62474, 1.08598, 0.74373, 1.15838, -0.90211, 0.02632, 0.97368
3.47499, 2.68919, -2.20355, 4.91558, 0.65860, 2.03563, 16.00000, 450818.00000, 30145.00000, 174443.81250, 13595768990.15234, 116600.89618, 1.08598, 0.87972, 0.68510, -0.56481, 0.12500, 0.87500
2.68919, 2.20355, -3.47499, 4.91558, 0.68646, 2.35595, 40.00000, 396930.00000, 19403.00000, 143835.22500, 9951813419.32438, 99758.77615, 1.08598, 1.85065, 1.52573, -2.37638, 0.15000, 0.85000
2.83550, 2.83550, -2.83550, 4.91123, 0.78540, 2.18628, 37.00000, 390290.00000, 25055.00000, 127738.56757, 7334454478.78598, 85641.42969, 1.14286, 1.00000, 1.00000, -1.00000, 0.10811, 0.89189
2.75567, -4.02561, 0.70086, 4.92853, -0.97053, 1.42811, 45.00000, 430053.00000, 25446.00000, 144458.46667, 14530500747.98222, 120542.52672, 0.90081, -6.49176, 9.35336, -1.86160, 0.97778, 0.02222
3.48430, -3.15040, 1.49161, 4.92852, -0.73511, 1.26333, 54.00000, 484087.00000, 16705.00000, 155727.38889, 18721319142.64506, 136825.87161, 0.91102, 1.82322, -1.63909, 0.81587, 0.94444, 0.05556
2.21782, -3.93313, 1.97536, 4.92852, -1.05736, 1.15840, 26.00000, 499545.00000, 30120.00000, 160697.50000, 9426476309.86539, 97090.04228, 0.91102, 6.05607, -10.56672, 5.51065, 0.96154, 0.03846
2.85909, -3.75484, 1.40973, 4.92550, -0.92001, 1.28053, 21.00000, 307645.00000, 32472.00000, 145521.66667, 6510585524.88889, 80688.19942, 0.94766, 7.02665, -9.32863, 3.30198, 1.00000, 0.00000
3.93313, -1.97536, 2.21782, 4.92852, -0.46544, 1.10403, 14.00000, 480392.00000, 30209.00000, 174889.85714, 20314168609.97959, 142527.78189, 0.91102, 0.95092, -0.49591, 0.54500, 0.92857, 0.07143
4.02561, -0.70086, 2.75567, 4.92853, -0.17237, 0.97747, 16.00000, 478944.00000, 41795.00000, 261672.43750, 15162583803.49609, 123136.44385, 0.90081, 0.66888, -0.13313, 0.46424, 0.81250, 0.18750
3.15040, -1.49161, 3.48430, 4.92852, -0.44220, 0.78559, 9.00000, 443163.00000, 105803.00000, 224609.00000, 9063337986.22222, 95201.56504, 0.91102, 0.61936, -0.30829, 0.68893, 1.00000, 0.00000
3.75484, -1.40973, 2.85909, 4.92550, -0.35916, 0.95149, 16.00000, 421575.00000, 65922.00000, 187256.50000, 9467284329.75000, 97299.97086, 0.94766, 0.71466, -0.25296, 0.53830, 1.00000, 0.00000
1.49161, -3.48430, 3.15040, 4.92852, -1.16631, 0.87732, 19.00000, 473192.00000, 70703.00000, 257590.73684, 15777878971.03601, 125610.02735, 0.91102, 1.29147, -2.88604, 2.59457, 1.00000, 0.00000
1.97536, -2.21782, 3.93313, 4.92852, -0.84316, 0.64677, 8.00000, 492036.00000, 102027.00000, 200001.25000, 14596793096.18750, 120817.18874, 0.91102, 0.54989, -0.60432, 1.05443, 0.87500, 0.12500
0.70086, -2.75567, 4.02561, 4.92853, -1.32174, 0.61496, 10.00000, 421052.00000, 79004.00000, 190467.80000, 10800579172.76000, 103925.83496, 0.90081, 0.39414, -1.37444, 1.98030, 1.00000, 0.00000
1.40973, -2.85909, 3.75484, 4.92550, -1.11271, 0.70390, 5.00000, 435105.00000, 104635.00000, 271950.60000, 17647624029.04000, 132844.36017, 0.94766, 0.58922, -1.25387, 1.66465, 0.80000, 0.20000
3.47499, -2.68919, 2.20355, 4.91558, -0.65860, 1.10596, 17.00000, 433647.00000, 60707.00000, 181128.29412, 13971807782.08997, 118202.40176, 1.08598, 1.15838, -0.90211, 0.74373, 1.00000, 0.00000
2.68919, -2.20355, 3.47499, 4.91558, -0.68646, 0.78564, 8.00000, 436843.00000, 50938.00000, 178543.00000, 14116971391.25000, 118814.86183, 1.08598, 0.68510, -0.56481, 0.87972, 0.87500, 0.12500
2.20355, -3.47499, 2.68919, 4.91558, -1.00567, 0.99193, 12.00000, 404929.00000, 45497.00000, 192262.33333, 14017568142.22222, 118395.81134, 1.08598, 1.52573, -2.37638, 1.85065, 1.00000, 0.00000
2.83550, -2.83550, 2.83550, 4.91123, -0.78540, 0.95532, 15.00000, 352655.00000, 36040.00000, 150859.13333, 6854548818.38222, 82792.20264, 1.14286, 1.00000, -1.00000, 1.00000, 1.00000, 0.00000
2.05481, -4.45876, 0.43315, 4.92853, -1.13896, 1.48280, 46.00000, 496039.00000, 13341.00000, 114340.32609, 10908350983.95889, 104443.05139, 0.90081, -0.98030, 2.22389, -0.24359, 0.97826, 0.02174
1.50894, -4.37124, 1.70460, 4.92852, -1.23841, 1.21764, 25.00000, 459248.00000, 40583.00000, 163745.12000, 12017025722.02560, 109622.19539, 0.91102, -1.19997, 3.63662, -1.43665, 1.00000, 0.00000
0.72621, -4.85499, 0.43811, 4.92852, -1.42232, 1.48179, 29.00000, 497558.00000, 29759.00000, 225360.31034, 24578954046.83472, 156776.76501, 0.91102, -0.18312, 1.31474, -0.13162, 1.00000, 0.00000
1.44936, -4.62611, 0.87126, 4.92550, -1.26718, 1.39297, 28.00000, 336236.00000, 18101.00000, 143160.53571, 8220049878.60587, 90664.49073, 0.94766, -0.66465, 2.02881, -0.36416, 1.00000, 0.00000
0.78273, -3.92241, 2.87963, 4.92852, -1.37383, 0.94680, 18.00000, 473101.00000, 89746.00000, 233834.83333, 12803254755.13889, 113151.46820, 0.91102, -2.08678, 10.75154, -7.66476, 0.94444, 0.05556
0.00000, -3.18882, 3.75791, 4.92853, -1.57080, 0.70366, 5.00000, 424899.00000, 161310.00000, 289783.60000, 8799075899.44000, 93803.38959, 0.90081, 0.00000, -7.64229, 8.64229, 0.80000, 0.20000
-0.78273, -3.92241, 2.87963, 4.92852, -1.76776, 0.94680, 4.00000, 326384.00000, 189548.00000, 265498.75000, 3092991937.68750, 55614.67376, 0.91102, 0.40335, 2.07817, -1.48153, 1.00000, 0.00000
0.00000, -3.73035, 3.21637, 4.92550, -1.57080, 0.85925, 1.00000, 337300.00000, 337300.00000, 337300.00000, 0.00000, 0.00000, 0.94766, -0.00000, 9.06739, -8.06739, 1.00000, 0.00000
-0.72621, -4.85499, 0.43811, 4.92852, -1.71928, 1.48179, 17.00000, 478811.00000, 50406.00000, 174922.64706, 16220369288.58131, 127359.21360, 0.91102, 0.13403, 0.96230, -0.09634, 1.00000, 0.00000
-1.50894, -4.37124, 1.70460, 4.92852, -1.90319, 1.21764, 8.00000, 487488.00000, 189529.00000, 299517.50000, 8418823519.75000, 91754.14715, 0.91102, 0.35294, 1.06961, -0.42255, 1.00000, 0.00000
-2.05481, -4.45876, 0.43315, 4.92853, -2.00263, 1.48280, 3.00000, 365887.00000, 94624.00000, 232122.00000, 12270903506.00000, 110774.11027, 0.90081, 0.33112, 0.75116, -0.08228, 1.00000, 0.00000
-1.44936, -4.62611, 0.87126, 4.92550, -1.87441, 1.39297, 9.00000, 492792.00000, 68583.00000, 220184.11111, 21759507136.32099, 147511.04073, 0.94766, 0.28534, 0.87099, -0.15634, 1.00000, 0.00000
0.78579, -4.35121, 2.14766, 4.91558, -1.39213, 1.11864, 11.00000, 483730.00000, 39894.00000, 181476.18182, 22293066118.69421, 149308.62707, 1.08598, -0.52573, 2.99442, -1.46868, 1.00000, 0.00000
-0.78579, -4.35121, 2.14766, 4.91558, -1.74946, 1.11864, 6.00000, 288911.00000, 49871.00000, 206718.00000, 7180986222.66667, 84740.69992, 1.08598, 0.25627, 1.45965, -0.71592, 1.00000, 0.00000
0.00000, -4.83686, 0.87622, 4.91558, -1.57080, 1.39159, 13.00000, 484740.00000, 39268.00000, 198405.07692, 18065742967.30178, 134408.86491, 1.08598, -0.00000, 1.22879, -0.22879, 0.92308, 0.07692
0.00000, -4.58794, 1.75244, 4.91123, -1.57080, 1.20593, 5.00000, 494670.00000, 76336.00000, 226453.60000, 23072381969.04000, 151895.95771, 1.14286, -0.00000, 1.61803, -0.61803, 1.00000, 0.00000
2.05481, -4.45876, -0.43315, 4.92853, -1.13896, 1.65880, 79.00000, 488923.00000, 12262.00000, 132175.37975, 14311448617.50136, 119630.46693, 0.90081, -0.65917, 1.49537, 0.16379, 0.93671, 0.06329
0.72621, -4.85499, -0.43811, 4.92852, -1.42232, 1.65981, 43.00000, 498930.00000, 23262.00000, 160263.97674, 14185027136.62737, 119100.91157, 0.91102, -0.14496, 1.04077, 0.10419, 0.95349, 0.04651
1.50894, -4.37124, -1.70460, 4.92852, -1.23841, 1.92396, 78.00000, 493705.00000, 12181.00000, 120335.73077, 12796817587.60700, 113123.01971, 0.91102, -0.30980, 0.93889, 0.37091, 0.96154, 0.03846
1.44936, -4.62611, -0.87126, 4.92550, -1.26718, 1.74862, 51.00000, 490606.00000, 13163.00000, 133367.82353, 13852216392.26297, 117695.43913, 0.94766, -0.38457, 1.17386, 0.21070, 0.98039, 0.01961
-0.72621, -4.85499, -0.43811, 4.92852, -1.71928, 1.65981, 11.00000, 337695.00000, 75669.00000, 178838.63636, 5356655155.68595, 73189.17376, 0.91102, 0.11238, 0.80685, 0.08077, 1.00000, 0.00000
-2.05481, -4.45876, -0.43315, 4.92853, -2.00263, 1.65880, 12.00000, 493421.00000, 43273.00000, 172315.25000, 17916628961.02083, 133853.01252, 0.90081, 0.28433, 0.64502, 0.07065, 1.00000, 0.00000
-1.50894, -4.37124, -1.70460, 4.92852, -1.90319, 1.92396, 13.00000, 498217.00000, 56401.00000, 212409.23077, 22779911510.17752, 150930.15441, 0.91102, 0.19128, 0.57970, 0.22901, 0.84615, 0.15385
-1.44936, -4.62611, -0.87126, 4.92550, -1.87441, 1.74862, 11.00000, 476511.00000, 69576.00000, 265944.45455, 15334389011.15703, 123832.10008, 0.94766, 0.21738, 0.66353, 0.11910, 1.00000, 0.00000
0.78273, -3.92241, -2.87963, 4.92852, -1.37383, 2.19479, 61.00000, 487177.00000, 14016.00000, 163669.54098, 18262649136.64176, 135139.36931, 0.91102, -0.12779, 0.65841, 0.46938, 0.85246, 0.14754
-0.78273, -3.92241, -2.87963, 4.92852, -1.76776, 2.19479, 16.00000, 494581.00000, 53154.00000, 232688.81250, 20083890385.02734, 141717.64317, 0.91102, 0.10178, 0.52439, 0.37383, 0.75000, 0.25000
0.00000, -3.18882, -3.75791, 4.92853, -1.57080, 2.43793, 26.00000, 487393.00000, 26383.00000, 199612.15385, 18145075516.43787, 134703.65814, 0.90081, 0.00000, 0.46930, 0.53070, 0.80769, 0.19231
0.00000, -3.73035, -3.21637, 4.92550, -1.57080, 2.28234, 34.00000, 492680.00000, 20331.00000, 192881.32353, 15535384715.98356, 124641.02341, 0.94766, -0.00000, 0.52918, 0.47082, 0.70588, 0.29412
0.00000, -4.83686, -0.87622, 4.91558, -1.57080, 1.75001, 15.00000, 374700.00000, 42741.00000, 146698.06667, 7719165296.46222, 87858.78042, 1.08598, -0.00000, 0.84303, 0.15697, 1.00000, 0.00000
-0.78579, -4.35121, -2.14766, 4.91558, -1.74946, 2.02296, 18.00000, 404320.00000, 33500.00000, 169666.83333, 8561975697.91667, 92530.94454, 1.08598, 0.10538, 0.60022, 0.29439, 0.77778, 0.22222
0.78579, -4.35121, -2.14766, 4.91558, -1.39213, 2.02296, 40.00000, 488096.00000, 25380.00000, 143599.50000, 13538212844.10000, 116353.82608, 1.08598, -0.13352, 0.76051, 0.37301, 0.92500, 0.07500
0.00000, -4.58794, -1.75244, 4.91123, -1.57080, 1.93566, 21.00000, 435133.00000, 35019.00000, 171090.04762, 14524736845.09297, 120518.61618, 1.14286, -0.00000, 0.72361, 0.27639, 0.90476, 0.09524
2.75567, -4.02561, -0.70086, 4.92853, -0.97053, 1.71348, 91.00000, 417540.00000, 8172.00000, 75810.71429, 6108661299.17111, 78157.92538, 0.90081, -1.37444, 1.98030, 0.39414, 1.00000, 0.00000
2.21782, -3.93313, -1.97536, 4.92852, -1.05736, 1.98319, 131.00000, 490386.00000, 7064.00000, 93975.38168, 8541449695.96119, 92419.96373, 0.91102, -0.60432, 1.05443, 0.54989, 0.94656, 0.05344
3.48430, -3.15040, -1.49161, 4.92852, -0.73511, 1.87827, 152.00000, 462831.00000, 9939.00000, 84062.82237, 7561841857.31713, 86958.85152, 0.91102, -2.88604, 2.59457, 1.29147, 0.96711, 0.03289
2.85909, -3.75484, -1.40973, 4.92550, -0.92001, 1.86107, 127.00000, 482947.00000, 7425.00000, 87823.92913, 11075446224.75876, 105239.94596, 0.94766, -1.25387, 1.66465, 0.58922, 0.95276, 0.04724
1.49161, -3.48430, -3.15040, 4.92852, -1.16631, 2.26428, 92.00000, 491226.00000, 13283.00000, 123978.32609, 13514648159.11106, 116252.51894, 0.91102, -0.30829, 0.68893, 0.61936, 0.85870, 0.14130
0.70086, -2.75567, -4.02561, 4.92853, -1.32174, 2.52663, 38.00000, 496160.00000, 21489.00000, 160010.15789, 10957861458.02770, 104679.80444, 0.90081, -0.13313, 0.46424, 0.66888, 0.78947, 0.21053
1.97536, -2.21782, -3.93313, 4.92852, -0.84316, 2.49482, 61.00000, 405171.00000, 23178.00000, 123527.62295, 9424008238.30046, 97077.33123, 0.91102, -0.49591, 0.54500, 0.95092, 0.68852, 0.31148
1.40973, -2.85909, -3.75484, 4.92550, -1.11271, 2.43770, 61.00000, 495940.00000, 15635.00000, 142900.59016, 12984766320.56974, 113950.71882, 0.94766, -0.25296, 0.53830, 0.71466, 0.78689, 0.21311
3.93313, -1.97536, -2.21782, 4.92852, -0.46544, 2.03756, 118.00000, 460971.00000, 8608.00000, 99069.05085, 9363592062.52284, 96765.65539, 0.91102, -10.56672, 5.51065, 6.05607, 0.90678, 0.09322
3.15040, -1.49161, -3.48430, 4.92852, -0.44220, 2.35600, 74.00000, 499548.00000, 15592.00000, 154361.00000, 16463132780.70270, 128308.74008, 0.91102, -1.63909, 0.81587, 1.82322, 0.63514, 0.36486
4.02561, -0.70086, -2.75567, 4.92853, -0.17237, 2.16413, 46.00000, 492794.00000, 24935.00000, 145765.32609, 13377645942.78497, 115661.77390, 0.90081, 9.35336, -1.86160, -6.49176, 0.69565, 0.30435
3.75484, -1.40973, -2.85909, 4.92550, -0.35916, 2.19010, 79.00000, 475414.00000, 10170.00000, 112467.41772, 9108115747.63563, 95436.44874, 0.94766, -9.32863, 3.30198, 7.02665, 0.78481, 0.21519
2.20355, -3.47499, -2.68919, 4.91558, -1.00567, 2.14966, 87.00000, 498546.00000, 14459.00000, 94176.52874, 9990508209.44458, 99952.52978, 1.08598, -0.56481, 0.87972, 0.68510, 0.95402, 0.04598
2.68919, -2.20355, -3.47499, 4.91558, -0.68646, 2.35595, 66.00000, 377477.00000, 8542.00000, 110142.66667, 7687567614.10101, 87678.77516, 1.08598, -0.90211, 0.74373, 1.15838, 0.81818, 0.18182
3.47499, -2.68919, -2.20355, 4.91558, -0.65860, 2.03563, 117.00000, 452606.00000, 9310.00000, 86034.90598, 7255034561.23048, 85176.49066, 1.08598, -2.37638, 1.85065, 1.52573, 0.96581, 0.03419
2.83550, -2.83550, -2.83550, 4.91123, -0.78540, 2.18628, 116.00000, 472324.00000, 10983.00000, 95604.34483, 9551791166.65696, 97733.26540, 1.14286, -1.00000, 1.00000, 1.00000, 0.92241, 0.07759
3.18882, -3.75791, 0.00000, 4.92853, -0.86714, 1.57080, 79.00000, 491196.00000, 13642.00000, 95736.46835, 8368133868.52748, 91477.50471, 0.90081, -7.64229, 8.64229, -0.00000, 1.00000, 0.00000
3.92241, -2.87963, -0.78273, 4.92852, -0.63328, 1.73029, 138.00000, 481891.00000, 6799.00000, 97436.02899, 10772243438.85423, 103789.41872, 0.91102, 10.75154, -7.66476, -2.08678, 0.96377, 0.03623
3.92241, -2.87963, 0.78273, 4.92852, -0.63328, 1.41130, 53.00000, 474630.00000, 18972.00000, 149063.05660, 18434172818.09114, 135772.50391, 0.91102, 2.07817, -1.48153, 0.40335, 0.90566, 0.09434
3.73035, -3.21637, 0.00000, 4.92550, -0.71154, 1.57080, 80.00000, 434642.00000, 11333.00000, 123920.85000, 14382394606.72750, 119926.62176, 0.94766, 9.06739, -8.06739, 0.00000, 0.93750, 0.06250
4.37124, -1.70460, -1.50894, 4.92852, -0.37182, 1.88196, 85.00000, 483158.00000, 17193.00000, 102359.50588, 10284114690.50879, 101410.62415, 0.91102, 3.63662, -1.43665, -1.19997, 0.94118, 0.05882
4.45876, -0.43315, -2.05481, 4.92853, -0.09684, 2.00085, 55.00000, 480852.00000, 15872.00000, 166616.00000, 14641733466.36364, 121003.03081, 0.90081, 2.22389, -0.24359, -0.98030, 0.70909, 0.29091
4.85499, -0.43811, -0.72621, 4.92852, -0.09000, 1.71868, 50.00000, 471996.00000, 18373.00000, 166168.32000, 11849480073.57760, 108855.31716, 0.91102, 1.31474, -0.13162, -0.18312, 0.88000, 0.12000
4.62611, -0.87126, -1.44936, 4.92550, -0.18616, 1.86947, 52.00000, 452818.00000, 18137.00000, 125433.80769, 11671275095.03994, 108033.67575, 0.94766, 2.02881, -0.36416, -0.66465, 0.84615, 0.15385
4.37124, -1.70460, 1.50894, 4.92852, -0.37182, 1.25963, 39.00000, 455715.00000, 43585.00000, 186744.12821, 11246511631.03485, 106049.57157, 0.91102, 1.06961, -0.42255, 0.35294, 0.92308, 0.07692
4.85499, -0.43811, 0.72621, 4.92852, -0.09000, 1.42291, 30.00000, 461817.00000, 28695.00000, 198841.20000, 13737940617.29333, 117208.96134, 0.91102, 0.96230, -0.09634, 0.13403, 0.93333, 0.06667
4.45876, -0.43315, 2.05481, 4.92853, -0.09684, 1.14074, 4.00000, 401485.00000, 73972.00000, 201917.25000, 18000103354.68750, 134164.46383, 0.90081, 0.75116, -0.08228, 0.33112, 1.00000, 0.00000
4.62611, -0.87126, 1.44936, 4.92550, -0.18616, 1.27212, 22.00000, 438833.00000, 26744.00000, 178745.59091, 9521781389.69628, 97579.61565, 0.94766, 0.87099, -0.15634, 0.28534, 0.90909, 0.09091
4.35121, -2.14766, -0.78579, 4.91558, -0.45850, 1.73134, 73.00000, 433514.00000, 11362.00000, 115250.31507, 10332787892.70895, 101650.32166, 1.08598, 2.99442, -1.46868, -0.52573, 0.95890, 0.04110
4.83686, -0.87622, 0.00000, 4.91558, -0.17921, 1.57080, 36.00000, 465565.00000, 18898.00000, 162971.61111, 16060914999.29321, 126731.66534, 1.08598, 1.22879, -0.22879, 0.00000, 0.88889, 0.11111
4.35121, -2.14766, 0.78579, 4.91558, -0.45850, 1.41025, 36.00000, 401924.00000, 19376.00000, 107761.16667, 8366047672.25000, 91466.10122, 1.08598, 1.45965, -0.71592, 0.25627, 1.00000, 0.00000
4.58794, -1.75244, 0.00000, 4.91123, -0.36486, 1.57080, 64.00000, 453438.00000, 20937.00000, 139729.10938, 9190597047.06616, 95867.60165, 1.14286, 1.61803, -0.61803, 0.00000, 0.95312, 0.04688
0.43315, -2.05481, 4.45876, 4.92853, -1.36304, 0.44016, 2.00000, 405181.00000, 331279.00000, 368230.00000, 1365376401.00000, 36951.00000, 0.90081, 0.16379, -0.65917, 1.49537, 1.00000, 0.00000
1.70460, -1.50894, 4.37124, 4.92852, -0.72459, 0.48015, 3.00000, 385077.00000, 213283.00000, 299784.00000, 4919592704.66667, 70139.80827, 0.91102, 0.37091, -0.30980, 0.93889, 1.00000, 0.00000
0.43811, -0.72621, 4.85499, 4.92852, -1.02797, 0.17295, 2.00000, 404163.00000, 344804.00000, 374483.50000, 880872720.25000, 29679.50000, 0.91102, 0.10419, -0.14496, 1.04077, 1.00000, 0.00000
0.87126, -1.44936, 4.62611, 4.92550, -1.02954, 0.35046, 2.00000, 307482.00000, 155660.00000, 231571.00000, 5762479921.00000, 75911.00000, 0.94766, 0.21070, -0.38457, 1.17386, 1.00000, 0.00000
2.87963, -0.78273, 3.92241, 4.92852, -0.26540, 0.65037, 5.00000, 405248.00000, 96737.00000, 267869.60000, 11150854002.64000, 105597.60415, 0.91102, 0.46938, -0.12779, 0.65841, 0.80000, 0.20000
3.75791, 0.00000, 3.18882, 4.92853, 0.00000, 0.86714, 7.00000, 399374.00000, 74131.00000, 201525.14286, 14636010674.97959, 120979.38120, 0.90081, 0.53070, -0.00000, 0.46930, 1.00000, 0.00000
2.87963, 0.78273, 3.92241, 4.92852, 0.26540, 0.65037, 1.00000, 294890.00000, 294890.00000, 294890.00000, 0.00000, 0.00000, 0.91102, 0.37383, 0.10178, 0.52439, 1.00000, 0.00000
3.21637, 0.00000, 3.73035, 4.92550, 0.00000, 0.71154, 5.00000, 428608.00000, 154738.00000, 244132.40000, 10908409683.44000, 104443.33240, 0.94766, 0.47082, -0.00000, 0.52918, 1.00000, 0.00000
0.43811, 0.72621, 4.85499, 4.92852, 1.02797, 0.17295, 5.00000, 499483.00000, 158754.00000, 339178.80000, 12530211004.96000, 111938.42506, 0.91102, 0.08077, 0.11238, 0.80685, 1.00000, 0.00000
1.70460, 1.50894, 4.37124, 4.92852, 0.72459, 0.48015, 1.00000, 197143.00000, 197143.00000, 197143.00000, 0.00000, 0.00000, 0.91102, 0.22901, 0.19128, 0.57970, 1.00000, 0.00000
0.43315, 2.05481, 4.45876, 4.92853, 1.36304, 0.44016, 1.00000, 197007.00000, 197007.00000, 197007.00000, 0.00000, 0.00000, 0.90081, 0.07065, 0.28433, 0.64502, 1.00000, 0.00000
0.87126, 1.44936, 4.62611, 4.92550, 1.02954, 0.35046, 2.00000, 405199.00000, 271636.00000, 338417.50000, 4459768742.25000, 66781.50000, 0.94766, 0.11910, 0.21738, 0.66353, 1.00000, 0.00000
2.14766, -0.78579, 4.35121, 4.91558, -0.35075, 0.48390, 7.00000, 430536.00000, 60443.00000, 265412.28571, 12958077361.91837, 113833.55113, 1.08598, 0.37301, -0.13352, 0.76051, 1.00000, 0.00000
2.14766, 0.78579, 4.35121, 4.91558, 0.35075, 0.48390, 1.00000, 275664.00000, 275664.00000, 275664.00000, 0.00000, 0.00000, 1.08598, 0.29439, 0.10538, 0.60022, 1.00000, 0.00000
0.87622, 0.00000, 4.83686, 4.91558, 0.00000, 0.17921, 1.00000, 457284.00000, 457284.00000, 457284.00000, 0.00000, 0.00000, 1.08598, 0.15697, -0.00000, 0.84303, 0.00000, 1.00000
1.75244, 0.00000, 4.58794, 4.91123, 0.00000, 0.36486, 5.00000, 362583.00000, 158548.00000, 282349.40000, 4605963457.04000, 67867.24878, 1.14286, 0.27639, 0.00000, 0.72361, 1.00000, 0.00000
-2.75567, -4.02561, 0.70086, 4.92853, -2.17107, 1.42811, 4.00000, 457035.00000, 111444.00000, 362450.00000, 21080856751.50000, 145192.48173, 0.90081, 0.46424, 0.66888, -0.13313, 0.50000, 0.50000
-2.21782, -3.93313, 1.97536, 4.92852, -2.08423, 1.15840, 5.00000, 151919.00000, 102081.00000, 125644.80000, 330968452.96000, 18192.53839, 0.91102, 0.54500, 0.95092, -0.49591, 1.00000, 0.00000
-3.48430, -3.15040, 1.49161, 4.92852, -2.40648, 1.26333, 1.00000, 290978.00000, 290978.00000, 290978.00000, 0.00000, 0.00000, 0.91102, 0.68893, 0.61936, -0.30829, 1.00000, 0.00000
-2.85909, -3.75484, 1.40973, 4.92550, -2.22158, 1.28053, 3.00000, 319631.00000, 203254.00000, 279020.00000, 2875204700.66667, 53620.93528, 0.94766, 0.53830, 0.71466, -0.25296, 0.66667, 0.33333
-1.49161, -3.48430, 3.15040, 4.92852, -1.97528, 0.87732, 1.00000, 123857.00000, 123857.00000, 123857.00000, 0.00000, 0.00000, 0.91102, 0.81587, 1.82322, -1.63909, 1.00000, 0.00000
-0.70086, -2.75567, 4.02561, 4.92853, -1.81985, 0.61496, 1.00000, 446806.00000, 446806.00000, 446806.00000, 0.00000, 0.00000, 0.90081, -1.86160, -6.49176, 9.35336, 0.00000, 1.00000
-1.97536, -2.21782, 3.93313, 4.92852, -2.29844, 0.64677, 1.00000, 470367.00000, 470367.00000, 470367.00000, 0.00000, 0.00000, 0.91102, 5.51065, 6.05607, -10.56672, 1.00000, 0.00000
-1.40973, -2.85909, 3.75484, 4.92550, -2.02888, 0.70390, 0.00000, 0.00000, 0.00000, 0.00000, 0.00000, 0.00000, 0.94766, 3.30198, 7.02665, -9.32863, 0.00000, 0.00000
-3.93313, -1.97536, 2.21782, 4.92852, -2.67616, 1.10403, 2.00000, 499967.00000, 464229.00000, 482098.00000, 319301161.00000, 17869.00000, 0.91102, 1.05443, 0.54989, -0.60432, 0.50000, 0.50000
-3.15040, -1.49161, 3.48430, 4.92852, -2.69940, 0.78559, 0.00000, 0.00000, 0.00000, 0.00000, 0.00000, 0.00000, 0.91102, 2.59457, 1.29147, -2.88604, 0.00000, 0.00000
-4.02561, -0.70086, 2.75567, 4.92853, -2.96922, 0.97747, 1.00000, 406035.00000, 406035.00000, 406035.00000, 0.00000, 0.00000, 0.90081, 1.98030, 0.39414, -1.37444, 0.00000, 1.00000
-3.75484, -1.40973, 2.85909, 4.92550, -2.78243, 0.95149, 0.00000, 0.00000, 0.00000, 0.00000, 0.00000, 0.00000, 0.94766, 1.66465, 0.58922, -1.25387, 0.00000, 0.00000
-2.20355, -3.47499, 2.68919, 4.91558, -2.13592, 0.99193, 4.00000, 478115.00000, 92013.00000, 351970.50000, 23587673004.75000, 153582.78876, 1.08598, 0.74373, 1.15838, -0.90211, 1.00000, 0.00000
-2.68919, -2.20355, 3.47499, 4.91558, -2.45513, 0.78564, 1.00000, 267317.00000, 267317.00000, 267317.00000, 0.00000, 0.00000, 1.08598, 1.85065, 1.52573, -2.37638, 1.00000, 0.00000
-3.47499, -2.68919, 2.20355, 4.91558, -2.48299, 1.10596, 3.00000, 419279.00000, 199537.00000, 339631.33333, 9874657516.22222, 99371.31133, 1.08598, 0.87972, 0.68510, -0.56481, 1.00000, 0.00000
-2.83550, -2.83550, 2.83550, 4.91123, -2.35619, 0.95532, 0.00000, 0.00000, 0.00000, 0.00000, 0.00000, 0.00000, 1.14286, 1.00000, 1.00000, -1.00000, 0.00000, 0.00000
-0.70086, -2.75567, -4.02561, 4.92853, -1.81985, 2.52663, 24.00000, 458273.00000, 52896.00000, 210620.08333, 13317214999.90972, 115400.23830, 0.90081, 0.10514, 0.36663, 0.52824, 0.79167, 0.20833
-1.49161, -3.48430, -3.15040, 4.92852, -1.97528, 2.26428, 13.00000, 351417.00000, 53234.00000, 168618.92308, 6846063160.22485, 82740.94005, 0.91102, 0.19070, 0.42617, 0.38313, 0.69231, 0.30769
-1.97536, -2.21782, -3.93313, 4.92852, -2.29844, 2.49482, 13.00000, 456917.00000, 62917.00000, 240089.00000, 12824161921.53846, 113243.81626, 0.91102, 0.24897, 0.27362, 0.47741, 0.46154, 0.53846
-1.40973, -2.85909, -3.75484, 4.92550, -2.02888, 2.43770, 14.00000, 487346.00000, 56571.00000, 210820.28571, 14788771266.63265, 121609.09204, 0.94766, 0.16798, 0.35746, 0.47456, 0.71429, 0.28571
-2.21782, -3.93313, -1.97536, 4.92852, -2.08423, 1.98319, 8.00000, 410273.00000, 58436.00000, 235218.37500, 11285599881.48438, 106233.70407, 0.91102, 0.27362, 0.47741, 0.24897, 0.75000, 0.25000
-2.75567, -4.02561, -0.70086, 4.92853, -2.17107, 1.71348, 5.00000, 344133.00000, 139417.00000, 238704.80000, 5309841797.36000, 72868.66128, 0.90081, 0.36663, 0.52824, 0.10514, 1.00000, 0.00000
-3.48430, -3.15040, -1.49161, 4.92852, -2.40648, 1.87827, 3.00000, 455235.00000, 111027.00000, 324351.00000, 23144701344.00000, 152133.82709, 0.91102, 0.42617, 0.38313, 0.19070, 0.66667, 0.33333
-2.85909, -3.75484, -1.40973, 4.92550, -2.22158, 1.86107, 7.00000, 487666.00000, 73621.00000, 257666.42857, 17504949653.38776, 132306.27216, 0.94766, 0.35746, 0.47456, 0.16798, 0.71429, 0.28571
-3.15040, -1.49161, -3.48430, 4.92852, -2.69940, 2.35600, 9.00000, 321771.00000, 123636.00000, 202385.00000, 4914723835.77778, 70105.09137, 0.91102, 0.38313, 0.19070, 0.42617, 0.44444, 0.55556
-3.93313, -1.97536, -2.21782, 4.92852, -2.67616, 2.03756, 7.00000, 487551.00000, 128499.00000, 298186.57143, 16738370067.10204, 129376.85290, 0.91102, 0.47741, 0.24897, 0.27362, 0.42857, 0.57143
-4.02561, -0.70086, -2.75567, 4.92853, -2.96922, 2.16413, 5.00000, 422482.00000, 220287.00000, 316215.00000, 6212825706.40000, 78821.47998, 0.90081, 0.52824, 0.10514, 0.36663, 0.20000, 0.80000
-3.75484, -1.40973, -2.85909, 4.92550, -2.78243, 2.19010, 5.00000, 218177.00000, 166458.00000, 198494.60000, 318382109.04000, 17843.26509, 0.94766, 0.47456, 0.16798, 0.35746, 0.20000, 0.80000
-2.20355, -3.47499, -2.68919, 4.91558, -2.13592, 2.14966, 5.00000, 218418.00000, 67947.00000, 171849.80000, 3215452735.76000, 56704.96218, 1.08598, 0.26522, 0.41309, 0.32170, 0.80000, 0.20000
-3.47499, -2.68919, -2.20355, 4.91558, -2.48299, 2.03563, 4.00000, 351835.00000, 195294.00000, 276164.25000, 3346513005.68750, 57849.05363, 1.08598, 0.41309, 0.32170, 0.26522, 0.50000, 0.50000
-2.68919, -2.20355, -3.47499, 4.91558, -2.45513, 2.35595, 13.00000, 482260.00000, 128287.00000, 294835.30769, 15059329392.05917, 122716.45934, 1.08598, 0.32170, 0.26522, 0.41309, 0.38462, 0.61538
-2.83550, -2.83550, -2.83550, 4.91123, -2.35619, 2.18628, 10.00000, 440447.00000, 168892.00000, 297834.10000, 9871148907.69000, 99353.65573, 1.14286, 0.33333, 0.33333, 0.33333, 0.60000, 0.40000
3.75791, 0.00000, -3.18882, 4.92853, 0.00000, 2.27446, 45.00000, 451457.00000, 19261.00000, 158040.73333, 11392450485.21778, 106735.42282, 0.90081, 8.64229, 0.00000, -7.64229, 0.57778, 0.42222
2.87963, -0.78273, -3.92241, 4.92852, -0.26540, 2.49122, 58.00000, 483440.00000, 25939.00000, 190147.25862, 16684727277.70898, 129169.37438, 0.91102, -1.48153, 0.40335, 2.07817, 0.53448, 0.46552
2.87963, 0.78273, -3.92241, 4.92852, 0.26540, 2.49122, 68.00000, 479177.00000, 26224.00000, 164728.41176, 16161897366.74221, 127129.45122, 0.91102, -7.66476, -2.08678, 10.75154, 0.25000, 0.75000
3.21637, 0.00000, -3.73035, 4.92550, 0.00000, 2.43005, 49.00000, 434024.00000, 34914.00000, 179446.89796, 14070362530.29571, 118618.55896, 0.94766, -8.06739, -0.00000, 9.06739, 0.36735, 0.63265
1.70460, -1.50894, -4.37124, 4.92852, -0.72459, 2.66145, 54.00000, 470073.00000, 26320.00000, 154476.81481, 11097561946.55830, 105344.96640, 0.91102, -0.42255, 0.35294, 1.06961, 0.57407, 0.42593
0.43315, -2.05481, -4.45876, 4.92853, -1.36304, 2.70143, 38.00000, 483894.00000, 45088.00000, 178539.65789, 14138719880.43559, 118906.34920, 0.90081, -0.08228, 0.33112, 0.75116, 0.52632, 0.47368
0.43811, -0.72621, -4.85499, 4.92852, -1.02797, 2.96865, 55.00000, 495439.00000, 35033.00000, 162071.21818, 13607157735.40694, 116649.72240, 0.91102, -0.09634, 0.13403, 0.96230, 0.36364, 0.63636
0.87126, -1.44936, -4.62611, 4.92550, -1.02954, 2.79113, 51.00000, 480495.00000, 33648.00000, 175147.05882, 15953414867.58478, 126306.82827, 0.94766, -0.15634, 0.28534, 0.87099, 0.35294, 0.64706
1.70460, 1.50894, -4.37124, 4.92852, 0.72459, 2.66145, 91.00000, 491200.00000, 27955.00000, 145535.87912, 10166998641.64473, 100831.53595, 0.91102, -1.43665, -1.19997, 3.63662, 0.02198, 0.97802
0.43811, 0.72621, -4.85499, 4.92852, 1.02797, 2.96865, 60.00000, 494317.00000, 24623.00000, 146813.13333, 11133272456.54889, 105514.32347, 0.91102, -0.13162, -0.18312, 1.31474, 0.10000, 0.90000
0.43315, 2.05481, -4.45876, 4.92853, 1.36304, 2.70143, 50.00000, 485880.00000, 22941.00000, 167781.12000, 17629358938.70560, 132775.59617, 0.90081, -0.24359, -0.98030, 2.22389, 0.04000, 0.96000
0.87126, 1.44936, -4.62611, 4.92550, 1.02954, 2.79113, 47.00000, 495021.00000, 34362.00000, 155743.25532, 16601810388.57311, 128848.01275, 0.94766, -0.36416, -0.66465, 2.02881, 0.04255, 0.95745
2.14766, -0.78579, -4.35121, 4.91558, -0.35075, 2.65769, 37.00000, 497603.00000, 35572.00000, 190219.56757, 14608267516.29949, 120864.66612, 1.08598, -0.71592, 0.25627, 1.45965, 0.40541, 0.59459
0.87622, 0.00000, -4.83686, 4.91558, 0.00000, 2.96238, 44.00000, 333509.00000, 33534.00000, 146895.31818, 6794246660.26240, 82427.22038, 1.08598, -0.22879, -0.00000, 1.22879, 0.11364, 0.88636
2.14766, 0.78579, -4.35121, 4.91558, 0.35075, 2.65769, 54.00000, 471288.00000, 20630.00000, 140527.16667, 13283311852.21296, 115253.25094, 1.08598, -1.46868, -0.52573, 2.99442, 0.20370, 0.79630
1.75244, 0.00000, -4.58794, 4.91123, 0.00000, 2.77673, 58.00000, 477932.00000, 19453.00000, 137495.74138, 9213287710.64001, 95985.87245, 1.14286, -0.61803, -0.00000, 1.61803, 0.22414, 0.77586
4.45876, 0.43315, 2.05481, 4.92853, 0.09684, 1.14074, 10.00000, 467425.00000, 70549.00000, 191689.10000, 14544984008.89000, 120602.58707, 0.90081, 0.64502, 0.07065, 0.28433, 0.90000, 0.10000
4.85499, 0.43811, 0.72621, 4.92852, 0.09000, 1.42291, 19.00000, 465598.00000, 62991.00000, 226076.89474, 13457978917.25208, 116008.52950, 0.91102, 0.80685, 0.08077, 0.11238, 0.73684, 0.26316
4.37124, 1.70460, 1.50894, 4.92852, 0.37182, 1.25963, 8.00000, 434627.00000, 80863.00000, 232205.37500, 18800890270.48438, 137116.33845, 0.91102, 0.57970, 0.22901, 0.19128, 0.37500, 0.62500
4.62611, 0.87126, 1.44936, 4.92550, 0.18616, 1.27212, 8.00000, 438256.00000, 61795.00000, 242062.50000, 17051990110.25000, 130583.26888, 0.94766, 0.66353, 0.11910, 0.21738, 0.87500, 0.12500
4.85499, 0.43811, -0.72621, 4.92852, 0.09000, 1.71868, 37.00000, 468787.00000, 26976.00000, 187580.32432, 11830879283.84076, 108769.84547, 0.91102, 1.04077, 0.10419, -0.14496, 0.72973, 0.27027
4.45876, 0.43315, -2.05481, 4.92853, 0.09684, 2.00085, 38.00000, 432526.00000, 35255.00000, 152452.73684, 11312149192.66759, 106358.58777, 0.90081, 1.49537, 0.16379, -0.65917, 0.47368, 0.52632
4.37124, 1.70460, -1.50894, 4.92852, 0.37182, 1.88196, 26.00000, 490745.00000, 59833.00000, 238323.34615, 16480405658.14941, 128376.03226, 0.91102, 0.93889, 0.37091, -0.30980, 0.42308, 0.57692
4.62611, 0.87126, -1.44936, 4.92550, 0.18616, 1.86947, 28.00000, 494112.00000, 40339.00000, 221071.96429, 15507361793.53444, 124528.55814, 0.94766, 1.17386, 0.21070, -0.38457, 0.46429, 0.53571
3.92241, 2.87963, 0.78273, 4.92852, 0.63328, 1.41130, 7.00000, 402467.00000, 83692.00000, 264432.85714, 9240017513.26530, 96125.00982, 0.91102, 0.52439, 0.37383, 0.10178, 0.00000, 1.00000
3.92241, 2.87963, -0.78273, 4.92852, 0.63328, 1.73029, 25.00000, 493012.00000, 67486.00000, 245527.56000, 12033010462.80640, 109695.07948, 0.91102, 0.65841, 0.46938, -0.12779, 0.24000, 0.76000
3.18882, 3.75791, 0.00000, 4.92853, 0.86714, 1.57080, 6.00000, 436012.00000, 84490.00000, 231898.16667, 15468977438.47222, 124374.34397, 0.90081, 0.46930, 0.53070, 0.00000, 0.00000, 1.00000
3.73035, 3.21637, 0.00000, 4.92550, 0.71154, 1.57080, 9.00000, 413444.00000, 124352.00000, 258757.33333, 9887985095.33333, 99438.34821, 0.94766, 0.52918, 0.47082, 0.00000, 0.33333, 0.66667
4.83686, 0.87622, 0.00000, 4.91558, 0.17921, 1.57080, 12.00000, 490110.00000, 64199.00000, 248134.66667, 18420534409.55556, 135722.26939, 1.08598, 0.84303, 0.15697, 0.00000, 0.75000, 0.25000
4.35121, 2.14766, -0.78579, 4.91558, 0.45850, 1.73134, 20.00000, 486721.00000, 88736.00000, 231504.60000, 13897479433.44000, 117887.57116, 1.08598, 0.76051, 0.37301, -0.13352, 0.35000, 0.65000
4.35121, 2.14766, 0.78579, 4.91558, 0.45850, 1.41025, 14.00000, 457044.00000, 140273.00000, 292012.64286, 12251592324.08673, 110686.91126, 1.08598, 0.60022, 0.29439, 0.10538, 0.50000, 0.50000
4.58794, 1.75244, 0.00000, 4.91123, 0.36486, 1.57080, 9.00000, 474740.00000, 96815.00000, 295301.33333, 13216421001.77778, 114962.69396, 1.14286, 0.72361, 0.27639, -0.00000, 0.33333, 0.66667
