-2.75567, 4.02561, 0.70086, 4.92853, 2.17107, 1.42811, 0.00000, 0.00000, 0.00000, 0.00000, 0.00000, 0.00000, 0.90081, -1.37444, 1.98030, 0.39414, 0.00000, 0.00000
-3.48430, 3.15040, 1.49161, 4.92852, 2.40648, 1.26333, 0.00000, 0.00000, 0.00000, 0.00000, 0.00000, 0.00000, 0.91102, -2.88604, 2.59457, 1.29147, 0.00000, 0.00000
-2.21782, 3.93313, 1.97536, 4.92852, 2.08423, 1.15840, 0.00000, 0.00000, 0.00000, 0.00000, 0.00000, 0.00000, 0.91102, -0.60432, 1.05443, 0.54989, 0.00000, 0.00000
-2.85909, 3.75484, 1.40973, 4.92550, 2.22158, 1.28053, 0.00000, 0.00000, 0.00000, 0.00000, 0.00000, 0.00000, 0.94766, -1.25387, 1.66465, 0.58922, 0.00000, 0.00000
-3.93313, 1.97536, 2.21782, 4.92852, 2.67616, 1.10403, 0.00000, 0.00000, 0.00000, 0.00000, 0.00000, 0.00000, 0.91102, -10.56672, 5.51065, 6.05607, 0.00000, 0.00000
-4.02561, 0.70086, 2.75567, 4.92853, 2.96922, 0.97747, 2.00000, 345733.00000, 275959.00000, 310846.00000, 1217102769.00000, 34887.00000, 0.90081, 9.35336, -1.86160, -6.49176, 0.50000, 0.50000
-3.15040, 1.49161, 3.48430, 4.92852, 2.69940, 0.78559, 0.00000, 0.00000, 0.00000, 0.00000, 0.00000, 0.00000, 0.91102, -1.63909, 0.81587, 1.82322, 0.00000, 0.00000
-3.75484, 1.40973, 2.85909, 4.92550, 2.78243, 0.95149, 0.00000, 0.00000, 0.00000, 0.00000, 0.00000, 0.00000, 0.94766, -9.32863, 3.30198, 7.02665, 0.00000, 0.00000
-1.49161, 3.48430, 3.15040, 4.92852, 1.97528, 0.87732, 0.00000, 0.00000, 0.00000, 0.00000, 0.00000, 0.00000, 0.91102, -0.30829, 0.68893, 0.61936, 0.00000, 0.00000
-1.97536, 2.21782, 3.93313, 4.92852, 2.29844, 0.64677, 0.00000, 0.00000, 0.00000, 0.00000, 0.00000, 0.00000, 0.91102, -0.49591, 0.54500, 0.95092, 0.00000, 0.00000
-0.70086, 2.75567, 4.02561, 4.92853, 1.81985, 0.61496, 0.00000, 0.00000, 0.00000, 0.00000, 0.00000, 0.00000, 0.90081, -0.13313, 0.46424, 0.66888, 0.00000, 0.00000
-1.40973, 2.85909, 3.75484, 4.92550, 2.02888, 0.70390, 0.00000, 0.00000, 0.00000, 0.00000, 0.00000, 0.00000, 0.94766, -0.25296, 0.53830, 0.71466, 0.00000, 0.00000
-3.47499, 2.68919, 2.20355, 4.91558, 2.48299, 1.10596, 1.00000, 359485.00000, 359485.00000, 359485.00000, 0.00000, 0.00000, 1.08598, -2.37638, 1.85065, 1.52573, 1.00000, 0.00000
-2.68919, 2.20355, 3.47499, 4.91558, 2.45513, 0.78564, 1.00000, 493685.00000, 493685.00000, 493685.00000, 0.00000, 0.00000, 1.08598, -0.90211, 0.74373, 1.15838, 0.00000, 1.00000
-2.20355, 3.47499, 2.68919, 4.91558, 2.13592, 0.99193, 0.00000, 0.00000, 0.00000, 0.00000, 0.00000, 0.00000, 1.08598, -0.56481, 0.87972, 0.68510, 0.00000, 0.00000
-2.83550, 2.83550, 2.83550, 4.91123, 2.35619, 0.95532, 1.00000, 385171.00000, 385171.00000, 385171.00000, 0.00000, 0.00000, 1.14286, -1.00000, 1.00000, 1.00000, 0.00000, 1.00000
-2.05481, 4.45876, 0.43315, 4.92853, 2.00263, 1.48280, 0.00000, 0.00000, 0.00000, 0.00000, 0.00000, 0.00000, 0.90081, -0.65917, 1.49537, 0.16379, 0.00000, 0.00000
-1.50894, 4.37124, 1.70460, 4.92852, 1.90319, 1.21764, 0.00000, 0.00000, 0.00000, 0.00000, 0.00000, 0.00000, 0.91102, -0.30980, 0.93889, 0.37091, 0.00000, 0.00000
-0.72621, 4.85499, 0.43811, 4.92852, 1.71928, 1.48179, 0.00000, 0.00000, 0.00000, 0.00000, 0.00000, 0.00000, 0.91102, -0.14496, 1.04077, 0.10419, 0.00000, 0.00000
-1.44936, 4.62611, 0.87126, 4.92550, 1.87441, 1.39297, 0.00000, 0.00000, 0.00000, 0.00000, 0.00000, 0.00000, 0.94766, -0.38457, 1.17386, 0.21070, 0.00000, 0.00000
-0.78273, 3.92241, 2.87963, 4.92852, 1.76776, 0.94680, 0.00000, 0.00000, 0.00000, 0.00000, 0.00000, 0.00000, 0.91102, -0.12779, 0.65841, 0.46938, 0.00000, 0.00000
0.00000, 3.18882, 3.75791, 4.92853, 1.57080, 0.70366, 0.00000, 0.00000, 0.00000, 0.00000, 0.00000, 0.00000, 0.90081, -0.00000, 0.46930, 0.53070, 0.00000, 0.00000
0.78273, 3.92241, 2.87963, 4.92852, 1.37383, 0.94680, 0.00000, 0.00000, 0.00000, 0.00000, 0.00000, 0.00000, 0.91102, 0.10178, 0.52439, 0.37383, 0.00000, 0.00000
0.00000, 3.73035, 3.21637, 4.92550, 1.57080, 0.85925, 0.00000, 0.00000, 0.00000, 0.00000, 0.00000, 0.00000, 0.94766, -0.00000, 0.52918, 0.47082, 0.00000, 0.00000
0.72621, 4.85499, 0.43811, 4.92852, 1.42232, 1.48179, 0.00000, 0.00000, 0.00000, 0.00000, 0.00000, 0.00000, 0.91102, 0.11238, 0.80685, 0.08077, 0.00000, 0.00000
1.50894, 4.37124, 1.70460, 4.92852, 1.23841, 1.21764, 0.00000, 0.00000, 0.00000, 0.00000, 0.00000, 0.00000, 0.91102, 0.19128, 0.57970, 0.22901, 0.00000, 0.00000
2.05481, 4.45876, 0.43315, 4.92853, 1.13896, 1.48280, 1.00000, 300911.00000, 300911.00000, 300911.00000, 0.00000, 0.00000, 0.90081, 0.28433, 0.64502, 0.07065, 1.00000, 0.00000
1.44936, 4.62611, 0.87126, 4.92550, 1.26718, 1.39297, 1.00000, 183971.00000, 183971.00000, 183971.00000, 0.00000, 0.00000, 0.94766, 0.21738, 0.66353, 0.11910, 0.00000, 1.00000
-0.78579, 4.35121, 2.14766, 4.91558, 1.74946, 1.11864, 0.00000, 0.00000, 0.00000, 0.00000, 0.00000, 0.00000, 1.08598, -0.13352, 0.76051, 0.37301, 0.00000, 0.00000
0.78579, 4.35121, 2.14766, 4.91558, 1.39213, 1.11864, 1.00000, 315593.00000, 315593.00000, 315593.00000, 0.00000, 0.00000, 1.08598, 0.10538, 0.60022, 0.29439, 0.00000, 1.00000
0.00000, 4.83686, 0.87622, 4.91558, 1.57080, 1.39159, 1.00000, 248240.00000, 248240.00000, 248240.00000, 0.00000, 0.00000, 1.08598, -0.00000, 0.84303, 0.15697, 0.00000, 1.00000
0.00000, 4.58794, 1.75244, 4.91123, 1.57080, 1.20593, 0.00000, 0.00000, 0.00000, 0.00000, 0.00000, 0.00000, 1.14286, 0.00000, 0.72361, 0.27639, 0.00000, 0.00000
-2.05481, 4.45876, -0.43315, 4.92853, 2.00263, 1.65880, 1.00000, 189481.00000, 189481.00000, 189481.00000, 0.00000, 0.00000, 0.90081, -0.98030, 2.22389, -0.24359, 0.00000, 1.00000
-0.72621, 4.85499, -0.43811, 4.92852, 1.71928, 1.65981, 0.00000, 0.00000, 0.00000, 0.00000, 0.00000, 0.00000, 0.91102, -0.18312, 1.31474, -0.13162, 0.00000, 0.00000
-1.50894, 4.37124, -1.70460, 4.92852, 1.90319, 1.92396, 3.00000, 481409.00000, 310713.00000, 395753.00000, 4856377130.66667, 69687.71148, 0.91102, -1.19997, 3.63662, -1.43665, 0.33333, 0.66667
-1.44936, 4.62611, -0.87126, 4.92550, 1.87441, 1.74862, 1.00000, 319051.00000, 319051.00000, 319051.00000, 0.00000, 0.00000, 0.94766, -0.66465, 2.02881, -0.36416, 0.00000, 1.00000
0.72621, 4.85499, -0.43811, 4.92852, 1.42232, 1.65981, 1.00000, 289304.00000, 289304.00000, 289304.00000, 0.00000, 0.00000, 0.91102, 0.13403, 0.96230, -0.09634, 0.00000, 1.00000
2.05481, 4.45876, -0.43315, 4.92853, 1.13896, 1.65880, 2.00000, 390696.00000, 369747.00000, 380221.50000, 109715150.25000, 10474.50000, 0.90081, 0.33112, 0.75116, -0.08228, 0.50000, 0.50000
1.50894, 4.37124, -1.70460, 4.92852, 1.23841, 1.92396, 5.00000, 498497.00000, 194013.00000, 358948.20000, 11744351669.36000, 108371.36001, 0.91102, 0.35294, 1.06961, -0.42255, 0.40000, 0.60000
1.44936, 4.62611, -0.87126, 4.92550, 1.26718, 1.74862, 0.00000, 0.00000, 0.00000, 0.00000, 0.00000, 0.00000, 0.94766, 0.28534, 0.87099, -0.15634, 0.00000, 0.00000
-0.78273, 3.92241, -2.87963, 4.92852, 1.76776, 2.19479, 6.00000, 462743.00000, 172761.00000, 316073.50000, 8164689531.91667, 90358.67159, 0.91102, -2.08678, 10.75154, -7.66476, 0.16667, 0.83333
0.78273, 3.92241, -2.87963, 4.92852, 1.37383, 2.19479, 3.00000, 369263.00000, 120221.00000, 266626.66667, 11294863564.22222, 106277.29562, 0.91102, 0.40335, 2.07817, -1.48153, 0.00000, 1.00000
0.00000, 3.18882, -3.75791, 4.92853, 1.57080, 2.43793, 3.00000, 355810.00000, 157802.00000, 236515.33333, 7357950318.22222, 85778.49566, 0.90081, -0.00000, -7.64229, 8.64229, 0.33333, 0.66667
0.00000, 3.73035, -3.21637, 4.92550, 1.57080, 2.28234, 9.00000, 442481.00000, 175735.00000, 279277.55556, 5250788260.02469, 72462.32304, 0.94766, 0.00000, 9.06739, -8.06739, 0.33333, 0.66667
0.00000, 4.83686, -0.87622, 4.91558, 1.57080, 1.75001, 1.00000, 146761.00000, 146761.00000, 146761.00000, 0.00000, 0.00000, 1.08598, 0.00000, 1.22879, -0.22879, 1.00000, 0.00000
0.78579, 4.35121, -2.14766, 4.91558, 1.39213, 2.02296, 1.00000, 459867.00000, 459867.00000, 459867.00000, 0.00000, 0.00000, 1.08598, 0.25627, 1.45965, -0.71592, 1.00000, 0.00000
-0.78579, 4.35121, -2.14766, 4.91558, 1.74946, 2.02296, 1.00000, 446780.00000, 446780.00000, 446780.00000, 0.00000, 0.00000, 1.08598, -0.52573, 2.99442, -1.46868, 1.00000, 0.00000
0.00000, 4.58794, -1.75244, 4.91123, 1.57080, 1.93566, 2.00000, 468610.00000, 427873.00000, 448241.50000, 414875792.25000, 20368.50000, 1.14286, 0.00000, 1.61803, -0.61803, 0.50000, 0.50000
-2.75567, 4.02561, -0.70086, 4.92853, 2.17107, 1.71348, 1.00000, 436137.00000, 436137.00000, 436137.00000, 0.00000, 0.00000, 0.90081, -6.49176, 9.35336, -1.86160, 0.00000, 1.00000
-2.21782, 3.93313, -1.97536, 4.92852, 2.08423, 1.98319, 5.00000, 427696.00000, 228467.00000, 337142.20000, 6083784796.96000, 77998.62048, 0.91102, 6.05607, -10.56672, 5.51065, 0.00000, 1.00000
-3.48430, 3.15040, -1.49161, 4.92852, 2.40648, 1.87827, 5.00000, 378282.00000, 79769.00000, 235011.60000, 10831097463.44000, 104072.55865, 0.91102, 1.82322, -1.63909, 0.81587, 0.00000, 1.00000
-2.85909, 3.75484, -1.40973, 4.92550, 2.22158, 1.86107, 5.00000, 313371.00000, 152954.00000, 248472.60000, 3354863748.64000, 57921.18566, 0.94766, 7.02665, -9.32863, 3.30198, 0.00000, 1.00000
-1.49161, 3.48430, -3.15040, 4.92852, 1.97528, 2.26428, 8.00000, 449184.00000, 186923.00000, 302952.25000, 9106625468.93750, 95428.64072, 0.91102, 1.29147, -2.88604, 2.59457, 0.00000, 1.00000
-0.70086, 2.75567, -4.02561, 4.92853, 1.81985, 2.52663, 7.00000, 296034.00000, 117276.00000, 206681.28571, 4299989524.20408, 65574.30537, 0.90081, 0.39414, -1.37444, 1.98030, 0.14286, 0.85714
-1.97536, 2.21782, -3.93313, 4.92852, 2.29844, 2.49482, 13.00000, 497198.00000, 135492.00000, 282702.30769, 15298385501.59763, 123686.64237, 0.91102, 0.54989, -0.60432, 1.05443, 0.15385, 0.84615
-1.40973, 2.85909, -3.75484, 4.92550, 2.02888, 2.43770, 8.00000, 478015.00000, 113196.00000, 217940.12500, 15331374427.35938, 123819.92742, 0.94766, 0.58922, -1.25387, 1.66465, 0.00000, 1.00000
-3.93313, 1.97536, -2.21782, 4.92852, 2.67616, 2.03756, 8.00000, 438730.00000, 84923.00000, 309336.25000, 12055122060.43750, 109795.81987, 0.91102, 0.95092, -0.49591, 0.54500, 0.37500, 0.62500
-3.15040, 1.49161, -3.48430, 4.92852, 2.69940, 2.35600, 19.00000, 466754.00000, 48816.00000, 190366.15789, 14322295055.81717, 119675.79144, 0.91102, 0.61936, -0.30829, 0.68893, 0.26316, 0.73684
-4.02561, 0.70086, -2.75567, 4.92853, 2.96922, 2.16413, 11.00000, 438302.00000, 53988.00000, 226799.27273, 15193862560.74380, 123263.38694, 0.90081, 0.66888, -0.13313, 0.46424, 0.27273, 0.72727
-3.75484, 1.40973, -2.85909, 4.92550, 2.78243, 2.19010, 14.00000, 473196.00000, 113314.00000, 237501.42857, 7611212176.95918, 87242.26142, 0.94766, 0.71466, -0.25296, 0.53830, 0.28571, 0.71429
-2.20355, 3.47499, -2.68919, 4.91558, 2.13592, 2.14966, 5.00000, 261374.00000, 138919.00000, 197354.00000, 2140328750.80000, 46263.68717, 1.08598, 1.52573, -2.37638, 1.85065, 0.20000, 0.80000
-2.68919, 2.20355, -3.47499, 4.91558, 2.45513, 2.35595, 11.00000, 393809.00000, 74362.00000, 252049.09091, 13477596339.90083, 116093.05035, 1.08598, 0.68510, -0.56481, 0.87972, 0.09091, 0.90909
-3.47499, 2.68919, -2.20355, 4.91558, 2.48299, 2.03563, 6.00000, 431600.00000, 103222.00000, 200040.83333, 12897918911.13889, 113569.00506, 1.08598, 1.15838, -0.90211, 0.74373, 0.00000, 1.00000
-2.83550, 2.83550, -2.83550, 4.91123, 2.35619, 2.18628, 4.00000, 477134.00000, 275512.00000, 381796.50000, 5152829470.75000, 71783.21162, 1.14286, 1.00000, -1.00000, 1.00000, 0.25000, 0.75000
-3.18882, 3.75791, 0.00000, 4.92853, 2.27446, 1.57080, 1.00000, 216394.00000, 216394.00000, 216394.00000, 0.00000, 0.00000, 0.90081, -7.64229, 8.64229, 0.00000, 0.00000, 1.00000
-3.92241, 2.87963, -0.78273, 4.92852, 2.50831, 1.73029, 2.00000, 319134.00000, 170712.00000, 244923.00000, 5507272521.00000, 74211.00000, 0.91102, 2.07817, -1.48153, 0.40335, 0.50000, 0.50000
-3.92241, 2.87963, 0.78273, 4.92852, 2.50831, 1.41130, 1.00000, 494191.00000, 494191.00000, 494191.00000, 0.00000, 0.00000, 0.91102, 10.75154, -7.66476, -2.08678, 0.00000, 1.00000
-3.73035, 3.21637, 0.00000, 4.92550, 2.43005, 1.57080, 1.00000, 490576.00000, 490576.00000, 490576.00000, 0.00000, 0.00000, 0.94766, 9.06739, -8.06739, -0.00000, 0.00000, 1.00000
-4.37124, 1.70460, -1.50894, 4.92852, 2.76977, 1.88196, 8.00000, 356405.00000, 137791.00000, 231318.62500, 4306710898.23438, 65625.53541, 0.91102, 1.06961, -0.42255, 0.35294, 0.12500, 0.87500
-4.45876, 0.43315, -2.05481, 4.92853, 3.04475, 2.00085, 16.00000, 489853.00000, 59320.00000, 286188.43750, 17722586854.74609, 133126.20649, 0.90081, 0.75116, -0.08228, 0.33112, 0.12500, 0.87500
-4.85499, 0.43811, -0.72621, 4.92852, 3.05160, 1.71868, 5.00000, 474265.00000, 212341.00000, 334327.00000, 7945211952.00000, 89135.91842, 0.91102, 0.96230, -0.09634, 0.13403, 0.20000, 0.80000
-4.62611, 0.87126, -1.44936, 4.92550, 2.95544, 1.86947, 10.00000, 340223.00000, 84659.00000, 240039.90000, 7360995502.69000, 85796.24411, 0.94766, 0.87099, -0.15634, 0.28534, 0.20000, 0.80000
-4.37124, 1.70460, 1.50894, 4.92852, 2.76977, 1.25963, 4.00000, 369163.00000, 211417.00000, 295609.00000, 5342450097.50000, 73092.06590, 0.91102, 3.63662, -1.43665, -1.19997, 0.25000, 0.75000
-4.85499, 0.43811, 0.72621, 4.92852, 3.05160, 1.42291, 7.00000, 395649.00000, 139620.00000, 273698.57143, 10513916700.81633, 102537.39172, 0.91102, 1.31474, -0.13162, -0.18312, 0.14286, 0.85714
-4.45876, 0.43315, 2.05481, 4.92853, 3.04475, 1.14074, 1.00000, 345961.00000, 345961.00000, 345961.00000, 0.00000, 0.00000, 0.90081, 2.22389, -0.24359, -0.98030, 0.00000, 1.00000
-4.62611, 0.87126, 1.44936, 4.92550, 2.95544, 1.27212, 2.00000, 353549.00000, 113010.00000, 233279.50000, 14464752630.25000, 120269.50000, 0.94766, 2.02881, -0.36416, -0.66465, 0.00000, 1.00000
-4.35121, 2.14766, -0.78579, 4.91558, 2.68310, 1.73134, 4.00000, 480772.00000, 77744.00000, 289973.00000, 25611479463.50000, 160035.86930, 1.08598, 1.45965, -0.71592, 0.25627, 0.00000, 1.00000
-4.83686, 0.87622, 0.00000, 4.91558, 2.96238, 1.57080, 5.00000, 398753.00000, 99093.00000, 229204.40000, 10259808165.44000, 101290.71115, 1.08598, 1.22879, -0.22879, -0.00000, 0.00000, 1.00000
-4.35121, 2.14766, 0.78579, 4.91558, 2.68310, 1.41025, 2.00000, 279251.00000, 173769.00000, 226510.00000, 2781613081.00000, 52741.00000, 1.08598, 2.99442, -1.46868, -0.52573, 0.50000, 0.50000
-4.58794, 1.75244, 0.00000, 4.91123, 2.77673, 1.57080, 1.00000, 398270.00000, 398270.00000, 398270.00000, 0.00000, 0.00000, 1.14286, 1.61803, -0.61803, -0.00000, 0.00000, 1.00000
2.75567, 4.02561, 0.70086, 4.92853, 0.97053, 1.42811, 0.00000, 0.00000, 0.00000, 0.00000, 0.00000, 0.00000, 0.90081, 0.36663, 0.52824, 0.10514, 0.00000, 0.00000
2.21782, 3.93313, 1.97536, 4.92852, 1.05736, 1.15840, 0.00000, 0.00000, 0.00000, 0.00000, 0.00000, 0.00000, 0.91102, 0.27362, 0.47741, 0.24897, 0.00000, 0.00000
3.48430, 3.15040, 1.49161, 4.92852, 0.73511, 1.26333, 0.00000, 0.00000, 0.00000, 0.00000, 0.00000, 0.00000, 0.91102, 0.42617, 0.38313, 0.19070, 0.00000, 0.00000
2.85909, 3.75484, 1.40973, 4.92550, 0.92001, 1.28053, 1.00000, 228669.00000, 228669.00000, 228669.00000, 0.00000, 0.00000, 0.94766, 0.35746, 0.47456, 0.16798, 0.00000, 1.00000
1.49161, 3.48430, 3.15040, 4.92852, 1.16631, 0.87732, 0.00000, 0.00000, 0.00000, 0.00000, 0.00000, 0.00000, 0.91102, 0.19070, 0.42617, 0.38313, 0.00000, 0.00000
0.70086, 2.75567, 4.02561, 4.92853, 1.32174, 0.61496, 0.00000, 0.00000, 0.00000, 0.00000, 0.00000, 0.00000, 0.90081, 0.10514, 0.36663, 0.52824, 0.00000, 0.00000
1.97536, 2.21782, 3.93313, 4.92852, 0.84316, 0.64677, 1.00000, 377543.00000, 377543.00000, 377543.00000, 0.00000, 0.00000, 0.91102, 0.24897, 0.27362, 0.47741, 1.00000, 0.00000
1.40973, 2.85909, 3.75484, 4.92550, 1.11271, 0.70390, 0.00000, 0.00000, 0.00000, 0.00000, 0.00000, 0.00000, 0.94766, 0.16798, 0.35746, 0.47456, 0.00000, 0.00000
3.93313, 1.97536, 2.21782, 4.92852, 0.46544, 1.10403, 1.00000, 342169.00000, 342169.00000, 342169.00000, 0.00000, 0.00000, 0.91102, 0.47741, 0.24897, 0.27362, 1.00000, 0.00000
3.15040, 1.49161, 3.48430, 4.92852, 0.44220, 0.78559, 0.00000, 0.00000, 0.00000, 0.00000, 0.00000, 0.00000, 0.91102, 0.38313, 0.19070, 0.42617, 0.00000, 0.00000
4.02561, 0.70086, 2.75567, 4.92853, 0.17237, 0.97747, 1.00000, 464869.00000, 464869.00000, 464869.00000, 0.00000, 0.00000, 0.90081, 0.52824, 0.10514, 0.36663, 1.00000, 0.00000
3.75484, 1.40973, 2.85909, 4.92550, 0.35916, 0.95149, 0.00000, 0.00000, 0.00000, 0.00000, 0.00000, 0.00000, 0.94766, 0.47456, 0.16798, 0.35746, 0.00000, 0.00000
2.20355, 3.47499, 2.68919, 4.91558, 1.00567, 0.99193, 0.00000, 0.00000, 0.00000, 0.00000, 0.00000, 0.00000, 1.08598, 0.26522, 0.41309, 0.32170, 0.00000, 0.00000
2.68919, 2.20355, 3.47499, 4.91558, 0.68646, 0.78564, 0.00000, 0.00000, 0.00000, 0.00000, 0.00000, 0.00000, 1.08598, 0.32170, 0.26522, 0.41309, 0.00000, 0.00000
3.47499, 2.68919, 2.20355, 4.91558, 0.65860, 1.10596, 0.00000, 0.00000, 0.00000, 0.00000, 0.00000, 0.00000, 1.08598, 0.41309, 0.32170, 0.26522, 0.00000, 0.00000
2.83550, 2.83550, 2.83550, 4.91123, 0.78540, 0.95532, 0.00000, 0.00000, 0.00000, 0.00000, 0.00000, 0.00000, 1.14286, 0.33333, 0.33333, 0.33333, 0.00000, 0.00000
-0.43315, 2.05481, 4.45876, 4.92853, 1.77855, 0.44016, 0.00000, 0.00000, 0.00000, 0.00000, 0.00000, 0.00000, 0.90081, -0.08228, 0.33112, 0.75116, 0.00000, 0.00000
-1.70460, 1.50894, 4.37124, 4.92852, 2.41700, 0.48015, 1.00000, 341817.00000, 341817.00000, 341817.00000, 0.00000, 0.00000, 0.91102, -0.42255, 0.35294, 1.06961, 1.00000, 0.00000
-0.43811, 0.72621, 4.85499, 4.92852, 2.11363, 0.17295, 0.00000, 0.00000, 0.00000, 0.00000, 0.00000, 0.00000, 0.91102, -0.09634, 0.13403, 0.96230, 0.00000, 0.00000
-0.87126, 1.44936, 4.62611, 4.92550, 2.11205, 0.35046, 0.00000, 0.00000, 0.00000, 0.00000, 0.00000, 0.00000, 0.94766, -0.15634, 0.28534, 0.87099, 0.00000, 0.00000
-2.87963, 0.78273, 3.92241, 4.92852, 2.87619, 0.65037, 0.00000, 0.00000, 0.00000, 0.00000, 0.00000, 0.00000, 0.91102, -1.48153, 0.40335, 2.07817, 0.00000, 0.00000
-3.75791, 0.00000, 3.18882, 4.92853, 3.14159, 0.86714, 1.00000, 469364.00000, 469364.00000, 469364.00000, 0.00000, 0.00000, 0.90081, 8.64229, -0.00000, -7.64229, 1.00000, 0.00000
-2.87963, -0.78273, 3.92241, 4.92852, -2.87619, 0.65037, 3.00000, 286256.00000, 197081.00000, 253256.66667, 1593934650.88889, 39924.11115, 0.91102, -7.66476, -2.08678, 10.75154, 0.66667, 0.33333
-3.21637, 0.00000, 3.73035, 4.92550, 3.14159, 0.71154, 1.00000, 450920.00000, 450920.00000, 450920.00000, 0.00000, 0.00000, 0.94766, -8.06739, 0.00000, 9.06739, 1.00000, 0.00000
-0.43811, -0.72621, 4.85499, 4.92852, -2.11363, 0.17295, 1.00000, 188840.00000, 188840.00000, 188840.00000, 0.00000, 0.00000, 0.91102, -0.13162, -0.18312, 1.31474, 1.00000, 0.00000
-1.70460, -1.50894, 4.37124, 4.92852, -2.41700, 0.48015, 3.00000, 343338.00000, 159657.00000, 281189.66667, 7386367816.22222, 85943.98069, 0.91102, -1.43665, -1.19997, 3.63662, 1.00000, 0.00000
-0.43315, -2.05481, 4.45876, 4.92853, -1.77855, 0.44016, 2.00000, 95481.00000, 76411.00000, 85946.00000, 90916225.00000, 9535.00000, 0.90081, -0.24359, -0.98030, 2.22389, 1.00000, 0.00000
-0.87126, -1.44936, 4.62611, 4.92550, -2.11205, 0.35046, 0.00000, 0.00000, 0.00000, 0.00000, 0.00000, 0.00000, 0.94766, -0.36416, -0.66465, 2.02881, 0.00000, 0.00000
-2.14766, 0.78579, 4.35121, 4.91558, 2.79084, 0.48390, 0.00000, 0.00000, 0.00000, 0.00000, 0.00000, 0.00000, 1.08598, -0.71592, 0.25627, 1.45965, 0.00000, 0.00000
-2.14766, -0.78579, 4.35121, 4.91558, -2.79084, 0.48390, 1.00000, 242373.00000, 242373.00000, 242373.00000, 0.00000, 0.00000, 1.08598, -1.46868, -0.52573, 2.99442, 0.00000, 1.00000
-0.87622, 0.00000, 4.83686, 4.91558, 3.14159, 0.17921, 0.00000, 0.00000, 0.00000, 0.00000, 0.00000, 0.00000, 1.08598, -0.22879, 0.00000, 1.22879, 0.00000, 0.00000
-1.75244, 0.00000, 4.58794, 4.91123, 3.14159, 0.36486, 2.00000, 467274.00000, 103963.00000, 285618.50000, 32998720680.25000, 181655.50000, 1.14286, -0.61803, 0.00000, 1.61803, 1.00000, 0.00000
-4.45876, -0.43315, 2.05481, 4.92853, -3.04475, 1.14074, 1.00000, 97583.00000, 97583.00000, 97583.00000, 0.00000, 0.00000, 0.90081, 1.49537, 0.16379, -0.65917, 0.00000, 1.00000
-4.85499, -0.43811, 0.72621, 4.92852, -3.05160, 1.42291, 13.00000, 490746.00000, 102649.00000, 310371.53846, 17579112361.94083, 132586.24500, 0.91102, 1.04077, 0.10419, -0.14496, 0.38462, 0.61538
-4.37124, -1.70460, 1.50894, 4.92852, -2.76977, 1.25963, 9.00000, 447173.00000, 101160.00000, 286047.77778, 14230134377.95062, 119290.12691, 0.91102, 0.93889, 0.37091, -0.30980, 0.44444, 0.55556
-4.62611, -0.87126, 1.44936, 4.92550, -2.95544, 1.27212, 2.00000, 260172.00000, 216879.00000, 238525.50000, 468570962.25000, 21646.50000, 0.94766, 1.17386, 0.21070, -0.38457, 0.50000, 0.50000
-4.85499, -0.43811, -0.72621, 4.92852, -3.05160, 1.71868, 12.00000, 482422.00000, 115110.00000, 287330.33333, 16099556942.22222, 126884.02950, 0.91102, 0.80685, 0.08077, 0.11238, 0.25000, 0.75000
-4.45876, -0.43315, -2.05481, 4.92853, -3.04475, 2.00085, 15.00000, 447619.00000, 86139.00000, 255601.13333, 14033147878.51556, 118461.58820, 0.90081, 0.64502, 0.07065, 0.28433, 0.06667, 0.93333
-4.37124, -1.70460, -1.50894, 4.92852, -2.76977, 1.88196, 29.00000, 497917.00000, 61359.00000, 218610.62069, 12489716221.13198, 111757.39895, 0.91102, 0.57970, 0.22901, 0.19128, 0.41379, 0.58621
-4.62611, -0.87126, -1.44936, 4.92550, -2.95544, 1.86947, 18.00000, 412678.00000, 46853.00000, 227768.55556, 14448648548.46914, 120202.53137, 0.94766, 0.66353, 0.11910, 0.21738, 0.11111, 0.88889
-3.92241, -2.87963, 0.78273, 4.92852, -2.50831, 1.41130, 13.00000, 423328.00000, 116400.00000, 242901.23077, 7084936370.33136, 84172.06407, 0.91102, 0.65841, 0.46938, -0.12779, 0.61538, 0.38462
-3.92241, -2.87963, -0.78273, 4.92852, -2.50831, 1.73029, 33.00000, 499810.00000, 66652.00000, 211655.00000, 12287348074.84848, 110848.31111, 0.91102, 0.52439, 0.37383, 0.10178, 0.36364, 0.63636
-3.18882, -3.75791, 0.00000, 4.92853, -2.27446, 1.57080, 26.00000, 439260.00000, 53514.00000, 169272.42308, 10037813205.24408, 100188.88763, 0.90081, 0.46930, 0.53070, 0.00000, 0.46154, 0.53846
-3.73035, -3.21637, 0.00000, 4.92550, -2.43005, 1.57080, 16.00000, 485387.00000, 47833.00000, 233984.31250, 17087910537.71484, 130720.73492, 0.94766, 0.52918, 0.47082, -0.00000, 0.37500, 0.62500
-4.83686, -0.87622, 0.00000, 4.91558, -2.96238, 1.57080, 10.00000, 415410.00000, 136149.00000, 258567.90000, 6829631101.09000, 82641.58216, 1.08598, 0.84303, 0.15697, -0.00000, 0.40000, 0.60000
-4.35121, -2.14766, -0.78579, 4.91558, -2.68310, 1.73134, 12.00000, 462390.00000, 28682.00000, 232070.91667, 19940516940.40972, 141210.89526, 1.08598, 0.60022, 0.29439, 0.10538, 0.50000, 0.50000
-4.35121, -2.14766, 0.78579, 4.91558, -2.68310, 1.41025, 9.00000, 498894.00000, 126657.00000, 307291.44444, 12535781631.13580, 111963.30484, 1.08598, 0.76051, 0.37301, -0.13352, 0.55556, 0.44444
-4.58794, -1.75244, 0.00000, 4.91123, -2.77673, 1.57080, 16.00000, 435038.00000, 82099.00000, 237592.68750, 14184889268.71484, 119100.33278, 1.14286, 0.72361, 0.27639, -0.00000, 0.56250, 0.43750
-3.75791, 0.00000, -3.18882, 4.92853, 3.14159, 2.27446, 27.00000, 470159.00000, 24520.00000, 188068.66667, 12755042345.62963, 112938.22358, 0.90081, 0.53070, -0.00000, 0.46930, 0.07407, 0.92593
-2.87963, 0.78273, -3.92241, 4.92852, 2.87619, 2.49122, 21.00000, 464920.00000, 48245.00000, 194841.00000, 12618961772.19048, 112334.15230, 0.91102, 0.46938, -0.12779, 0.65841, 0.19048, 0.80952
-2.87963, -0.78273, -3.92241, 4.92852, -2.87619, 2.49122, 66.00000, 454818.00000, 27314.00000, 168934.43939, 11363446418.73117, 106599.46725, 0.91102, 0.37383, 0.10178, 0.52439, 0.16667, 0.83333
-3.21637, 0.00000, -3.73035, 4.92550, 3.14159, 2.43005, 20.00000, 454570.00000, 57000.00000, 208887.85000, 12061822329.42750, 109826.32803, 0.94766, 0.47082, 0.00000, 0.52918, 0.15000, 0.85000
-1.70460, 1.50894, -4.37124, 4.92852, 2.41700, 2.66145, 29.00000, 476575.00000, 50809.00000, 208995.72414, 16299382850.88942, 127669.03638, 0.91102, 0.37091, -0.30980, 0.93889, 0.17241, 0.82759
-0.43315, 2.05481, -4.45876, 4.92853, 1.77855, 2.70143, 12.00000, 452385.00000, 58739.00000, 228348.16667, 12969745110.47222, 113884.78876, 0.90081, 0.16379, -0.65917, 1.49537, 0.50000, 0.50000
-0.43811, 0.72621, -4.85499, 4.92852, 2.11363, 2.96865, 31.00000, 474892.00000, 29957.00000, 179443.09677, 14785826031.70031, 121596.98200, 0.91102, 0.10419, -0.14496, 1.04077, 0.25806, 0.74194
-0.87126, 1.44936, -4.62611, 4.92550, 2.11205, 2.79113, 11.00000, 418102.00000, 95625.00000, 223338.45455, 11632720579.15702, 107855.09065, 0.94766, 0.21070, -0.38457, 1.17386, 0.09091, 0.90909
-1.70460, -1.50894, -4.37124, 4.92852, -2.41700, 2.66145, 78.00000, 480060.00000, 16574.00000, 150774.74359, 15352494534.93425, 123905.18365, 0.91102, 0.22901, 0.19128, 0.57970, 0.33333, 0.66667
-0.43811, -0.72621, -4.85499, 4.92852, -2.11363, 2.96865, 57.00000, 494120.00000, 29149.00000, 178485.45614, 14367717832.49369, 119865.41550, 0.91102, 0.08077, 0.11238, 0.80685, 0.43860, 0.56140
-0.43315, -2.05481, -4.45876, 4.92853, -1.77855, 2.70143, 85.00000, 485347.00000, 16996.00000, 146662.78824, 12861131893.53163, 113406.93054, 0.90081, 0.07065, 0.28433, 0.64502, 0.47059, 0.52941
-0.87126, -1.44936, -4.62611, 4.92550, -2.11205, 2.79113, 73.00000, 428863.00000, 20848.00000, 137254.23288, 10402312008.56221, 101991.72520, 0.94766, 0.11910, 0.21738, 0.66353, 0.21918, 0.78082
-2.14766, 0.78579, -4.35121, 4.91558, 2.79084, 2.65769, 24.00000, 425810.00000, 46391.00000, 244862.16667, 13055712858.72222, 114261.59836, 1.08598, 0.37301, -0.13352, 0.76051, 0.33333, 0.66667
-0.87622, 0.00000, -4.83686, 4.91558, 3.14159, 2.96238, 39.00000, 492925.00000, 29178.00000, 179999.41026, 16573528985.01118, 128738.21882, 1.08598, 0.15697, 0.00000, 0.84303, 0.38462, 0.61538
-2.14766, -0.78579, -4.35121, 4.91558, -2.79084, 2.65769, 49.00000, 492577.00000, 28173.00000, 189640.12245, 19418921566.92378, 139351.79068, 1.08598, 0.29439, 0.10538, 0.60022, 0.16327, 0.83673
-1.75244, 0.00000, -4.58794, 4.91123, 3.14159, 2.77673, 39.00000, 473981.00000, 35026.00000, 169167.00000, 11150376784.15385, 105595.34452, 1.14286, 0.27639, 0.00000, 0.72361, 0.20513, 0.79487
0.70086, 2.75567, -4.02561, 4.92853, 1.32174, 2.52663, 5.00000, 490375.00000, 225719.00000, 325775.20000, 8060494734.56000, 89780.25804, 0.90081, -1.86160, -6.49176, 9.35336, 0.60000, 0.40000
1.49161, 3.48430, -3.15040, 4.92852, 1.16631, 2.26428, 4.00000, 248128.00000, 131197.00000, 194182.25000, 2260654717.18750, 47546.34284, 0.91102, 0.81587, 1.82322, -1.63909, 0.00000, 1.00000
1.97536, 2.21782, -3.93313, 4.92852, 0.84316, 2.49482, 10.00000, 466846.00000, 200897.00000, 366171.60000, 6517504196.64000, 80731.06092, 0.91102, 5.51065, 6.05607, -10.56672, 0.60000, 0.40000
1.40973, 2.85909, -3.75484, 4.92550, 1.11271, 2.43770, 4.00000, 440219.00000, 296770.00000, 353576.75000, 2809805775.68750, 53007.60111, 0.94766, 3.30198, 7.02665, -9.32863, 0.25000, 0.75000
2.21782, 3.93313, -1.97536, 4.92852, 1.05736, 1.98319, 0.00000, 0.00000, 0.00000, 0.00000, 0.00000, 0.00000, 0.91102, 0.54500, 0.95092, -0.49591, 0.00000, 0.00000
2.75567, 4.02561, -0.70086, 4.92853, 0.97053, 1.71348, 0.00000, 0.00000, 0.00000, 0.00000, 0.00000, 0.00000, 0.90081, 0.46424, 0.66888, -0.13313, 0.00000, 0.00000
3.48430, 3.15040, -1.49161, 4.92852, 0.73511, 1.87827, 1.00000, 411793.00000, 411793.00000, 411793.00000, 0.00000, 0.00000, 0.91102, 0.68893, 0.61936, -0.30829, 0.00000, 1.00000
2.85909, 3.75484, -1.40973, 4.92550, 0.92001, 1.86107, 2.00000, 491392.00000, 435692.00000, 463542.00000, 775622500.00000, 27850.00000, 0.94766, 0.53830, 0.71466, -0.25296, 0.00000, 1.00000
3.15040, 1.49161, -3.48430, 4.92852, 0.44220, 2.35600, 11.00000, 435545.00000, 98522.00000, 259840.54545, 9433394112.61157, 97125.66145, 0.91102, 2.59457, 1.29147, -2.88604, 0.72727, 0.27273
3.93313, 1.97536, -2.21782, 4.92852, 0.46544, 2.03756, 4.00000, 398917.00000, 65501.00000, 240498.50000, 13981775762.75000, 118244.55913, 0.91102, 1.05443, 0.54989, -0.60432, 1.00000, 0.00000
4.02561, 0.70086, -2.75567, 4.92853, 0.17237, 2.16413, 7.00000, 358923.00000, 67135.00000, 210960.71429, 11705882887.63265, 108193.72850, 0.90081, 1.98030, 0.39414, -1.37444, 0.85714, 0.14286
3.75484, 1.40973, -2.85909, 4.92550, 0.35916, 2.19010, 6.00000, 473555.00000, 156830.00000, 354629.00000, 12922214479.66667, 113675.91864, 0.94766, 1.66465, 0.58922, -1.25387, 0.33333, 0.66667
2.20355, 3.47499, -2.68919, 4.91558, 1.00567, 2.14966, 0.00000, 0.00000, 0.00000, 0.00000, 0.00000, 0.00000, 1.08598, 0.74373, 1.15838, -0.90211, 0.00000, 0.00000
3.47499, 2.68919, -2.20355, 4.91558, 0.65860, 2.03563, 0.00000, 0.00000, 0.00000, 0.00000, 0.00000, 0.00000, 1.08598, 0.87972, 0.68510, -0.56481, 0.00000, 0.00000
2.68919, 2.20355, -3.47499, 4.91558, 0.68646, 2.35595, 4.00000, 399009.00000, 159869.00000, 297975.00000, 8424504674.00000, 91785.10050, 1.08598, 1.85065, 1.52573, -2.37638, 0.50000, 0.50000
2.83550, 2.83550, -2.83550, 4.91123, 0.78540, 2.18628, 2.00000, 469258.00000, 262643.00000, 365950.50000, 10672439556.25000, 103307.50000, 1.14286, 1.00000, 1.00000, -1.00000, 0.50000, 0.50000
2.75567, -4.02561, 0.70086, 4.92853, -0.97053, 1.42811, 26.00000, 384051.00000, 36517.00000, 191592.03846, 12320334073.96006, 110997.00029, 0.90081, -6.49176, 9.35336, -1.86160, 0.96154, 0.03846
3.48430, -3.15040, 1.49161, 4.92852, -0.73511, 1.26333, 7.00000, 400070.00000, 63721.00000, 232745.28571, 10887727922.48980, 104344.27595, 0.91102, 1.82322, -1.63909, 0.81587, 0.85714, 0.14286
2.21782, -3.93313, 1.97536, 4.92852, -1.05736, 1.15840, 17.00000, 492999.00000, 62465.00000, 229498.88235, 16466298480.45674, 128321.07575, 0.91102, 6.05607, -10.56672, 5.51065, 0.94118, 0.05882
2.85909, -3.75484, 1.40973, 4.92550, -0.92001, 1.28053, 11.00000, 442184.00000, 38019.00000, 181682.63636, 20656022657.68595, 143722.03261, 0.94766, 7.02665, -9.32863, 3.30198, 1.00000, 0.00000
3.93313, -1.97536, 2.21782, 4.92852, -0.46544, 1.10403, 7.00000, 478889.00000, 203186.00000, 329018.00000, 11331684156.00000, 106450.38354, 0.91102, 0.95092, -0.49591, 0.54500, 0.71429, 0.28571
4.02561, -0.70086, 2.75567, 4.92853, -0.17237, 0.97747, 1.00000, 479758.00000, 479758.00000, 479758.00000, 0.00000, 0.00000, 0.90081, 0.66888, -0.13313, 0.46424, 1.00000, 0.00000
3.15040, -1.49161, 3.48430, 4.92852, -0.44220, 0.78559, 2.00000, 386043.00000, 308491.00000, 347267.00000, 1503578176.00000, 38776.00000, 0.91102, 0.61936, -0.30829, 0.68893, 1.00000, 0.00000
3.75484, -1.40973, 2.85909, 4.92550, -0.35916, 0.95149, 2.00000, 265310.00000, 136590.00000, 200950.00000, 4142209600.00000, 64360.00000, 0.94766, 0.71466, -0.25296, 0.53830, 1.00000, 0.00000
1.49161, -3.48430, 3.15040, 4.92852, -1.16631, 0.87732, 13.00000, 475555.00000, 52436.00000, 231522.92308, 18861381547.76331, 137336.74507, 0.91102, 1.29147, -2.88604, 2.59457, 0.92308, 0.07692
1.97536, -2.21782, 3.93313, 4.92852, -0.84316, 0.64677, 4.00000, 391788.00000, 143968.00000, 293132.50000, 9471486920.75000, 97321.56452, 0.91102, 0.54989, -0.60432, 1.05443, 1.00000, 0.00000
0.70086, -2.75567, 4.02561, 4.92853, -1.32174, 0.61496, 8.00000, 343720.00000, 149796.00000, 244023.00000, 3754702601.00000, 61275.62812, 0.90081, 0.39414, -1.37444, 1.98030, 1.00000, 0.00000
1.40973, -2.85909, 3.75484, 4.92550, -1.11271, 0.70390, 4.00000, 435457.00000, 119621.00000, 286982.75000, 17922277452.18750, 133874.11046, 0.94766, 0.58922, -1.25387, 1.66465, 0.75000, 0.25000
3.47499, -2.68919, 2.20355, 4.91558, -0.65860, 1.10596, 7.00000, 437633.00000, 70018.00000, 200681.00000, 12307676429.71428, 110939.96768, 1.08598, 1.15838, -0.90211, 0.74373, 1.00000, 0.00000
2.68919, -2.20355, 3.47499, 4.91558, -0.68646, 0.78564, 1.00000, 311212.00000, 311212.00000, 311212.00000, 0.00000, 0.00000, 1.08598, 0.68510, -0.56481, 0.87972, 1.00000, 0.00000
2.20355, -3.47499, 2.68919, 4.91558, -1.00567, 0.99193, 8.00000, 307641.00000, 84313.00000, 171597.37500, 4661617111.98438, 68276.03615, 1.08598, 1.52573, -2.37638, 1.85065, 0.87500, 0.12500
2.83550, -2.83550, 2.83550, 4.91123, -0.78540, 0.95532, 4.00000, 225464.00000, 77436.00000, 165130.25000, 3267325598.18750, 57160.52482, 1.14286, 1.00000, -1.00000, 1.00000, 1.00000, 0.00000
2.05481, -4.45876, 0.43315, 4.92853, -1.13896, 1.48280, 27.00000, 417875.00000, 12894.00000, 151962.74074, 13026360667.96982, 114133.08314, 0.90081, -0.98030, 2.22389, -0.24359, 0.92593, 0.07407
1.50894, -4.37124, 1.70460, 4.92852, -1.23841, 1.21764, 19.00000, 453721.00000, 30387.00000, 169756.57895, 12246850260.34903, 110665.48812, 0.91102, -1.19997, 3.63662, -1.43665, 0.89474, 0.10526
0.72621, -4.85499, 0.43811, 4.92852, -1.42232, 1.48179, 48.00000, 465602.00000, 17599.00000, 154521.47917, 14014876765.29123, 118384.44478, 0.91102, -0.18312, 1.31474, -0.13162, 0.91667, 0.08333
1.44936, -4.62611, 0.87126, 4.92550, -1.26718, 1.39297, 39.00000, 447039.00000, 36592.00000, 169559.74359, 12733737828.19066, 112843.86482, 0.94766, -0.66465, 2.02881, -0.36416, 0.89744, 0.10256
0.78273, -3.92241, 2.87963, 4.92852, -1.37383, 0.94680, 9.00000, 383053.00000, 58125.00000, 202573.66667, 7636936476.88889, 87389.56732, 0.91102, -2.08678, 10.75154, -7.66476, 0.88889, 0.11111
0.00000, -3.18882, 3.75791, 4.92853, -1.57080, 0.70366, 2.00000, 487563.00000, 408038.00000, 447800.50000, 1581056406.25000, 39762.50000, 0.90081, 0.00000, -7.64229, 8.64229, 0.50000, 0.50000
-0.78273, -3.92241, 2.87963, 4.92852, -1.76776, 0.94680, 9.00000, 492699.00000, 152374.00000, 312859.44444, 12005955452.02469, 109571.69092, 0.91102, 0.40335, 2.07817, -1.48153, 0.55556, 0.44444
0.00000, -3.73035, 3.21637, 4.92550, -1.57080, 0.85925, 7.00000, 490306.00000, 65035.00000, 199066.85714, 17312002170.40816, 131575.08187, 0.94766, -0.00000, 9.06739, -8.06739, 1.00000, 0.00000
-0.72621, -4.85499, 0.43811, 4.92852, -1.71928, 1.48179, 48.00000, 483299.00000, 16940.00000, 144974.45833, 10744729488.16493, 103656.78699, 0.91102, 0.13403, 0.96230, -0.09634, 0.89583, 0.10417
-1.50894, -4.37124, 1.70460, 4.92852, -1.90319, 1.21764, 16.00000, 476341.00000, 44527.00000, 202689.00000, 21936524390.37500, 148109.83894, 0.91102, 0.35294, 1.06961, -0.42255, 0.81250, 0.18750
-2.05481, -4.45876, 0.43315, 4.92853, -2.00263, 1.48280, 29.00000, 498121.00000, 32032.00000, 216127.55172, 23905727405.35078, 154614.77098, 0.90081, 0.33112, 0.75116, -0.08228, 0.58621, 0.41379
-1.44936, -4.62611, 0.87126, 4.92550, -1.87441, 1.39297, 23.00000, 462539.00000, 30636.00000, 147081.60870, 10562460925.54253, 102773.83386, 0.94766, 0.28534, 0.87099, -0.15634, 0.95652, 0.04348
0.78579, -4.35121, 2.14766, 4.91558, -1.39213, 1.11864, 11.00000, 491021.00000, 57063.00000, 260677.54545, 19836963508.79339, 140843.75566, 1.08598, -0.52573, 2.99442, -1.46868, 0.90909, 0.09091
-0.78579, -4.35121, 2.14766, 4.91558, -1.74946, 1.11864, 17.00000, 438836.00000, 50998.00000, 223466.35294, 16654797436.58132, 129053.46736, 1.08598, 0.25627, 1.45965, -0.71592, 0.88235, 0.11765
0.00000, -4.83686, 0.87622, 4.91558, -1.57080, 1.39159, 30.00000, 380782.00000, 41289.00000, 146907.06667, 9828005646.99556, 99136.29833, 1.08598, -0.00000, 1.22879, -0.22879, 0.93333, 0.06667
0.00000, -4.58794, 1.75244, 4.91123, -1.57080, 1.20593, 17.00000, 397131.00000, 41804.00000, 217589.88235, 13167692875.86851, 114750.56809, 1.14286, -0.00000, 1.61803, -0.61803, 0.88235, 0.11765
2.05481, -4.45876, -0.43315, 4.92853, -1.13896, 1.65880, 44.00000, 454433.00000, 24022.00000, 127410.70455, 10438178251.79907, 102167.40308, 0.90081, -0.65917, 1.49537, 0.16379, 0.86364, 0.13636
0.72621, -4.85499, -0.43811, 4.92852, -1.42232, 1.65981, 75.00000, 490800.00000, 19973.00000, 130424.96000, 12446361992.41173, 111563.26453, 0.91102, -0.14496, 1.04077, 0.10419, 0.89333, 0.10667
1.50894, -4.37124, -1.70460, 4.92852, -1.23841, 1.92396, 139.00000, 463104.00000, 7155.00000, 97038.75540, 10093433971.65240, 100466.08369, 0.91102, -0.30980, 0.93889, 0.37091, 0.91367, 0.08633
1.44936, -4.62611, -0.87126, 4.92550, -1.26718, 1.74862, 68.00000, 469672.00000, 18275.00000, 98075.30882, 7863180019.91933, 88674.57369, 0.94766, -0.38457, 1.17386, 0.21070, 0.94118, 0.05882
-0.72621, -4.85499, -0.43811, 4.92852, -1.71928, 1.65981, 78.00000, 498701.00000, 12201.00000, 150537.85897, 13747839382.40319, 117251.18073, 0.91102, 0.11238, 0.80685, 0.08077, 0.83333, 0.16667
-2.05481, -4.45876, -0.43315, 4.92853, -2.00263, 1.65880, 42.00000, 495295.00000, 34747.00000, 168889.40476, 14226778215.24093, 119276.05885, 0.90081, 0.28433, 0.64502, 0.07065, 0.78571, 0.21429
-1.50894, -4.37124, -1.70460, 4.92852, -1.90319, 1.92396, 110.00000, 496783.00000, 11722.00000, 146371.24545, 16325143568.20338, 127769.88522, 0.91102, 0.19128, 0.57970, 0.22901, 0.69091, 0.30909
-1.44936, -4.62611, -0.87126, 4.92550, -1.87441, 1.74862, 55.00000, 485520.00000, 19143.00000, 168130.92727, 18981070961.37653, 137771.80757, 0.94766, 0.21738, 0.66353, 0.11910, 0.83636, 0.16364
0.78273, -3.92241, -2.87963, 4.92852, -1.37383, 2.19479, 157.00000, 453715.00000, 7893.00000, 98130.22293, 11425158194.49170, 106888.53163, 0.91102, -0.12779, 0.65841, 0.46938, 0.84076, 0.15924
-0.78273, -3.92241, -2.87963, 4.92852, -1.76776, 2.19479, 156.00000, 477199.00000, 11797.00000, 103657.19872, 10907003352.74897, 104436.59968, 0.91102, 0.10178, 0.52439, 0.37383, 0.76923, 0.23077
0.00000, -3.18882, -3.75791, 4.92853, -1.57080, 2.43793, 123.00000, 438797.00000, 15088.00000, 106920.13008, 7866105176.86113, 88691.06594, 0.90081, 0.00000, 0.46930, 0.53070, 0.68293, 0.31707
0.00000, -3.73035, -3.21637, 4.92550, -1.57080, 2.28234, 142.00000, 479608.00000, 9513.00000, 105114.02817, 11148863642.63301, 105588.17946, 0.94766, -0.00000, 0.52918, 0.47082, 0.78873, 0.21127
0.00000, -4.83686, -0.87622, 4.91558, -1.57080, 1.75001, 93.00000, 483978.00000, 16141.00000, 118830.68817, 13939065540.32212, 118063.81978, 1.08598, -0.00000, 0.84303, 0.15697, 0.84946, 0.15054
-0.78579, -4.35121, -2.14766, 4.91558, -1.74946, 2.02296, 124.00000, 343919.00000, 10951.00000, 102052.96774, 7190019334.12799, 84793.98171, 1.08598, 0.10538, 0.60022, 0.29439, 0.81452, 0.18548
0.78579, -4.35121, -2.14766, 4.91558, -1.39213, 2.02296, 131.00000, 493011.00000, 8171.00000, 98692.06870, 10398613133.05635, 101973.59037, 1.08598, -0.13352, 0.76051, 0.37301, 0.80153, 0.19847
0.00000, -4.58794, -1.75244, 4.91123, -1.57080, 1.93566, 137.00000, 483825.00000, 8007.00000, 104346.64964, 10731092971.29331, 103590.98885, 1.14286, -0.00000, 0.72361, 0.27639, 0.86861, 0.13139
2.75567, -4.02561, -0.70086, 4.92853, -0.97053, 1.71348, 45.00000, 447894.00000, 14581.00000, 148209.35556, 11421115014.98469, 106869.61689, 0.90081, -1.37444, 1.98030, 0.39414, 0.88889, 0.11111
2.21782, -3.93313, -1.97536, 4.92852, -1.05736, 1.98319, 101.00000, 437126.00000, 13521.00000, 121885.07921, 12526738797.83531, 111922.91453, 0.91102, -0.60432, 1.05443, 0.54989, 0.84158, 0.15842
3.48430, -3.15040, -1.49161, 4.92852, -0.73511, 1.87827, 37.00000, 461799.00000, 27846.00000, 156017.13514, 13676718754.54931, 116947.50427, 0.91102, -2.88604, 2.59457, 1.29147, 0.78378, 0.21622
2.85909, -3.75484, -1.40973, 4.92550, -0.92001, 1.86107, 42.00000, 497396.00000, 37322.00000, 146408.16667, 15275563337.80556, 123594.34994, 0.94766, -1.25387, 1.66465, 0.58922, 0.85714, 0.14286
1.49161, -3.48430, -3.15040, 4.92852, -1.16631, 2.26428, 113.00000, 454665.00000, 6189.00000, 93032.31858, 9372165649.88081, 96809.94603, 0.91102, -0.30829, 0.68893, 0.61936, 0.81416, 0.18584
0.70086, -2.75567, -4.02561, 4.92853, -1.32174, 2.52663, 93.00000, 469958.00000, 15072.00000, 136877.90323, 12161284825.93687, 110278.21555, 0.90081, -0.13313, 0.46424, 0.66888, 0.64516, 0.35484
1.97536, -2.21782, -3.93313, 4.92852, -0.84316, 2.49482, 77.00000, 432979.00000, 20942.00000, 163801.16883, 16126783834.40007, 126991.27464, 0.91102, -0.49591, 0.54500, 0.95092, 0.64935, 0.35065
1.40973, -2.85909, -3.75484, 4.92550, -1.11271, 2.43770, 74.00000, 467117.00000, 13719.00000, 111098.16216, 13192981023.62235, 114860.70270, 0.94766, -0.25296, 0.53830, 0.71466, 0.72973, 0.27027
3.93313, -1.97536, -2.21782, 4.92852, -0.46544, 2.03756, 21.00000, 495002.00000, 27675.00000, 166013.23810, 13283710975.80045, 115254.98243, 0.91102, -10.56672, 5.51065, 6.05607, 0.90476, 0.09524
3.15040, -1.49161, -3.48430, 4.92852, -0.44220, 2.35600, 29.00000, 433119.00000, 38636.00000, 165325.51724, 13374972453.49108, 115650.21597, 0.91102, -1.63909, 0.81587, 1.82322, 0.75862, 0.24138
4.02561, -0.70086, -2.75567, 4.92853, -0.17237, 2.16413, 19.00000, 480158.00000, 72398.00000, 234485.47368, 14427502681.30194, 120114.53984, 0.90081, 9.35336, -1.86160, -6.49176, 0.73684, 0.26316
3.75484, -1.40973, -2.85909, 4.92550, -0.35916, 2.19010, 22.00000, 488972.00000, 36065.00000, 208450.59091, 12518490485.33264, 111886.06028, 0.94766, -9.32863, 3.30198, 7.02665, 0.63636, 0.36364
2.20355, -3.47499, -2.68919, 4.91558, -1.00567, 2.14966, 73.00000, 467866.00000, 13319.00000, 117718.68493, 11979901694.81854, 109452.73727, 1.08598, -0.56481, 0.87972, 0.68510, 0.82192, 0.17808
2.68919, -2.20355, -3.47499, 4.91558, -0.68646, 2.35595, 46.00000, 406183.00000, 12709.00000, 160031.19565, 14030991465.33129, 118452.48611, 1.08598, -0.90211, 0.74373, 1.15838, 0.80435, 0.19565
3.47499, -2.68919, -2.20355, 4.91558, -0.65860, 2.03563, 38.00000, 384745.00000, 18247.00000, 169965.84211, 12812422409.23822, 113191.97149, 1.08598, -2.37638, 1.85065, 1.52573, 0.86842, 0.13158
2.83550, -2.83550, -2.83550, 4.91123, -0.78540, 2.18628, 69.00000, 474712.00000, 14035.00000, 157295.04348, 12473157195.78072, 111683.28969, 1.14286, -1.00000, 1.00000, 1.00000, 0.76812, 0.23188
3.18882, -3.75791, 0.00000, 4.92853, -0.86714, 1.57080, 25.00000, 422631.00000, 18954.00000, 185919.88000, 11091182636.74560, 105314.68386, 0.90081, -7.64229, 8.64229, -0.00000, 0.84000, 0.16000
3.92241, -2.87963, -0.78273, 4.92852, -0.63328, 1.73029, 16.00000, 492891.00000, 30942.00000, 218238.62500, 20367602345.85938, 142715.10903, 0.91102, 10.75154, -7.66476, -2.08678, 0.87500, 0.12500
3.92241, -2.87963, 0.78273, 4.92852, -0.63328, 1.41130, 7.00000, 342615.00000, 57456.00000, 239589.71429, 7381631339.91837, 85916.42067, 0.91102, 2.07817, -1.48153, 0.40335, 1.00000, 0.00000
3.73035, -3.21637, 0.00000, 4.92550, -0.71154, 1.57080, 16.00000, 417075.00000, 70427.00000, 229724.75000, 11166578677.81250, 105672.03357, 0.94766, 9.06739, -8.06739, 0.00000, 0.87500, 0.12500
4.37124, -1.70460, -1.50894, 4.92852, -0.37182, 1.88196, 15.00000, 473383.00000, 54651.00000, 211478.46667, 15151539126.38222, 123091.58837, 0.91102, 3.63662, -1.43665, -1.19997, 0.93333, 0.06667
4.45876, -0.43315, -2.05481, 4.92853, -0.09684, 2.00085, 7.00000, 499152.00000, 65900.00000, 227399.42857, 17882563093.38776, 133725.70095, 0.90081, 2.22389, -0.24359, -0.98030, 1.00000, 0.00000
4.85499, -0.43811, -0.72621, 4.92852, -0.09000, 1.71868, 6.00000, 333829.00000, 40357.00000, 201460.50000, 9424517630.58333, 97079.95483, 0.91102, 1.31474, -0.13162, -0.18312, 0.83333, 0.16667
4.62611, -0.87126, -1.44936, 4.92550, -0.18616, 1.86947, 10.00000, 468174.00000, 90973.00000, 231613.20000, 11597440177.16000, 107691.41181, 0.94766, 2.02881, -0.36416, -0.66465, 0.60000, 0.40000
4.37124, -1.70460, 1.50894, 4.92852, -0.37182, 1.25963, 7.00000, 346663.00000, 94919.00000, 188701.14286, 8683390596.97959, 93184.71225, 0.91102, 1.06961, -0.42255, 0.35294, 0.85714, 0.14286
4.85499, -0.43811, 0.72621, 4.92852, -0.09000, 1.42291, 5.00000, 443783.00000, 372760.00000, 412081.00000, 943222383.60000, 30711.92576, 0.91102, 0.96230, -0.09634, 0.13403, 0.40000, 0.60000
4.45876, -0.43315, 2.05481, 4.92853, -0.09684, 1.14074, 3.00000, 464428.00000, 155442.00000, 356435.00000, 20236558032.66667, 142255.25661, 0.90081, 0.75116, -0.08228, 0.33112, 1.00000, 0.00000
4.62611, -0.87126, 1.44936, 4.92550, -0.18616, 1.27212, 1.00000, 181914.00000, 181914.00000, 181914.00000, 0.00000, 0.00000, 0.94766, 0.87099, -0.15634, 0.28534, 1.00000, 0.00000
4.35121, -2.14766, -0.78579, 4.91558, -0.45850, 1.73134, 17.00000, 469954.00000, 64505.00000, 187502.70588, 15177956059.03114, 123198.84764, 1.08598, 2.99442, -1.46868, -0.52573, 1.00000, 0.00000
4.83686, -0.87622, 0.00000, 4.91558, -0.17921, 1.57080, 5.00000, 450837.00000, 91277.00000, 212492.20000, 16323025478.96000, 127761.59626, 1.08598, 1.22879, -0.22879, 0.00000, 0.80000, 0.20000
4.35121, -2.14766, 0.78579, 4.91558, -0.45850, 1.41025, 13.00000, 458437.00000, 62215.00000, 237265.84615, 16299035205.51479, 127667.67487, 1.08598, 1.45965, -0.71592, 0.25627, 0.84615, 0.15385
4.58794, -1.75244, 0.00000, 4.91123, -0.36486, 1.57080, 5.00000, 325049.00000, 135862.00000, 242063.60000, 6190647233.44000, 78680.66620, 1.14286, 1.61803, -0.61803, 0.00000, 1.00000, 0.00000
0.43315, -2.05481, 4.45876, 4.92853, -1.36304, 0.44016, 4.00000, 303982.00000, 86268.00000, 170169.50000, 7046253669.25000, 83941.96608, 0.90081, 0.16379, -0.65917, 1.49537, 1.00000, 0.00000
1.70460, -1.50894, 4.37124, 4.92852, -0.72459, 0.48015, 3.00000, 430164.00000, 324604.00000, 377828.00000, 1857546538.66667, 43099.26378, 0.91102, 0.37091, -0.30980, 0.93889, 0.66667, 0.33333
0.43811, -0.72621, 4.85499, 4.92852, -1.02797, 0.17295, 0.00000, 0.00000, 0.00000, 0.00000, 0.00000, 0.00000, 0.91102, 0.10419, -0.14496, 1.04077, 0.00000, 0.00000
0.87126, -1.44936, 4.62611, 4.92550, -1.02954, 0.35046, 4.00000, 235422.00000, 139417.00000, 166308.50000, 1612006770.25000, 40149.80411, 0.94766, 0.21070, -0.38457, 1.17386, 1.00000, 0.00000
2.87963, -0.78273, 3.92241, 4.92852, -0.26540, 0.65037, 0.00000, 0.00000, 0.00000, 0.00000, 0.00000, 0.00000, 0.91102, 0.46938, -0.12779, 0.65841, 0.00000, 0.00000
3.75791, 0.00000, 3.18882, 4.92853, 0.00000, 0.86714, 2.00000, 330038.00000, 214745.00000, 272391.50000, 3323118962.25000, 57646.50000, 0.90081, 0.53070, -0.00000, 0.46930, 1.00000, 0.00000
2.87963, 0.78273, 3.92241, 4.92852, 0.26540, 0.65037, 1.00000, 441877.00000, 441877.00000, 441877.00000, 0.00000, 0.00000, 0.91102, 0.37383, 0.10178, 0.52439, 1.00000, 0.00000
3.21637, 0.00000, 3.73035, 4.92550, 0.00000, 0.71154, 1.00000, 357135.00000, 357135.00000, 357135.00000, 0.00000, 0.00000, 0.94766, 0.47082, -0.00000, 0.52918, 1.00000, 0.00000
0.43811, 0.72621, 4.85499, 4.92852, 1.02797, 0.17295, 0.00000, 0.00000, 0.00000, 0.00000, 0.00000, 0.00000, 0.91102, 0.08077, 0.11238, 0.80685, 0.00000, 0.00000
1.70460, 1.50894, 4.37124, 4.92852, 0.72459, 0.48015, 2.00000, 496918.00000, 475236.00000, 486077.00000, 117527281.00000, 10841.00000, 0.91102, 0.22901, 0.19128, 0.57970, 1.00000, 0.00000
0.43315, 2.05481, 4.45876, 4.92853, 1.36304, 0.44016, 1.00000, 406206.00000, 406206.00000, 406206.00000, 0.00000, 0.00000, 0.90081, 0.07065, 0.28433, 0.64502, 1.00000, 0.00000
0.87126, 1.44936, 4.62611, 4.92550, 1.02954, 0.35046, 0.00000, 0.00000, 0.00000, 0.00000, 0.00000, 0.00000, 0.94766, 0.11910, 0.21738, 0.66353, 0.00000, 0.00000
2.14766, -0.78579, 4.35121, 4.91558, -0.35075, 0.48390, 1.00000, 345710.00000, 345710.00000, 345710.00000, 0.00000, 0.00000, 1.08598, 0.37301, -0.13352, 0.76051, 1.00000, 0.00000
2.14766, 0.78579, 4.35121, 4.91558, 0.35075, 0.48390, 0.00000, 0.00000, 0.00000, 0.00000, 0.00000, 0.00000, 1.08598, 0.29439, 0.10538, 0.60022, 0.00000, 0.00000
0.87622, 0.00000, 4.83686, 4.91558, 0.00000, 0.17921, 0.00000, 0.00000, 0.00000, 0.00000, 0.00000, 0.00000, 1.08598, 0.15697, -0.00000, 0.84303, 0.00000, 0.00000
1.75244, 0.00000, 4.58794, 4.91123, 0.00000, 0.36486, 1.00000, 243364.00000, 243364.00000, 243364.00000, 0.00000, 0.00000, 1.14286, 0.27639, 0.00000, 0.72361, 1.00000, 0.00000
-2.75567, -4.02561, 0.70086, 4.92853, -2.17107, 1.42811, 21.00000, 445869.00000, 40250.00000, 208996.61905, 9536032395.66440, 97652.61080, 0.90081, 0.46424, 0.66888, -0.13313, 0.47619, 0.52381
-2.21782, -3.93313, 1.97536, 4.92852, -2.08423, 1.15840, 19.00000, 494814.00000, 50250.00000, 239995.31579, 17834225794.21606, 133544.84563, 0.91102, 0.54500, 0.95092, -0.49591, 0.57895, 0.42105
-3.48430, -3.15040, 1.49161, 4.92852, -2.40648, 1.26333, 10.00000, 497752.00000, 98155.00000, 304080.00000, 24341391375.20000, 156017.27909, 0.91102, 0.68893, 0.61936, -0.30829, 0.30000, 0.70000
-2.85909, -3.75484, 1.40973, 4.92550, -2.22158, 1.28053, 15.00000, 433306.00000, 78123.00000, 252380.33333, 14774623186.48889, 121550.90780, 0.94766, 0.53830, 0.71466, -0.25296, 0.66667, 0.33333
-1.49161, -3.48430, 3.15040, 4.92852, -1.97528, 0.87732, 3.00000, 199522.00000, 75883.00000, 153361.66667, 3038186054.88889, 55119.74288, 0.91102, 0.81587, 1.82322, -1.63909, 0.66667, 0.33333
-0.70086, -2.75567, 4.02561, 4.92853, -1.81985, 0.61496, 2.00000, 372999.00000, 301478.00000, 337238.50000, 1278813360.25000, 35760.50000, 0.90081, -1.86160, -6.49176, 9.35336, 1.00000, 0.00000
-1.97536, -2.21782, 3.93313, 4.92852, -2.29844, 0.64677, 1.00000, 240920.00000, 240920.00000, 240920.00000, 0.00000, 0.00000, 0.91102, 5.51065, 6.05607, -10.56672, 1.00000, 0.00000
-1.40973, -2.85909, 3.75484, 4.92550, -2.02888, 0.70390, 1.00000, 198673.00000, 198673.00000, 198673.00000, 0.00000, 0.00000, 0.94766, 3.30198, 7.02665, -9.32863, 1.00000, 0.00000
-3.93313, -1.97536, 2.21782, 4.92852, -2.67616, 1.10403, 11.00000, 481201.00000, 76293.00000, 254763.54545, 21969000028.61157, 148219.43202, 0.91102, 1.05443, 0.54989, -0.60432, 0.72727, 0.27273
-3.15040, -1.49161, 3.48430, 4.92852, -2.69940, 0.78559, 4.00000, 340691.00000, 73362.00000, 213220.00000, 10134742217.50000, 100671.45682, 0.91102, 2.59457, 1.29147, -2.88604, 1.00000, 0.00000
-4.02561, -0.70086, 2.75567, 4.92853, -2.96922, 0.97747, 0.00000, 0.00000, 0.00000, 0.00000, 0.00000, 0.00000, 0.90081, 1.98030, 0.39414, -1.37444, 0.00000, 0.00000
-3.75484, -1.40973, 2.85909, 4.92550, -2.78243, 0.95149, 4.00000, 482675.00000, 130105.00000, 318356.50000, 18386713859.25000, 135597.61745, 0.94766, 1.66465, 0.58922, -1.25387, 0.50000, 0.50000
-2.20355, -3.47499, 2.68919, 4.91558, -2.13592, 0.99193, 3.00000, 474347.00000, 135593.00000, 297291.33333, 19243635929.55556, 138721.43284, 1.08598, 0.74373, 1.15838, -0.90211, 1.00000, 0.00000
-2.68919, -2.20355, 3.47499, 4.91558, -2.45513, 0.78564, 1.00000, 96785.00000, 96785.00000, 96785.00000, 0.00000, 0.00000, 1.08598, 1.85065, 1.52573, -2.37638, 1.00000, 0.00000
-3.47499, -2.68919, 2.20355, 4.91558, -2.48299, 1.10596, 5.00000, 481264.00000, 60031.00000, 252713.00000, 19733430268.80000, 140475.72840, 1.08598, 0.87972, 0.68510, -0.56481, 0.80000, 0.20000
-2.83550, -2.83550, 2.83550, 4.91123, -2.35619, 0.95532, 5.00000, 342464.00000, 65316.00000, 231935.20000, 8781451589.36000, 93709.39969, 1.14286, 1.00000, 1.00000, -1.00000, 0.80000, 0.20000
-0.70086, -2.75567, -4.02561, 4.92853, -1.81985, 2.52663, 99.00000, 476000.00000, 13356.00000, 117204.73737, 9368200918.01183, 96789.46698, 0.90081, 0.10514, 0.36663, 0.52824, 0.52525, 0.47475
-1.49161, -3.48430, -3.15040, 4.92852, -1.97528, 2.26428, 133.00000, 475990.00000, 18323.00000, 140742.32331, 12310948546.29397, 110954.71394, 0.91102, 0.19070, 0.42617, 0.38313, 0.63910, 0.36090
-1.97536, -2.21782, -3.93313, 4.92852, -2.29844, 2.49482, 104.00000, 498831.00000, 21154.00000, 155841.69231, 12949768496.55917, 113797.04960, 0.91102, 0.24897, 0.27362, 0.47741, 0.26923, 0.73077
-1.40973, -2.85909, -3.75484, 4.92550, -2.02888, 2.43770, 81.00000, 497654.00000, 15871.00000, 157448.19753, 17858284066.97333, 133634.89090, 0.94766, 0.16798, 0.35746, 0.47456, 0.49383, 0.50617
-2.21782, -3.93313, -1.97536, 4.92852, -2.08423, 1.98319, 92.00000, 424471.00000, 23060.00000, 130796.72826, 9540233899.06746, 97674.12093, 0.91102, 0.27362, 0.47741, 0.24897, 0.60870, 0.39130
-2.75567, -4.02561, -0.70086, 4.92853, -2.17107, 1.71348, 36.00000, 472947.00000, 32420.00000, 159695.77778, 13663204527.83951, 116889.71096, 0.90081, 0.36663, 0.52824, 0.10514, 0.44444, 0.55556
-3.48430, -3.15040, -1.49161, 4.92852, -2.40648, 1.87827, 42.00000, 479939.00000, 31658.00000, 158667.73810, 14258257073.33617, 119407.94393, 0.91102, 0.42617, 0.38313, 0.19070, 0.57143, 0.42857
-2.85909, -3.75484, -1.40973, 4.92550, -2.22158, 1.86107, 41.00000, 493594.00000, 28780.00000, 199363.09756, 19713081597.74658, 140403.28200, 0.94766, 0.35746, 0.47456, 0.16798, 0.58537, 0.41463
-3.15040, -1.49161, -3.48430, 4.92852, -2.69940, 2.35600, 63.00000, 452911.00000, 34447.00000, 175398.63492, 14651634116.93021, 121043.93466, 0.91102, 0.38313, 0.19070, 0.42617, 0.20635, 0.79365
-3.93313, -1.97536, -2.21782, 4.92852, -2.67616, 2.03756, 39.00000, 460114.00000, 42691.00000, 201523.05128, 13448028776.09993, 115965.63619, 0.91102, 0.47741, 0.24897, 0.27362, 0.41026, 0.58974
-4.02561, -0.70086, -2.75567, 4.92853, -2.96922, 2.16413, 31.00000, 484973.00000, 41520.00000, 213810.38710, 16098996316.49532, 126881.82028, 0.90081, 0.52824, 0.10514, 0.36663, 0.19355, 0.80645
-3.75484, -1.40973, -2.85909, 4.92550, -2.78243, 2.19010, 39.00000, 386698.00000, 33056.00000, 180041.38462, 11731687162.64694, 108312.91319, 0.94766, 0.47456, 0.16798, 0.35746, 0.15385, 0.84615
-2.20355, -3.47499, -2.68919, 4.91558, -2.13592, 2.14966, 71.00000, 499940.00000, 17038.00000, 131955.88732, 13801712297.93097, 117480.68904, 1.08598, 0.26522, 0.41309, 0.32170, 0.56338, 0.43662
-3.47499, -2.68919, -2.20355, 4.91558, -2.48299, 2.03563, 32.00000, 455155.00000, 22670.00000, 197124.71875, 13567348699.63965, 116478.96248, 1.08598, 0.41309, 0.32170, 0.26522, 0.53125, 0.46875
-2.68919, -2.20355, -3.47499, 4.91558, -2.45513, 2.35595, 64.00000, 489124.00000, 31375.00000, 164686.48438, 13768191855.21851, 117337.93869, 1.08598, 0.32170, 0.26522, 0.41309, 0.32812, 0.67188
-2.83550, -2.83550, -2.83550, 4.91123, -2.35619, 2.18628, 71.00000, 471409.00000, 26296.00000, 122567.71831, 7466190320.31502, 86407.11962, 1.14286, 0.33333, 0.33333, 0.33333, 0.40845, 0.59155
3.75791, 0.00000, -3.18882, 4.92853, 0.00000, 2.27446, 14.00000, 423546.00000, 94760.00000, 239569.35714, 9705701112.51531, 98517.51678, 0.90081, 8.64229, 0.00000, -7.64229, 0.50000, 0.50000
2.87963, -0.78273, -3.92241, 4.92852, -0.26540, 2.49122, 25.00000, 424894.00000, 58367.00000, 214836.20000, 13745733728.80000, 117242.20114, 0.91102, -1.48153, 0.40335, 2.07817, 0.44000, 0.56000
2.87963, 0.78273, -3.92241, 4.92852, 0.26540, 2.49122, 11.00000, 358969.00000, 121340.00000, 245930.00000, 5136322856.90909, 71668.14395, 0.91102, -7.66476, -2.08678, 10.75154, 0.54545, 0.45455
3.21637, 0.00000, -3.73035, 4.92550, 0.00000, 2.43005, 10.00000, 390654.00000, 108784.00000, 230702.50000, 8571824509.05000, 92584.14826, 0.94766, -8.06739, -0.00000, 9.06739, 0.40000, 0.60000
1.70460, -1.50894, -4.37124, 4.92852, -0.72459, 2.66145, 46.00000, 403401.00000, 27005.00000, 145677.80435, 11037653739.72259, 105060.23862, 0.91102, -0.42255, 0.35294, 1.06961, 0.60870, 0.39130
0.43315, -2.05481, -4.45876, 4.92853, -1.36304, 2.70143, 71.00000, 392757.00000, 29124.00000, 137127.21127, 8352394687.94128, 91391.43662, 0.90081, -0.08228, 0.33112, 0.75116, 0.49296, 0.50704
0.43811, -0.72621, -4.85499, 4.92852, -1.02797, 2.96865, 61.00000, 486032.00000, 47588.00000, 216345.68852, 14097614119.95216, 118733.37408, 0.91102, -0.09634, 0.13403, 0.96230, 0.40984, 0.59016
0.87126, -1.44936, -4.62611, 4.92550, -1.02954, 2.79113, 51.00000, 377844.00000, 29451.00000, 178501.35294, 10963634666.89504, 104707.37637, 0.94766, -0.15634, 0.28534, 0.87099, 0.62745, 0.37255
1.70460, 1.50894, -4.37124, 4.92852, 0.72459, 2.66145, 15.00000, 471589.00000, 75754.00000, 230483.06667, 15714586016.06222, 125357.83189, 0.91102, -1.43665, -1.19997, 3.63662, 0.60000, 0.40000
0.43811, 0.72621, -4.85499, 4.92852, 1.02797, 2.96865, 30.00000, 485008.00000, 48270.00000, 189571.23333, 12312678871.51222, 110962.51111, 0.91102, -0.13162, -0.18312, 1.31474, 0.30000, 0.70000
0.43315, 2.05481, -4.45876, 4.92853, 1.36304, 2.70143, 10.00000, 405565.00000, 64078.00000, 232226.60000, 10973481797.04000, 104754.38796, 0.90081, -0.24359, -0.98030, 2.22389, 0.30000, 0.70000
0.87126, 1.44936, -4.62611, 4.92550, 1.02954, 2.79113, 15.00000, 424834.00000, 93362.00000, 228111.66667, 10793332352.88889, 103890.96377, 0.94766, -0.36416, -0.66465, 2.02881, 0.40000, 0.60000
2.14766, -0.78579, -4.35121, 4.91558, -0.35075, 2.65769, 25.00000, 327013.00000, 44127.00000, 158642.28000, 5777136615.88160, 76007.47737, 1.08598, -0.71592, 0.25627, 1.45965, 0.60000, 0.40000
0.87622, 0.00000, -4.83686, 4.91558, 0.00000, 2.96238, 22.00000, 389458.00000, 32986.00000, 174781.90909, 11567756798.80992, 107553.50668, 1.08598, -0.22879, -0.00000, 1.22879, 0.36364, 0.63636
2.14766, 0.78579, -4.35121, 4.91558, 0.35075, 2.65769, 16.00000, 373875.00000, 47259.00000, 219074.50000, 11376328354.25000, 106659.87228, 1.08598, -1.46868, -0.52573, 2.99442, 0.50000, 0.50000
1.75244, 0.00000, -4.58794, 4.91123, 0.00000, 2.77673, 24.00000, 494502.00000, 44736.00000, 200872.91667, 12335803615.82639, 111066.66294, 1.14286, -0.61803, -0.00000, 1.61803, 0.50000, 0.50000
4.45876, 0.43315, 2.05481, 4.92853, 0.09684, 1.14074, 1.00000, 104563.00000, 104563.00000, 104563.00000, 0.00000, 0.00000, 0.90081, 0.64502, 0.07065, 0.28433, 1.00000, 0.00000
4.85499, 0.43811, 0.72621, 4.92852, 0.09000, 1.42291, 0.00000, 0.00000, 0.00000, 0.00000, 0.00000, 0.00000, 0.91102, 0.80685, 0.08077, 0.11238, 0.00000, 0.00000
4.37124, 1.70460, 1.50894, 4.92852, 0.37182, 1.25963, 1.00000, 146603.00000, 146603.00000, 146603.00000, 0.00000, 0.00000, 0.91102, 0.57970, 0.22901, 0.19128, 1.00000, 0.00000
4.62611, 0.87126, 1.44936, 4.92550, 0.18616, 1.27212, 1.00000, 367120.00000, 367120.00000, 367120.00000, 0.00000, 0.00000, 0.94766, 0.66353, 0.11910, 0.21738, 1.00000, 0.00000
4.85499, 0.43811, -0.72621, 4.92852, 0.09000, 1.71868, 8.00000, 474806.00000, 97273.00000, 315032.25000, 14805086700.93750, 121676.15502, 0.91102, 1.04077, 0.10419, -0.14496, 0.62500, 0.37500
4.45876, 0.43315, -2.05481, 4.92853, 0.09684, 2.00085, 6.00000, 482538.00000, 88916.00000, 325535.00000, 24614023235.33333, 156888.56949, 0.90081, 1.49537, 0.16379, -0.65917, 0.66667, 0.33333
4.37124, 1.70460, -1.50894, 4.92852, 0.37182, 1.88196, 1.00000, 496052.00000, 496052.00000, 496052.00000, 0.00000, 0.00000, 0.91102, 0.93889, 0.37091, -0.30980, 0.00000, 1.00000
4.62611, 0.87126, -1.44936, 4.92550, 0.18616, 1.86947, 5.00000, 471880.00000, 242846.00000, 333730.40000, 6750148813.84000, 82159.28927, 0.94766, 1.17386, 0.21070, -0.38457, 0.80000, 0.20000
3.92241, 2.87963, 0.78273, 4.92852, 0.63328, 1.41130, 1.00000, 387139.00000, 387139.00000, 387139.00000, 0.00000, 0.00000, 0.91102, 0.52439, 0.37383, 0.10178, 1.00000, 0.00000
3.92241, 2.87963, -0.78273, 4.92852, 0.63328, 1.73029, 2.00000, 264257.00000, 202649.00000, 233453.00000, 948886416.00000, 30804.00000, 0.91102, 0.65841, 0.46938, -0.12779, 0.50000, 0.50000
3.18882, 3.75791, 0.00000, 4.92853, 0.86714, 1.57080, 0.00000, 0.00000, 0.00000, 0.00000, 0.00000, 0.00000, 0.90081, 0.46930, 0.53070, 0.00000, 0.00000, 0.00000
3.73035, 3.21637, 0.00000, 4.92550, 0.71154, 1.57080, 2.00000, 354472.00000, 222089.00000, 288280.50000, 4381314672.25000, 66191.50000, 0.94766, 0.52918, 0.47082, 0.00000, 0.00000, 1.00000
4.83686, 0.87622, 0.00000, 4.91558, 0.17921, 1.57080, 1.00000, 439119.00000, 439119.00000, 439119.00000, 0.00000, 0.00000, 1.08598, 0.84303, 0.15697, 0.00000, 0.00000, 1.00000
4.35121, 2.14766, -0.78579, 4.91558, 0.45850, 1.73134, 5.00000, 477796.00000, 191246.00000, 380825.80000, 9860584538.56000, 99300.47602, 1.08598, 0.76051, 0.37301, -0.13352, 0.20000, 0.80000
4.35121, 2.14766, 0.78579, 4.91558, 0.45850, 1.41025, 1.00000, 347006.00000, 347006.00000, 347006.00000, 0.00000, 0.00000, 1.08598, 0.60022, 0.29439, 0.10538, 1.00000, 0.00000
4.58794, 1.75244, 0.00000, 4.91123, 0.36486, 1.57080, 2.00000, 203985.00000, 178844.00000, 191414.50000, 158017470.25000, 12570.50000, 1.14286, 0.72361, 0.27639, -0.00000, 1.00000, 0.00000
