-2.75567, 4.02561, 0.70086, 4.92853, 2.17107, 1.42811, 32.00000, 283682.00000, 17379.00000, 100717.15625, 5316324425.63184, 72913.12931, 0.90081, -1.37444, 1.98030, 0.39414, 1.00000, 0.00000
-3.48430, 3.15040, 1.49161, 4.92852, 2.40648, 1.26333, 58.00000, 452300.00000, 11382.00000, 96174.77586, 10288289566.00149, 101431.20608, 0.91102, -2.88604, 2.59457, 1.29147, 1.00000, 0.00000
-2.21782, 3.93313, 1.97536, 4.92852, 2.08423, 1.15840, 18.00000, 332582.00000, 33033.00000, 135702.33333, 6996394070.33333, 83644.45033, 0.91102, -0.60432, 1.05443, 0.54989, 1.00000, 0.00000
-2.85909, 3.75484, 1.40973, 4.92550, 2.22158, 1.28053, 31.00000, 466345.00000, 30833.00000, 146466.16129, 15469962195.49011, 124378.30275, 0.94766, -1.25387, 1.66465, 0.58922, 1.00000, 0.00000
-3.93313, 1.97536, 2.21782, 4.92852, 2.67616, 1.10403, 60.00000, 490606.00000, 8920.00000, 131324.00000, 12897406810.23333, 113566.75046, 0.91102, -10.56672, 5.51065, 6.05607, 1.00000, 0.00000
-4.02561, 0.70086, 2.75567, 4.92853, 2.96922, 0.97747, 24.00000, 386595.00000, 12336.00000, 126246.58333, 12539420383.49306, 111979.55342, 0.90081, 9.35336, -1.86160, -6.49176, 1.00000, 0.00000
-3.15040, 1.49161, 3.48430, 4.92852, 2.69940, 0.78559, 24.00000, 418826.00000, 20732.00000, 163550.00000, 11921633377.83333, 109186.23255, 0.91102, -1.63909, 0.81587, 1.82322, 1.00000, 0.00000
-3.75484, 1.40973, 2.85909, 4.92550, 2.78243, 0.95149, 31.00000, 429605.00000, 27624.00000, 151996.35484, 12387564384.35796, 111299.43569, 0.94766, -9.32863, 3.30198, 7.02665, 1.00000, 0.00000
-1.49161, 3.48430, 3.15040, 4.92852, 1.97528, 0.87732, 7.00000, 327570.00000, 61296.00000, 117203.85714, 7534224973.83673, 86799.91344, 0.91102, -0.30829, 0.68893, 0.61936, 1.00000, 0.00000
-1.97536, 2.21782, 3.93313, 4.92852, 2.29844, 0.64677, 12.00000, 419565.00000, 47612.00000, 190798.58333, 12099238256.07639, 109996.53747, 0.91102, -0.49591, 0.54500, 0.95092, 1.00000, 0.00000
-0.70086, 2.75567, 4.02561, 4.92853, 1.81985, 0.61496, 1.00000, 124998.00000, 124998.00000, 124998.00000, 0.00000, 0.00000, 0.90081, -0.13313, 0.46424, 0.66888, 1.00000, 0.00000
-1.40973, 2.85909, 3.75484, 4.92550, 2.02888, 0.70390, 7.00000, 333817.00000, 67838.00000, 182076.42857, 7381813912.24490, 85917.48316, 0.94766, -0.25296, 0.53830, 0.71466, 1.00000, 0.00000
-3.47499, 2.68919, 2.20355, 4.91558, 2.48299, 1.10596, 30.00000, 463300.00000, 15506.00000, 117796.66667, 13979871413.62222, 118236.50626, 1.08598, -2.37638, 1.85065, 1.52573, 1.00000, 0.00000
-2.68919, 2.20355, 3.47499, 4.91558, 2.45513, 0.78564, 14.00000, 456358.00000, 26620.00000, 123012.00000, 11918392808.28572, 109171.39189, 1.08598, -0.90211, 0.74373, 1.15838, 1.00000, 0.00000
-2.20355, 3.47499, 2.68919, 4.91558, 2.13592, 0.99193, 14.00000, 456135.00000, 31619.00000, 173239.92857, 21144314276.78061, 145410.84649, 1.08598, -0.56481, 0.87972, 0.68510, 1.00000, 0.00000
-2.83550, 2.83550, 2.83550, 4.91123, 2.35619, 0.95532, 19.00000, 411969.00000, 32939.00000, 139390.00000, 7813805816.52632, 88395.73415, 1.14286, -1.00000, 1.00000, 1.00000, 1.00000, 0.00000
-2.05481, 4.45876, 0.43315, 4.92853, 2.00263, 1.48280, 23.00000, 404815.00000, 26300.00000, 155276.91304, 11806002787.38374, 108655.43147, 0.90081, -0.65917, 1.49537, 0.16379, 0.95652, 0.04348
-1.50894, 4.37124, 1.70460, 4.92852, 1.90319, 1.21764, 11.00000, 363191.00000, 38600.00000, 181932.45455, 11076935846.61157, 105247.02298, 0.91102, -0.30980, 0.93889, 0.37091, 1.00000, 0.00000
-0.72621, 4.85499, 0.43811, 4.92852, 1.71928, 1.48179, 10.00000, 460117.00000, 77625.00000, 203940.70000, 16666052956.61000, 129097.06796, 0.91102, -0.14496, 1.04077, 0.10419, 1.00000, 0.00000
-1.44936, 4.62611, 0.87126, 4.92550, 1.87441, 1.39297, 13.00000, 449203.00000, 112065.00000, 265283.07692, 12240436241.91716, 110636.50501, 0.94766, -0.38457, 1.17386, 0.21070, 1.00000, 0.00000
-0.78273, 3.92241, 2.87963, 4.92852, 1.76776, 0.94680, 7.00000, 494641.00000, 59019.00000, 253298.57143, 14146153412.24489, 118937.60302, 0.91102, -0.12779, 0.65841, 0.46938, 1.00000, 0.00000
0.00000, 3.18882, 3.75791, 4.92853, 1.57080, 0.70366, 5.00000, 411680.00000, 63131.00000, 251785.40000, 18432269968.24000, 135765.49624, 0.90081, -0.00000, 0.46930, 0.53070, 0.80000, 0.20000
0.78273, 3.92241, 2.87963, 4.92852, 1.37383, 0.94680, 9.00000, 447100.00000, 113579.00000, 263610.33333, 11388810920.00000, 106718.37199, 0.91102, 0.10178, 0.52439, 0.37383, 0.88889, 0.11111
0.00000, 3.73035, 3.21637, 4.92550, 1.57080, 0.85925, 2.00000, 308647.00000, 237917.00000, 273282.00000, 1250683225.00000, 35365.00000, 0.94766, -0.00000, 0.52918, 0.47082, 1.00000, 0.00000
0.72621, 4.85499, 0.43811, 4.92852, 1.42232, 1.48179, 6.00000, 426033.00000, 80855.00000, 310957.50000, 13179847292.25000, 114803.51603, 0.91102, 0.11238, 0.80685, 0.08077, 1.00000, 0.00000
1.50894, 4.37124, 1.70460, 4.92852, 1.23841, 1.21764, 6.00000, 359168.00000, 167729.00000, 238309.00000, 4966210747.33333, 70471.34700, 0.91102, 0.19128, 0.57970, 0.22901, 1.00000, 0.00000
2.05481, 4.45876, 0.43315, 4.92853, 1.13896, 1.48280, 2.00000, 216263.00000, 67598.00000, 141930.50000, 5525320556.25000, 74332.50000, 0.90081, 0.28433, 0.64502, 0.07065, 0.50000, 0.50000
1.44936, 4.62611, 0.87126, 4.92550, 1.26718, 1.39297, 1.00000, 294043.00000, 294043.00000, 294043.00000, 0.00000, 0.00000, 0.94766, 0.21738, 0.66353, 0.11910, 1.00000, 0.00000
-0.78579, 4.35121, 2.14766, 4.91558, 1.74946, 1.11864, 5.00000, 270544.00000, 118074.00000, 169337.40000, 2997345599.44000, 54748.01914, 1.08598, -0.13352, 0.76051, 0.37301, 1.00000, 0.00000
0.78579, 4.35121, 2.14766, 4.91558, 1.39213, 1.11864, 6.00000, 418122.00000, 141183.00000, 308172.00000, 7683214830.00000, 87653.94931, 1.08598, 0.10538, 0.60022, 0.29439, 0.83333, 0.16667
0.00000, 4.83686, 0.87622, 4.91558, 1.57080, 1.39159, 2.00000, 494820.00000, 158346.00000, 326583.00000, 28303688169.00000, 168237.00000, 1.08598, -0.00000, 0.84303, 0.15697, 1.00000, 0.00000
0.00000, 4.58794, 1.75244, 4.91123, 1.57080, 1.20593, 6.00000, 445887.00000, 61512.00000, 246125.83333, 20322816740.47223, 142558.11706, 1.14286, 0.00000, 0.72361, 0.27639, 1.00000, 0.00000
-2.05481, 4.45876, -0.43315, 4.92853, 2.00263, 1.65880, 24.00000, 300350.00000, 34937.00000, 117705.20833, 4214060851.49826, 64915.79817, 0.90081, -0.98030, 2.22389, -0.24359, 1.00000, 0.00000
-0.72621, 4.85499, -0.43811, 4.92852, 1.71928, 1.65981, 8.00000, 407549.00000, 95387.00000, 271530.25000, 16723932245.43750, 129321.04332, 0.91102, -0.18312, 1.31474, -0.13162, 1.00000, 0.00000
-1.50894, 4.37124, -1.70460, 4.92852, 1.90319, 1.92396, 20.00000, 253211.00000, 30468.00000, 120738.65000, 3890543102.82750, 62374.21825, 0.91102, -1.19997, 3.63662, -1.43665, 1.00000, 0.00000
-1.44936, 4.62611, -0.87126, 4.92550, 1.87441, 1.74862, 15.00000, 365138.00000, 26153.00000, 121187.00000, 8664099708.53333, 93081.14583, 0.94766, -0.66465, 2.02881, -0.36416, 1.00000, 0.00000
0.72621, 4.85499, -0.43811, 4.92852, 1.42232, 1.65981, 4.00000, 443549.00000, 309103.00000, 386043.25000, 2568663987.18750, 50681.98878, 0.91102, 0.13403, 0.96230, -0.09634, 0.75000, 0.25000
2.05481, 4.45876, -0.43315, 4.92853, 1.13896, 1.65880, 3.00000, 453340.00000, 231475.00000, 369616.00000, 9684617982.00000, 98410.45667, 0.90081, 0.33112, 0.75116, -0.08228, 0.66667, 0.33333
1.50894, 4.37124, -1.70460, 4.92852, 1.23841, 1.92396, 6.00000, 492929.00000, 130217.00000, 287892.16667, 18609888035.80556, 136418.06345, 0.91102, 0.35294, 1.06961, -0.42255, 0.66667, 0.33333
1.44936, 4.62611, -0.87126, 4.92550, 1.26718, 1.74862, 4.00000, 319089.00000, 225156.00000, 277194.25000, 1346448029.68750, 36693.97811, 0.94766, 0.28534, 0.87099, -0.15634, 0.75000, 0.25000
-0.78273, 3.92241, -2.87963, 4.92852, 1.76776, 2.19479, 8.00000, 444264.00000, 21348.00000, 162132.37500, 14992698668.98438, 122444.67595, 0.91102, -2.08678, 10.75154, -7.66476, 0.87500, 0.12500
0.78273, 3.92241, -2.87963, 4.92852, 1.37383, 2.19479, 8.00000, 400390.00000, 102303.00000, 277927.37500, 14794408705.73438, 121632.26836, 0.91102, 0.40335, 2.07817, -1.48153, 0.87500, 0.12500
0.00000, 3.18882, -3.75791, 4.92853, 1.57080, 2.43793, 4.00000, 412061.00000, 114805.00000, 239092.50000, 13373973582.25000, 115645.89739, 0.90081, -0.00000, -7.64229, 8.64229, 0.50000, 0.50000
0.00000, 3.73035, -3.21637, 4.92550, 1.57080, 2.28234, 5.00000, 292672.00000, 75042.00000, 170311.80000, 5350958772.96000, 73150.24794, 0.94766, 0.00000, 9.06739, -8.06739, 0.80000, 0.20000
0.00000, 4.83686, -0.87622, 4.91558, 1.57080, 1.75001, 9.00000, 437715.00000, 112960.00000, 247635.22222, 11005518604.83951, 104907.19043, 1.08598, 0.00000, 1.22879, -0.22879, 1.00000, 0.00000
0.78579, 4.35121, -2.14766, 4.91558, 1.39213, 2.02296, 6.00000, 412648.00000, 49646.00000, 203779.66667, 17707271599.55556, 133068.67249, 1.08598, 0.25627, 1.45965, -0.71592, 0.66667, 0.33333
-0.78579, 4.35121, -2.14766, 4.91558, 1.74946, 2.02296, 10.00000, 369497.00000, 53536.00000, 136246.60000, 9221331395.44000, 96027.76367, 1.08598, -0.52573, 2.99442, -1.46868, 1.00000, 0.00000
0.00000, 4.58794, -1.75244, 4.91123, 1.57080, 1.93566, 6.00000, 448966.00000, 96245.00000, 205132.66667, 13961959226.55556, 118160.73471, 1.14286, 0.00000, 1.61803, -0.61803, 0.83333, 0.16667
-2.75567, 4.02561, -0.70086, 4.92853, 2.17107, 1.71348, 41.00000, 438639.00000, 15624.00000, 123484.75610, 12294822945.79417, 110882.02264, 0.90081, -6.49176, 9.35336, -1.86160, 1.00000, 0.00000
-2.21782, 3.93313, -1.97536, 4.92852, 2.08423, 1.98319, 29.00000, 473256.00000, 19050.00000, 172587.03448, 18522713756.92985, 136098.17691, 0.91102, 6.05607, -10.56672, 5.51065, 1.00000, 0.00000
-3.48430, 3.15040, -1.49161, 4.92852, 2.40648, 1.87827, 105.00000, 441387.00000, 6754.00000, 86303.14286, 8357693885.81769, 91420.42379, 0.91102, 1.82322, -1.63909, 0.81587, 0.99048, 0.00952
-2.85909, 3.75484, -1.40973, 4.92550, 2.22158, 1.86107, 49.00000, 339383.00000, 7834.00000, 88745.42857, 5153632909.95918, 71788.80769, 0.94766, 7.02665, -9.32863, 3.30198, 1.00000, 0.00000
-1.49161, 3.48430, -3.15040, 4.92852, 1.97528, 2.26428, 21.00000, 388507.00000, 35675.00000, 211510.38095, 10417329127.18821, 102065.31794, 0.91102, 1.29147, -2.88604, 2.59457, 0.95238, 0.04762
-0.70086, 2.75567, -4.02561, 4.92853, 1.81985, 2.52663, 12.00000, 418098.00000, 65312.00000, 203842.91667, 15840913900.57639, 125860.69244, 0.90081, 0.39414, -1.37444, 1.98030, 0.75000, 0.25000
-1.97536, 2.21782, -3.93313, 4.92852, 2.29844, 2.49482, 28.00000, 412446.00000, 26426.00000, 146367.64286, 11073299475.58673, 105229.74615, 0.91102, 0.54989, -0.60432, 1.05443, 0.92857, 0.07143
-1.40973, 2.85909, -3.75484, 4.92550, 2.02888, 2.43770, 13.00000, 470323.00000, 53150.00000, 164842.38462, 12149351108.69823, 110224.09496, 0.94766, 0.58922, -1.25387, 1.66465, 0.92308, 0.07692
-3.93313, 1.97536, -2.21782, 4.92852, 2.67616, 2.03756, 111.00000, 449334.00000, 5969.00000, 86388.59459, 8468596259.26808, 92024.97628, 0.91102, 0.95092, -0.49591, 0.54500, 0.99099, 0.00901
-3.15040, 1.49161, -3.48430, 4.92852, 2.69940, 2.35600, 43.00000, 474082.00000, 17242.00000, 145191.55814, 12993938394.01406, 113990.95751, 0.91102, 0.61936, -0.30829, 0.68893, 0.93023, 0.06977
-4.02561, 0.70086, -2.75567, 4.92853, 2.96922, 2.16413, 40.00000, 470421.00000, 12570.00000, 99245.12500, 11178092780.50937, 105726.49990, 0.90081, 0.66888, -0.13313, 0.46424, 1.00000, 0.00000
-3.75484, 1.40973, -2.85909, 4.92550, 2.78243, 2.19010, 65.00000, 475847.00000, 10688.00000, 120434.64615, 11518268789.12095, 107323.19781, 0.94766, 0.71466, -0.25296, 0.53830, 0.92308, 0.07692
-2.20355, 3.47499, -2.68919, 4.91558, 2.13592, 2.14966, 23.00000, 326816.00000, 30033.00000, 132235.43478, 9476071048.85444, 97345.11312, 1.08598, 1.52573, -2.37638, 1.85065, 1.00000, 0.00000
-2.68919, 2.20355, -3.47499, 4.91558, 2.45513, 2.35595, 22.00000, 290668.00000, 17070.00000, 86457.77273, 4554082784.81198, 67483.94464, 1.08598, 0.68510, -0.56481, 0.87972, 1.00000, 0.00000
-3.47499, 2.68919, -2.20355, 4.91558, 2.48299, 2.03563, 56.00000, 340769.00000, 10979.00000, 87833.12500, 5040677183.43080, 70997.72661, 1.08598, 1.15838, -0.90211, 0.74373, 0.98214, 0.01786
-2.83550, 2.83550, -2.83550, 4.91123, 2.35619, 2.18628, 50.00000, 398289.00000, 22218.00000, 116354.72000, 7618208887.40160, 87282.35152, 1.14286, 1.00000, -1.00000, 1.00000, 0.98000, 0.02000
-3.18882, 3.75791, 0.00000, 4.92853, 2.27446, 1.57080, 57.00000, 487530.00000, 16825.00000, 114267.14035, 9954252213.48907, 99770.99886, 0.90081, -7.64229, 8.64229, 0.00000, 1.00000, 0.00000
-3.92241, 2.87963, -0.78273, 4.92852, 2.50831, 1.73029, 157.00000, 402940.00000, 5065.00000, 80962.05732, 7440428435.60818, 86257.91810, 0.91102, 2.07817, -1.48153, 0.40335, 1.00000, 0.00000
-3.92241, 2.87963, 0.78273, 4.92852, 2.50831, 1.41130, 111.00000, 420244.00000, 7459.00000, 68980.17117, 6426228578.91665, 80163.76101, 0.91102, 10.75154, -7.66476, -2.08678, 1.00000, 0.00000
-3.73035, 3.21637, 0.00000, 4.92550, 2.43005, 1.57080, 107.00000, 492322.00000, 9072.00000, 85106.65421, 9136389290.46921, 95584.46155, 0.94766, 9.06739, -8.06739, -0.00000, 0.99065, 0.00935
-4.37124, 1.70460, -1.50894, 4.92852, 2.76977, 1.88196, 177.00000, 436994.00000, 6384.00000, 53474.77401, 3955243798.45740, 62890.72903, 0.91102, 1.06961, -0.42255, 0.35294, 0.99435, 0.00565
-4.45876, 0.43315, -2.05481, 4.92853, 3.04475, 2.00085, 95.00000, 382499.00000, 5366.00000, 71001.18947, 5571742412.40620, 74644.10501, 0.90081, 0.75116, -0.08228, 0.33112, 0.98947, 0.01053
-4.85499, 0.43811, -0.72621, 4.92852, 3.05160, 1.71868, 153.00000, 488530.00000, 5084.00000, 81109.18301, 9965581211.32599, 99827.75772, 0.91102, 0.96230, -0.09634, 0.13403, 1.00000, 0.00000
-4.62611, 0.87126, -1.44936, 4.92550, 2.95544, 1.86947, 144.00000, 352473.00000, 6395.00000, 63276.69444, 5720523950.18441, 75634.14540, 0.94766, 0.87099, -0.15634, 0.28534, 1.00000, 0.00000
-4.37124, 1.70460, 1.50894, 4.92852, 2.76977, 1.25963, 86.00000, 461960.00000, 11266.00000, 83276.65116, 9438807275.62250, 97153.52426, 0.91102, 3.63662, -1.43665, -1.19997, 1.00000, 0.00000
-4.85499, 0.43811, 0.72621, 4.92852, 3.05160, 1.42291, 120.00000, 494041.00000, 7319.00000, 65920.28333, 6189350551.43639, 78672.42561, 0.91102, 1.31474, -0.13162, -0.18312, 1.00000, 0.00000
-4.45876, 0.43315, 2.05481, 4.92853, 3.04475, 1.14074, 53.00000, 459461.00000, 11245.00000, 126538.83019, 12975347079.87682, 113909.38100, 0.90081, 2.22389, -0.24359, -0.98030, 1.00000, 0.00000
-4.62611, 0.87126, 1.44936, 4.92550, 2.95544, 1.27212, 83.00000, 470528.00000, 10484.00000, 83708.92771, 7664819993.32007, 87548.95769, 0.94766, 2.02881, -0.36416, -0.66465, 1.00000, 0.00000
-4.35121, 2.14766, -0.78579, 4.91558, 2.68310, 1.73134, 131.00000, 480597.00000, 4931.00000, 54446.35878, 5747625796.91708, 75813.09779, 1.08598, 1.45965, -0.71592, 0.25627, 0.99237, 0.00763
-4.83686, 0.87622, 0.00000, 4.91558, 2.96238, 1.57080, 119.00000, 441962.00000, 4630.00000, 66359.40336, 7239101351.21545, 85082.90869, 1.08598, 1.22879, -0.22879, -0.00000, 0.99160, 0.00840
-4.35121, 2.14766, 0.78579, 4.91558, 2.68310, 1.41025, 122.00000, 371090.00000, 5514.00000, 60497.97541, 3984068271.38464, 63119.47617, 1.08598, 2.99442, -1.46868, -0.52573, 1.00000, 0.00000
-4.58794, 1.75244, 0.00000, 4.91123, 2.77673, 1.57080, 191.00000, 456138.00000, 4834.00000, 61298.16230, 6946050838.27209, 83342.97114, 1.14286, 1.61803, -0.61803, -0.00000, 1.00000, 0.00000
2.75567, 4.02561, 0.70086, 4.92853, 0.97053, 1.42811, 1.00000, 173509.00000, 173509.00000, 173509.00000, 0.00000, 0.00000, 0.90081, 0.36663, 0.52824, 0.10514, 0.00000, 1.00000
2.21782, 3.93313, 1.97536, 4.92852, 1.05736, 1.15840, 3.00000, 460606.00000, 143027.00000, 330896.00000, 18500638180.66667, 136017.05107, 0.91102, 0.27362, 0.47741, 0.24897, 1.00000, 0.00000
3.48430, 3.15040, 1.49161, 4.92852, 0.73511, 1.26333, 2.00000, 157907.00000, 157895.00000, 157901.00000, 36.00000, 6.00000, 0.91102, 0.42617, 0.38313, 0.19070, 0.00000, 1.00000
2.85909, 3.75484, 1.40973, 4.92550, 0.92001, 1.28053, 1.00000, 203184.00000, 203184.00000, 203184.00000, 0.00000, 0.00000, 0.94766, 0.35746, 0.47456, 0.16798, 0.00000, 1.00000
1.49161, 3.48430, 3.15040, 4.92852, 1.16631, 0.87732, 2.00000, 252840.00000, 67020.00000, 159930.00000, 8632268100.00000, 92910.00000, 0.91102, 0.19070, 0.42617, 0.38313, 1.00000, 0.00000
0.70086, 2.75567, 4.02561, 4.92853, 1.32174, 0.61496, 3.00000, 376429.00000, 134163.00000, 227191.66667, 11361842896.88889, 106591.94574, 0.90081, 0.10514, 0.36663, 0.52824, 1.00000, 0.00000
1.97536, 2.21782, 3.93313, 4.92852, 0.84316, 0.64677, 1.00000, 395487.00000, 395487.00000, 395487.00000, 0.00000, 0.00000, 0.91102, 0.24897, 0.27362, 0.47741, 1.00000, 0.00000
1.40973, 2.85909, 3.75484, 4.92550, 1.11271, 0.70390, 0.00000, 0.00000, 0.00000, 0.00000, 0.00000, 0.00000, 0.94766, 0.16798, 0.35746, 0.47456, 0.00000, 0.00000
3.93313, 1.97536, 2.21782, 4.92852, 0.46544, 1.10403, 5.00000, 284105.00000, 134436.00000, 215158.20000, 2518489456.56000, 50184.55396, 0.91102, 0.47741, 0.24897, 0.27362, 0.00000, 1.00000
3.15040, 1.49161, 3.48430, 4.92852, 0.44220, 0.78559, 2.00000, 426057.00000, 330110.00000, 378083.50000, 2301456702.25000, 47973.50000, 0.91102, 0.38313, 0.19070, 0.42617, 0.00000, 1.00000
4.02561, 0.70086, 2.75567, 4.92853, 0.17237, 0.97747, 7.00000, 458773.00000, 115255.00000, 256621.14286, 9835935830.97959, 99176.28664, 0.90081, 0.52824, 0.10514, 0.36663, 0.00000, 1.00000
3.75484, 1.40973, 2.85909, 4.92550, 0.35916, 0.95149, 3.00000, 307415.00000, 102541.00000, 221290.33333, 7527743750.22222, 86762.57114, 0.94766, 0.47456, 0.16798, 0.35746, 0.66667, 0.33333
2.20355, 3.47499, 2.68919, 4.91558, 1.00567, 0.99193, 5.00000, 488015.00000, 152722.00000, 382833.80000, 13997627914.16000, 118311.57135, 1.08598, 0.26522, 0.41309, 0.32170, 0.20000, 0.80000
2.68919, 2.20355, 3.47499, 4.91558, 0.68646, 0.78564, 1.00000, 207546.00000, 207546.00000, 207546.00000, 0.00000, 0.00000, 1.08598, 0.32170, 0.26522, 0.41309, 0.00000, 1.00000
3.47499, 2.68919, 2.20355, 4.91558, 0.65860, 1.10596, 2.00000, 487537.00000, 209526.00000, 348531.50000, 19322529030.25000, 139005.50000, 1.08598, 0.41309, 0.32170, 0.26522, 1.00000, 0.00000
2.83550, 2.83550, 2.83550, 4.91123, 0.78540, 0.95532, 1.00000, 443954.00000, 443954.00000, 443954.00000, 0.00000, 0.00000, 1.14286, 0.33333, 0.33333, 0.33333, 1.00000, 0.00000
-0.43315, 2.05481, 4.45876, 4.92853, 1.77855, 0.44016, 5.00000, 496512.00000, 83343.00000, 315882.40000, 24722377014.24000, 157233.51110, 0.90081, -0.08228, 0.33112, 0.75116, 1.00000, 0.00000
-1.70460, 1.50894, 4.37124, 4.92852, 2.41700, 0.48015, 6.00000, 294236.00000, 145941.00000, 199521.66667, 2585832312.55556, 50851.07976, 0.91102, -0.42255, 0.35294, 1.06961, 1.00000, 0.00000
-0.43811, 0.72621, 4.85499, 4.92852, 2.11363, 0.17295, 4.00000, 350414.00000, 87555.00000, 173802.50000, 11323842137.25000, 106413.54302, 0.91102, -0.09634, 0.13403, 0.96230, 1.00000, 0.00000
-0.87126, 1.44936, 4.62611, 4.92550, 2.11205, 0.35046, 1.00000, 286420.00000, 286420.00000, 286420.00000, 0.00000, 0.00000, 0.94766, -0.15634, 0.28534, 0.87099, 1.00000, 0.00000
-2.87963, 0.78273, 3.92241, 4.92852, 2.87619, 0.65037, 19.00000, 490837.00000, 72784.00000, 193877.26316, 13820682445.77285, 117561.39862, 0.91102, -1.48153, 0.40335, 2.07817, 1.00000, 0.00000
-3.75791, 0.00000, 3.18882, 4.92853, 3.14159, 0.86714, 14.00000, 488981.00000, 29602.00000, 145417.07143, 12038473786.49490, 109719.97898, 0.90081, 8.64229, -0.00000, -7.64229, 1.00000, 0.00000
-2.87963, -0.78273, 3.92241, 4.92852, -2.87619, 0.65037, 8.00000, 490120.00000, 52933.00000, 269279.50000, 27041234158.25000, 164442.19093, 0.91102, -7.66476, -2.08678, 10.75154, 1.00000, 0.00000
-3.21637, 0.00000, 3.73035, 4.92550, 3.14159, 0.71154, 8.00000, 224435.00000, 77326.00000, 146370.75000, 2327260419.43750, 48241.68757, 0.94766, -8.06739, 0.00000, 9.06739, 0.87500, 0.12500
-0.43811, -0.72621, 4.85499, 4.92852, -2.11363, 0.17295, 5.00000, 469759.00000, 192727.00000, 334474.20000, 12732462967.76000, 112838.21590, 0.91102, -0.13162, -0.18312, 1.31474, 0.60000, 0.40000
-1.70460, -1.50894, 4.37124, 4.92852, -2.41700, 0.48015, 4.00000, 423753.00000, 221675.00000, 283852.75000, 6809914715.18750, 82522.20741, 0.91102, -1.43665, -1.19997, 3.63662, 0.75000, 0.25000
-0.43315, -2.05481, 4.45876, 4.92853, -1.77855, 0.44016, 2.00000, 344263.00000, 141009.00000, 242636.00000, 10328047129.00000, 101627.00000, 0.90081, -0.24359, -0.98030, 2.22389, 1.00000, 0.00000
-0.87126, -1.44936, 4.62611, 4.92550, -2.11205, 0.35046, 2.00000, 314589.00000, 305234.00000, 309911.50000, 21879006.25000, 4677.50000, 0.94766, -0.36416, -0.66465, 2.02881, 1.00000, 0.00000
-2.14766, 0.78579, 4.35121, 4.91558, 2.79084, 0.48390, 6.00000, 487678.00000, 75759.00000, 216188.83333, 22008609422.47222, 148352.98926, 1.08598, -0.71592, 0.25627, 1.45965, 1.00000, 0.00000
-2.14766, -0.78579, 4.35121, 4.91558, -2.79084, 0.48390, 3.00000, 350282.00000, 111064.00000, 251588.66667, 10412472144.88889, 102041.52167, 1.08598, -1.46868, -0.52573, 2.99442, 1.00000, 0.00000
-0.87622, 0.00000, 4.83686, 4.91558, 3.14159, 0.17921, 3.00000, 287569.00000, 197023.00000, 237901.00000, 1405061736.00000, 37484.15313, 1.08598, -0.22879, 0.00000, 1.22879, 0.66667, 0.33333
-1.75244, 0.00000, 4.58794, 4.91123, 3.14159, 0.36486, 4.00000, 284681.00000, 115865.00000, 207709.50000, 4161562926.25000, 64510.17692, 1.14286, -0.61803, 0.00000, 1.61803, 1.00000, 0.00000
-4.45876, -0.43315, 2.05481, 4.92853, -3.04475, 1.14074, 33.00000, 478256.00000, 18463.00000, 140692.51515, 17355987618.24977, 131742.12545, 0.90081, 1.49537, 0.16379, -0.65917, 1.00000, 0.00000
-4.85499, -0.43811, 0.72621, 4.92852, -3.05160, 1.42291, 54.00000, 473293.00000, 11176.00000, 90412.22222, 8561500258.91358, 92528.37543, 0.91102, 1.04077, 0.10419, -0.14496, 1.00000, 0.00000
-4.37124, -1.70460, 1.50894, 4.92852, -2.76977, 1.25963, 27.00000, 341609.00000, 26653.00000, 134326.85185, 7992615275.53361, 89401.42770, 0.91102, 0.93889, 0.37091, -0.30980, 1.00000, 0.00000
-4.62611, -0.87126, 1.44936, 4.92550, -2.95544, 1.27212, 27.00000, 283054.00000, 21155.00000, 104913.74074, 5339495950.11797, 73071.85471, 0.94766, 1.17386, 0.21070, -0.38457, 1.00000, 0.00000
-4.85499, -0.43811, -0.72621, 4.92852, -3.05160, 1.71868, 101.00000, 491407.00000, 8770.00000, 100878.72277, 13185358035.28948, 114827.51428, 0.91102, 0.80685, 0.08077, 0.11238, 1.00000, 0.00000
-4.45876, -0.43315, -2.05481, 4.92853, -3.04475, 2.00085, 67.00000, 408001.00000, 11307.00000, 95090.44776, 7025503725.14279, 83818.27799, 0.90081, 0.64502, 0.07065, 0.28433, 1.00000, 0.00000
-4.37124, -1.70460, -1.50894, 4.92852, -2.76977, 1.88196, 39.00000, 469094.00000, 32036.00000, 164070.69231, 15377462596.31558, 124005.89743, 0.91102, 0.57970, 0.22901, 0.19128, 0.94872, 0.05128
-4.62611, -0.87126, -1.44936, 4.92550, -2.95544, 1.86947, 43.00000, 317775.00000, 13572.00000, 82870.95349, 4117572318.64900, 64168.31242, 0.94766, 0.66353, 0.11910, 0.21738, 1.00000, 0.00000
-3.92241, -2.87963, 0.78273, 4.92852, -2.50831, 1.41130, 18.00000, 451241.00000, 30045.00000, 231482.33333, 20753974679.66667, 144062.39856, 0.91102, 0.65841, 0.46938, -0.12779, 0.94444, 0.05556
-3.92241, -2.87963, -0.78273, 4.92852, -2.50831, 1.73029, 25.00000, 481638.00000, 43077.00000, 180950.68000, 16678777534.69760, 129146.34155, 0.91102, 0.52439, 0.37383, 0.10178, 0.84000, 0.16000
-3.18882, -3.75791, 0.00000, 4.92853, -2.27446, 1.57080, 5.00000, 410475.00000, 130088.00000, 203491.00000, 10853048461.60000, 104177.96534, 0.90081, 0.46930, 0.53070, 0.00000, 0.60000, 0.40000
-3.73035, -3.21637, 0.00000, 4.92550, -2.43005, 1.57080, 14.00000, 254783.00000, 60995.00000, 134656.64286, 3807709961.37245, 61706.64439, 0.94766, 0.52918, 0.47082, -0.00000, 1.00000, 0.00000
-4.83686, -0.87622, 0.00000, 4.91558, -2.96238, 1.57080, 46.00000, 432463.00000, 17132.00000, 105463.32609, 7838647714.21975, 88536.13790, 1.08598, 0.84303, 0.15697, -0.00000, 0.97826, 0.02174
-4.35121, -2.14766, -0.78579, 4.91558, -2.68310, 1.73134, 20.00000, 484637.00000, 48574.00000, 187577.45000, 15586708320.94750, 124846.73933, 1.08598, 0.60022, 0.29439, 0.10538, 0.90000, 0.10000
-4.35121, -2.14766, 0.78579, 4.91558, -2.68310, 1.41025, 25.00000, 452816.00000, 31847.00000, 183017.24000, 15032352933.86240, 122606.49630, 1.08598, 0.76051, 0.37301, -0.13352, 0.96000, 0.04000
-4.58794, -1.75244, 0.00000, 4.91123, -2.77673, 1.57080, 37.00000, 407334.00000, 25810.00000, 136759.21622, 10726574315.25055, 103569.17647, 1.14286, 0.72361, 0.27639, -0.00000, 0.94595, 0.05405
-3.75791, 0.00000, -3.18882, 4.92853, 3.14159, 2.27446, 41.00000, 465329.00000, 21954.00000, 149131.21951, 15450182025.92743, 124298.76116, 0.90081, 0.53070, -0.00000, 0.46930, 0.97561, 0.02439
-2.87963, 0.78273, -3.92241, 4.92852, 2.87619, 2.49122, 27.00000, 483171.00000, 30380.00000, 172505.29630, 18667734499.68999, 136629.91803, 0.91102, 0.46938, -0.12779, 0.65841, 0.85185, 0.14815
-2.87963, -0.78273, -3.92241, 4.92852, -2.87619, 2.49122, 28.00000, 463997.00000, 29169.00000, 169457.07143, 15301037549.35204, 123697.36274, 0.91102, 0.37383, 0.10178, 0.52439, 0.89286, 0.10714
-3.21637, 0.00000, -3.73035, 4.92550, 3.14159, 2.43005, 22.00000, 401675.00000, 17803.00000, 154684.40909, 10401495926.69628, 101987.72439, 0.94766, 0.47082, 0.00000, 0.52918, 0.90909, 0.09091
-1.70460, 1.50894, -4.37124, 4.92852, 2.41700, 2.66145, 20.00000, 433113.00000, 19991.00000, 160531.00000, 13298878700.20000, 115320.76439, 0.91102, 0.37091, -0.30980, 0.93889, 0.90000, 0.10000
-0.43315, 2.05481, -4.45876, 4.92853, 1.77855, 2.70143, 10.00000, 456032.00000, 58784.00000, 239449.00000, 16802031109.60000, 129622.64891, 0.90081, 0.16379, -0.65917, 1.49537, 0.40000, 0.60000
-0.43811, 0.72621, -4.85499, 4.92852, 2.11363, 2.96865, 15.00000, 451738.00000, 79610.00000, 218786.00000, 11402413513.33333, 106782.08423, 0.91102, 0.10419, -0.14496, 1.04077, 0.33333, 0.66667
-0.87126, 1.44936, -4.62611, 4.92550, 2.11205, 2.79113, 10.00000, 490422.00000, 98758.00000, 290312.60000, 12352175375.64000, 111140.34090, 0.94766, 0.21070, -0.38457, 1.17386, 0.30000, 0.70000
-1.70460, -1.50894, -4.37124, 4.92852, -2.41700, 2.66145, 23.00000, 497983.00000, 51090.00000, 219029.82609, 19117138914.05671, 138264.74212, 0.91102, 0.22901, 0.19128, 0.57970, 0.43478, 0.56522
-0.43811, -0.72621, -4.85499, 4.92852, -2.11363, 2.96865, 17.00000, 440829.00000, 44175.00000, 179313.88235, 12310101789.63322, 110950.89810, 0.91102, 0.08077, 0.11238, 0.80685, 0.11765, 0.88235
-0.43315, -2.05481, -4.45876, 4.92853, -1.77855, 2.70143, 22.00000, 496356.00000, 35393.00000, 228016.31818, 21489576561.94422, 146593.23505, 0.90081, 0.07065, 0.28433, 0.64502, 0.09091, 0.90909
-0.87126, -1.44936, -4.62611, 4.92550, -2.11205, 2.79113, 11.00000, 330217.00000, 89918.00000, 187677.45455, 5525446141.33884, 74333.34475, 0.94766, 0.11910, 0.21738, 0.66353, 0.36364, 0.63636
-2.14766, 0.78579, -4.35121, 4.91558, 2.79084, 2.65769, 11.00000, 493519.00000, 114921.00000, 292284.63636, 16469500413.50413, 128333.55139, 1.08598, 0.37301, -0.13352, 0.76051, 0.72727, 0.27273
-0.87622, 0.00000, -4.83686, 4.91558, 3.14159, 2.96238, 11.00000, 490215.00000, 88470.00000, 246090.18182, 16469240939.42149, 128332.54045, 1.08598, 0.15697, 0.00000, 0.84303, 0.63636, 0.36364
-2.14766, -0.78579, -4.35121, 4.91558, -2.79084, 2.65769, 19.00000, 458640.00000, 50540.00000, 213245.42105, 15735241805.50693, 125440.19215, 1.08598, 0.29439, 0.10538, 0.60022, 0.63158, 0.36842
-1.75244, 0.00000, -4.58794, 4.91123, 3.14159, 2.77673, 14.00000, 458338.00000, 41721.00000, 203432.78571, 11895262496.88265, 109065.40467, 1.14286, 0.27639, 0.00000, 0.72361, 0.57143, 0.42857
0.70086, 2.75567, -4.02561, 4.92853, 1.32174, 2.52663, 7.00000, 487644.00000, 136890.00000, 273107.71429, 17400607894.48980, 131911.36378, 0.90081, -1.86160, -6.49176, 9.35336, 0.28571, 0.71429
1.49161, 3.48430, -3.15040, 4.92852, 1.16631, 2.26428, 8.00000, 431166.00000, 138451.00000, 248746.87500, 11166101184.35938, 105669.77422, 0.91102, 0.81587, 1.82322, -1.63909, 0.50000, 0.50000
1.97536, 2.21782, -3.93313, 4.92852, 0.84316, 2.49482, 11.00000, 337518.00000, 70600.00000, 190067.81818, 6053585463.42149, 77804.79075, 0.91102, 5.51065, 6.05607, -10.56672, 0.18182, 0.81818
1.40973, 2.85909, -3.75484, 4.92550, 1.11271, 2.43770, 6.00000, 494178.00000, 71325.00000, 279938.16667, 23867275809.80555, 154490.37449, 0.94766, 3.30198, 7.02665, -9.32863, 0.33333, 0.66667
2.21782, 3.93313, -1.97536, 4.92852, 1.05736, 1.98319, 3.00000, 262758.00000, 96777.00000, 162782.33333, 5168607166.88889, 71893.02586, 0.91102, 0.54500, 0.95092, -0.49591, 0.33333, 0.66667
2.75567, 4.02561, -0.70086, 4.92853, 0.97053, 1.71348, 2.00000, 387737.00000, 314800.00000, 351268.50000, 1329951492.25000, 36468.50000, 0.90081, 0.46424, 0.66888, -0.13313, 1.00000, 0.00000
3.48430, 3.15040, -1.49161, 4.92852, 0.73511, 1.87827, 5.00000, 489082.00000, 82828.00000, 281750.00000, 20155517736.40000, 141970.12973, 0.91102, 0.68893, 0.61936, -0.30829, 0.20000, 0.80000
2.85909, 3.75484, -1.40973, 4.92550, 0.92001, 1.86107, 6.00000, 400710.00000, 200281.00000, 296581.00000, 5226905277.66667, 72297.33935, 0.94766, 0.53830, 0.71466, -0.25296, 0.16667, 0.83333
3.15040, 1.49161, -3.48430, 4.92852, 0.44220, 2.35600, 12.00000, 476167.00000, 53729.00000, 200867.25000, 13405845157.68750, 115783.61351, 0.91102, 2.59457, 1.29147, -2.88604, 0.00000, 1.00000
3.93313, 1.97536, -2.21782, 4.92852, 0.46544, 2.03756, 13.00000, 453876.00000, 64440.00000, 245184.53846, 16705727386.55622, 129250.63786, 0.91102, 1.05443, 0.54989, -0.60432, 0.00000, 1.00000
4.02561, 0.70086, -2.75567, 4.92853, 0.17237, 2.16413, 19.00000, 495175.00000, 57123.00000, 185381.94737, 15658831458.26039, 125135.25266, 0.90081, 1.98030, 0.39414, -1.37444, 0.00000, 1.00000
3.75484, 1.40973, -2.85909, 4.92550, 0.35916, 2.19010, 10.00000, 389322.00000, 53837.00000, 187430.80000, 10094071732.16000, 100469.25765, 0.94766, 1.66465, 0.58922, -1.25387, 0.00000, 1.00000
2.20355, 3.47499, -2.68919, 4.91558, 1.00567, 2.14966, 4.00000, 294305.00000, 113002.00000, 239873.00000, 5476440367.50000, 74002.97540, 1.08598, 0.74373, 1.15838, -0.90211, 0.50000, 0.50000
3.47499, 2.68919, -2.20355, 4.91558, 0.65860, 2.03563, 3.00000, 314165.00000, 108372.00000, 182227.33333, 8745238530.88889, 93515.98008, 1.08598, 0.87972, 0.68510, -0.56481, 0.00000, 1.00000
2.68919, 2.20355, -3.47499, 4.91558, 0.68646, 2.35595, 12.00000, 470661.00000, 123186.00000, 292072.33333, 11695282824.55556, 108144.73091, 1.08598, 1.85065, 1.52573, -2.37638, 0.16667, 0.83333
2.83550, 2.83550, -2.83550, 4.91123, 0.78540, 2.18628, 8.00000, 456742.00000, 82876.00000, 216006.50000, 13967744578.75000, 118185.21303, 1.14286, 1.00000, 1.00000, -1.00000, 0.12500, 0.87500
2.75567, -4.02561, 0.70086, 4.92853, -0.97053, 1.42811, 26.00000, 441708.00000, 35073.00000, 164767.84615, 14428828955.51479, 120120.06059, 0.90081, -6.49176, 9.35336, -1.86160, 0.00000, 1.00000
3.48430, -3.15040, 1.49161, 4.92852, -0.73511, 1.26333, 18.00000, 388218.00000, 50345.00000, 128445.05556, 5455979385.83025, 73864.60171, 0.91102, 1.82322, -1.63909, 0.81587, 0.00000, 1.00000
2.21782, -3.93313, 1.97536, 4.92852, -1.05736, 1.15840, 13.00000, 481559.00000, 50961.00000, 234633.92308, 12673016449.76331, 112574.49289, 0.91102, 6.05607, -10.56672, 5.51065, 0.00000, 1.00000
2.85909, -3.75484, 1.40973, 4.92550, -0.92001, 1.28053, 12.00000, 410688.00000, 33272.00000, 196572.66667, 12333649781.88889, 111056.96638, 0.94766, 7.02665, -9.32863, 3.30198, 0.08333, 0.91667
3.93313, -1.97536, 2.21782, 4.92852, -0.46544, 1.10403, 10.00000, 296289.00000, 69357.00000, 213246.60000, 5254221127.64000, 72486.00643, 0.91102, 0.95092, -0.49591, 0.54500, 0.00000, 1.00000
4.02561, -0.70086, 2.75567, 4.92853, -0.17237, 0.97747, 6.00000, 277524.00000, 76303.00000, 174553.33333, 4037615823.55556, 63542.23653, 0.90081, 0.66888, -0.13313, 0.46424, 0.00000, 1.00000
3.15040, -1.49161, 3.48430, 4.92852, -0.44220, 0.78559, 6.00000, 344454.00000, 177419.00000, 262592.66667, 4619297194.55556, 67965.41175, 0.91102, 0.61936, -0.30829, 0.68893, 0.16667, 0.83333
3.75484, -1.40973, 2.85909, 4.92550, -0.35916, 0.95149, 3.00000, 441593.00000, 155104.00000, 266548.33333, 15701825720.22222, 125306.92607, 0.94766, 0.71466, -0.25296, 0.53830, 0.00000, 1.00000
1.49161, -3.48430, 3.15040, 4.92852, -1.16631, 0.87732, 3.00000, 419844.00000, 128302.00000, 244438.66667, 15922510384.88889, 126184.43004, 0.91102, 1.29147, -2.88604, 2.59457, 0.33333, 0.66667
1.97536, -2.21782, 3.93313, 4.92852, -0.84316, 0.64677, 2.00000, 409541.00000, 386446.00000, 397993.50000, 133344756.25000, 11547.50000, 0.91102, 0.54989, -0.60432, 1.05443, 0.00000, 1.00000
0.70086, -2.75567, 4.02561, 4.92853, -1.32174, 0.61496, 2.00000, 384589.00000, 286178.00000, 335383.50000, 2421181230.25000, 49205.50000, 0.90081, 0.39414, -1.37444, 1.98030, 0.00000, 1.00000
1.40973, -2.85909, 3.75484, 4.92550, -1.11271, 0.70390, 2.00000, 481565.00000, 173476.00000, 327520.50000, 23729707980.25000, 154044.50000, 0.94766, 0.58922, -1.25387, 1.66465, 0.00000, 1.00000
3.47499, -2.68919, 2.20355, 4.91558, -0.65860, 1.10596, 8.00000, 263480.00000, 59348.00000, 140960.00000, 3553443720.50000, 59610.76849, 1.08598, 1.15838, -0.90211, 0.74373, 0.00000, 1.00000
2.68919, -2.20355, 3.47499, 4.91558, -0.68646, 0.78564, 7.00000, 465201.00000, 151402.00000, 263949.14286, 13068616853.55102, 114318.05130, 1.08598, 0.68510, -0.56481, 0.87972, 0.14286, 0.85714
2.20355, -3.47499, 2.68919, 4.91558, -1.00567, 0.99193, 7.00000, 480105.00000, 53958.00000, 282616.28571, 29250870169.63266, 171028.85771, 1.08598, 1.52573, -2.37638, 1.85065, 0.28571, 0.71429
2.83550, -2.83550, 2.83550, 4.91123, -0.78540, 0.95532, 4.00000, 246571.00000, 94499.00000, 186284.25000, 3739658634.68750, 61152.74838, 1.14286, 1.00000, -1.00000, 1.00000, 0.25000, 0.75000
2.05481, -4.45876, 0.43315, 4.92853, -1.13896, 1.48280, 28.00000, 498958.00000, 31453.00000, 175384.17857, 12986647340.36097, 113958.97218, 0.90081, -0.98030, 2.22389, -0.24359, 0.00000, 1.00000
1.50894, -4.37124, 1.70460, 4.92852, -1.23841, 1.21764, 9.00000, 314912.00000, 77265.00000, 184196.33333, 4573024481.33333, 67624.14126, 0.91102, -1.19997, 3.63662, -1.43665, 0.00000, 1.00000
0.72621, -4.85499, 0.43811, 4.92852, -1.42232, 1.48179, 19.00000, 439913.00000, 36876.00000, 192295.52632, 8716984585.61773, 93364.79307, 0.91102, -0.18312, 1.31474, -0.13162, 0.00000, 1.00000
1.44936, -4.62611, 0.87126, 4.92550, -1.26718, 1.39297, 19.00000, 413019.00000, 82368.00000, 219145.57895, 10270562467.29640, 101343.78357, 0.94766, -0.66465, 2.02881, -0.36416, 0.00000, 1.00000
0.78273, -3.92241, 2.87963, 4.92852, -1.37383, 0.94680, 7.00000, 317035.00000, 73563.00000, 186009.00000, 7592887158.00000, 87137.17437, 0.91102, -2.08678, 10.75154, -7.66476, 0.00000, 1.00000
0.00000, -3.18882, 3.75791, 4.92853, -1.57080, 0.70366, 6.00000, 459517.00000, 171163.00000, 269139.00000, 9071555517.00000, 95244.71385, 0.90081, 0.00000, -7.64229, 8.64229, 0.50000, 0.50000
-0.78273, -3.92241, 2.87963, 4.92852, -1.76776, 0.94680, 4.00000, 402796.00000, 150006.00000, 282057.25000, 13084498866.68750, 114387.49436, 0.91102, 0.40335, 2.07817, -1.48153, 0.50000, 0.50000
0.00000, -3.73035, 3.21637, 4.92550, -1.57080, 0.85925, 4.00000, 414030.00000, 120251.00000, 308377.75000, 14457805650.68750, 120240.61564, 0.94766, -0.00000, 9.06739, -8.06739, 0.00000, 1.00000
-0.72621, -4.85499, 0.43811, 4.92852, -1.71928, 1.48179, 9.00000, 420238.00000, 99808.00000, 251699.77778, 13459203591.50617, 116013.80776, 0.91102, 0.13403, 0.96230, -0.09634, 0.22222, 0.77778
-1.50894, -4.37124, 1.70460, 4.92852, -1.90319, 1.21764, 5.00000, 450750.00000, 143585.00000, 276020.00000, 13735449345.60000, 117198.33337, 0.91102, 0.35294, 1.06961, -0.42255, 0.40000, 0.60000
-2.05481, -4.45876, 0.43315, 4.92853, -2.00263, 1.48280, 5.00000, 328332.00000, 180333.00000, 247520.00000, 3093307882.80000, 55617.51417, 0.90081, 0.33112, 0.75116, -0.08228, 0.20000, 0.80000
-1.44936, -4.62611, 0.87126, 4.92550, -1.87441, 1.39297, 4.00000, 497102.00000, 185504.00000, 338731.75000, 19534306098.18750, 139765.18200, 0.94766, 0.28534, 0.87099, -0.15634, 0.25000, 0.75000
0.78579, -4.35121, 2.14766, 4.91558, -1.39213, 1.11864, 3.00000, 308364.00000, 186767.00000, 252731.00000, 2517669848.66667, 50176.38736, 1.08598, -0.52573, 2.99442, -1.46868, 0.00000, 1.00000
-0.78579, -4.35121, 2.14766, 4.91558, -1.74946, 1.11864, 4.00000, 296638.00000, 123160.00000, 216883.00000, 5611383401.00000, 74909.16767, 1.08598, 0.25627, 1.45965, -0.71592, 0.00000, 1.00000
0.00000, -4.83686, 0.87622, 4.91558, -1.57080, 1.39159, 6.00000, 347457.00000, 97828.00000, 207538.33333, 6524496974.22222, 80774.35840, 1.08598, -0.00000, 1.22879, -0.22879, 0.16667, 0.83333
0.00000, -4.58794, 1.75244, 4.91123, -1.57080, 1.20593, 4.00000, 313471.00000, 148718.00000, 264562.00000, 4558709452.50000, 67518.21571, 1.14286, -0.00000, 1.61803, -0.61803, 0.00000, 1.00000
2.05481, -4.45876, -0.43315, 4.92853, -1.13896, 1.65880, 29.00000, 468346.00000, 30477.00000, 164117.55172, 13744871352.31629, 117238.52333, 0.90081, -0.65917, 1.49537, 0.16379, 0.00000, 1.00000
0.72621, -4.85499, -0.43811, 4.92852, -1.42232, 1.65981, 23.00000, 493478.00000, 20559.00000, 207590.00000, 16079639170.17391, 126805.51711, 0.91102, -0.14496, 1.04077, 0.10419, 0.00000, 1.00000
1.50894, -4.37124, -1.70460, 4.92852, -1.23841, 1.92396, 60.00000, 422004.00000, 16610.00000, 116921.53333, 8393489969.38222, 91615.99189, 0.91102, -0.30980, 0.93889, 0.37091, 0.01667, 0.98333
1.44936, -4.62611, -0.87126, 4.92550, -1.26718, 1.74862, 27.00000, 483361.00000, 24522.00000, 168463.55556, 15678472649.43210, 125213.70791, 0.94766, -0.38457, 1.17386, 0.21070, 0.03704, 0.96296
-0.72621, -4.85499, -0.43811, 4.92852, -1.71928, 1.65981, 13.00000, 383531.00000, 48600.00000, 200255.92308, 9424932665.76331, 97082.09241, 0.91102, 0.11238, 0.80685, 0.08077, 0.07692, 0.92308
-2.05481, -4.45876, -0.43315, 4.92853, -2.00263, 1.65880, 10.00000, 494752.00000, 112624.00000, 204716.20000, 11693740077.16000, 108137.59789, 0.90081, 0.28433, 0.64502, 0.07065, 0.20000, 0.80000
-1.50894, -4.37124, -1.70460, 4.92852, -1.90319, 1.92396, 16.00000, 484238.00000, 88004.00000, 278787.87500, 12180182425.98438, 110363.86377, 0.91102, 0.19128, 0.57970, 0.22901, 0.18750, 0.81250
-1.44936, -4.62611, -0.87126, 4.92550, -1.87441, 1.74862, 13.00000, 430357.00000, 47204.00000, 160090.76923, 13016994660.63905, 114092.04469, 0.94766, 0.21738, 0.66353, 0.11910, 0.23077, 0.76923
0.78273, -3.92241, -2.87963, 4.92852, -1.37383, 2.19479, 60.00000, 485734.00000, 24506.00000, 144992.10000, 13583012208.99000, 116546.18059, 0.91102, -0.12779, 0.65841, 0.46938, 0.01667, 0.98333
-0.78273, -3.92241, -2.87963, 4.92852, -1.76776, 2.19479, 28.00000, 412275.00000, 61685.00000, 190657.14286, 9979294635.55102, 99896.41953, 0.91102, 0.10178, 0.52439, 0.37383, 0.03571, 0.96429
0.00000, -3.18882, -3.75791, 4.92853, -1.57080, 2.43793, 23.00000, 448999.00000, 23272.00000, 166099.47826, 14651664173.20605, 121044.05881, 0.90081, 0.00000, 0.46930, 0.53070, 0.04348, 0.95652
0.00000, -3.73035, -3.21637, 4.92550, -1.57080, 2.28234, 38.00000, 447303.00000, 41952.00000, 144586.68421, 8127687854.58449, 90153.69019, 0.94766, -0.00000, 0.52918, 0.47082, 0.00000, 1.00000
0.00000, -4.83686, -0.87622, 4.91558, -1.57080, 1.75001, 24.00000, 496853.00000, 49295.00000, 186963.41667, 21729511745.49306, 147409.33398, 1.08598, -0.00000, 0.84303, 0.15697, 0.12500, 0.87500
-0.78579, -4.35121, -2.14766, 4.91558, -1.74946, 2.02296, 18.00000, 459211.00000, 28061.00000, 195920.94444, 16017174622.60802, 126558.97686, 1.08598, 0.10538, 0.60022, 0.29439, 0.22222, 0.77778
0.78579, -4.35121, -2.14766, 4.91558, -1.39213, 2.02296, 29.00000, 498123.00000, 20749.00000, 171939.75862, 22032090810.80381, 148432.10842, 1.08598, -0.13352, 0.76051, 0.37301, 0.00000, 1.00000
0.00000, -4.58794, -1.75244, 4.91123, -1.57080, 1.93566, 33.00000, 419164.00000, 49244.00000, 201211.42424, 9334473918.91093, 96615.08122, 1.14286, -0.00000, 0.72361, 0.27639, 0.03030, 0.96970
2.75567, -4.02561, -0.70086, 4.92853, -0.97053, 1.71348, 57.00000, 483837.00000, 19651.00000, 107221.80702, 11296666415.73469, 106285.77711, 0.90081, -1.37444, 1.98030, 0.39414, 0.00000, 1.00000
2.21782, -3.93313, -1.97536, 4.92852, -1.05736, 1.98319, 89.00000, 470505.00000, 13586.00000, 107874.75281, 13780742151.51193, 117391.40578, 0.91102, -0.60432, 1.05443, 0.54989, 0.01124, 0.98876
3.48430, -3.15040, -1.49161, 4.92852, -0.73511, 1.87827, 101.00000, 473798.00000, 11594.00000, 100320.81188, 8008507531.40025, 89490.26501, 0.91102, -2.88604, 2.59457, 1.29147, 0.00000, 1.00000
2.85909, -3.75484, -1.40973, 4.92550, -0.92001, 1.86107, 70.00000, 471720.00000, 15195.00000, 112137.04286, 9493600717.12674, 97435.11029, 0.94766, -1.25387, 1.66465, 0.58922, 0.01429, 0.98571
1.49161, -3.48430, -3.15040, 4.92852, -1.16631, 2.26428, 80.00000, 488121.00000, 15535.00000, 100745.90000, 8386262332.96500, 91576.53811, 0.91102, -0.30829, 0.68893, 0.61936, 0.01250, 0.98750
0.70086, -2.75567, -4.02561, 4.92853, -1.32174, 2.52663, 49.00000, 439743.00000, 25381.00000, 137530.77551, 9901353369.72511, 99505.54442, 0.90081, -0.13313, 0.46424, 0.66888, 0.02041, 0.97959
1.97536, -2.21782, -3.93313, 4.92852, -0.84316, 2.49482, 88.00000, 496198.00000, 15475.00000, 142758.55682, 18622063599.58768, 136462.68208, 0.91102, -0.49591, 0.54500, 0.95092, 0.02273, 0.97727
1.40973, -2.85909, -3.75484, 4.92550, -1.11271, 2.43770, 48.00000, 464031.00000, 20192.00000, 119929.31250, 11210341589.88151, 105878.90059, 0.94766, -0.25296, 0.53830, 0.71466, 0.00000, 1.00000
3.93313, -1.97536, -2.21782, 4.92852, -0.46544, 2.03756, 79.00000, 484757.00000, 8967.00000, 112669.15190, 11465060185.44528, 107075.02130, 0.91102, -10.56672, 5.51065, 6.05607, 0.01266, 0.98734
3.15040, -1.49161, -3.48430, 4.92852, -0.44220, 2.35600, 81.00000, 322047.00000, 12459.00000, 91825.46914, 4153239254.44658, 64445.63022, 0.91102, -1.63909, 0.81587, 1.82322, 0.00000, 1.00000
4.02561, -0.70086, -2.75567, 4.92853, -0.17237, 2.16413, 47.00000, 496734.00000, 13064.00000, 122802.76596, 13349277921.41331, 115539.07530, 0.90081, 9.35336, -1.86160, -6.49176, 0.02128, 0.97872
3.75484, -1.40973, -2.85909, 4.92550, -0.35916, 2.19010, 54.00000, 472256.00000, 12283.00000, 127132.11111, 13147652369.20988, 114663.21280, 0.94766, -9.32863, 3.30198, 7.02665, 0.00000, 1.00000
2.20355, -3.47499, -2.68919, 4.91558, -1.00567, 2.14966, 82.00000, 497317.00000, 15466.00000, 105341.86585, 10943621342.70152, 104611.76484, 1.08598, -0.56481, 0.87972, 0.68510, 0.00000, 1.00000
2.68919, -2.20355, -3.47499, 4.91558, -0.68646, 2.35595, 77.00000, 466198.00000, 7762.00000, 88821.42857, 7201799621.46568, 84863.41745, 1.08598, -0.90211, 0.74373, 1.15838, 0.01299, 0.98701
3.47499, -2.68919, -2.20355, 4.91558, -0.65860, 2.03563, 93.00000, 475960.00000, 11130.00000, 100639.05376, 11575875548.84657, 107591.24290, 1.08598, -2.37638, 1.85065, 1.52573, 0.00000, 1.00000
2.83550, -2.83550, -2.83550, 4.91123, -0.78540, 2.18628, 116.00000, 469766.00000, 12125.00000, 102890.93103, 8447673405.21938, 91911.22568, 1.14286, -1.00000, 1.00000, 1.00000, 0.00862, 0.99138
3.18882, -3.75791, 0.00000, 4.92853, -0.86714, 1.57080, 38.00000, 479718.00000, 15216.00000, 134357.76316, 13312048623.65443, 115377.85153, 0.90081, -7.64229, 8.64229, -0.00000, 0.00000, 1.00000
3.92241, -2.87963, -0.78273, 4.92852, -0.63328, 1.73029, 67.00000, 492992.00000, 15907.00000, 115348.95522, 10518995309.35620, 102562.15340, 0.91102, 10.75154, -7.66476, -2.08678, 0.00000, 1.00000
3.92241, -2.87963, 0.78273, 4.92852, -0.63328, 1.41130, 20.00000, 488870.00000, 22242.00000, 220665.85000, 17505431533.32750, 132308.09323, 0.91102, 2.07817, -1.48153, 0.40335, 0.00000, 1.00000
3.73035, -3.21637, 0.00000, 4.92550, -0.71154, 1.57080, 39.00000, 472215.00000, 24923.00000, 166214.82051, 18942028375.07035, 137630.04169, 0.94766, 9.06739, -8.06739, 0.00000, 0.00000, 1.00000
4.37124, -1.70460, -1.50894, 4.92852, -0.37182, 1.88196, 61.00000, 499050.00000, 24265.00000, 157198.86885, 16865235563.81886, 129866.22180, 0.91102, 3.63662, -1.43665, -1.19997, 0.00000, 1.00000
4.45876, -0.43315, -2.05481, 4.92853, -0.09684, 2.00085, 31.00000, 486734.00000, 20975.00000, 127392.48387, 11072572364.37877, 105226.29122, 0.90081, 2.22389, -0.24359, -0.98030, 0.00000, 1.00000
4.85499, -0.43811, -0.72621, 4.92852, -0.09000, 1.71868, 18.00000, 429042.00000, 44809.00000, 199456.50000, 12027956982.91667, 109672.04285, 0.91102, 1.31474, -0.13162, -0.18312, 0.00000, 1.00000
4.62611, -0.87126, -1.44936, 4.92550, -0.18616, 1.86947, 30.00000, 391014.00000, 19846.00000, 162593.70000, 11297060333.21000, 106287.63020, 0.94766, 2.02881, -0.36416, -0.66465, 0.00000, 1.00000
4.37124, -1.70460, 1.50894, 4.92852, -0.37182, 1.25963, 12.00000, 348518.00000, 59636.00000, 170735.91667, 11217559859.07639, 105912.98249, 0.91102, 1.06961, -0.42255, 0.35294, 0.00000, 1.00000
4.85499, -0.43811, 0.72621, 4.92852, -0.09000, 1.42291, 17.00000, 333547.00000, 26605.00000, 173755.23529, 8079668491.00346, 89886.97620, 0.91102, 0.96230, -0.09634, 0.13403, 0.00000, 1.00000
4.45876, -0.43315, 2.05481, 4.92853, -0.09684, 1.14074, 7.00000, 294865.00000, 151357.00000, 238248.14286, 1680059949.26531, 40988.53436, 0.90081, 0.75116, -0.08228, 0.33112, 0.00000, 1.00000
4.62611, -0.87126, 1.44936, 4.92550, -0.18616, 1.27212, 7.00000, 406501.00000, 37539.00000, 234837.00000, 22110102742.00000, 148694.66279, 0.94766, 0.87099, -0.15634, 0.28534, 0.00000, 1.00000
4.35121, -2.14766, -0.78579, 4.91558, -0.45850, 1.73134, 36.00000, 429504.00000, 13816.00000, 132569.00000, 11371687083.77778, 106638.11272, 1.08598, 2.99442, -1.46868, -0.52573, 0.00000, 1.00000
4.83686, -0.87622, 0.00000, 4.91558, -0.17921, 1.57080, 20.00000, 469719.00000, 42163.00000, 166193.05000, 14107562203.24750, 118775.25922, 1.08598, 1.22879, -0.22879, 0.00000, 0.00000, 1.00000
4.35121, -2.14766, 0.78579, 4.91558, -0.45850, 1.41025, 23.00000, 376616.00000, 44092.00000, 130302.30435, 5513961696.82042, 74256.05495, 1.08598, 1.45965, -0.71592, 0.25627, 0.00000, 1.00000
4.58794, -1.75244, 0.00000, 4.91123, -0.36486, 1.57080, 31.00000, 341583.00000, 33271.00000, 147347.29032, 9884931631.62539, 99422.99348, 1.14286, 1.61803, -0.61803, 0.00000, 0.00000, 1.00000
0.43315, -2.05481, 4.45876, 4.92853, -1.36304, 0.44016, 3.00000, 488311.00000, 222370.00000, 326873.33333, 13408195069.55556, 115793.76093, 0.90081, 0.16379, -0.65917, 1.49537, 0.33333, 0.66667
1.70460, -1.50894, 4.37124, 4.92852, -0.72459, 0.48015, 4.00000, 426344.00000, 254968.00000, 353159.00000, 3887799923.00000, 62352.22468, 0.91102, 0.37091, -0.30980, 0.93889, 0.00000, 1.00000
0.43811, -0.72621, 4.85499, 4.92852, -1.02797, 0.17295, 4.00000, 388705.00000, 228166.00000, 283433.25000, 3846871270.18750, 62023.15108, 0.91102, 0.10419, -0.14496, 1.04077, 0.50000, 0.50000
0.87126, -1.44936, 4.62611, 4.92550, -1.02954, 0.35046, 3.00000, 463856.00000, 242085.00000, 338290.00000, 8628096900.66667, 92887.54976, 0.94766, 0.21070, -0.38457, 1.17386, 0.33333, 0.66667
2.87963, -0.78273, 3.92241, 4.92852, -0.26540, 0.65037, 2.00000, 415463.00000, 218199.00000, 316831.00000, 9728271424.00000, 98632.00000, 0.91102, 0.46938, -0.12779, 0.65841, 0.00000, 1.00000
3.75791, 0.00000, 3.18882, 4.92853, 0.00000, 0.86714, 3.00000, 386237.00000, 140864.00000, 277785.66667, 10439931461.55556, 102175.98280, 0.90081, 0.53070, -0.00000, 0.46930, 0.00000, 1.00000
2.87963, 0.78273, 3.92241, 4.92852, 0.26540, 0.65037, 4.00000, 457266.00000, 160744.00000, 323802.75000, 14868395118.68750, 121936.02880, 0.91102, 0.37383, 0.10178, 0.52439, 0.25000, 0.75000
3.21637, 0.00000, 3.73035, 4.92550, 0.00000, 0.71154, 1.00000, 205398.00000, 205398.00000, 205398.00000, 0.00000, 0.00000, 0.94766, 0.47082, -0.00000, 0.52918, 0.00000, 1.00000
0.43811, 0.72621, 4.85499, 4.92852, 1.02797, 0.17295, 1.00000, 311227.00000, 311227.00000, 311227.00000, 0.00000, 0.00000, 0.91102, 0.08077, 0.11238, 0.80685, 0.00000, 1.00000
1.70460, 1.50894, 4.37124, 4.92852, 0.72459, 0.48015, 2.00000, 281122.00000, 239915.00000, 260518.50000, 424504212.25000, 20603.50000, 0.91102, 0.22901, 0.19128, 0.57970, 1.00000, 0.00000
0.43315, 2.05481, 4.45876, 4.92853, 1.36304, 0.44016, 4.00000, 348155.00000, 157864.00000, 213175.00000, 6117643003.50000, 78215.36296, 0.90081, 0.07065, 0.28433, 0.64502, 1.00000, 0.00000
0.87126, 1.44936, 4.62611, 4.92550, 1.02954, 0.35046, 2.00000, 470235.00000, 241121.00000, 355678.00000, 13123306249.00000, 114557.00000, 0.94766, 0.11910, 0.21738, 0.66353, 0.50000, 0.50000
2.14766, -0.78579, 4.35121, 4.91558, -0.35075, 0.48390, 2.00000, 488607.00000, 349565.00000, 419086.00000, 4833169441.00000, 69521.00000, 1.08598, 0.37301, -0.13352, 0.76051, 0.00000, 1.00000
2.14766, 0.78579, 4.35121, 4.91558, 0.35075, 0.48390, 0.00000, 0.00000, 0.00000, 0.00000, 0.00000, 0.00000, 1.08598, 0.29439, 0.10538, 0.60022, 0.00000, 0.00000
0.87622, 0.00000, 4.83686, 4.91558, 0.00000, 0.17921, 3.00000, 363011.00000, 128296.00000, 239073.33333, 9268452390.88889, 96272.80193, 1.08598, 0.15697, -0.00000, 0.84303, 0.66667, 0.33333
1.75244, 0.00000, 4.58794, 4.91123, 0.00000, 0.36486, 1.00000, 256648.00000, 256648.00000, 256648.00000, 0.00000, 0.00000, 1.14286, 0.27639, 0.00000, 0.72361, 1.00000, 0.00000
-2.75567, -4.02561, 0.70086, 4.92853, -2.17107, 1.42811, 6.00000, 445610.00000, 158238.00000, 253383.00000, 8426962403.66667, 91798.48802, 0.90081, 0.46424, 0.66888, -0.13313, 0.83333, 0.16667
-2.21782, -3.93313, 1.97536, 4.92852, -2.08423, 1.15840, 8.00000, 402912.00000, 96231.00000, 190308.87500, 10143992865.35938, 100717.39108, 0.91102, 0.54500, 0.95092, -0.49591, 0.87500, 0.12500
-3.48430, -3.15040, 1.49161, 4.92852, -2.40648, 1.26333, 8.00000, 420810.00000, 38824.00000, 275797.75000, 13358881145.93750, 115580.62617, 0.91102, 0.68893, 0.61936, -0.30829, 0.75000, 0.25000
-2.85909, -3.75484, 1.40973, 4.92550, -2.22158, 1.28053, 9.00000, 414793.00000, 46192.00000, 251484.11111, 13943596071.65432, 118083.00501, 0.94766, 0.53830, 0.71466, -0.25296, 0.77778, 0.22222
-1.49161, -3.48430, 3.15040, 4.92852, -1.97528, 0.87732, 2.00000, 464037.00000, 349806.00000, 406921.50000, 3262180340.25000, 57115.50000, 0.91102, 0.81587, 1.82322, -1.63909, 0.00000, 1.00000
-0.70086, -2.75567, 4.02561, 4.92853, -1.81985, 0.61496, 1.00000, 244712.00000, 244712.00000, 244712.00000, 0.00000, 0.00000, 0.90081, -1.86160, -6.49176, 9.35336, 1.00000, 0.00000
-1.97536, -2.21782, 3.93313, 4.92852, -2.29844, 0.64677, 2.00000, 371812.00000, 191013.00000, 281412.50000, 8172069600.25000, 90399.50000, 0.91102, 5.51065, 6.05607, -10.56672, 0.50000, 0.50000
-1.40973, -2.85909, 3.75484, 4.92550, -2.02888, 0.70390, 3.00000, 288848.00000, 112351.00000, 180557.33333, 5995242057.55555, 77428.94845, 0.94766, 3.30198, 7.02665, -9.32863, 0.66667, 0.33333
-3.93313, -1.97536, 2.21782, 4.92852, -2.67616, 1.10403, 20.00000, 446516.00000, 52042.00000, 190732.45000, 17581345194.74750, 132594.66503, 0.91102, 1.05443, 0.54989, -0.60432, 0.95000, 0.05000
-3.15040, -1.49161, 3.48430, 4.92852, -2.69940, 0.78559, 7.00000, 427564.00000, 62382.00000, 212855.57143, 19771647186.81633, 140611.68937, 0.91102, 2.59457, 1.29147, -2.88604, 1.00000, 0.00000
-4.02561, -0.70086, 2.75567, 4.92853, -2.96922, 0.97747, 17.00000, 423302.00000, 20625.00000, 181768.35294, 19348150730.46367, 139097.63021, 0.90081, 1.98030, 0.39414, -1.37444, 1.00000, 0.00000
-3.75484, -1.40973, 2.85909, 4.92550, -2.78243, 0.95149, 7.00000, 345315.00000, 40728.00000, 115020.28571, 9762446323.34694, 98805.09260, 0.94766, 1.66465, 0.58922, -1.25387, 1.00000, 0.00000
-2.20355, -3.47499, 2.68919, 4.91558, -2.13592, 0.99193, 4.00000, 484384.00000, 93189.00000, 279145.00000, 32036473530.50000, 178987.35578, 1.08598, 0.74373, 1.15838, -0.90211, 0.50000, 0.50000
-2.68919, -2.20355, 3.47499, 4.91558, -2.45513, 0.78564, 7.00000, 429619.00000, 102281.00000, 243072.85714, 13504935770.97959, 116210.73862, 1.08598, 1.85065, 1.52573, -2.37638, 1.00000, 0.00000
-3.47499, -2.68919, 2.20355, 4.91558, -2.48299, 1.10596, 11.00000, 452937.00000, 54861.00000, 206053.45455, 17600583736.24793, 132667.19163, 1.08598, 0.87972, 0.68510, -0.56481, 0.81818, 0.18182
-2.83550, -2.83550, 2.83550, 4.91123, -2.35619, 0.95532, 8.00000, 425255.00000, 111825.00000, 258387.87500, 14397579864.60938, 119989.91568, 1.14286, 1.00000, 1.00000, -1.00000, 1.00000, 0.00000
-0.70086, -2.75567, -4.02561, 4.92853, -1.81985, 2.52663, 23.00000, 447371.00000, 40281.00000, 140458.21739, 12290536273.47448, 110862.69108, 0.90081, 0.10514, 0.36663, 0.52824, 0.13043, 0.86957
-1.49161, -3.48430, -3.15040, 4.92852, -1.97528, 2.26428, 32.00000, 435789.00000, 47983.00000, 232157.43750, 12539411936.74609, 111979.51570, 0.91102, 0.19070, 0.42617, 0.38313, 0.15625, 0.84375
-1.97536, -2.21782, -3.93313, 4.92852, -2.29844, 2.49482, 16.00000, 495468.00000, 78472.00000, 273574.50000, 17865328975.87500, 133661.24710, 0.91102, 0.24897, 0.27362, 0.47741, 0.12500, 0.87500
-1.40973, -2.85909, -3.75484, 4.92550, -2.02888, 2.43770, 17.00000, 498576.00000, 48809.00000, 248600.23529, 20621356817.94464, 143601.38167, 0.94766, 0.16798, 0.35746, 0.47456, 0.23529, 0.76471
-2.21782, -3.93313, -1.97536, 4.92852, -2.08423, 1.98319, 12.00000, 493827.00000, 67418.00000, 204503.66667, 16691483453.38889, 129195.52412, 0.91102, 0.27362, 0.47741, 0.24897, 0.08333, 0.91667
-2.75567, -4.02561, -0.70086, 4.92853, -2.17107, 1.71348, 9.00000, 363770.00000, 55969.00000, 230673.00000, 11837412095.55556, 108799.87176, 0.90081, 0.36663, 0.52824, 0.10514, 0.77778, 0.22222
-3.48430, -3.15040, -1.49161, 4.92852, -2.40648, 1.87827, 27.00000, 478689.00000, 48400.00000, 246441.62963, 12659738856.52949, 112515.50496, 0.91102, 0.42617, 0.38313, 0.19070, 0.74074, 0.25926
-2.85909, -3.75484, -1.40973, 4.92550, -2.22158, 1.86107, 13.00000, 343669.00000, 66549.00000, 186099.53846, 5692520058.09468, 75448.79097, 0.94766, 0.35746, 0.47456, 0.16798, 0.61538, 0.38462
-3.15040, -1.49161, -3.48430, 4.92852, -2.69940, 2.35600, 24.00000, 404817.00000, 28666.00000, 163814.25000, 9220910745.77083, 96025.57339, 0.91102, 0.38313, 0.19070, 0.42617, 0.87500, 0.12500
-3.93313, -1.97536, -2.21782, 4.92852, -2.67616, 2.03756, 35.00000, 478474.00000, 18050.00000, 162733.51429, 15430572209.16408, 124219.85433, 0.91102, 0.47741, 0.24897, 0.27362, 0.88571, 0.11429
-4.02561, -0.70086, -2.75567, 4.92853, -2.96922, 2.16413, 45.00000, 491815.00000, 7177.00000, 123589.68889, 17993787767.28098, 134140.92503, 0.90081, 0.52824, 0.10514, 0.36663, 0.95556, 0.04444
-3.75484, -1.40973, -2.85909, 4.92550, -2.78243, 2.19010, 25.00000, 427093.00000, 27076.00000, 148021.84000, 11924142444.21440, 109197.72179, 0.94766, 0.47456, 0.16798, 0.35746, 0.92000, 0.08000
-2.20355, -3.47499, -2.68919, 4.91558, -2.13592, 2.14966, 14.00000, 483143.00000, 101881.00000, 245633.64286, 10265549688.80102, 101319.04899, 1.08598, 0.26522, 0.41309, 0.32170, 0.35714, 0.64286
-3.47499, -2.68919, -2.20355, 4.91558, -2.48299, 2.03563, 15.00000, 437895.00000, 65855.00000, 257360.26667, 15742972485.92889, 125471.00257, 1.08598, 0.41309, 0.32170, 0.26522, 0.66667, 0.33333
-2.68919, -2.20355, -3.47499, 4.91558, -2.45513, 2.35595, 7.00000, 338076.00000, 96323.00000, 184326.71429, 6452883813.63265, 80329.84385, 1.08598, 0.32170, 0.26522, 0.41309, 0.57143, 0.42857
-2.83550, -2.83550, -2.83550, 4.91123, -2.35619, 2.18628, 17.00000, 477513.00000, 37464.00000, 180158.82353, 14551262148.14533, 120628.61248, 1.14286, 0.33333, 0.33333, 0.33333, 0.70588, 0.29412
3.75791, 0.00000, -3.18882, 4.92853, 0.00000, 2.27446, 34.00000, 480645.00000, 25433.00000, 141520.70588, 13847769970.20761, 117676.54809, 0.90081, 8.64229, 0.00000, -7.64229, 0.00000, 1.00000
2.87963, -0.78273, -3.92241, 4.92852, -0.26540, 2.49122, 50.00000, 389993.00000, 18734.00000, 137742.44000, 10843920420.68640, 104134.14628, 0.91102, -1.48153, 0.40335, 2.07817, 0.02000, 0.98000
2.87963, 0.78273, -3.92241, 4.92852, 0.26540, 2.49122, 14.00000, 496721.00000, 23054.00000, 226422.35714, 22658251788.94388, 150526.58167, 0.91102, -7.66476, -2.08678, 10.75154, 0.00000, 1.00000
3.21637, 0.00000, -3.73035, 4.92550, 0.00000, 2.43005, 31.00000, 433611.00000, 19671.00000, 147517.16129, 10178927077.42560, 100890.66893, 0.94766, -8.06739, -0.00000, 9.06739, 0.00000, 1.00000
1.70460, -1.50894, -4.37124, 4.92852, -0.72459, 2.66145, 53.00000, 461224.00000, 19347.00000, 135632.15094, 11289220650.95835, 106250.74424, 0.91102, -0.42255, 0.35294, 1.06961, 0.05660, 0.94340
0.43315, -2.05481, -4.45876, 4.92853, -1.36304, 2.70143, 29.00000, 462003.00000, 33080.00000, 142998.06897, 12292880341.37455, 110873.26252, 0.90081, -0.08228, 0.33112, 0.75116, 0.00000, 1.00000
0.43811, -0.72621, -4.85499, 4.92852, -1.02797, 2.96865, 24.00000, 392633.00000, 31436.00000, 152870.62500, 8390013815.98438, 91597.01860, 0.91102, -0.09634, 0.13403, 0.96230, 0.08333, 0.91667
0.87126, -1.44936, -4.62611, 4.92550, -1.02954, 2.79113, 32.00000, 479720.00000, 31385.00000, 170556.81250, 13536693978.65234, 116347.29897, 0.94766, -0.15634, 0.28534, 0.87099, 0.03125, 0.96875
1.70460, 1.50894, -4.37124, 4.92852, 0.72459, 2.66145, 21.00000, 451788.00000, 52481.00000, 215158.85714, 11194225248.59864, 105802.76579, 0.91102, -1.43665, -1.19997, 3.63662, 0.14286, 0.85714
0.43811, 0.72621, -4.85499, 4.92852, 1.02797, 2.96865, 11.00000, 435196.00000, 68196.00000, 281802.90909, 11559894363.35537, 107516.94919, 0.91102, -0.13162, -0.18312, 1.31474, 0.09091, 0.90909
0.43315, 2.05481, -4.45876, 4.92853, 1.36304, 2.70143, 11.00000, 430085.00000, 110074.00000, 265227.63636, 16911742489.14050, 130045.15558, 0.90081, -0.24359, -0.98030, 2.22389, 0.45455, 0.54545
0.87126, 1.44936, -4.62611, 4.92550, 1.02954, 2.79113, 6.00000, 490983.00000, 124314.00000, 252964.16667, 15961194236.47222, 126337.62004, 0.94766, -0.36416, -0.66465, 2.02881, 0.16667, 0.83333
2.14766, -0.78579, -4.35121, 4.91558, -0.35075, 2.65769, 39.00000, 434784.00000, 26747.00000, 149648.87179, 12990999032.93228, 113978.06382, 1.08598, -0.71592, 0.25627, 1.45965, 0.00000, 1.00000
0.87622, 0.00000, -4.83686, 4.91558, 0.00000, 2.96238, 10.00000, 477256.00000, 48029.00000, 246286.40000, 18559219587.84000, 136232.22669, 1.08598, -0.22879, -0.00000, 1.22879, 0.20000, 0.80000
2.14766, 0.78579, -4.35121, 4.91558, 0.35075, 2.65769, 17.00000, 403950.00000, 58939.00000, 218870.94118, 13309248321.82007, 115365.71554, 1.08598, -1.46868, -0.52573, 2.99442, 0.11765, 0.88235
1.75244, 0.00000, -4.58794, 4.91123, 0.00000, 2.77673, 28.00000, 355390.00000, 37016.00000, 145164.78571, 7805822559.52551, 88350.56627, 1.14286, -0.61803, -0.00000, 1.61803, 0.07143, 0.92857
4.45876, 0.43315, 2.05481, 4.92853, 0.09684, 1.14074, 6.00000, 412121.00000, 124403.00000, 248139.00000, 8015174387.00000, 89527.50632, 0.90081, 0.64502, 0.07065, 0.28433, 0.00000, 1.00000
4.85499, 0.43811, 0.72621, 4.92852, 0.09000, 1.42291, 12.00000, 497298.00000, 110292.00000, 306750.58333, 12175357737.90972, 110342.00351, 0.91102, 0.80685, 0.08077, 0.11238, 0.00000, 1.00000
4.37124, 1.70460, 1.50894, 4.92852, 0.37182, 1.25963, 3.00000, 394375.00000, 154640.00000, 292449.66667, 10222654393.55556, 101107.14314, 0.91102, 0.57970, 0.22901, 0.19128, 0.00000, 1.00000
4.62611, 0.87126, 1.44936, 4.92550, 0.18616, 1.27212, 3.00000, 226448.00000, 156211.00000, 197993.00000, 911010492.66667, 30182.95036, 0.94766, 0.66353, 0.11910, 0.21738, 0.00000, 1.00000
4.85499, 0.43811, -0.72621, 4.92852, 0.09000, 1.71868, 14.00000, 480195.00000, 49688.00000, 208692.85714, 18257313710.26530, 135119.62741, 0.91102, 1.04077, 0.10419, -0.14496, 0.07143, 0.92857
4.45876, 0.43315, -2.05481, 4.92853, 0.09684, 2.00085, 14.00000, 367033.00000, 38295.00000, 192346.92857, 9393766424.92347, 96921.44461, 0.90081, 1.49537, 0.16379, -0.65917, 0.07143, 0.92857
4.37124, 1.70460, -1.50894, 4.92852, 0.37182, 1.88196, 11.00000, 368481.00000, 110751.00000, 240392.18182, 5823072532.69421, 76309.05931, 0.91102, 0.93889, 0.37091, -0.30980, 0.09091, 0.90909
4.62611, 0.87126, -1.44936, 4.92550, 0.18616, 1.86947, 16.00000, 460693.00000, 22119.00000, 200296.43750, 15321329681.37109, 123779.35887, 0.94766, 1.17386, 0.21070, -0.38457, 0.00000, 1.00000
3.92241, 2.87963, 0.78273, 4.92852, 0.63328, 1.41130, 4.00000, 411948.00000, 78340.00000, 199522.00000, 16624202430.00000, 128934.87670, 0.91102, 0.52439, 0.37383, 0.10178, 0.25000, 0.75000
3.92241, 2.87963, -0.78273, 4.92852, 0.63328, 1.73029, 5.00000, 298262.00000, 128995.00000, 195283.60000, 3784307597.84000, 61516.72616, 0.91102, 0.65841, 0.46938, -0.12779, 0.00000, 1.00000
3.18882, 3.75791, 0.00000, 4.92853, 0.86714, 1.57080, 6.00000, 380733.00000, 93537.00000, 229838.16667, 9210350684.47222, 95970.57197, 0.90081, 0.46930, 0.53070, 0.00000, 0.33333, 0.66667
3.73035, 3.21637, 0.00000, 4.92550, 0.71154, 1.57080, 4.00000, 487810.00000, 186331.00000, 356085.75000, 14605005050.68750, 120851.16901, 0.94766, 0.52918, 0.47082, 0.00000, 0.00000, 1.00000
4.83686, 0.87622, 0.00000, 4.91558, 0.17921, 1.57080, 14.00000, 466943.00000, 55886.00000, 252826.21429, 16194389184.45408, 127257.17734, 1.08598, 0.84303, 0.15697, 0.00000, 0.00000, 1.00000
4.35121, 2.14766, -0.78579, 4.91558, 0.45850, 1.73134, 5.00000, 412285.00000, 64831.00000, 291337.00000, 19800205612.80000, 140713.20341, 1.08598, 0.76051, 0.37301, -0.13352, 0.00000, 1.00000
4.35121, 2.14766, 0.78579, 4.91558, 0.45850, 1.41025, 2.00000, 465813.00000, 81877.00000, 273845.00000, 36851713024.00000, 191968.00000, 1.08598, 0.60022, 0.29439, 0.10538, 0.50000, 0.50000
4.58794, 1.75244, 0.00000, 4.91123, 0.36486, 1.57080, 7.00000, 491226.00000, 98983.00000, 272375.85714, 21134083323.55102, 145375.66276, 1.14286, 0.72361, 0.27639, -0.00000, 0.00000, 1.00000
