-2.75567, 4.02561, 0.70086, 4.92853, 2.17107, 1.42811, 4.00000, 424266.00000, 148170.00000, 235314.50000, 12596115576.75000, 112232.41767, 0.90081, -1.37444, 1.98030, 0.39414, 0.75000, 0.25000
-3.48430, 3.15040, 1.49161, 4.92852, 2.40648, 1.26333, 6.00000, 477557.00000, 114509.00000, 339410.50000, 15481965750.25000, 124426.54761, 0.91102, -2.88604, 2.59457, 1.29147, 0.66667, 0.33333
-2.21782, 3.93313, 1.97536, 4.92852, 2.08423, 1.15840, 7.00000, 464818.00000, 65449.00000, 285537.42857, 14611310699.67347, 120877.25468, 0.91102, -0.60432, 1.05443, 0.54989, 0.85714, 0.14286
-2.85909, 3.75484, 1.40973, 4.92550, 2.22158, 1.28053, 5.00000, 317547.00000, 117433.00000, 193798.60000, 5514671461.04000, 74260.83396, 0.94766, -1.25387, 1.66465, 0.58922, 0.80000, 0.20000
-3.93313, 1.97536, 2.21782, 4.92852, 2.67616, 1.10403, 3.00000, 441265.00000, 353535.00000, 387095.33333, 1495131126.88889, 38666.92549, 0.91102, -10.56672, 5.51065, 6.05607, 0.66667, 0.33333
-4.02561, 0.70086, 2.75567, 4.92853, 2.96922, 0.97747, 1.00000, 431242.00000, 431242.00000, 431242.00000, 0.00000, 0.00000, 0.90081, 9.35336, -1.86160, -6.49176, 0.00000, 1.00000
-3.15040, 1.49161, 3.48430, 4.92852, 2.69940, 0.78559, 2.00000, 365105.00000, 345758.00000, 355431.50000, 93576602.25000, 9673.50000, 0.91102, -1.63909, 0.81587, 1.82322, 0.50000, 0.50000
-3.75484, 1.40973, 2.85909, 4.92550, 2.78243, 0.95149, 1.00000, 367688.00000, 367688.00000, 367688.00000, 0.00000, 0.00000, 0.94766, -9.32863, 3.30198, 7.02665, 0.00000, 1.00000
-1.49161, 3.48430, 3.15040, 4.92852, 1.97528, 0.87732, 8.00000, 435655.00000, 88919.00000, 269460.87500, 12102180619.35938, 110009.91146, 0.91102, -0.30829, 0.68893, 0.61936, 0.62500, 0.37500
-1.97536, 2.21782, 3.93313, 4.92852, 2.29844, 0.64677, 8.00000, 455901.00000, 125999.00000, 253764.50000, 12690770018.25000, 112653.31783, 0.91102, -0.49591, 0.54500, 0.95092, 0.37500, 0.62500
-0.70086, 2.75567, 4.02561, 4.92853, 1.81985, 0.61496, 10.00000, 466100.00000, 55992.00000, 283358.10000, 14448007581.49000, 120199.86515, 0.90081, -0.13313, 0.46424, 0.66888, 0.30000, 0.70000
-1.40973, 2.85909, 3.75484, 4.92550, 2.02888, 0.70390, 5.00000, 318120.00000, 118315.00000, 205019.80000, 5579631176.16000, 74696.92883, 0.94766, -0.25296, 0.53830, 0.71466, 0.20000, 0.80000
-3.47499, 2.68919, 2.20355, 4.91558, 2.48299, 1.10596, 2.00000, 368166.00000, 119009.00000, 243587.50000, 15519802662.25000, 124578.50000, 1.08598, -2.37638, 1.85065, 1.52573, 0.50000, 0.50000
-2.68919, 2.20355, 3.47499, 4.91558, 2.45513, 0.78564, 3.00000, 367206.00000, 155416.00000, 256218.00000, 7527711314.66667, 86762.38421, 1.08598, -0.90211, 0.74373, 1.15838, 0.33333, 0.66667
-2.20355, 3.47499, 2.68919, 4.91558, 2.13592, 0.99193, 2.00000, 285289.00000, 206356.00000, 245822.50000, 1557604622.25000, 39466.50000, 1.08598, -0.56481, 0.87972, 0.68510, 1.00000, 0.00000
-2.83550, 2.83550, 2.83550, 4.91123, 2.35619, 0.95532, 4.00000, 310115.00000, 105473.00000, 238260.00000, 6219076501.00000, 78861.12161, 1.14286, -1.00000, 1.00000, 1.00000, 0.25000, 0.75000
-2.05481, 4.45876, 0.43315, 4.92853, 2.00263, 1.48280, 8.00000, 407363.00000, 130654.00000, 315070.50000, 8999182643.50000, 94864.02186, 0.90081, -0.65917, 1.49537, 0.16379, 0.75000, 0.25000
-1.50894, 4.37124, 1.70460, 4.92852, 1.90319, 1.21764, 12.00000, 443656.00000, 94767.00000, 244914.50000, 14941640386.58333, 122236.00282, 0.91102, -0.30980, 0.93889, 0.37091, 0.75000, 0.25000
-0.72621, 4.85499, 0.43811, 4.92852, 1.71928, 1.48179, 19.00000, 492560.00000, 63551.00000, 184186.84211, 16364694946.97507, 127924.56741, 0.91102, -0.14496, 1.04077, 0.10419, 0.94737, 0.05263
-1.44936, 4.62611, 0.87126, 4.92550, 1.87441, 1.39297, 8.00000, 322565.00000, 97090.00000, 184339.25000, 5828618019.18750, 76345.38636, 0.94766, -0.38457, 1.17386, 0.21070, 0.75000, 0.25000
-0.78273, 3.92241, 2.87963, 4.92852, 1.76776, 0.94680, 21.00000, 481994.00000, 75890.00000, 270919.28571, 17091442210.01361, 130734.24268, 0.91102, -0.12779, 0.65841, 0.46938, 0.76190, 0.23810
0.00000, 3.18882, 3.75791, 4.92853, 1.57080, 0.70366, 20.00000, 359240.00000, 55558.00000, 172410.75000, 5574705229.18750, 74663.94866, 0.90081, -0.00000, 0.46930, 0.53070, 0.60000, 0.40000
0.78273, 3.92241, 2.87963, 4.92852, 1.37383, 0.94680, 33.00000, 451355.00000, 45516.00000, 205518.60606, 12352506620.78421, 111141.83110, 0.91102, 0.10178, 0.52439, 0.37383, 0.72727, 0.27273
0.00000, 3.73035, 3.21637, 4.92550, 1.57080, 0.85925, 8.00000, 333729.00000, 59422.00000, 182271.37500, 8419556526.23438, 91758.14147, 0.94766, -0.00000, 0.52918, 0.47082, 0.75000, 0.25000
0.72621, 4.85499, 0.43811, 4.92852, 1.42232, 1.48179, 38.00000, 464560.00000, 32355.00000, 233814.86842, 15999915483.90374, 126490.77233, 0.91102, 0.11238, 0.80685, 0.08077, 0.78947, 0.21053
1.50894, 4.37124, 1.70460, 4.92852, 1.23841, 1.21764, 49.00000, 403175.00000, 35469.00000, 179096.81633, 10990540777.17035, 104835.78004, 0.91102, 0.19128, 0.57970, 0.22901, 0.75510, 0.24490
2.05481, 4.45876, 0.43315, 4.92853, 1.13896, 1.48280, 58.00000, 465439.00000, 31287.00000, 150999.22414, 10349756680.17390, 101733.75389, 0.90081, 0.28433, 0.64502, 0.07065, 0.84483, 0.15517
1.44936, 4.62611, 0.87126, 4.92550, 1.26718, 1.39297, 41.00000, 490496.00000, 28375.00000, 170415.04878, 16597754397.75372, 128832.27235, 0.94766, 0.21738, 0.66353, 0.11910, 0.92683, 0.07317
-0.78579, 4.35121, 2.14766, 4.91558, 1.74946, 1.11864, 10.00000, 478046.00000, 89552.00000, 270769.10000, 23030537893.09000, 151758.15594, 1.08598, -0.13352, 0.76051, 0.37301, 0.80000, 0.20000
0.78579, 4.35121, 2.14766, 4.91558, 1.39213, 1.11864, 21.00000, 483245.00000, 19883.00000, 174466.09524, 18543868296.18140, 136175.87267, 1.08598, 0.10538, 0.60022, 0.29439, 0.85714, 0.14286
0.00000, 4.83686, 0.87622, 4.91558, 1.57080, 1.39159, 24.00000, 461091.00000, 43776.00000, 210800.04167, 16184824299.95660, 127219.59087, 1.08598, -0.00000, 0.84303, 0.15697, 0.87500, 0.12500
0.00000, 4.58794, 1.75244, 4.91123, 1.57080, 1.20593, 15.00000, 499086.00000, 64001.00000, 240062.66667, 20930793173.42223, 144674.78417, 1.14286, 0.00000, 0.72361, 0.27639, 0.86667, 0.13333
-2.05481, 4.45876, -0.43315, 4.92853, 2.00263, 1.65880, 10.00000, 454354.00000, 108528.00000, 247329.50000, 14868076435.65000, 121934.72203, 0.90081, -0.98030, 2.22389, -0.24359, 0.70000, 0.30000
-0.72621, 4.85499, -0.43811, 4.92852, 1.71928, 1.65981, 16.00000, 439281.00000, 55648.00000, 237619.56250, 16108231015.37109, 126918.20600, 0.91102, -0.18312, 1.31474, -0.13162, 0.87500, 0.12500
-1.50894, 4.37124, -1.70460, 4.92852, 1.90319, 1.92396, 12.00000, 440184.00000, 126351.00000, 222753.08333, 8491757447.07639, 92150.73221, 0.91102, -1.19997, 3.63662, -1.43665, 1.00000, 0.00000
-1.44936, 4.62611, -0.87126, 4.92550, 1.87441, 1.74862, 12.00000, 402786.00000, 67344.00000, 194812.66667, 11759590970.38889, 108441.64777, 0.94766, -0.66465, 2.02881, -0.36416, 0.91667, 0.08333
0.72621, 4.85499, -0.43811, 4.92852, 1.42232, 1.65981, 33.00000, 460008.00000, 34165.00000, 178393.69697, 13616355209.60514, 116689.13921, 0.91102, 0.13403, 0.96230, -0.09634, 1.00000, 0.00000
2.05481, 4.45876, -0.43315, 4.92853, 1.13896, 1.65880, 59.00000, 471987.00000, 24276.00000, 145777.89831, 11393657240.76932, 106741.07570, 0.90081, 0.33112, 0.75116, -0.08228, 0.93220, 0.06780
1.50894, 4.37124, -1.70460, 4.92852, 1.23841, 1.92396, 43.00000, 488547.00000, 28461.00000, 150155.88372, 14224126614.61439, 119264.94294, 0.91102, 0.35294, 1.06961, -0.42255, 0.95349, 0.04651
1.44936, 4.62611, -0.87126, 4.92550, 1.26718, 1.74862, 44.00000, 482730.00000, 30438.00000, 184367.06818, 17951580176.92717, 133983.50711, 0.94766, 0.28534, 0.87099, -0.15634, 0.90909, 0.09091
-0.78273, 3.92241, -2.87963, 4.92852, 1.76776, 2.19479, 9.00000, 437531.00000, 100195.00000, 246124.66667, 12641205476.66667, 112433.11557, 0.91102, -2.08678, 10.75154, -7.66476, 0.77778, 0.22222
0.78273, 3.92241, -2.87963, 4.92852, 1.37383, 2.19479, 31.00000, 435871.00000, 28815.00000, 208659.38710, 13860491139.65661, 117730.58710, 0.91102, 0.40335, 2.07817, -1.48153, 0.96774, 0.03226
0.00000, 3.18882, -3.75791, 4.92853, 1.57080, 2.43793, 10.00000, 432324.00000, 54568.00000, 171150.30000, 10797680033.81000, 103911.88591, 0.90081, -0.00000, -7.64229, 8.64229, 1.00000, 0.00000
0.00000, 3.73035, -3.21637, 4.92550, 1.57080, 2.28234, 9.00000, 336566.00000, 47721.00000, 189986.55556, 7847203571.58025, 88584.44317, 0.94766, 0.00000, 9.06739, -8.06739, 1.00000, 0.00000
0.00000, 4.83686, -0.87622, 4.91558, 1.57080, 1.75001, 20.00000, 404262.00000, 38977.00000, 173151.40000, 9700556973.54000, 98491.40558, 1.08598, 0.00000, 1.22879, -0.22879, 0.95000, 0.05000
0.78579, 4.35121, -2.14766, 4.91558, 1.39213, 2.02296, 28.00000, 497933.00000, 40068.00000, 173822.03571, 15745292381.32016, 125480.24698, 1.08598, 0.25627, 1.45965, -0.71592, 0.96429, 0.03571
-0.78579, 4.35121, -2.14766, 4.91558, 1.74946, 2.02296, 15.00000, 357251.00000, 51680.00000, 167052.13333, 7546110599.44889, 86868.35212, 1.08598, -0.52573, 2.99442, -1.46868, 1.00000, 0.00000
0.00000, 4.58794, -1.75244, 4.91123, 1.57080, 1.93566, 13.00000, 337001.00000, 28529.00000, 142795.61538, 8118852850.54438, 90104.67718, 1.14286, 0.00000, 1.61803, -0.61803, 1.00000, 0.00000
-2.75567, 4.02561, -0.70086, 4.92853, 2.17107, 1.71348, 1.00000, 129875.00000, 129875.00000, 129875.00000, 0.00000, 0.00000, 0.90081, -6.49176, 9.35336, -1.86160, 1.00000, 0.00000
-2.21782, 3.93313, -1.97536, 4.92852, 2.08423, 1.98319, 5.00000, 451387.00000, 135121.00000, 291812.00000, 18971487794.40000, 137737.02405, 0.91102, 6.05607, -10.56672, 5.51065, 1.00000, 0.00000
-3.48430, 3.15040, -1.49161, 4.92852, 2.40648, 1.87827, 4.00000, 430176.00000, 307756.00000, 385142.50000, 2140582324.25000, 46266.42761, 0.91102, 1.82322, -1.63909, 0.81587, 0.75000, 0.25000
-2.85909, 3.75484, -1.40973, 4.92550, 2.22158, 1.86107, 3.00000, 493814.00000, 172179.00000, 367304.00000, 19595521316.66667, 139984.00379, 0.94766, 7.02665, -9.32863, 3.30198, 0.66667, 0.33333
-1.49161, 3.48430, -3.15040, 4.92852, 1.97528, 2.26428, 7.00000, 416551.00000, 138898.00000, 233439.85714, 8444069577.83674, 91891.61865, 0.91102, 1.29147, -2.88604, 2.59457, 1.00000, 0.00000
-0.70086, 2.75567, -4.02561, 4.92853, 1.81985, 2.52663, 5.00000, 422184.00000, 220097.00000, 318234.60000, 5961927672.24000, 77213.52001, 0.90081, 0.39414, -1.37444, 1.98030, 0.60000, 0.40000
-1.97536, 2.21782, -3.93313, 4.92852, 2.29844, 2.49482, 4.00000, 470056.00000, 128007.00000, 371425.25000, 19982926681.18750, 141360.98005, 0.91102, 0.54989, -0.60432, 1.05443, 1.00000, 0.00000
-1.40973, 2.85909, -3.75484, 4.92550, 2.02888, 2.43770, 2.00000, 377070.00000, 148287.00000, 262678.50000, 13085415272.25000, 114391.50000, 0.94766, 0.58922, -1.25387, 1.66465, 1.00000, 0.00000
-3.93313, 1.97536, -2.21782, 4.92852, 2.67616, 2.03756, 1.00000, 408041.00000, 408041.00000, 408041.00000, 0.00000, 0.00000, 0.91102, 0.95092, -0.49591, 0.54500, 0.00000, 1.00000
-3.15040, 1.49161, -3.48430, 4.92852, 2.69940, 2.35600, 1.00000, 235171.00000, 235171.00000, 235171.00000, 0.00000, 0.00000, 0.91102, 0.61936, -0.30829, 0.68893, 1.00000, 0.00000
-4.02561, 0.70086, -2.75567, 4.92853, 2.96922, 2.16413, 2.00000, 426108.00000, 308098.00000, 367103.00000, 3481590025.00000, 59005.00000, 0.90081, 0.66888, -0.13313, 0.46424, 0.50000, 0.50000
-3.75484, 1.40973, -2.85909, 4.92550, 2.78243, 2.19010, 0.00000, 0.00000, 0.00000, 0.00000, 0.00000, 0.00000, 0.94766, 0.71466, -0.25296, 0.53830, 0.00000, 0.00000
-2.20355, 3.47499, -2.68919, 4.91558, 2.13592, 2.14966, 3.00000, 333405.00000, 106541.00000, 245277.00000, 9858463914.66667, 99289.79764, 1.08598, 1.52573, -2.37638, 1.85065, 0.33333, 0.66667
-2.68919, 2.20355, -3.47499, 4.91558, 2.45513, 2.35595, 3.00000, 494648.00000, 106862.00000, 356878.00000, 31362579224.00000, 177094.83116, 1.08598, 0.68510, -0.56481, 0.87972, 1.00000, 0.00000
-3.47499, 2.68919, -2.20355, 4.91558, 2.48299, 2.03563, 0.00000, 0.00000, 0.00000, 0.00000, 0.00000, 0.00000, 1.08598, 1.15838, -0.90211, 0.74373, 0.00000, 0.00000
-2.83550, 2.83550, -2.83550, 4.91123, 2.35619, 2.18628, 3.00000, 224266.00000, 126247.00000, 178649.00000, 1624305506.00000, 40302.67368, 1.14286, 1.00000, -1.00000, 1.00000, 1.00000, 0.00000
-3.18882, 3.75791, 0.00000, 4.92853, 2.27446, 1.57080, 4.00000, 339657.00000, 84172.00000, 207218.00000, 9589156976.50000, 97924.24101, 0.90081, -7.64229, 8.64229, 0.00000, 1.00000, 0.00000
-3.92241, 2.87963, -0.78273, 4.92852, 2.50831, 1.73029, 2.00000, 404196.00000, 225696.00000, 314946.00000, 7965562500.00000, 89250.00000, 0.91102, 2.07817, -1.48153, 0.40335, 1.00000, 0.00000
-3.92241, 2.87963, 0.78273, 4.92852, 2.50831, 1.41130, 6.00000, 487201.00000, 180901.00000, 304238.16667, 15215433086.80556, 123350.85361, 0.91102, 10.75154, -7.66476, -2.08678, 0.66667, 0.33333
-3.73035, 3.21637, 0.00000, 4.92550, 2.43005, 1.57080, 2.00000, 335708.00000, 310674.00000, 323191.00000, 156675289.00000, 12517.00000, 0.94766, 9.06739, -8.06739, -0.00000, 1.00000, 0.00000
-4.37124, 1.70460, -1.50894, 4.92852, 2.76977, 1.88196, 1.00000, 492535.00000, 492535.00000, 492535.00000, 0.00000, 0.00000, 0.91102, 1.06961, -0.42255, 0.35294, 1.00000, 0.00000
-4.45876, 0.43315, -2.05481, 4.92853, 3.04475, 2.00085, 1.00000, 297276.00000, 297276.00000, 297276.00000, 0.00000, 0.00000, 0.90081, 0.75116, -0.08228, 0.33112, 1.00000, 0.00000
-4.85499, 0.43811, -0.72621, 4.92852, 3.05160, 1.71868, 1.00000, 286403.00000, 286403.00000, 286403.00000, 0.00000, 0.00000, 0.91102, 0.96230, -0.09634, 0.13403, 1.00000, 0.00000
-4.62611, 0.87126, -1.44936, 4.92550, 2.95544, 1.86947, 0.00000, 0.00000, 0.00000, 0.00000, 0.00000, 0.00000, 0.94766, 0.87099, -0.15634, 0.28534, 0.00000, 0.00000
-4.37124, 1.70460, 1.50894, 4.92852, 2.76977, 1.25963, 2.00000, 452372.00000, 410002.00000, 431187.00000, 448804225.00000, 21185.00000, 0.91102, 3.63662, -1.43665, -1.19997, 0.50000, 0.50000
-4.85499, 0.43811, 0.72621, 4.92852, 3.05160, 1.42291, 0.00000, 0.00000, 0.00000, 0.00000, 0.00000, 0.00000, 0.91102, 1.31474, -0.13162, -0.18312, 0.00000, 0.00000
-4.45876, 0.43315, 2.05481, 4.92853, 3.04475, 1.14074, 1.00000, 454125.00000, 454125.00000, 454125.00000, 0.00000, 0.00000, 0.90081, 2.22389, -0.24359, -0.98030, 0.00000, 1.00000
-4.62611, 0.87126, 1.44936, 4.92550, 2.95544, 1.27212, 0.00000, 0.00000, 0.00000, 0.00000, 0.00000, 0.00000, 0.94766, 2.02881, -0.36416, -0.66465, 0.00000, 0.00000
-4.35121, 2.14766, -0.78579, 4.91558, 2.68310, 1.73134, 1.00000, 352200.00000, 352200.00000, 352200.00000, 0.00000, 0.00000, 1.08598, 1.45965, -0.71592, 0.25627, 1.00000, 0.00000
-4.83686, 0.87622, 0.00000, 4.91558, 2.96238, 1.57080, 2.00000, 467818.00000, 316926.00000, 392372.00000, 5692098916.00000, 75446.00000, 1.08598, 1.22879, -0.22879, -0.00000, 0.50000, 0.50000
-4.35121, 2.14766, 0.78579, 4.91558, 2.68310, 1.41025, 0.00000, 0.00000, 0.00000, 0.00000, 0.00000, 0.00000, 1.08598, 2.99442, -1.46868, -0.52573, 0.00000, 0.00000
-4.58794, 1.75244, 0.00000, 4.91123, 2.77673, 1.57080, 0.00000, 0.00000, 0.00000, 0.00000, 0.00000, 0.00000, 1.14286, 1.61803, -0.61803, -0.00000, 0.00000, 0.00000
2.75567, 4.02561, 0.70086, 4.92853, 0.97053, 1.42811, 61.00000, 471905.00000, 20719.00000, 161307.09836, 12403490749.40016, 111370.96008, 0.90081, 0.36663, 0.52824, 0.10514, 0.81967, 0.18033
2.21782, 3.93313, 1.97536, 4.92852, 1.05736, 1.15840, 51.00000, 496308.00000, 30057.00000, 177104.45098, 15624388983.14956, 124997.55591, 0.91102, 0.27362, 0.47741, 0.24897, 0.58824, 0.41176
3.48430, 3.15040, 1.49161, 4.92852, 0.73511, 1.26333, 76.00000, 488921.00000, 21311.00000, 147853.67105, 13422916264.79969, 115857.30993, 0.91102, 0.42617, 0.38313, 0.19070, 0.63158, 0.36842
2.85909, 3.75484, 1.40973, 4.92550, 0.92001, 1.28053, 56.00000, 492555.00000, 15631.00000, 161287.69643, 11051950705.88999, 105128.25836, 0.94766, 0.35746, 0.47456, 0.16798, 0.80357, 0.19643
1.49161, 3.48430, 3.15040, 4.92852, 1.16631, 0.87732, 24.00000, 485171.00000, 99829.00000, 276533.08333, 13041839913.57639, 114200.87528, 0.91102, 0.19070, 0.42617, 0.38313, 0.41667, 0.58333
0.70086, 2.75567, 4.02561, 4.92853, 1.32174, 0.61496, 21.00000, 449974.00000, 42785.00000, 218228.47619, 11418736190.34467, 106858.48675, 0.90081, 0.10514, 0.36663, 0.52824, 0.33333, 0.66667
1.97536, 2.21782, 3.93313, 4.92852, 0.84316, 0.64677, 36.00000, 489603.00000, 37240.00000, 167677.69444, 13183977421.76775, 114821.50244, 0.91102, 0.24897, 0.27362, 0.47741, 0.22222, 0.77778
1.40973, 2.85909, 3.75484, 4.92550, 1.11271, 0.70390, 33.00000, 455111.00000, 47147.00000, 188003.06061, 12448220895.69330, 111571.59538, 0.94766, 0.16798, 0.35746, 0.47456, 0.33333, 0.66667
3.93313, 1.97536, 2.21782, 4.92852, 0.46544, 1.10403, 71.00000, 475660.00000, 43473.00000, 161999.70423, 12475081424.79984, 111691.90403, 0.91102, 0.47741, 0.24897, 0.27362, 0.40845, 0.59155
3.15040, 1.49161, 3.48430, 4.92852, 0.44220, 0.78559, 47.00000, 375938.00000, 23871.00000, 156763.14894, 9773481295.06292, 98860.91895, 0.91102, 0.38313, 0.19070, 0.42617, 0.17021, 0.82979
4.02561, 0.70086, 2.75567, 4.92853, 0.17237, 0.97747, 70.00000, 448349.00000, 26240.00000, 140506.72857, 10947910881.99776, 104632.26501, 0.90081, 0.52824, 0.10514, 0.36663, 0.24286, 0.75714
3.75484, 1.40973, 2.85909, 4.92550, 0.35916, 0.95149, 58.00000, 497605.00000, 27877.00000, 163886.34483, 14585712476.77765, 120771.32307, 0.94766, 0.47456, 0.16798, 0.35746, 0.22414, 0.77586
2.20355, 3.47499, 2.68919, 4.91558, 1.00567, 0.99193, 33.00000, 495281.00000, 24004.00000, 200556.69697, 17708069162.63544, 133071.66927, 1.08598, 0.26522, 0.41309, 0.32170, 0.66667, 0.33333
2.68919, 2.20355, 3.47499, 4.91558, 0.68646, 0.78564, 33.00000, 437820.00000, 41243.00000, 180255.69697, 10152752045.54454, 100760.86565, 1.08598, 0.32170, 0.26522, 0.41309, 0.30303, 0.69697
3.47499, 2.68919, 2.20355, 4.91558, 0.65860, 1.10596, 49.00000, 475920.00000, 22042.00000, 162954.83673, 12982641801.36110, 113941.39635, 1.08598, 0.41309, 0.32170, 0.26522, 0.42857, 0.57143
2.83550, 2.83550, 2.83550, 4.91123, 0.78540, 0.95532, 54.00000, 497870.00000, 43484.00000, 172266.72222, 12418839916.23765, 111439.84887, 1.14286, 0.33333, 0.33333, 0.33333, 0.48148, 0.51852
-0.43315, 2.05481, 4.45876, 4.92853, 1.77855, 0.44016, 14.00000, 498570.00000, 42103.00000, 254940.35714, 20652362784.08673, 143709.29957, 0.90081, -0.08228, 0.33112, 0.75116, 0.21429, 0.78571
-1.70460, 1.50894, 4.37124, 4.92852, 2.41700, 0.48015, 8.00000, 459044.00000, 123488.00000, 293454.50000, 12039975310.75000, 109726.82129, 0.91102, -0.42255, 0.35294, 1.06961, 0.37500, 0.62500
-0.43811, 0.72621, 4.85499, 4.92852, 2.11363, 0.17295, 12.00000, 494458.00000, 138484.00000, 297383.50000, 15535507712.58333, 124641.51681, 0.91102, -0.09634, 0.13403, 0.96230, 0.33333, 0.66667
-0.87126, 1.44936, 4.62611, 4.92550, 2.11205, 0.35046, 2.00000, 366396.00000, 211765.00000, 289080.50000, 5977686540.25000, 77315.50000, 0.94766, -0.15634, 0.28534, 0.87099, 0.50000, 0.50000
-2.87963, 0.78273, 3.92241, 4.92852, 2.87619, 0.65037, 3.00000, 420314.00000, 201059.00000, 346101.00000, 10520499458.00000, 102569.48600, 0.91102, -1.48153, 0.40335, 2.07817, 0.00000, 1.00000
-3.75791, 0.00000, 3.18882, 4.92853, 3.14159, 0.86714, 0.00000, 0.00000, 0.00000, 0.00000, 0.00000, 0.00000, 0.90081, 8.64229, -0.00000, -7.64229, 0.00000, 0.00000
-2.87963, -0.78273, 3.92241, 4.92852, -2.87619, 0.65037, 2.00000, 208127.00000, 199523.00000, 203825.00000, 18507204.00000, 4302.00000, 0.91102, -7.66476, -2.08678, 10.75154, 0.00000, 1.00000
-3.21637, 0.00000, 3.73035, 4.92550, 3.14159, 0.71154, 3.00000, 414906.00000, 168608.00000, 287399.00000, 10148435128.66667, 100739.44177, 0.94766, -8.06739, 0.00000, 9.06739, 0.33333, 0.66667
-0.43811, -0.72621, 4.85499, 4.92852, -2.11363, 0.17295, 8.00000, 418946.00000, 55829.00000, 260796.25000, 11968074719.68750, 109398.69615, 0.91102, -0.13162, -0.18312, 1.31474, 0.37500, 0.62500
-1.70460, -1.50894, 4.37124, 4.92852, -2.41700, 0.48015, 8.00000, 417726.00000, 199740.00000, 321819.12500, 5701674030.10938, 75509.43007, 0.91102, -1.43665, -1.19997, 3.63662, 0.12500, 0.87500
-0.43315, -2.05481, 4.45876, 4.92853, -1.77855, 0.44016, 5.00000, 326558.00000, 174271.00000, 225034.00000, 3097028559.60000, 55650.95291, 0.90081, -0.24359, -0.98030, 2.22389, 0.00000, 1.00000
-0.87126, -1.44936, 4.62611, 4.92550, -2.11205, 0.35046, 5.00000, 493967.00000, 273356.00000, 400017.00000, 7488093881.20000, 86533.77307, 0.94766, -0.36416, -0.66465, 2.02881, 0.20000, 0.80000
-2.14766, 0.78579, 4.35121, 4.91558, 2.79084, 0.48390, 2.00000, 320585.00000, 147679.00000, 234132.00000, 7474121209.00000, 86453.00000, 1.08598, -0.71592, 0.25627, 1.45965, 0.00000, 1.00000
-2.14766, -0.78579, 4.35121, 4.91558, -2.79084, 0.48390, 3.00000, 495318.00000, 222878.00000, 390989.66667, 14404749072.22222, 120019.78617, 1.08598, -1.46868, -0.52573, 2.99442, 0.66667, 0.33333
-0.87622, 0.00000, 4.83686, 4.91558, 3.14159, 0.17921, 7.00000, 374079.00000, 162747.00000, 233545.71429, 4509095066.77551, 67149.79573, 1.08598, -0.22879, 0.00000, 1.22879, 0.14286, 0.85714
-1.75244, 0.00000, 4.58794, 4.91123, 3.14159, 0.36486, 9.00000, 462117.00000, 86426.00000, 288890.66667, 14690169817.11111, 121203.01076, 1.14286, -0.61803, 0.00000, 1.61803, 0.11111, 0.88889
-4.45876, -0.43315, 2.05481, 4.92853, -3.04475, 1.14074, 2.00000, 372266.00000, 342500.00000, 357383.00000, 221503689.00000, 14883.00000, 0.90081, 1.49537, 0.16379, -0.65917, 0.50000, 0.50000
-4.85499, -0.43811, 0.72621, 4.92852, -3.05160, 1.42291, 0.00000, 0.00000, 0.00000, 0.00000, 0.00000, 0.00000, 0.91102, 1.04077, 0.10419, -0.14496, 0.00000, 0.00000
-4.37124, -1.70460, 1.50894, 4.92852, -2.76977, 1.25963, 2.00000, 493418.00000, 355932.00000, 424675.00000, 4725600049.00000, 68743.00000, 0.91102, 0.93889, 0.37091, -0.30980, 0.50000, 0.50000
-4.62611, -0.87126, 1.44936, 4.92550, -2.95544, 1.27212, 1.00000, 445685.00000, 445685.00000, 445685.00000, 0.00000, 0.00000, 0.94766, 1.17386, 0.21070, -0.38457, 1.00000, 0.00000
-4.85499, -0.43811, -0.72621, 4.92852, -3.05160, 1.71868, 1.00000, 128878.00000, 128878.00000, 128878.00000, 0.00000, 0.00000, 0.91102, 0.80685, 0.08077, 0.11238, 1.00000, 0.00000
-4.45876, -0.43315, -2.05481, 4.92853, -3.04475, 2.00085, 0.00000, 0.00000, 0.00000, 0.00000, 0.00000, 0.00000, 0.90081, 0.64502, 0.07065, 0.28433, 0.00000, 0.00000
-4.37124, -1.70460, -1.50894, 4.92852, -2.76977, 1.88196, 0.00000, 0.00000, 0.00000, 0.00000, 0.00000, 0.00000, 0.91102, 0.57970, 0.22901, 0.19128, 0.00000, 0.00000
-4.62611, -0.87126, -1.44936, 4.92550, -2.95544, 1.86947, 0.00000, 0.00000, 0.00000, 0.00000, 0.00000, 0.00000, 0.94766, 0.66353, 0.11910, 0.21738, 0.00000, 0.00000
-3.92241, -2.87963, 0.78273, 4.92852, -2.50831, 1.41130, 0.00000, 0.00000, 0.00000, 0.00000, 0.00000, 0.00000, 0.91102, 0.65841, 0.46938, -0.12779, 0.00000, 0.00000
-3.92241, -2.87963, -0.78273, 4.92852, -2.50831, 1.73029, 0.00000, 0.00000, 0.00000, 0.00000, 0.00000, 0.00000, 0.91102, 0.52439, 0.37383, 0.10178, 0.00000, 0.00000
-3.18882, -3.75791, 0.00000, 4.92853, -2.27446, 1.57080, 0.00000, 0.00000, 0.00000, 0.00000, 0.00000, 0.00000, 0.90081, 0.46930, 0.53070, 0.00000, 0.00000, 0.00000
-3.73035, -3.21637, 0.00000, 4.92550, -2.43005, 1.57080, 0.00000, 0.00000, 0.00000, 0.00000, 0.00000, 0.00000, 0.94766, 0.52918, 0.47082, -0.00000, 0.00000, 0.00000
-4.83686, -0.87622, 0.00000, 4.91558, -2.96238, 1.57080, 1.00000, 492204.00000, 492204.00000, 492204.00000, 0.00000, 0.00000, 1.08598, 0.84303, 0.15697, -0.00000, 0.00000, 1.00000
-4.35121, -2.14766, -0.78579, 4.91558, -2.68310, 1.73134, 0.00000, 0.00000, 0.00000, 0.00000, 0.00000, 0.00000, 1.08598, 0.60022, 0.29439, 0.10538, 0.00000, 0.00000
-4.35121, -2.14766, 0.78579, 4.91558, -2.68310, 1.41025, 0.00000, 0.00000, 0.00000, 0.00000, 0.00000, 0.00000, 1.08598, 0.76051, 0.37301, -0.13352, 0.00000, 0.00000
-4.58794, -1.75244, 0.00000, 4.91123, -2.77673, 1.57080, 0.00000, 0.00000, 0.00000, 0.00000, 0.00000, 0.00000, 1.14286, 0.72361, 0.27639, -0.00000, 0.00000, 0.00000
-3.75791, 0.00000, -3.18882, 4.92853, 3.14159, 2.27446, 1.00000, 394771.00000, 394771.00000, 394771.00000, 0.00000, 0.00000, 0.90081, 0.53070, -0.00000, 0.46930, 1.00000, 0.00000
-2.87963, 0.78273, -3.92241, 4.92852, 2.87619, 2.49122, 2.00000, 436579.00000, 295735.00000, 366157.00000, 4959258084.00000, 70422.00000, 0.91102, 0.46938, -0.12779, 0.65841, 1.00000, 0.00000
-2.87963, -0.78273, -3.92241, 4.92852, -2.87619, 2.49122, 1.00000, 133973.00000, 133973.00000, 133973.00000, 0.00000, 0.00000, 0.91102, 0.37383, 0.10178, 0.52439, 1.00000, 0.00000
-3.21637, 0.00000, -3.73035, 4.92550, 3.14159, 2.43005, 0.00000, 0.00000, 0.00000, 0.00000, 0.00000, 0.00000, 0.94766, 0.47082, 0.00000, 0.52918, 0.00000, 0.00000
-1.70460, 1.50894, -4.37124, 4.92852, 2.41700, 2.66145, 7.00000, 468204.00000, 223111.00000, 346804.28571, 6022316542.20408, 77603.58588, 0.91102, 0.37091, -0.30980, 0.93889, 0.85714, 0.14286
-0.43315, 2.05481, -4.45876, 4.92853, 1.77855, 2.70143, 7.00000, 447109.00000, 208610.00000, 333638.00000, 5077449754.00000, 71256.22607, 0.90081, 0.16379, -0.65917, 1.49537, 0.85714, 0.14286
-0.43811, 0.72621, -4.85499, 4.92852, 2.11363, 2.96865, 4.00000, 496156.00000, 210698.00000, 362361.75000, 17372854178.18750, 131806.12345, 0.91102, 0.10419, -0.14496, 1.04077, 1.00000, 0.00000
-0.87126, 1.44936, -4.62611, 4.92550, 2.11205, 2.79113, 4.00000, 340462.00000, 85729.00000, 225276.00000, 12066325637.50000, 109846.82807, 0.94766, 0.21070, -0.38457, 1.17386, 1.00000, 0.00000
-1.70460, -1.50894, -4.37124, 4.92852, -2.41700, 2.66145, 1.00000, 340425.00000, 340425.00000, 340425.00000, 0.00000, 0.00000, 0.91102, 0.22901, 0.19128, 0.57970, 0.00000, 1.00000
-0.43811, -0.72621, -4.85499, 4.92852, -2.11363, 2.96865, 4.00000, 495609.00000, 159932.00000, 339984.50000, 16432802978.25000, 128190.49488, 0.91102, 0.08077, 0.11238, 0.80685, 1.00000, 0.00000
-0.43315, -2.05481, -4.45876, 4.92853, -1.77855, 2.70143, 3.00000, 482870.00000, 178788.00000, 351651.00000, 16278088488.66667, 127585.61239, 0.90081, 0.07065, 0.28433, 0.64502, 1.00000, 0.00000
-0.87126, -1.44936, -4.62611, 4.92550, -2.11205, 2.79113, 1.00000, 178144.00000, 178144.00000, 178144.00000, 0.00000, 0.00000, 0.94766, 0.11910, 0.21738, 0.66353, 1.00000, 0.00000
-2.14766, 0.78579, -4.35121, 4.91558, 2.79084, 2.65769, 2.00000, 479799.00000, 330650.00000, 405224.50000, 5561356050.25000, 74574.50000, 1.08598, 0.37301, -0.13352, 0.76051, 1.00000, 0.00000
-0.87622, 0.00000, -4.83686, 4.91558, 3.14159, 2.96238, 0.00000, 0.00000, 0.00000, 0.00000, 0.00000, 0.00000, 1.08598, 0.15697, 0.00000, 0.84303, 0.00000, 0.00000
-2.14766, -0.78579, -4.35121, 4.91558, -2.79084, 2.65769, 1.00000, 426164.00000, 426164.00000, 426164.00000, 0.00000, 0.00000, 1.08598, 0.29439, 0.10538, 0.60022, 1.00000, 0.00000
-1.75244, 0.00000, -4.58794, 4.91123, 3.14159, 2.77673, 0.00000, 0.00000, 0.00000, 0.00000, 0.00000, 0.00000, 1.14286, 0.27639, 0.00000, 0.72361, 0.00000, 0.00000
0.70086, 2.75567, -4.02561, 4.92853, 1.32174, 2.52663, 13.00000, 496821.00000, 107099.00000, 273943.76923, 12648268761.10059, 112464.52223, 0.90081, -1.86160, -6.49176, 9.35336, 0.92308, 0.07692
1.49161, 3.48430, -3.15040, 4.92852, 1.16631, 2.26428, 22.00000, 411738.00000, 49192.00000, 228982.40909, 11573542679.60538, 107580.40100, 0.91102, 0.81587, 1.82322, -1.63909, 0.95455, 0.04545
1.97536, 2.21782, -3.93313, 4.92852, 0.84316, 2.49482, 19.00000, 496844.00000, 64080.00000, 212749.15789, 15220023074.34349, 123369.45762, 0.91102, 5.51065, 6.05607, -10.56672, 0.89474, 0.10526
1.40973, 2.85909, -3.75484, 4.92550, 1.11271, 2.43770, 12.00000, 485654.00000, 39981.00000, 189655.58333, 16887734831.40972, 129952.81771, 0.94766, 3.30198, 7.02665, -9.32863, 1.00000, 0.00000
2.21782, 3.93313, -1.97536, 4.92852, 1.05736, 1.98319, 72.00000, 479392.00000, 16296.00000, 146001.63889, 14291965921.09182, 119549.01054, 0.91102, 0.54500, 0.95092, -0.49591, 0.94444, 0.05556
2.75567, 4.02561, -0.70086, 4.92853, 0.97053, 1.71348, 66.00000, 489399.00000, 27389.00000, 170195.90909, 18846865009.77962, 137283.88474, 0.90081, 0.46424, 0.66888, -0.13313, 0.89394, 0.10606
3.48430, 3.15040, -1.49161, 4.92852, 0.73511, 1.87827, 74.00000, 436574.00000, 13072.00000, 145086.58108, 15183436592.35154, 123221.08826, 0.91102, 0.68893, 0.61936, -0.30829, 0.89189, 0.10811
2.85909, 3.75484, -1.40973, 4.92550, 0.92001, 1.86107, 65.00000, 483381.00000, 19338.00000, 142744.70769, 11980674101.46840, 109456.26570, 0.94766, 0.53830, 0.71466, -0.25296, 0.93846, 0.06154
3.15040, 1.49161, -3.48430, 4.92852, 0.44220, 2.35600, 20.00000, 481763.00000, 40956.00000, 194510.90000, 10899662181.99000, 104401.44722, 0.91102, 2.59457, 1.29147, -2.88604, 0.95000, 0.05000
3.93313, 1.97536, -2.21782, 4.92852, 0.46544, 2.03756, 49.00000, 424281.00000, 27706.00000, 147447.57143, 9578318382.48980, 97868.88363, 0.91102, 1.05443, 0.54989, -0.60432, 0.91837, 0.08163
4.02561, 0.70086, -2.75567, 4.92853, 0.17237, 2.16413, 32.00000, 489564.00000, 36594.00000, 220290.59375, 17396043006.67871, 131894.05979, 0.90081, 1.98030, 0.39414, -1.37444, 0.81250, 0.18750
3.75484, 1.40973, -2.85909, 4.92550, 0.35916, 2.19010, 14.00000, 496205.00000, 52622.00000, 232121.57143, 13282113860.24490, 115248.05361, 0.94766, 1.66465, 0.58922, -1.25387, 0.85714, 0.14286
2.20355, 3.47499, -2.68919, 4.91558, 1.00567, 2.14966, 30.00000, 477924.00000, 37461.00000, 171143.70000, 14516592611.81000, 120484.82316, 1.08598, 0.74373, 1.15838, -0.90211, 0.90000, 0.10000
3.47499, 2.68919, -2.20355, 4.91558, 0.65860, 2.03563, 60.00000, 473005.00000, 20757.00000, 188684.85000, 17060043560.66084, 130614.10169, 1.08598, 0.87972, 0.68510, -0.56481, 0.95000, 0.05000
2.68919, 2.20355, -3.47499, 4.91558, 0.68646, 2.35595, 22.00000, 457427.00000, 52579.00000, 239600.18182, 13297349233.42149, 115314.13284, 1.08598, 1.85065, 1.52573, -2.37638, 0.77273, 0.22727
2.83550, 2.83550, -2.83550, 4.91123, 0.78540, 2.18628, 40.00000, 497831.00000, 27808.00000, 150045.45000, 10994377383.84750, 104854.07662, 1.14286, 1.00000, 1.00000, -1.00000, 0.92500, 0.07500
2.75567, -4.02561, 0.70086, 4.92853, -0.97053, 1.42811, 8.00000, 450446.00000, 62938.00000, 227889.12500, 13128503519.10938, 114579.68196, 0.90081, -6.49176, 9.35336, -1.86160, 0.25000, 0.75000
3.48430, -3.15040, 1.49161, 4.92852, -0.73511, 1.26333, 24.00000, 487864.00000, 72338.00000, 238638.45833, 14600235979.49827, 120831.43622, 0.91102, 1.82322, -1.63909, 0.81587, 0.08333, 0.91667
2.21782, -3.93313, 1.97536, 4.92852, -1.05736, 1.15840, 15.00000, 498925.00000, 111432.00000, 276806.13333, 12907806517.04889, 113612.52799, 0.91102, 6.05607, -10.56672, 5.51065, 0.26667, 0.73333
2.85909, -3.75484, 1.40973, 4.92550, -0.92001, 1.28053, 13.00000, 460108.00000, 95704.00000, 261004.07692, 9631935088.68639, 98142.42247, 0.94766, 7.02665, -9.32863, 3.30198, 0.07692, 0.92308
3.93313, -1.97536, 2.21782, 4.92852, -0.46544, 1.10403, 30.00000, 497032.00000, 38850.00000, 190834.33333, 16237140159.88889, 127425.03741, 0.91102, 0.95092, -0.49591, 0.54500, 0.20000, 0.80000
4.02561, -0.70086, 2.75567, 4.92853, -0.17237, 0.97747, 45.00000, 433932.00000, 26898.00000, 173339.48889, 14170869127.58321, 119041.45970, 0.90081, 0.66888, -0.13313, 0.46424, 0.11111, 0.88889
3.15040, -1.49161, 3.48430, 4.92852, -0.44220, 0.78559, 42.00000, 447011.00000, 30217.00000, 188497.16667, 13050924196.28175, 114240.64161, 0.91102, 0.61936, -0.30829, 0.68893, 0.09524, 0.90476
3.75484, -1.40973, 2.85909, 4.92550, -0.35916, 0.95149, 35.00000, 489313.00000, 41834.00000, 183526.11429, 14536123705.98694, 120565.84801, 0.94766, 0.71466, -0.25296, 0.53830, 0.11429, 0.88571
1.49161, -3.48430, 3.15040, 4.92852, -1.16631, 0.87732, 10.00000, 439456.00000, 36989.00000, 251142.30000, 17524714486.41000, 132380.94457, 0.91102, 1.29147, -2.88604, 2.59457, 0.20000, 0.80000
1.97536, -2.21782, 3.93313, 4.92852, -0.84316, 0.64677, 25.00000, 491135.00000, 39825.00000, 224773.44000, 19244201056.32640, 138723.46974, 0.91102, 0.54989, -0.60432, 1.05443, 0.16000, 0.84000
0.70086, -2.75567, 4.02561, 4.92853, -1.32174, 0.61496, 11.00000, 470501.00000, 42091.00000, 293387.72727, 18339631330.01653, 135423.89497, 0.90081, 0.39414, -1.37444, 1.98030, 0.09091, 0.90909
1.40973, -2.85909, 3.75484, 4.92550, -1.11271, 0.70390, 12.00000, 423622.00000, 86444.00000, 238079.75000, 11692558050.68750, 108132.13237, 0.94766, 0.58922, -1.25387, 1.66465, 0.08333, 0.91667
3.47499, -2.68919, 2.20355, 4.91558, -0.65860, 1.10596, 20.00000, 407930.00000, 43830.00000, 131372.00000, 9736902417.70000, 98675.74382, 1.08598, 1.15838, -0.90211, 0.74373, 0.10000, 0.90000
2.68919, -2.20355, 3.47499, 4.91558, -0.68646, 0.78564, 19.00000, 497076.00000, 49496.00000, 189489.52632, 18119249863.30194, 134607.76301, 1.08598, 0.68510, -0.56481, 0.87972, 0.00000, 1.00000
2.20355, -3.47499, 2.68919, 4.91558, -1.00567, 0.99193, 13.00000, 395763.00000, 75358.00000, 184707.23077, 7268893784.79290, 85257.80776, 1.08598, 1.52573, -2.37638, 1.85065, 0.07692, 0.92308
2.83550, -2.83550, 2.83550, 4.91123, -0.78540, 0.95532, 19.00000, 476531.00000, 52090.00000, 193590.21053, 11092098478.16620, 105319.03189, 1.14286, 1.00000, -1.00000, 1.00000, 0.05263, 0.94737
2.05481, -4.45876, 0.43315, 4.92853, -1.13896, 1.48280, 6.00000, 495072.00000, 63470.00000, 319205.16667, 23546695521.47223, 153449.32558, 0.90081, -0.98030, 2.22389, -0.24359, 0.33333, 0.66667
1.50894, -4.37124, 1.70460, 4.92852, -1.23841, 1.21764, 5.00000, 345138.00000, 77809.00000, 203352.60000, 12015449816.24000, 109615.00726, 0.91102, -1.19997, 3.63662, -1.43665, 0.00000, 1.00000
0.72621, -4.85499, 0.43811, 4.92852, -1.42232, 1.48179, 5.00000, 371765.00000, 166425.00000, 271680.20000, 6271498712.56000, 79192.79457, 0.91102, -0.18312, 1.31474, -0.13162, 0.00000, 1.00000
1.44936, -4.62611, 0.87126, 4.92550, -1.26718, 1.39297, 4.00000, 392888.00000, 126170.00000, 241671.25000, 10531959385.68750, 102625.33501, 0.94766, -0.66465, 2.02881, -0.36416, 0.00000, 1.00000
0.78273, -3.92241, 2.87963, 4.92852, -1.37383, 0.94680, 6.00000, 456695.00000, 121755.00000, 270630.83333, 11663831883.80556, 107999.22168, 0.91102, -2.08678, 10.75154, -7.66476, 0.16667, 0.83333
0.00000, -3.18882, 3.75791, 4.92853, -1.57080, 0.70366, 5.00000, 459412.00000, 167828.00000, 336735.00000, 10200070540.40000, 100995.39861, 0.90081, 0.00000, -7.64229, 8.64229, 0.00000, 1.00000
-0.78273, -3.92241, 2.87963, 4.92852, -1.76776, 0.94680, 6.00000, 440871.00000, 156491.00000, 291505.16667, 8557748711.80556, 92508.10079, 0.91102, 0.40335, 2.07817, -1.48153, 0.00000, 1.00000
0.00000, -3.73035, 3.21637, 4.92550, -1.57080, 0.85925, 6.00000, 446382.00000, 207286.00000, 309557.16667, 8082320512.80556, 89901.72697, 0.94766, -0.00000, 9.06739, -8.06739, 0.16667, 0.83333
-0.72621, -4.85499, 0.43811, 4.92852, -1.71928, 1.48179, 1.00000, 340970.00000, 340970.00000, 340970.00000, 0.00000, 0.00000, 0.91102, 0.13403, 0.96230, -0.09634, 0.00000, 1.00000
-1.50894, -4.37124, 1.70460, 4.92852, -1.90319, 1.21764, 1.00000, 491889.00000, 491889.00000, 491889.00000, 0.00000, 0.00000, 0.91102, 0.35294, 1.06961, -0.42255, 0.00000, 1.00000
-2.05481, -4.45876, 0.43315, 4.92853, -2.00263, 1.48280, 1.00000, 275504.00000, 275504.00000, 275504.00000, 0.00000, 0.00000, 0.90081, 0.33112, 0.75116, -0.08228, 0.00000, 1.00000
-1.44936, -4.62611, 0.87126, 4.92550, -1.87441, 1.39297, 0.00000, 0.00000, 0.00000, 0.00000, 0.00000, 0.00000, 0.94766, 0.28534, 0.87099, -0.15634, 0.00000, 0.00000
0.78579, -4.35121, 2.14766, 4.91558, -1.39213, 1.11864, 3.00000, 449376.00000, 165704.00000, 288601.33333, 14128980120.88889, 118865.38656, 1.08598, -0.52573, 2.99442, -1.46868, 0.00000, 1.00000
-0.78579, -4.35121, 2.14766, 4.91558, -1.74946, 1.11864, 0.00000, 0.00000, 0.00000, 0.00000, 0.00000, 0.00000, 1.08598, 0.25627, 1.45965, -0.71592, 0.00000, 0.00000
0.00000, -4.83686, 0.87622, 4.91558, -1.57080, 1.39159, 2.00000, 392991.00000, 182352.00000, 287671.50000, 11092197080.25000, 105319.50000, 1.08598, -0.00000, 1.22879, -0.22879, 0.00000, 1.00000
0.00000, -4.58794, 1.75244, 4.91123, -1.57080, 1.20593, 1.00000, 189193.00000, 189193.00000, 189193.00000, 0.00000, 0.00000, 1.14286, -0.00000, 1.61803, -0.61803, 0.00000, 1.00000
2.05481, -4.45876, -0.43315, 4.92853, -1.13896, 1.65880, 3.00000, 306373.00000, 106187.00000, 194986.00000, 6934181304.66667, 83271.73173, 0.90081, -0.65917, 1.49537, 0.16379, 0.66667, 0.33333
0.72621, -4.85499, -0.43811, 4.92852, -1.42232, 1.65981, 2.00000, 322289.00000, 197868.00000, 260078.50000, 3870146310.25000, 62210.50000, 0.91102, -0.14496, 1.04077, 0.10419, 0.50000, 0.50000
1.50894, -4.37124, -1.70460, 4.92852, -1.23841, 1.92396, 0.00000, 0.00000, 0.00000, 0.00000, 0.00000, 0.00000, 0.91102, -0.30980, 0.93889, 0.37091, 0.00000, 0.00000
1.44936, -4.62611, -0.87126, 4.92550, -1.26718, 1.74862, 3.00000, 368966.00000, 309008.00000, 332189.33333, 691576838.22222, 26297.84855, 0.94766, -0.38457, 1.17386, 0.21070, 0.66667, 0.33333
-0.72621, -4.85499, -0.43811, 4.92852, -1.71928, 1.65981, 0.00000, 0.00000, 0.00000, 0.00000, 0.00000, 0.00000, 0.91102, 0.11238, 0.80685, 0.08077, 0.00000, 0.00000
-2.05481, -4.45876, -0.43315, 4.92853, -2.00263, 1.65880, 0.00000, 0.00000, 0.00000, 0.00000, 0.00000, 0.00000, 0.90081, 0.28433, 0.64502, 0.07065, 0.00000, 0.00000
-1.50894, -4.37124, -1.70460, 4.92852, -1.90319, 1.92396, 1.00000, 316342.00000, 316342.00000, 316342.00000, 0.00000, 0.00000, 0.91102, 0.19128, 0.57970, 0.22901, 0.00000, 1.00000
-1.44936, -4.62611, -0.87126, 4.92550, -1.87441, 1.74862, 0.00000, 0.00000, 0.00000, 0.00000, 0.00000, 0.00000, 0.94766, 0.21738, 0.66353, 0.11910, 0.00000, 0.00000
0.78273, -3.92241, -2.87963, 4.92852, -1.37383, 2.19479, 3.00000, 429004.00000, 209364.00000, 316568.00000, 8053975178.66667, 89743.94230, 0.91102, -0.12779, 0.65841, 0.46938, 0.66667, 0.33333
-0.78273, -3.92241, -2.87963, 4.92852, -1.76776, 2.19479, 3.00000, 451141.00000, 147131.00000, 335895.66667, 18106226203.55555, 134559.37798, 0.91102, 0.10178, 0.52439, 0.37383, 0.66667, 0.33333
0.00000, -3.18882, -3.75791, 4.92853, -1.57080, 2.43793, 0.00000, 0.00000, 0.00000, 0.00000, 0.00000, 0.00000, 0.90081, 0.00000, 0.46930, 0.53070, 0.00000, 0.00000
0.00000, -3.73035, -3.21637, 4.92550, -1.57080, 2.28234, 1.00000, 393537.00000, 393537.00000, 393537.00000, 0.00000, 0.00000, 0.94766, -0.00000, 0.52918, 0.47082, 0.00000, 1.00000
0.00000, -4.83686, -0.87622, 4.91558, -1.57080, 1.75001, 1.00000, 454500.00000, 454500.00000, 454500.00000, 0.00000, 0.00000, 1.08598, -0.00000, 0.84303, 0.15697, 0.00000, 1.00000
-0.78579, -4.35121, -2.14766, 4.91558, -1.74946, 2.02296, 0.00000, 0.00000, 0.00000, 0.00000, 0.00000, 0.00000, 1.08598, 0.10538, 0.60022, 0.29439, 0.00000, 0.00000
0.78579, -4.35121, -2.14766, 4.91558, -1.39213, 2.02296, 2.00000, 308223.00000, 130296.00000, 219259.50000, 7914504332.25000, 88963.50000, 1.08598, -0.13352, 0.76051, 0.37301, 0.00000, 1.00000
0.00000, -4.58794, -1.75244, 4.91123, -1.57080, 1.93566, 1.00000, 179774.00000, 179774.00000, 179774.00000, 0.00000, 0.00000, 1.14286, -0.00000, 0.72361, 0.27639, 0.00000, 1.00000
2.75567, -4.02561, -0.70086, 4.92853, -0.97053, 1.71348, 5.00000, 381807.00000, 189215.00000, 274568.80000, 4189393177.76000, 64725.52184, 0.90081, -1.37444, 1.98030, 0.39414, 0.20000, 0.80000
2.21782, -3.93313, -1.97536, 4.92852, -1.05736, 1.98319, 3.00000, 493311.00000, 409992.00000, 459021.00000, 1265628354.00000, 35575.67082, 0.91102, -0.60432, 1.05443, 0.54989, 0.00000, 1.00000
3.48430, -3.15040, -1.49161, 4.92852, -0.73511, 1.87827, 8.00000, 465297.00000, 152503.00000, 297050.75000, 11510948334.68750, 107289.08768, 0.91102, -2.88604, 2.59457, 1.29147, 0.25000, 0.75000
2.85909, -3.75484, -1.40973, 4.92550, -0.92001, 1.86107, 2.00000, 299733.00000, 246340.00000, 273036.50000, 712703112.25000, 26696.50000, 0.94766, -1.25387, 1.66465, 0.58922, 0.00000, 1.00000
1.49161, -3.48430, -3.15040, 4.92852, -1.16631, 2.26428, 1.00000, 274918.00000, 274918.00000, 274918.00000, 0.00000, 0.00000, 0.91102, -0.30829, 0.68893, 0.61936, 0.00000, 1.00000
0.70086, -2.75567, -4.02561, 4.92853, -1.32174, 2.52663, 1.00000, 197040.00000, 197040.00000, 197040.00000, 0.00000, 0.00000, 0.90081, -0.13313, 0.46424, 0.66888, 0.00000, 1.00000
1.97536, -2.21782, -3.93313, 4.92852, -0.84316, 2.49482, 3.00000, 484722.00000, 361243.00000, 403656.33333, 3288178676.22222, 57342.64274, 0.91102, -0.49591, 0.54500, 0.95092, 0.66667, 0.33333
1.40973, -2.85909, -3.75484, 4.92550, -1.11271, 2.43770, 5.00000, 452143.00000, 152586.00000, 318039.40000, 17600117531.84000, 132665.43458, 0.94766, -0.25296, 0.53830, 0.71466, 0.60000, 0.40000
3.93313, -1.97536, -2.21782, 4.92852, -0.46544, 2.03756, 20.00000, 479699.00000, 114845.00000, 260115.55000, 12243937321.64750, 110652.32633, 0.91102, -10.56672, 5.51065, 6.05607, 0.50000, 0.50000
3.15040, -1.49161, -3.48430, 4.92852, -0.44220, 2.35600, 5.00000, 474320.00000, 223961.00000, 347229.20000, 9838644318.96000, 99189.94061, 0.91102, -1.63909, 0.81587, 1.82322, 0.60000, 0.40000
4.02561, -0.70086, -2.75567, 4.92853, -0.17237, 2.16413, 10.00000, 497748.00000, 67534.00000, 297085.00000, 18235770515.20000, 135039.88491, 0.90081, 9.35336, -1.86160, -6.49176, 0.60000, 0.40000
3.75484, -1.40973, -2.85909, 4.92550, -0.35916, 2.19010, 12.00000, 489365.00000, 89050.00000, 271569.66667, 14661228054.05556, 121083.55815, 0.94766, -9.32863, 3.30198, 7.02665, 0.75000, 0.25000
2.20355, -3.47499, -2.68919, 4.91558, -1.00567, 2.14966, 0.00000, 0.00000, 0.00000, 0.00000, 0.00000, 0.00000, 1.08598, -0.56481, 0.87972, 0.68510, 0.00000, 0.00000
2.68919, -2.20355, -3.47499, 4.91558, -0.68646, 2.35595, 1.00000, 400814.00000, 400814.00000, 400814.00000, 0.00000, 0.00000, 1.08598, -0.90211, 0.74373, 1.15838, 0.00000, 1.00000
3.47499, -2.68919, -2.20355, 4.91558, -0.65860, 2.03563, 12.00000, 481852.00000, 196136.00000, 344265.50000, 9013746485.08333, 94940.75250, 1.08598, -2.37638, 1.85065, 1.52573, 0.41667, 0.58333
2.83550, -2.83550, -2.83550, 4.91123, -0.78540, 2.18628, 2.00000, 452670.00000, 373456.00000, 413063.00000, 1568714449.00000, 39607.00000, 1.14286, -1.00000, 1.00000, 1.00000, 0.00000, 1.00000
3.18882, -3.75791, 0.00000, 4.92853, -0.86714, 1.57080, 9.00000, 400086.00000, 154926.00000, 238444.88889, 6978938210.76543, 83540.03957, 0.90081, -7.64229, 8.64229, -0.00000, 0.22222, 0.77778
3.92241, -2.87963, -0.78273, 4.92852, -0.63328, 1.73029, 11.00000, 487495.00000, 83656.00000, 244064.72727, 13821925163.65289, 117566.68390, 0.91102, 10.75154, -7.66476, -2.08678, 0.18182, 0.81818
3.92241, -2.87963, 0.78273, 4.92852, -0.63328, 1.41130, 17.00000, 494140.00000, 78879.00000, 239240.05882, 12386737854.64360, 111295.72254, 0.91102, 2.07817, -1.48153, 0.40335, 0.11765, 0.88235
3.73035, -3.21637, 0.00000, 4.92550, -0.71154, 1.57080, 14.00000, 477806.00000, 84552.00000, 270836.64286, 18118758923.22959, 134605.93941, 0.94766, 9.06739, -8.06739, 0.00000, 0.21429, 0.78571
4.37124, -1.70460, -1.50894, 4.92852, -0.37182, 1.88196, 24.00000, 496190.00000, 77107.00000, 283499.91667, 12781640114.65972, 113055.91588, 0.91102, 3.63662, -1.43665, -1.19997, 0.37500, 0.62500
4.45876, -0.43315, -2.05481, 4.92853, -0.09684, 2.00085, 17.00000, 492468.00000, 35441.00000, 220306.00000, 15091745980.94118, 122848.46756, 0.90081, 2.22389, -0.24359, -0.98030, 0.64706, 0.35294
4.85499, -0.43811, -0.72621, 4.92852, -0.09000, 1.71868, 33.00000, 476139.00000, 42657.00000, 226648.36364, 15485704517.38292, 124441.57070, 0.91102, 1.31474, -0.13162, -0.18312, 0.54545, 0.45455
4.62611, -0.87126, -1.44936, 4.92550, -0.18616, 1.86947, 13.00000, 496284.00000, 89997.00000, 260916.69231, 23157248958.67456, 152175.06024, 0.94766, 2.02881, -0.36416, -0.66465, 0.53846, 0.46154
4.37124, -1.70460, 1.50894, 4.92852, -0.37182, 1.25963, 42.00000, 481863.00000, 33779.00000, 190191.42857, 11866621711.43537, 108934.02458, 0.91102, 1.06961, -0.42255, 0.35294, 0.11905, 0.88095
4.85499, -0.43811, 0.72621, 4.92852, -0.09000, 1.42291, 49.00000, 365931.00000, 44432.00000, 157488.16327, 8934537457.19783, 94522.68224, 0.91102, 0.96230, -0.09634, 0.13403, 0.20408, 0.79592
4.45876, -0.43315, 2.05481, 4.92853, -0.09684, 1.14074, 51.00000, 448419.00000, 22807.00000, 162157.25490, 10156173479.32718, 100777.84220, 0.90081, 0.75116, -0.08228, 0.33112, 0.27451, 0.72549
4.62611, -0.87126, 1.44936, 4.92550, -0.18616, 1.27212, 32.00000, 487561.00000, 32141.00000, 193119.62500, 16882501236.29688, 129932.67963, 0.94766, 0.87099, -0.15634, 0.28534, 0.18750, 0.81250
4.35121, -2.14766, -0.78579, 4.91558, -0.45850, 1.73134, 15.00000, 477236.00000, 95720.00000, 256375.93333, 18631726354.06222, 136498.08187, 1.08598, 2.99442, -1.46868, -0.52573, 0.46667, 0.53333
4.83686, -0.87622, 0.00000, 4.91558, -0.17921, 1.57080, 33.00000, 488724.00000, 47468.00000, 186732.42424, 15898361035.69881, 126088.70305, 1.08598, 1.22879, -0.22879, 0.00000, 0.36364, 0.63636
4.35121, -2.14766, 0.78579, 4.91558, -0.45850, 1.41025, 20.00000, 468255.00000, 53483.00000, 210013.10000, 15000769214.69000, 122477.62740, 1.08598, 1.45965, -0.71592, 0.25627, 0.20000, 0.80000
4.58794, -1.75244, 0.00000, 4.91123, -0.36486, 1.57080, 25.00000, 456208.00000, 53922.00000, 212649.08000, 12142923919.75360, 110194.93600, 1.14286, 1.61803, -0.61803, 0.00000, 0.12000, 0.88000
0.43315, -2.05481, 4.45876, 4.92853, -1.36304, 0.44016, 10.00000, 486179.00000, 128954.00000, 262986.70000, 14510536742.01000, 120459.68928, 0.90081, 0.16379, -0.65917, 1.49537, 0.10000, 0.90000
1.70460, -1.50894, 4.37124, 4.92852, -0.72459, 0.48015, 25.00000, 470946.00000, 29470.00000, 220916.56000, 15789709431.60640, 125657.11055, 0.91102, 0.37091, -0.30980, 0.93889, 0.16000, 0.84000
0.43811, -0.72621, 4.85499, 4.92852, -1.02797, 0.17295, 15.00000, 441364.00000, 88115.00000, 217752.13333, 12210792938.51556, 110502.45671, 0.91102, 0.10419, -0.14496, 1.04077, 0.13333, 0.86667
0.87126, -1.44936, 4.62611, 4.92550, -1.02954, 0.35046, 14.00000, 354414.00000, 76873.00000, 238060.50000, 7246234639.82143, 85124.81800, 0.94766, 0.21070, -0.38457, 1.17386, 0.00000, 1.00000
2.87963, -0.78273, 3.92241, 4.92852, -0.26540, 0.65037, 41.00000, 409743.00000, 25486.00000, 156329.73171, 12271808751.90363, 110778.19619, 0.91102, 0.46938, -0.12779, 0.65841, 0.00000, 1.00000
3.75791, 0.00000, 3.18882, 4.92853, 0.00000, 0.86714, 58.00000, 498894.00000, 13146.00000, 151503.05172, 15755581286.84215, 125521.23839, 0.90081, 0.53070, -0.00000, 0.46930, 0.15517, 0.84483
2.87963, 0.78273, 3.92241, 4.92852, 0.26540, 0.65037, 42.00000, 450668.00000, 23492.00000, 182922.28571, 11398406389.15646, 106763.31949, 0.91102, 0.37383, 0.10178, 0.52439, 0.23810, 0.76190
3.21637, 0.00000, 3.73035, 4.92550, 0.00000, 0.71154, 48.00000, 394923.00000, 23901.00000, 147973.14583, 10892005302.66623, 104364.77041, 0.94766, 0.47082, -0.00000, 0.52918, 0.10417, 0.89583
0.43811, 0.72621, 4.85499, 4.92852, 1.02797, 0.17295, 25.00000, 455252.00000, 33932.00000, 228903.32000, 16077302296.21760, 126796.30238, 0.91102, 0.08077, 0.11238, 0.80685, 0.12000, 0.88000
1.70460, 1.50894, 4.37124, 4.92852, 0.72459, 0.48015, 32.00000, 474766.00000, 71159.00000, 212315.81250, 11189331675.83984, 105779.63734, 0.91102, 0.22901, 0.19128, 0.57970, 0.34375, 0.65625
0.43315, 2.05481, 4.45876, 4.92853, 1.36304, 0.44016, 11.00000, 484966.00000, 74414.00000, 266258.72727, 16442511339.10744, 128228.35622, 0.90081, 0.07065, 0.28433, 0.64502, 0.27273, 0.72727
0.87126, 1.44936, 4.62611, 4.92550, 1.02954, 0.35046, 12.00000, 482764.00000, 41458.00000, 200600.66667, 16599384332.55556, 128838.59799, 0.94766, 0.11910, 0.21738, 0.66353, 0.25000, 0.75000
2.14766, -0.78579, 4.35121, 4.91558, -0.35075, 0.48390, 28.00000, 445808.00000, 27895.00000, 193308.32143, 16190343440.93240, 127241.28041, 1.08598, 0.37301, -0.13352, 0.76051, 0.14286, 0.85714
2.14766, 0.78579, 4.35121, 4.91558, 0.35075, 0.48390, 24.00000, 325789.00000, 39175.00000, 154447.16667, 6953674556.88889, 83388.69562, 1.08598, 0.29439, 0.10538, 0.60022, 0.12500, 0.87500
0.87622, 0.00000, 4.83686, 4.91558, 0.00000, 0.17921, 23.00000, 460052.00000, 65429.00000, 226742.86957, 15965484852.54820, 126354.59965, 1.08598, 0.15697, -0.00000, 0.84303, 0.04348, 0.95652
1.75244, 0.00000, 4.58794, 4.91123, 0.00000, 0.36486, 31.00000, 477088.00000, 36239.00000, 200100.70968, 18320888170.27055, 135354.67547, 1.14286, 0.27639, 0.00000, 0.72361, 0.09677, 0.90323
-2.75567, -4.02561, 0.70086, 4.92853, -2.17107, 1.42811, 1.00000, 427739.00000, 427739.00000, 427739.00000, 0.00000, 0.00000, 0.90081, 0.46424, 0.66888, -0.13313, 0.00000, 1.00000
-2.21782, -3.93313, 1.97536, 4.92852, -2.08423, 1.15840, 1.00000, 419639.00000, 419639.00000, 419639.00000, 0.00000, 0.00000, 0.91102, 0.54500, 0.95092, -0.49591, 0.00000, 1.00000
-3.48430, -3.15040, 1.49161, 4.92852, -2.40648, 1.26333, 1.00000, 435369.00000, 435369.00000, 435369.00000, 0.00000, 0.00000, 0.91102, 0.68893, 0.61936, -0.30829, 0.00000, 1.00000
-2.85909, -3.75484, 1.40973, 4.92550, -2.22158, 1.28053, 2.00000, 306348.00000, 282876.00000, 294612.00000, 137733696.00000, 11736.00000, 0.94766, 0.53830, 0.71466, -0.25296, 0.00000, 1.00000
-1.49161, -3.48430, 3.15040, 4.92852, -1.97528, 0.87732, 5.00000, 471270.00000, 157976.00000, 355090.40000, 15530499973.84000, 124621.42662, 0.91102, 0.81587, 1.82322, -1.63909, 0.00000, 1.00000
-0.70086, -2.75567, 4.02561, 4.92853, -1.81985, 0.61496, 6.00000, 499179.00000, 124620.00000, 278091.50000, 20989252501.58333, 144876.68032, 0.90081, -1.86160, -6.49176, 9.35336, 0.00000, 1.00000
-1.97536, -2.21782, 3.93313, 4.92852, -2.29844, 0.64677, 3.00000, 469079.00000, 129392.00000, 271872.66667, 20728658957.55556, 143974.50801, 0.91102, 5.51065, 6.05607, -10.56672, 0.33333, 0.66667
-1.40973, -2.85909, 3.75484, 4.92550, -2.02888, 0.70390, 1.00000, 478185.00000, 478185.00000, 478185.00000, 0.00000, 0.00000, 0.94766, 3.30198, 7.02665, -9.32863, 0.00000, 1.00000
-3.93313, -1.97536, 2.21782, 4.92852, -2.67616, 1.10403, 0.00000, 0.00000, 0.00000, 0.00000, 0.00000, 0.00000, 0.91102, 1.05443, 0.54989, -0.60432, 0.00000, 0.00000
-3.15040, -1.49161, 3.48430, 4.92852, -2.69940, 0.78559, 1.00000, 436140.00000, 436140.00000, 436140.00000, 0.00000, 0.00000, 0.91102, 2.59457, 1.29147, -2.88604, 1.00000, 0.00000
-4.02561, -0.70086, 2.75567, 4.92853, -2.96922, 0.97747, 0.00000, 0.00000, 0.00000, 0.00000, 0.00000, 0.00000, 0.90081, 1.98030, 0.39414, -1.37444, 0.00000, 0.00000
-3.75484, -1.40973, 2.85909, 4.92550, -2.78243, 0.95149, 3.00000, 458313.00000, 294652.00000, 367409.33333, 4628798526.88889, 68035.27414, 0.94766, 1.66465, 0.58922, -1.25387, 0.00000, 1.00000
-2.20355, -3.47499, 2.68919, 4.91558, -2.13592, 0.99193, 2.00000, 436038.00000, 316999.00000, 376518.50000, 3542570880.25000, 59519.50000, 1.08598, 0.74373, 1.15838, -0.90211, 0.50000, 0.50000
-2.68919, -2.20355, 3.47499, 4.91558, -2.45513, 0.78564, 2.00000, 399828.00000, 131205.00000, 265516.50000, 18039579032.25000, 134311.50000, 1.08598, 1.85065, 1.52573, -2.37638, 0.00000, 1.00000
-3.47499, -2.68919, 2.20355, 4.91558, -2.48299, 1.10596, 0.00000, 0.00000, 0.00000, 0.00000, 0.00000, 0.00000, 1.08598, 0.87972, 0.68510, -0.56481, 0.00000, 0.00000
-2.83550, -2.83550, 2.83550, 4.91123, -2.35619, 0.95532, 0.00000, 0.00000, 0.00000, 0.00000, 0.00000, 0.00000, 1.14286, 1.00000, 1.00000, -1.00000, 0.00000, 0.00000
-0.70086, -2.75567, -4.02561, 4.92853, -1.81985, 2.52663, 1.00000, 332099.00000, 332099.00000, 332099.00000, 0.00000, 0.00000, 0.90081, 0.10514, 0.36663, 0.52824, 1.00000, 0.00000
-1.49161, -3.48430, -3.15040, 4.92852, -1.97528, 2.26428, 0.00000, 0.00000, 0.00000, 0.00000, 0.00000, 0.00000, 0.91102, 0.19070, 0.42617, 0.38313, 0.00000, 0.00000
-1.97536, -2.21782, -3.93313, 4.92852, -2.29844, 2.49482, 0.00000, 0.00000, 0.00000, 0.00000, 0.00000, 0.00000, 0.91102, 0.24897, 0.27362, 0.47741, 0.00000, 0.00000
-1.40973, -2.85909, -3.75484, 4.92550, -2.02888, 2.43770, 0.00000, 0.00000, 0.00000, 0.00000, 0.00000, 0.00000, 0.94766, 0.16798, 0.35746, 0.47456, 0.00000, 0.00000
-2.21782, -3.93313, -1.97536, 4.92852, -2.08423, 1.98319, 0.00000, 0.00000, 0.00000, 0.00000, 0.00000, 0.00000, 0.91102, 0.27362, 0.47741, 0.24897, 0.00000, 0.00000
-2.75567, -4.02561, -0.70086, 4.92853, -2.17107, 1.71348, 0.00000, 0.00000, 0.00000, 0.00000, 0.00000, 0.00000, 0.90081, 0.36663, 0.52824, 0.10514, 0.00000, 0.00000
-3.48430, -3.15040, -1.49161, 4.92852, -2.40648, 1.87827, 1.00000, 416865.00000, 416865.00000, 416865.00000, 0.00000, 0.00000, 0.91102, 0.42617, 0.38313, 0.19070, 1.00000, 0.00000
-2.85909, -3.75484, -1.40973, 4.92550, -2.22158, 1.86107, 0.00000, 0.00000, 0.00000, 0.00000, 0.00000, 0.00000, 0.94766, 0.35746, 0.47456, 0.16798, 0.00000, 0.00000
-3.15040, -1.49161, -3.48430, 4.92852, -2.69940, 2.35600, 0.00000, 0.00000, 0.00000, 0.00000, 0.00000, 0.00000, 0.91102, 0.38313, 0.19070, 0.42617, 0.00000, 0.00000
-3.93313, -1.97536, -2.21782, 4.92852, -2.67616, 2.03756, 0.00000, 0.00000, 0.00000, 0.00000, 0.00000, 0.00000, 0.91102, 0.47741, 0.24897, 0.27362, 0.00000, 0.00000
-4.02561, -0.70086, -2.75567, 4.92853, -2.96922, 2.16413, 0.00000, 0.00000, 0.00000, 0.00000, 0.00000, 0.00000, 0.90081, 0.52824, 0.10514, 0.36663, 0.00000, 0.00000
-3.75484, -1.40973, -2.85909, 4.92550, -2.78243, 2.19010, 1.00000, 420670.00000, 420670.00000, 420670.00000, 0.00000, 0.00000, 0.94766, 0.47456, 0.16798, 0.35746, 0.00000, 1.00000
-2.20355, -3.47499, -2.68919, 4.91558, -2.13592, 2.14966, 0.00000, 0.00000, 0.00000, 0.00000, 0.00000, 0.00000, 1.08598, 0.26522, 0.41309, 0.32170, 0.00000, 0.00000
-3.47499, -2.68919, -2.20355, 4.91558, -2.48299, 2.03563, 0.00000, 0.00000, 0.00000, 0.00000, 0.00000, 0.00000, 1.08598, 0.41309, 0.32170, 0.26522, 0.00000, 0.00000
-2.68919, -2.20355, -3.47499, 4.91558, -2.45513, 2.35595, 2.00000, 478224.00000, 374885.00000, 426554.50000, 2669737230.25000, 51669.50000, 1.08598, 0.32170, 0.26522, 0.41309, 0.50000, 0.50000
-2.83550, -2.83550, -2.83550, 4.91123, -2.35619, 2.18628, 0.00000, 0.00000, 0.00000, 0.00000, 0.00000, 0.00000, 1.14286, 0.33333, 0.33333, 0.33333, 0.00000, 0.00000
3.75791, 0.00000, -3.18882, 4.92853, 0.00000, 2.27446, 13.00000, 472902.00000, 73192.00000, 244107.00000, 15073523763.53846, 122774.27973, 0.90081, 8.64229, 0.00000, -7.64229, 0.53846, 0.46154
2.87963, -0.78273, -3.92241, 4.92852, -0.26540, 2.49122, 9.00000, 474745.00000, 138920.00000, 252465.11111, 10973058767.20988, 104752.36879, 0.91102, -1.48153, 0.40335, 2.07817, 0.88889, 0.11111
2.87963, 0.78273, -3.92241, 4.92852, 0.26540, 2.49122, 14.00000, 496032.00000, 67493.00000, 212245.21429, 16670335888.73980, 129113.65493, 0.91102, -7.66476, -2.08678, 10.75154, 0.85714, 0.14286
3.21637, 0.00000, -3.73035, 4.92550, 0.00000, 2.43005, 9.00000, 498418.00000, 167052.00000, 288486.00000, 11362328318.22222, 106594.22272, 0.94766, -8.06739, -0.00000, 9.06739, 1.00000, 0.00000
1.70460, -1.50894, -4.37124, 4.92852, -0.72459, 2.66145, 11.00000, 480160.00000, 73810.00000, 245612.18182, 17419592125.05785, 131983.30245, 0.91102, -0.42255, 0.35294, 1.06961, 0.81818, 0.18182
0.43315, -2.05481, -4.45876, 4.92853, -1.36304, 2.70143, 2.00000, 453840.00000, 188481.00000, 321160.50000, 17603849720.25000, 132679.50000, 0.90081, -0.08228, 0.33112, 0.75116, 0.50000, 0.50000
0.43811, -0.72621, -4.85499, 4.92852, -1.02797, 2.96865, 3.00000, 429146.00000, 282718.00000, 350285.66667, 3637288690.88889, 60309.93857, 0.91102, -0.09634, 0.13403, 0.96230, 1.00000, 0.00000
0.87126, -1.44936, -4.62611, 4.92550, -1.02954, 2.79113, 1.00000, 440338.00000, 440338.00000, 440338.00000, 0.00000, 0.00000, 0.94766, -0.15634, 0.28534, 0.87099, 1.00000, 0.00000
1.70460, 1.50894, -4.37124, 4.92852, 0.72459, 2.66145, 12.00000, 451492.00000, 124631.00000, 261142.08333, 12603211420.40972, 112264.02550, 0.91102, -1.43665, -1.19997, 3.63662, 0.83333, 0.16667
0.43811, 0.72621, -4.85499, 4.92852, 1.02797, 2.96865, 2.00000, 276891.00000, 190563.00000, 233727.00000, 1863130896.00000, 43164.00000, 0.91102, -0.13162, -0.18312, 1.31474, 1.00000, 0.00000
0.43315, 2.05481, -4.45876, 4.92853, 1.36304, 2.70143, 7.00000, 485478.00000, 82852.00000, 237412.00000, 26228731203.42857, 161952.86723, 0.90081, -0.24359, -0.98030, 2.22389, 1.00000, 0.00000
0.87126, 1.44936, -4.62611, 4.92550, 1.02954, 2.79113, 4.00000, 292590.00000, 117609.00000, 191261.00000, 5260287412.50000, 72527.83888, 0.94766, -0.36416, -0.66465, 2.02881, 1.00000, 0.00000
2.14766, -0.78579, -4.35121, 4.91558, -0.35075, 2.65769, 1.00000, 335937.00000, 335937.00000, 335937.00000, 0.00000, 0.00000, 1.08598, -0.71592, 0.25627, 1.45965, 0.00000, 1.00000
0.87622, 0.00000, -4.83686, 4.91558, 0.00000, 2.96238, 5.00000, 444860.00000, 132882.00000, 321466.60000, 11550549605.44000, 107473.48327, 1.08598, -0.22879, -0.00000, 1.22879, 0.80000, 0.20000
2.14766, 0.78579, -4.35121, 4.91558, 0.35075, 2.65769, 5.00000, 102661.00000, 62027.00000, 82556.20000, 292694690.56000, 17108.32226, 1.08598, -1.46868, -0.52573, 2.99442, 1.00000, 0.00000
1.75244, 0.00000, -4.58794, 4.91123, 0.00000, 2.77673, 6.00000, 412091.00000, 154639.00000, 296714.33333, 7740609057.88889, 87980.73117, 1.14286, -0.61803, -0.00000, 1.61803, 1.00000, 0.00000
4.45876, 0.43315, 2.05481, 4.92853, 0.09684, 1.14074, 72.00000, 497433.00000, 19832.00000, 171422.47222, 17319089515.13811, 131602.01182, 0.90081, 0.64502, 0.07065, 0.28433, 0.22222, 0.77778
4.85499, 0.43811, 0.72621, 4.92852, 0.09000, 1.42291, 65.00000, 499178.00000, 29212.00000, 225435.47692, 17057214997.17254, 130603.27330, 0.91102, 0.80685, 0.08077, 0.11238, 0.35385, 0.64615
4.37124, 1.70460, 1.50894, 4.92852, 0.37182, 1.25963, 74.00000, 456248.00000, 28375.00000, 180367.00000, 14727454468.89189, 121356.72404, 0.91102, 0.57970, 0.22901, 0.19128, 0.40541, 0.59459
4.62611, 0.87126, 1.44936, 4.92550, 0.18616, 1.27212, 54.00000, 495246.00000, 23164.00000, 177876.42593, 14494982457.83710, 120395.10978, 0.94766, 0.66353, 0.11910, 0.21738, 0.22222, 0.77778
4.85499, 0.43811, -0.72621, 4.92852, 0.09000, 1.71868, 39.00000, 494989.00000, 28369.00000, 193192.00000, 15152683868.97436, 123096.23824, 0.91102, 1.04077, 0.10419, -0.14496, 0.51282, 0.48718
4.45876, 0.43315, -2.05481, 4.92853, 0.09684, 2.00085, 27.00000, 421378.00000, 28813.00000, 200330.18519, 13664810416.89163, 116896.58001, 0.90081, 1.49537, 0.16379, -0.65917, 0.59259, 0.40741
4.37124, 1.70460, -1.50894, 4.92852, 0.37182, 1.88196, 54.00000, 481318.00000, 40928.00000, 215186.87037, 11134474243.89060, 105520.01821, 0.91102, 0.93889, 0.37091, -0.30980, 0.77778, 0.22222
4.62611, 0.87126, -1.44936, 4.92550, 0.18616, 1.86947, 25.00000, 465584.00000, 50566.00000, 190489.84000, 12485450849.49440, 111738.31415, 0.94766, 1.17386, 0.21070, -0.38457, 0.60000, 0.40000
3.92241, 2.87963, 0.78273, 4.92852, 0.63328, 1.41130, 77.00000, 466719.00000, 23424.00000, 159808.53247, 12961978902.58661, 113850.68688, 0.91102, 0.52439, 0.37383, 0.10178, 0.74026, 0.25974
3.92241, 2.87963, -0.78273, 4.92852, 0.63328, 1.73029, 97.00000, 498183.00000, 15636.00000, 160439.42268, 16715256457.68732, 129287.49536, 0.91102, 0.65841, 0.46938, -0.12779, 0.88660, 0.11340
3.18882, 3.75791, 0.00000, 4.92853, 0.86714, 1.57080, 80.00000, 475360.00000, 22628.00000, 147241.81250, 14947013125.62734, 122257.97776, 0.90081, 0.46930, 0.53070, 0.00000, 0.83750, 0.16250
3.73035, 3.21637, 0.00000, 4.92550, 0.71154, 1.57080, 55.00000, 498610.00000, 23566.00000, 147868.12727, 14524901201.71107, 120519.29805, 0.94766, 0.52918, 0.47082, 0.00000, 0.83636, 0.16364
4.83686, 0.87622, 0.00000, 4.91558, 0.17921, 1.57080, 48.00000, 472721.00000, 21830.00000, 192184.45833, 15936870942.33160, 126241.32027, 1.08598, 0.84303, 0.15697, 0.00000, 0.54167, 0.45833
4.35121, 2.14766, -0.78579, 4.91558, 0.45850, 1.73134, 52.00000, 483721.00000, 23150.00000, 160557.48077, 18352861276.40348, 135472.73259, 1.08598, 0.76051, 0.37301, -0.13352, 0.78846, 0.21154
4.35121, 2.14766, 0.78579, 4.91558, 0.45850, 1.41025, 48.00000, 495815.00000, 26649.00000, 158502.72917, 13929236864.78082, 118022.18802, 1.08598, 0.60022, 0.29439, 0.10538, 0.56250, 0.43750
4.58794, 1.75244, 0.00000, 4.91123, 0.36486, 1.57080, 47.00000, 431015.00000, 27630.00000, 149906.29787, 11464058297.52829, 107070.34275, 1.14286, 0.72361, 0.27639, -0.00000, 0.74468, 0.25532
