-2.75567, 4.02561, 0.70086, 4.92853, 2.17107, 1.42811, 1.00000, 161309.00000, 161309.00000, 161309.00000, 0.00000, 0.00000, 0.90081, -1.37444, 1.98030, 0.39414, 0.00000, 1.00000
-3.48430, 3.15040, 1.49161, 4.92852, 2.40648, 1.26333, 0.00000, 0.00000, 0.00000, 0.00000, 0.00000, 0.00000, 0.91102, -2.88604, 2.59457, 1.29147, 0.00000, 0.00000
-2.21782, 3.93313, 1.97536, 4.92852, 2.08423, 1.15840, 1.00000, 327732.00000, 327732.00000, 327732.00000, 0.00000, 0.00000, 0.91102, -0.60432, 1.05443, 0.54989, 0.00000, 1.00000
-2.85909, 3.75484, 1.40973, 4.92550, 2.22158, 1.28053, 0.00000, 0.00000, 0.00000, 0.00000, 0.00000, 0.00000, 0.94766, -1.25387, 1.66465, 0.58922, 0.00000, 0.00000
-3.93313, 1.97536, 2.21782, 4.92852, 2.67616, 1.10403, 1.00000, 452435.00000, 452435.00000, 452435.00000, 0.00000, 0.00000, 0.91102, -10.56672, 5.51065, 6.05607, 0.00000, 1.00000
-4.02561, 0.70086, 2.75567, 4.92853, 2.96922, 0.97747, 4.00000, 336179.00000, 199687.00000, 292289.75000, 2933431338.68750, 54161.16080, 0.90081, 9.35336, -1.86160, -6.49176, 0.00000, 1.00000
-3.15040, 1.49161, 3.48430, 4.92852, 2.69940, 0.78559, 1.00000, 309598.00000, 309598.00000, 309598.00000, 0.00000, 0.00000, 0.91102, -1.63909, 0.81587, 1.82322, 0.00000, 1.00000
-3.75484, 1.40973, 2.85909, 4.92550, 2.78243, 0.95149, 1.00000, 401760.00000, 401760.00000, 401760.00000, 0.00000, 0.00000, 0.94766, -9.32863, 3.30198, 7.02665, 1.00000, 0.00000
-1.49161, 3.48430, 3.15040, 4.92852, 1.97528, 0.87732, 3.00000, 337371.00000, 258363.00000, 310799.00000, 1374850592.00000, 37078.97776, 0.91102, -0.30829, 0.68893, 0.61936, 0.00000, 1.00000
-1.97536, 2.21782, 3.93313, 4.92852, 2.29844, 0.64677, 1.00000, 368517.00000, 368517.00000, 368517.00000, 0.00000, 0.00000, 0.91102, -0.49591, 0.54500, 0.95092, 0.00000, 1.00000
-0.70086, 2.75567, 4.02561, 4.92853, 1.81985, 0.61496, 0.00000, 0.00000, 0.00000, 0.00000, 0.00000, 0.00000, 0.90081, -0.13313, 0.46424, 0.66888, 0.00000, 0.00000
-1.40973, 2.85909, 3.75484, 4.92550, 2.02888, 0.70390, 1.00000, 442339.00000, 442339.00000, 442339.00000, 0.00000, 0.00000, 0.94766, -0.25296, 0.53830, 0.71466, 1.00000, 0.00000
-3.47499, 2.68919, 2.20355, 4.91558, 2.48299, 1.10596, 0.00000, 0.00000, 0.00000, 0.00000, 0.00000, 0.00000, 1.08598, -2.37638, 1.85065, 1.52573, 0.00000, 0.00000
-2.68919, 2.20355, 3.47499, 4.91558, 2.45513, 0.78564, 0.00000, 0.00000, 0.00000, 0.00000, 0.00000, 0.00000, 1.08598, -0.90211, 0.74373, 1.15838, 0.00000, 0.00000
-2.20355, 3.47499, 2.68919, 4.91558, 2.13592, 0.99193, 3.00000, 356608.00000, 272461.00000, 306036.00000, 1324568606.00000, 36394.62331, 1.08598, -0.56481, 0.87972, 0.68510, 0.00000, 1.00000
-2.83550, 2.83550, 2.83550, 4.91123, 2.35619, 0.95532, 0.00000, 0.00000, 0.00000, 0.00000, 0.00000, 0.00000, 1.14286, -1.00000, 1.00000, 1.00000, 0.00000, 0.00000
-2.05481, 4.45876, 0.43315, 4.92853, 2.00263, 1.48280, 1.00000, 449644.00000, 449644.00000, 449644.00000, 0.00000, 0.00000, 0.90081, -0.65917, 1.49537, 0.16379, 0.00000, 1.00000
-1.50894, 4.37124, 1.70460, 4.92852, 1.90319, 1.21764, 1.00000, 347193.00000, 347193.00000, 347193.00000, 0.00000, 0.00000, 0.91102, -0.30980, 0.93889, 0.37091, 0.00000, 1.00000
-0.72621, 4.85499, 0.43811, 4.92852, 1.71928, 1.48179, 1.00000, 389234.00000, 389234.00000, 389234.00000, 0.00000, 0.00000, 0.91102, -0.14496, 1.04077, 0.10419, 0.00000, 1.00000
-1.44936, 4.62611, 0.87126, 4.92550, 1.87441, 1.39297, 1.00000, 201674.00000, 201674.00000, 201674.00000, 0.00000, 0.00000, 0.94766, -0.38457, 1.17386, 0.21070, 1.00000, 0.00000
-0.78273, 3.92241, 2.87963, 4.92852, 1.76776, 0.94680, 1.00000, 344304.00000, 344304.00000, 344304.00000, 0.00000, 0.00000, 0.91102, -0.12779, 0.65841, 0.46938, 1.00000, 0.00000
0.00000, 3.18882, 3.75791, 4.92853, 1.57080, 0.70366, 0.00000, 0.00000, 0.00000, 0.00000, 0.00000, 0.00000, 0.90081, -0.00000, 0.46930, 0.53070, 0.00000, 0.00000
0.78273, 3.92241, 2.87963, 4.92852, 1.37383, 0.94680, 1.00000, 404923.00000, 404923.00000, 404923.00000, 0.00000, 0.00000, 0.91102, 0.10178, 0.52439, 0.37383, 1.00000, 0.00000
0.00000, 3.73035, 3.21637, 4.92550, 1.57080, 0.85925, 2.00000, 376666.00000, 193474.00000, 285070.00000, 8389827216.00000, 91596.00000, 0.94766, -0.00000, 0.52918, 0.47082, 1.00000, 0.00000
0.72621, 4.85499, 0.43811, 4.92852, 1.42232, 1.48179, 2.00000, 343601.00000, 165192.00000, 254396.50000, 7957442820.25000, 89204.50000, 0.91102, 0.11238, 0.80685, 0.08077, 1.00000, 0.00000
1.50894, 4.37124, 1.70460, 4.92852, 1.23841, 1.21764, 0.00000, 0.00000, 0.00000, 0.00000, 0.00000, 0.00000, 0.91102, 0.19128, 0.57970, 0.22901, 0.00000, 0.00000
2.05481, 4.45876, 0.43315, 4.92853, 1.13896, 1.48280, 2.00000, 319585.00000, 249393.00000, 284489.00000, 1231729216.00000, 35096.00000, 0.90081, 0.28433, 0.64502, 0.07065, 1.00000, 0.00000
1.44936, 4.62611, 0.87126, 4.92550, 1.26718, 1.39297, 4.00000, 479680.00000, 148784.00000, 357168.00000, 17795944328.50000, 133401.44050, 0.94766, 0.21738, 0.66353, 0.11910, 1.00000, 0.00000
-0.78579, 4.35121, 2.14766, 4.91558, 1.74946, 1.11864, 1.00000, 378299.00000, 378299.00000, 378299.00000, 0.00000, 0.00000, 1.08598, -0.13352, 0.76051, 0.37301, 1.00000, 0.00000
0.78579, 4.35121, 2.14766, 4.91558, 1.39213, 1.11864, 2.00000, 305257.00000, 246734.00000, 275995.50000, 856235382.25000, 29261.50000, 1.08598, 0.10538, 0.60022, 0.29439, 0.50000, 0.50000
0.00000, 4.83686, 0.87622, 4.91558, 1.57080, 1.39159, 1.00000, 277821.00000, 277821.00000, 277821.00000, 0.00000, 0.00000, 1.08598, -0.00000, 0.84303, 0.15697, 1.00000, 0.00000
0.00000, 4.58794, 1.75244, 4.91123, 1.57080, 1.20593, 1.00000, 409307.00000, 409307.00000, 409307.00000, 0.00000, 0.00000, 1.14286, 0.00000, 0.72361, 0.27639, 0.00000, 1.00000
-2.05481, 4.45876, -0.43315, 4.92853, 2.00263, 1.65880, 1.00000, 315924.00000, 315924.00000, 315924.00000, 0.00000, 0.00000, 0.90081, -0.98030, 2.22389, -0.24359, 0.00000, 1.00000
-0.72621, 4.85499, -0.43811, 4.92852, 1.71928, 1.65981, 3.00000, 439879.00000, 240895.00000, 313140.00000, 8083903394.00000, 89910.52994, 0.91102, -0.18312, 1.31474, -0.13162, 1.00000, 0.00000
-1.50894, 4.37124, -1.70460, 4.92852, 1.90319, 1.92396, 0.00000, 0.00000, 0.00000, 0.00000, 0.00000, 0.00000, 0.91102, -1.19997, 3.63662, -1.43665, 0.00000, 0.00000
-1.44936, 4.62611, -0.87126, 4.92550, 1.87441, 1.74862, 0.00000, 0.00000, 0.00000, 0.00000, 0.00000, 0.00000, 0.94766, -0.66465, 2.02881, -0.36416, 0.00000, 0.00000
0.72621, 4.85499, -0.43811, 4.92852, 1.42232, 1.65981, 3.00000, 372512.00000, 110336.00000, 273142.66667, 13468190126.22222, 116052.53175, 0.91102, 0.13403, 0.96230, -0.09634, 1.00000, 0.00000
2.05481, 4.45876, -0.43315, 4.92853, 1.13896, 1.65880, 4.00000, 431118.00000, 140217.00000, 274964.25000, 10694226380.18750, 103412.89272, 0.90081, 0.33112, 0.75116, -0.08228, 1.00000, 0.00000
1.50894, 4.37124, -1.70460, 4.92852, 1.23841, 1.92396, 2.00000, 406529.00000, 143860.00000, 275194.50000, 17248750890.25000, 131334.50000, 0.91102, 0.35294, 1.06961, -0.42255, 1.00000, 0.00000
1.44936, 4.62611, -0.87126, 4.92550, 1.26718, 1.74862, 4.00000, 376172.00000, 344471.00000, 354343.25000, 161737968.68750, 12717.62433, 0.94766, 0.28534, 0.87099, -0.15634, 1.00000, 0.00000
-0.78273, 3.92241, -2.87963, 4.92852, 1.76776, 2.19479, 0.00000, 0.00000, 0.00000, 0.00000, 0.00000, 0.00000, 0.91102, -2.08678, 10.75154, -7.66476, 0.00000, 0.00000
0.78273, 3.92241, -2.87963, 4.92852, 1.37383, 2.19479, 3.00000, 352326.00000, 126716.00000, 271630.66667, 10545373403.55556, 102690.66853, 0.91102, 0.40335, 2.07817, -1.48153, 1.00000, 0.00000
0.00000, 3.18882, -3.75791, 4.92853, 1.57080, 2.43793, 4.00000, 444234.00000, 140607.00000, 305378.50000, 12277305806.25000, 110803.00450, 0.90081, -0.00000, -7.64229, 8.64229, 0.75000, 0.25000
0.00000, 3.73035, -3.21637, 4.92550, 1.57080, 2.28234, 3.00000, 435418.00000, 200830.00000, 309866.00000, 9308310752.00000, 96479.58723, 0.94766, 0.00000, 9.06739, -8.06739, 1.00000, 0.00000
0.00000, 4.83686, -0.87622, 4.91558, 1.57080, 1.75001, 0.00000, 0.00000, 0.00000, 0.00000, 0.00000, 0.00000, 1.08598, 0.00000, 1.22879, -0.22879, 0.00000, 0.00000
0.78579, 4.35121, -2.14766, 4.91558, 1.39213, 2.02296, 5.00000, 446302.00000, 221113.00000, 367680.40000, 6567486078.64000, 81040.02763, 1.08598, 0.25627, 1.45965, -0.71592, 0.80000, 0.20000
-0.78579, 4.35121, -2.14766, 4.91558, 1.74946, 2.02296, 3.00000, 452916.00000, 235831.00000, 317566.66667, 9291528830.88889, 96392.57664, 1.08598, -0.52573, 2.99442, -1.46868, 1.00000, 0.00000
0.00000, 4.58794, -1.75244, 4.91123, 1.57080, 1.93566, 1.00000, 330696.00000, 330696.00000, 330696.00000, 0.00000, 0.00000, 1.14286, 0.00000, 1.61803, -0.61803, 1.00000, 0.00000
-2.75567, 4.02561, -0.70086, 4.92853, 2.17107, 1.71348, 0.00000, 0.00000, 0.00000, 0.00000, 0.00000, 0.00000, 0.90081, -6.49176, 9.35336, -1.86160, 0.00000, 0.00000
-2.21782, 3.93313, -1.97536, 4.92852, 2.08423, 1.98319, 1.00000, 302295.00000, 302295.00000, 302295.00000, 0.00000, 0.00000, 0.91102, 6.05607, -10.56672, 5.51065, 0.00000, 1.00000
-3.48430, 3.15040, -1.49161, 4.92852, 2.40648, 1.87827, 1.00000, 253578.00000, 253578.00000, 253578.00000, 0.00000, 0.00000, 0.91102, 1.82322, -1.63909, 0.81587, 0.00000, 1.00000
-2.85909, 3.75484, -1.40973, 4.92550, 2.22158, 1.86107, 2.00000, 460251.00000, 360079.00000, 410165.00000, 2508607396.00000, 50086.00000, 0.94766, 7.02665, -9.32863, 3.30198, 0.00000, 1.00000
-1.49161, 3.48430, -3.15040, 4.92852, 1.97528, 2.26428, 2.00000, 277839.00000, 109879.00000, 193859.00000, 7052640400.00000, 83980.00000, 0.91102, 1.29147, -2.88604, 2.59457, 0.50000, 0.50000
-0.70086, 2.75567, -4.02561, 4.92853, 1.81985, 2.52663, 0.00000, 0.00000, 0.00000, 0.00000, 0.00000, 0.00000, 0.90081, 0.39414, -1.37444, 1.98030, 0.00000, 0.00000
-1.97536, 2.21782, -3.93313, 4.92852, 2.29844, 2.49482, 5.00000, 358598.00000, 189890.00000, 275396.60000, 3408937114.24000, 58386.10378, 0.91102, 0.54989, -0.60432, 1.05443, 0.60000, 0.40000
-1.40973, 2.85909, -3.75484, 4.92550, 2.02888, 2.43770, 5.00000, 445044.00000, 232010.00000, 324744.20000, 6950352500.96000, 83368.77414, 0.94766, 0.58922, -1.25387, 1.66465, 1.00000, 0.00000
-3.93313, 1.97536, -2.21782, 4.92852, 2.67616, 2.03756, 2.00000, 437025.00000, 234474.00000, 335749.50000, 10256726900.25000, 101275.50000, 0.91102, 0.95092, -0.49591, 0.54500, 1.00000, 0.00000
-3.15040, 1.49161, -3.48430, 4.92852, 2.69940, 2.35600, 0.00000, 0.00000, 0.00000, 0.00000, 0.00000, 0.00000, 0.91102, 0.61936, -0.30829, 0.68893, 0.00000, 0.00000
-4.02561, 0.70086, -2.75567, 4.92853, 2.96922, 2.16413, 1.00000, 282341.00000, 282341.00000, 282341.00000, 0.00000, 0.00000, 0.90081, 0.66888, -0.13313, 0.46424, 0.00000, 1.00000
-3.75484, 1.40973, -2.85909, 4.92550, 2.78243, 2.19010, 0.00000, 0.00000, 0.00000, 0.00000, 0.00000, 0.00000, 0.94766, 0.71466, -0.25296, 0.53830, 0.00000, 0.00000
-2.20355, 3.47499, -2.68919, 4.91558, 2.13592, 2.14966, 3.00000, 366927.00000, 159610.00000, 238977.00000, 8343543692.66667, 91343.00024, 1.08598, 1.52573, -2.37638, 1.85065, 0.33333, 0.66667
-2.68919, 2.20355, -3.47499, 4.91558, 2.45513, 2.35595, 2.00000, 340667.00000, 258774.00000, 299720.50000, 1676615862.25000, 40946.50000, 1.08598, 0.68510, -0.56481, 0.87972, 0.50000, 0.50000
-3.47499, 2.68919, -2.20355, 4.91558, 2.48299, 2.03563, 1.00000, 130173.00000, 130173.00000, 130173.00000, 0.00000, 0.00000, 1.08598, 1.15838, -0.90211, 0.74373, 0.00000, 1.00000
-2.83550, 2.83550, -2.83550, 4.91123, 2.35619, 2.18628, 0.00000, 0.00000, 0.00000, 0.00000, 0.00000, 0.00000, 1.14286, 1.00000, -1.00000, 1.00000, 0.00000, 0.00000
-3.18882, 3.75791, 0.00000, 4.92853, 2.27446, 1.57080, 1.00000, 390347.00000, 390347.00000, 390347.00000, 0.00000, 0.00000, 0.90081, -7.64229, 8.64229, 0.00000, 1.00000, 0.00000
-3.92241, 2.87963, -0.78273, 4.92852, 2.50831, 1.73029, 0.00000, 0.00000, 0.00000, 0.00000, 0.00000, 0.00000, 0.91102, 2.07817, -1.48153, 0.40335, 0.00000, 0.00000
-3.92241, 2.87963, 0.78273, 4.92852, 2.50831, 1.41130, 3.00000, 486012.00000, 337732.00000, 401964.33333, 3860816784.22222, 62135.47122, 0.91102, 10.75154, -7.66476, -2.08678, 0.00000, 1.00000
-3.73035, 3.21637, 0.00000, 4.92550, 2.43005, 1.57080, 1.00000, 253429.00000, 253429.00000, 253429.00000, 0.00000, 0.00000, 0.94766, 9.06739, -8.06739, -0.00000, 0.00000, 1.00000
-4.37124, 1.70460, -1.50894, 4.92852, 2.76977, 1.88196, 2.00000, 444475.00000, 200638.00000, 322556.50000, 14864120642.25000, 121918.50000, 0.91102, 1.06961, -0.42255, 0.35294, 0.00000, 1.00000
-4.45876, 0.43315, -2.05481, 4.92853, 3.04475, 2.00085, 5.00000, 488219.00000, 95932.00000, 294450.80000, 26498969082.16000, 162785.03949, 0.90081, 0.75116, -0.08228, 0.33112, 0.20000, 0.80000
-4.85499, 0.43811, -0.72621, 4.92852, 3.05160, 1.71868, 12.00000, 459889.00000, 79029.00000, 288498.08333, 13830477215.74306, 117603.04935, 0.91102, 0.96230, -0.09634, 0.13403, 0.00000, 1.00000
-4.62611, 0.87126, -1.44936, 4.92550, 2.95544, 1.86947, 6.00000, 400835.00000, 206959.00000, 331660.16667, 4636092551.47222, 68088.85776, 0.94766, 0.87099, -0.15634, 0.28534, 0.00000, 1.00000
-4.37124, 1.70460, 1.50894, 4.92852, 2.76977, 1.25963, 3.00000, 499959.00000, 217139.00000, 335563.66667, 14387843163.55556, 119949.33582, 0.91102, 3.63662, -1.43665, -1.19997, 0.00000, 1.00000
-4.85499, 0.43811, 0.72621, 4.92852, 3.05160, 1.42291, 5.00000, 429445.00000, 99866.00000, 286663.80000, 16977016912.96000, 130295.88218, 0.91102, 1.31474, -0.13162, -0.18312, 0.00000, 1.00000
-4.45876, 0.43315, 2.05481, 4.92853, 3.04475, 1.14074, 3.00000, 498847.00000, 87903.00000, 243806.00000, 33060000044.66667, 181824.09094, 0.90081, 2.22389, -0.24359, -0.98030, 0.00000, 1.00000
-4.62611, 0.87126, 1.44936, 4.92550, 2.95544, 1.27212, 4.00000, 370602.00000, 94261.00000, 239102.00000, 10825357470.50000, 104044.97811, 0.94766, 2.02881, -0.36416, -0.66465, 0.00000, 1.00000
-4.35121, 2.14766, -0.78579, 4.91558, 2.68310, 1.73134, 0.00000, 0.00000, 0.00000, 0.00000, 0.00000, 0.00000, 1.08598, 1.45965, -0.71592, 0.25627, 0.00000, 0.00000
-4.83686, 0.87622, 0.00000, 4.91558, 2.96238, 1.57080, 6.00000, 476964.00000, 96064.00000, 322244.00000, 16335441701.66667, 127810.17840, 1.08598, 1.22879, -0.22879, -0.00000, 0.00000, 1.00000
-4.35121, 2.14766, 0.78579, 4.91558, 2.68310, 1.41025, 2.00000, 419302.00000, 398195.00000, 408748.50000, 111376362.25000, 10553.50000, 1.08598, 2.99442, -1.46868, -0.52573, 0.00000, 1.00000
-4.58794, 1.75244, 0.00000, 4.91123, 2.77673, 1.57080, 1.00000, 284368.00000, 284368.00000, 284368.00000, 0.00000, 0.00000, 1.14286, 1.61803, -0.61803, -0.00000, 0.00000, 1.00000
2.75567, 4.02561, 0.70086, 4.92853, 0.97053, 1.42811, 7.00000, 499257.00000, 173209.00000, 386044.28571, 13453264255.34694, 115988.20740, 0.90081, 0.36663, 0.52824, 0.10514, 1.00000, 0.00000
2.21782, 3.93313, 1.97536, 4.92852, 1.05736, 1.15840, 4.00000, 444501.00000, 215385.00000, 334212.00000, 7337569855.50000, 85659.61625, 0.91102, 0.27362, 0.47741, 0.24897, 0.75000, 0.25000
3.48430, 3.15040, 1.49161, 4.92852, 0.73511, 1.26333, 15.00000, 457054.00000, 72169.00000, 259867.40000, 11068434473.70667, 105206.62752, 0.91102, 0.42617, 0.38313, 0.19070, 1.00000, 0.00000
2.85909, 3.75484, 1.40973, 4.92550, 0.92001, 1.28053, 4.00000, 325995.00000, 103900.00000, 243152.25000, 7964891152.68750, 89246.23887, 0.94766, 0.35746, 0.47456, 0.16798, 1.00000, 0.00000
1.49161, 3.48430, 3.15040, 4.92852, 1.16631, 0.87732, 5.00000, 336601.00000, 119374.00000, 236394.40000, 5436674860.24000, 73733.81083, 0.91102, 0.19070, 0.42617, 0.38313, 1.00000, 0.00000
0.70086, 2.75567, 4.02561, 4.92853, 1.32174, 0.61496, 0.00000, 0.00000, 0.00000, 0.00000, 0.00000, 0.00000, 0.90081, 0.10514, 0.36663, 0.52824, 0.00000, 0.00000
1.97536, 2.21782, 3.93313, 4.92852, 0.84316, 0.64677, 4.00000, 481250.00000, 167838.00000, 294458.50000, 16226692640.75000, 127384.03605, 0.91102, 0.24897, 0.27362, 0.47741, 1.00000, 0.00000
1.40973, 2.85909, 3.75484, 4.92550, 1.11271, 0.70390, 1.00000, 239012.00000, 239012.00000, 239012.00000, 0.00000, 0.00000, 0.94766, 0.16798, 0.35746, 0.47456, 1.00000, 0.00000
3.93313, 1.97536, 2.21782, 4.92852, 0.46544, 1.10403, 3.00000, 302659.00000, 82032.00000, 196690.33333, 8150467341.55555, 90279.93875, 0.91102, 0.47741, 0.24897, 0.27362, 1.00000, 0.00000
3.15040, 1.49161, 3.48430, 4.92852, 0.44220, 0.78559, 3.00000, 446236.00000, 164137.00000, 331248.66667, 14621780696.22222, 120920.55531, 0.91102, 0.38313, 0.19070, 0.42617, 0.66667, 0.33333
4.02561, 0.70086, 2.75567, 4.92853, 0.17237, 0.97747, 12.00000, 375134.00000, 73383.00000, 161496.50000, 6159087180.08333, 78479.85206, 0.90081, 0.52824, 0.10514, 0.36663, 1.00000, 0.00000
3.75484, 1.40973, 2.85909, 4.92550, 0.35916, 0.95149, 7.00000, 322792.00000, 73203.00000, 189875.57143, 6669858901.67347, 81669.20412, 0.94766, 0.47456, 0.16798, 0.35746, 1.00000, 0.00000
2.20355, 3.47499, 2.68919, 4.91558, 1.00567, 0.99193, 1.00000, 185608.00000, 185608.00000, 185608.00000, 0.00000, 0.00000, 1.08598, 0.26522, 0.41309, 0.32170, 1.00000, 0.00000
2.68919, 2.20355, 3.47499, 4.91558, 0.68646, 0.78564, 2.00000, 327856.00000, 191174.00000, 259515.00000, 4670492281.00000, 68341.00000, 1.08598, 0.32170, 0.26522, 0.41309, 1.00000, 0.00000
3.47499, 2.68919, 2.20355, 4.91558, 0.65860, 1.10596, 4.00000, 317460.00000, 148742.00000, 263512.50000, 4514522222.75000, 67190.19439, 1.08598, 0.41309, 0.32170, 0.26522, 1.00000, 0.00000
2.83550, 2.83550, 2.83550, 4.91123, 0.78540, 0.95532, 5.00000, 468107.00000, 172581.00000, 351868.40000, 15501374330.64000, 124504.51530, 1.14286, 0.33333, 0.33333, 0.33333, 1.00000, 0.00000
-0.43315, 2.05481, 4.45876, 4.92853, 1.77855, 0.44016, 2.00000, 397392.00000, 326570.00000, 361981.00000, 1253938921.00000, 35411.00000, 0.90081, -0.08228, 0.33112, 0.75116, 0.00000, 1.00000
-1.70460, 1.50894, 4.37124, 4.92852, 2.41700, 0.48015, 1.00000, 229363.00000, 229363.00000, 229363.00000, 0.00000, 0.00000, 0.91102, -0.42255, 0.35294, 1.06961, 0.00000, 1.00000
-0.43811, 0.72621, 4.85499, 4.92852, 2.11363, 0.17295, 1.00000, 364995.00000, 364995.00000, 364995.00000, 0.00000, 0.00000, 0.91102, -0.09634, 0.13403, 0.96230, 0.00000, 1.00000
-0.87126, 1.44936, 4.62611, 4.92550, 2.11205, 0.35046, 1.00000, 496988.00000, 496988.00000, 496988.00000, 0.00000, 0.00000, 0.94766, -0.15634, 0.28534, 0.87099, 0.00000, 1.00000
-2.87963, 0.78273, 3.92241, 4.92852, 2.87619, 0.65037, 5.00000, 463549.00000, 221661.00000, 318952.60000, 7434043925.04000, 86220.90190, 0.91102, -1.48153, 0.40335, 2.07817, 0.00000, 1.00000
-3.75791, 0.00000, 3.18882, 4.92853, 3.14159, 0.86714, 6.00000, 470064.00000, 115461.00000, 242211.16667, 12910032890.80556, 113622.32567, 0.90081, 8.64229, -0.00000, -7.64229, 0.00000, 1.00000
-2.87963, -0.78273, 3.92241, 4.92852, -2.87619, 0.65037, 7.00000, 395144.00000, 79497.00000, 218867.57143, 9208690985.95918, 95961.92467, 0.91102, -7.66476, -2.08678, 10.75154, 0.00000, 1.00000
-3.21637, 0.00000, 3.73035, 4.92550, 3.14159, 0.71154, 4.00000, 440797.00000, 180765.00000, 311039.50000, 8871487750.25000, 94188.57548, 0.94766, -8.06739, 0.00000, 9.06739, 0.00000, 1.00000
-0.43811, -0.72621, 4.85499, 4.92852, -2.11363, 0.17295, 2.00000, 259908.00000, 204618.00000, 232263.00000, 764246025.00000, 27645.00000, 0.91102, -0.13162, -0.18312, 1.31474, 0.50000, 0.50000
-1.70460, -1.50894, 4.37124, 4.92852, -2.41700, 0.48015, 7.00000, 438377.00000, 165823.00000, 324997.42857, 8295868601.10204, 91081.65897, 0.91102, -1.43665, -1.19997, 3.63662, 0.14286, 0.85714
-0.43315, -2.05481, 4.45876, 4.92853, -1.77855, 0.44016, 9.00000, 452763.00000, 123856.00000, 254307.66667, 11239838139.55556, 106018.10289, 0.90081, -0.24359, -0.98030, 2.22389, 0.22222, 0.77778
-0.87126, -1.44936, 4.62611, 4.92550, -2.11205, 0.35046, 4.00000, 430507.00000, 261972.00000, 358058.00000, 4729338386.50000, 68770.18530, 0.94766, -0.36416, -0.66465, 2.02881, 0.25000, 0.75000
-2.14766, 0.78579, 4.35121, 4.91558, 2.79084, 0.48390, 2.00000, 452702.00000, 263755.00000, 358228.50000, 8925242202.25000, 94473.50000, 1.08598, -0.71592, 0.25627, 1.45965, 0.50000, 0.50000
-2.14766, -0.78579, 4.35121, 4.91558, -2.79084, 0.48390, 2.00000, 452324.00000, 243833.00000, 348078.50000, 10867124270.25000, 104245.50000, 1.08598, -1.46868, -0.52573, 2.99442, 0.50000, 0.50000
-0.87622, 0.00000, 4.83686, 4.91558, 3.14159, 0.17921, 1.00000, 284179.00000, 284179.00000, 284179.00000, 0.00000, 0.00000, 1.08598, -0.22879, 0.00000, 1.22879, 0.00000, 1.00000
-1.75244, 0.00000, 4.58794, 4.91123, 3.14159, 0.36486, 3.00000, 423476.00000, 332153.00000, 386303.00000, 1534090986.00000, 39167.47357, 1.14286, -0.61803, 0.00000, 1.61803, 0.33333, 0.66667
-4.45876, -0.43315, 2.05481, 4.92853, -3.04475, 1.14074, 9.00000, 332963.00000, 67332.00000, 151820.44444, 5649694191.58025, 75164.44766, 0.90081, 1.49537, 0.16379, -0.65917, 0.00000, 1.00000
-4.85499, -0.43811, 0.72621, 4.92852, -3.05160, 1.42291, 16.00000, 483971.00000, 59791.00000, 279076.87500, 18179188393.85938, 134830.22063, 0.91102, 1.04077, 0.10419, -0.14496, 0.06250, 0.93750
-4.37124, -1.70460, 1.50894, 4.92852, -2.76977, 1.25963, 8.00000, 279256.00000, 63932.00000, 196279.37500, 3499207555.98438, 59154.10008, 0.91102, 0.93889, 0.37091, -0.30980, 0.00000, 1.00000
-4.62611, -0.87126, 1.44936, 4.92550, -2.95544, 1.27212, 6.00000, 492735.00000, 73249.00000, 240510.83333, 22197867556.13889, 148989.48807, 0.94766, 1.17386, 0.21070, -0.38457, 0.00000, 1.00000
-4.85499, -0.43811, -0.72621, 4.92852, -3.05160, 1.71868, 17.00000, 455089.00000, 68793.00000, 223749.23529, 14025643758.29758, 118429.91074, 0.91102, 0.80685, 0.08077, 0.11238, 0.05882, 0.94118
-4.45876, -0.43315, -2.05481, 4.92853, -3.04475, 2.00085, 9.00000, 476063.00000, 86528.00000, 239837.88889, 14269252108.54321, 119453.97485, 0.90081, 0.64502, 0.07065, 0.28433, 0.00000, 1.00000
-4.37124, -1.70460, -1.50894, 4.92852, -2.76977, 1.88196, 14.00000, 463844.00000, 63452.00000, 207723.50000, 15035722371.53572, 122620.23639, 0.91102, 0.57970, 0.22901, 0.19128, 0.00000, 1.00000
-4.62611, -0.87126, -1.44936, 4.92550, -2.95544, 1.86947, 14.00000, 470612.00000, 76493.00000, 231955.00000, 13435779318.85714, 115912.80912, 0.94766, 0.66353, 0.11910, 0.21738, 0.00000, 1.00000
-3.92241, -2.87963, 0.78273, 4.92852, -2.50831, 1.41130, 25.00000, 341845.00000, 38185.00000, 182793.12000, 9696655169.06560, 98471.59575, 0.91102, 0.65841, 0.46938, -0.12779, 0.00000, 1.00000
-3.92241, -2.87963, -0.78273, 4.92852, -2.50831, 1.73029, 39.00000, 476906.00000, 29568.00000, 169794.87179, 12837701256.88100, 113303.58007, 0.91102, 0.52439, 0.37383, 0.10178, 0.00000, 1.00000
-3.18882, -3.75791, 0.00000, 4.92853, -2.27446, 1.57080, 38.00000, 412925.00000, 37098.00000, 155567.68421, 8370457433.79501, 91490.20403, 0.90081, 0.46930, 0.53070, 0.00000, 0.00000, 1.00000
-3.73035, -3.21637, 0.00000, 4.92550, -2.43005, 1.57080, 36.00000, 465890.00000, 57789.00000, 210096.36111, 15006815833.06404, 122502.30950, 0.94766, 0.52918, 0.47082, -0.00000, 0.00000, 1.00000
-4.83686, -0.87622, 0.00000, 4.91558, -2.96238, 1.57080, 6.00000, 481587.00000, 191268.00000, 276460.66667, 9145926442.55556, 95634.33715, 1.08598, 0.84303, 0.15697, -0.00000, 0.00000, 1.00000
-4.35121, -2.14766, -0.78579, 4.91558, -2.68310, 1.73134, 17.00000, 439483.00000, 44063.00000, 165752.17647, 12797221126.26298, 113124.80332, 1.08598, 0.60022, 0.29439, 0.10538, 0.00000, 1.00000
-4.35121, -2.14766, 0.78579, 4.91558, -2.68310, 1.41025, 18.00000, 430225.00000, 54016.00000, 201438.66667, 10406537440.22222, 102012.43767, 1.08598, 0.76051, 0.37301, -0.13352, 0.00000, 1.00000
-4.58794, -1.75244, 0.00000, 4.91123, -2.77673, 1.57080, 16.00000, 493222.00000, 63807.00000, 195625.93750, 16462785757.55859, 128307.38777, 1.14286, 0.72361, 0.27639, -0.00000, 0.00000, 1.00000
-3.75791, 0.00000, -3.18882, 4.92853, 3.14159, 2.27446, 5.00000, 445917.00000, 163880.00000, 326152.00000, 12500266353.20000, 111804.59004, 0.90081, 0.53070, -0.00000, 0.46930, 0.20000, 0.80000
-2.87963, 0.78273, -3.92241, 4.92852, 2.87619, 2.49122, 5.00000, 464649.00000, 230975.00000, 332169.80000, 7465405600.56000, 86402.57867, 0.91102, 0.46938, -0.12779, 0.65841, 0.20000, 0.80000
-2.87963, -0.78273, -3.92241, 4.92852, -2.87619, 2.49122, 12.00000, 408019.00000, 45366.00000, 236383.33333, 10898887884.55556, 104397.73889, 0.91102, 0.37383, 0.10178, 0.52439, 0.33333, 0.66667
-3.21637, 0.00000, -3.73035, 4.92550, 3.14159, 2.43005, 8.00000, 460921.00000, 111071.00000, 253909.00000, 14435704028.25000, 120148.67468, 0.94766, 0.47082, 0.00000, 0.52918, 0.25000, 0.75000
-1.70460, 1.50894, -4.37124, 4.92852, 2.41700, 2.66145, 1.00000, 484681.00000, 484681.00000, 484681.00000, 0.00000, 0.00000, 0.91102, 0.37091, -0.30980, 0.93889, 0.00000, 1.00000
-0.43315, 2.05481, -4.45876, 4.92853, 1.77855, 2.70143, 3.00000, 204673.00000, 89489.00000, 138723.33333, 2350926826.88889, 48486.35712, 0.90081, 0.16379, -0.65917, 1.49537, 1.00000, 0.00000
-0.43811, 0.72621, -4.85499, 4.92852, 2.11363, 2.96865, 7.00000, 493943.00000, 94858.00000, 301915.71429, 17183232972.77551, 131084.83121, 0.91102, 0.10419, -0.14496, 1.04077, 0.57143, 0.42857
-0.87126, 1.44936, -4.62611, 4.92550, 2.11205, 2.79113, 5.00000, 276779.00000, 137926.00000, 210608.80000, 2438630676.56000, 49382.49362, 0.94766, 0.21070, -0.38457, 1.17386, 0.40000, 0.60000
-1.70460, -1.50894, -4.37124, 4.92852, -2.41700, 2.66145, 10.00000, 422540.00000, 116094.00000, 277168.70000, 9560138751.61000, 97775.96203, 0.91102, 0.22901, 0.19128, 0.57970, 0.10000, 0.90000
-0.43811, -0.72621, -4.85499, 4.92852, -2.11363, 2.96865, 11.00000, 439218.00000, 89514.00000, 298100.81818, 11766323288.33058, 108472.68453, 0.91102, 0.08077, 0.11238, 0.80685, 0.72727, 0.27273
-0.43315, -2.05481, -4.45876, 4.92853, -1.77855, 2.70143, 7.00000, 283402.00000, 113980.00000, 193704.28571, 3864755944.20408, 62167.16130, 0.90081, 0.07065, 0.28433, 0.64502, 0.42857, 0.57143
-0.87126, -1.44936, -4.62611, 4.92550, -2.11205, 2.79113, 9.00000, 437549.00000, 51794.00000, 278910.66667, 10329330319.77778, 101633.31304, 0.94766, 0.11910, 0.21738, 0.66353, 0.22222, 0.77778
-2.14766, 0.78579, -4.35121, 4.91558, 2.79084, 2.65769, 3.00000, 425100.00000, 240305.00000, 312985.33333, 6469065326.88889, 80430.49998, 1.08598, 0.37301, -0.13352, 0.76051, 0.66667, 0.33333
-0.87622, 0.00000, -4.83686, 4.91558, 3.14159, 2.96238, 7.00000, 475811.00000, 128471.00000, 355311.28571, 16359564993.63266, 127904.51514, 1.08598, 0.15697, 0.00000, 0.84303, 0.42857, 0.57143
-2.14766, -0.78579, -4.35121, 4.91558, -2.79084, 2.65769, 4.00000, 324418.00000, 127475.00000, 216266.00000, 8045844102.50000, 89698.62932, 1.08598, 0.29439, 0.10538, 0.60022, 0.25000, 0.75000
-1.75244, 0.00000, -4.58794, 4.91123, 3.14159, 2.77673, 8.00000, 397855.00000, 75401.00000, 254098.75000, 9413597027.68750, 97023.69313, 1.14286, 0.27639, 0.00000, 0.72361, 0.50000, 0.50000
0.70086, 2.75567, -4.02561, 4.92853, 1.32174, 2.52663, 8.00000, 462083.00000, 107269.00000, 254778.00000, 9588807781.75000, 97922.45801, 0.90081, -1.86160, -6.49176, 9.35336, 1.00000, 0.00000
1.49161, 3.48430, -3.15040, 4.92852, 1.16631, 2.26428, 8.00000, 398897.00000, 85701.00000, 290313.12500, 9728445210.10938, 98632.88098, 0.91102, 0.81587, 1.82322, -1.63909, 1.00000, 0.00000
1.97536, 2.21782, -3.93313, 4.92852, 0.84316, 2.49482, 11.00000, 496620.00000, 59793.00000, 160192.63636, 12737387960.04959, 112860.03704, 0.91102, 5.51065, 6.05607, -10.56672, 0.81818, 0.18182
1.40973, 2.85909, -3.75484, 4.92550, 1.11271, 2.43770, 8.00000, 285871.00000, 63942.00000, 151234.00000, 5196683145.25000, 72088.02359, 0.94766, 3.30198, 7.02665, -9.32863, 1.00000, 0.00000
2.21782, 3.93313, -1.97536, 4.92852, 1.05736, 1.98319, 8.00000, 490270.00000, 111526.00000, 249657.50000, 19995005736.25000, 141403.69775, 0.91102, 0.54500, 0.95092, -0.49591, 0.87500, 0.12500
2.75567, 4.02561, -0.70086, 4.92853, 0.97053, 1.71348, 7.00000, 288955.00000, 54781.00000, 152639.57143, 4677306429.10204, 68390.83586, 0.90081, 0.46424, 0.66888, -0.13313, 1.00000, 0.00000
3.48430, 3.15040, -1.49161, 4.92852, 0.73511, 1.87827, 6.00000, 469444.00000, 86119.00000, 299985.16667, 14400449263.13889, 120001.87192, 0.91102, 0.68893, 0.61936, -0.30829, 1.00000, 0.00000
2.85909, 3.75484, -1.40973, 4.92550, 0.92001, 1.86107, 6.00000, 317304.00000, 57781.00000, 225571.33333, 8757765481.22222, 93582.93371, 0.94766, 0.53830, 0.71466, -0.25296, 1.00000, 0.00000
3.15040, 1.49161, -3.48430, 4.92852, 0.44220, 2.35600, 36.00000, 485645.00000, 21013.00000, 186199.80556, 16162640060.76774, 127132.37220, 0.91102, 2.59457, 1.29147, -2.88604, 1.00000, 0.00000
3.93313, 1.97536, -2.21782, 4.92852, 0.46544, 2.03756, 31.00000, 497238.00000, 30355.00000, 143944.61290, 16844248082.68887, 129785.39241, 0.91102, 1.05443, 0.54989, -0.60432, 1.00000, 0.00000
4.02561, 0.70086, -2.75567, 4.92853, 0.17237, 2.16413, 56.00000, 463208.00000, 16108.00000, 125516.10714, 11579826489.20280, 107609.60222, 0.90081, 1.98030, 0.39414, -1.37444, 0.98214, 0.01786
3.75484, 1.40973, -2.85909, 4.92550, 0.35916, 2.19010, 31.00000, 337147.00000, 24500.00000, 104215.48387, 5292427650.18522, 72749.07319, 0.94766, 1.66465, 0.58922, -1.25387, 1.00000, 0.00000
2.20355, 3.47499, -2.68919, 4.91558, 1.00567, 2.14966, 6.00000, 496909.00000, 85725.00000, 273060.83333, 25698561040.13889, 160307.70736, 1.08598, 0.74373, 1.15838, -0.90211, 0.83333, 0.16667
3.47499, 2.68919, -2.20355, 4.91558, 0.65860, 2.03563, 15.00000, 412337.00000, 57756.00000, 130566.13333, 6513551949.84889, 80706.57935, 1.08598, 0.87972, 0.68510, -0.56481, 1.00000, 0.00000
2.68919, 2.20355, -3.47499, 4.91558, 0.68646, 2.35595, 23.00000, 451759.00000, 25962.00000, 155553.39130, 14793447198.23819, 121628.31577, 1.08598, 1.85065, 1.52573, -2.37638, 1.00000, 0.00000
2.83550, 2.83550, -2.83550, 4.91123, 0.78540, 2.18628, 7.00000, 177006.00000, 74535.00000, 119531.57143, 1805309216.53061, 42488.93052, 1.14286, 1.00000, 1.00000, -1.00000, 1.00000, 0.00000
2.75567, -4.02561, 0.70086, 4.92853, -0.97053, 1.42811, 32.00000, 457888.00000, 59435.00000, 202217.68750, 11213576706.27734, 105894.17692, 0.90081, -6.49176, 9.35336, -1.86160, 0.78125, 0.21875
3.48430, -3.15040, 1.49161, 4.92852, -0.73511, 1.26333, 39.00000, 446790.00000, 29160.00000, 153020.05128, 14625495098.45891, 120935.91319, 0.91102, 1.82322, -1.63909, 0.81587, 0.94872, 0.05128
2.21782, -3.93313, 1.97536, 4.92852, -1.05736, 1.15840, 18.00000, 422872.00000, 63169.00000, 230862.61111, 10998141140.90432, 104872.02268, 0.91102, 6.05607, -10.56672, 5.51065, 0.61111, 0.38889
2.85909, -3.75484, 1.40973, 4.92550, -0.92001, 1.28053, 19.00000, 251775.00000, 53615.00000, 143441.89474, 2633946372.40997, 51321.98722, 0.94766, 7.02665, -9.32863, 3.30198, 0.89474, 0.10526
3.93313, -1.97536, 2.21782, 4.92852, -0.46544, 1.10403, 30.00000, 345138.00000, 21093.00000, 118924.66667, 5682278006.02222, 75380.88621, 0.91102, 0.95092, -0.49591, 0.54500, 1.00000, 0.00000
4.02561, -0.70086, 2.75567, 4.92853, -0.17237, 0.97747, 14.00000, 461557.00000, 60015.00000, 194564.57143, 18231909684.67347, 135025.58900, 0.90081, 0.66888, -0.13313, 0.46424, 1.00000, 0.00000
3.15040, -1.49161, 3.48430, 4.92852, -0.44220, 0.78559, 13.00000, 484024.00000, 83132.00000, 224708.07692, 16436736098.07101, 128205.83488, 0.91102, 0.61936, -0.30829, 0.68893, 0.92308, 0.07692
3.75484, -1.40973, 2.85909, 4.92550, -0.35916, 0.95149, 21.00000, 394922.00000, 43905.00000, 204182.09524, 14633850632.75283, 120970.45355, 0.94766, 0.71466, -0.25296, 0.53830, 0.90476, 0.09524
1.49161, -3.48430, 3.15040, 4.92852, -1.16631, 0.87732, 9.00000, 465257.00000, 136598.00000, 266645.88889, 14470895013.87654, 120295.03321, 0.91102, 1.29147, -2.88604, 2.59457, 0.55556, 0.44444
1.97536, -2.21782, 3.93313, 4.92852, -0.84316, 0.64677, 7.00000, 463108.00000, 75101.00000, 280550.28571, 15843157959.63266, 125869.60697, 0.91102, 0.54989, -0.60432, 1.05443, 1.00000, 0.00000
0.70086, -2.75567, 4.02561, 4.92853, -1.32174, 0.61496, 8.00000, 464070.00000, 175152.00000, 337711.00000, 7715693885.75000, 87839.02257, 0.90081, 0.39414, -1.37444, 1.98030, 0.37500, 0.62500
1.40973, -2.85909, 3.75484, 4.92550, -1.11271, 0.70390, 8.00000, 377739.00000, 109586.00000, 186732.12500, 5966827309.35938, 77245.24134, 0.94766, 0.58922, -1.25387, 1.66465, 0.62500, 0.37500
3.47499, -2.68919, 2.20355, 4.91558, -0.65860, 1.10596, 13.00000, 398140.00000, 29143.00000, 164002.84615, 12393233624.28402, 111324.90119, 1.08598, 1.15838, -0.90211, 0.74373, 1.00000, 0.00000
2.68919, -2.20355, 3.47499, 4.91558, -0.68646, 0.78564, 5.00000, 433268.00000, 121571.00000, 215637.20000, 12581286819.76000, 112166.33550, 1.08598, 0.68510, -0.56481, 0.87972, 0.80000, 0.20000
2.20355, -3.47499, 2.68919, 4.91558, -1.00567, 0.99193, 13.00000, 392110.00000, 43680.00000, 214200.30769, 11205841960.36686, 105857.64951, 1.08598, 1.52573, -2.37638, 1.85065, 0.84615, 0.15385
2.83550, -2.83550, 2.83550, 4.91123, -0.78540, 0.95532, 12.00000, 422223.00000, 63357.00000, 207659.66667, 11073619020.22222, 105231.26446, 1.14286, 1.00000, -1.00000, 1.00000, 0.66667, 0.33333
2.05481, -4.45876, 0.43315, 4.92853, -1.13896, 1.48280, 32.00000, 471063.00000, 46279.00000, 154290.78125, 9328380969.60840, 96583.54399, 0.90081, -0.98030, 2.22389, -0.24359, 0.68750, 0.31250
1.50894, -4.37124, 1.70460, 4.92852, -1.23841, 1.21764, 23.00000, 471588.00000, 39607.00000, 267439.60870, 17773862917.71645, 133318.65180, 0.91102, -1.19997, 3.63662, -1.43665, 0.52174, 0.47826
0.72621, -4.85499, 0.43811, 4.92852, -1.42232, 1.48179, 29.00000, 488725.00000, 39997.00000, 212358.00000, 19009878634.68966, 137876.31644, 0.91102, -0.18312, 1.31474, -0.13162, 0.27586, 0.72414
1.44936, -4.62611, 0.87126, 4.92550, -1.26718, 1.39297, 14.00000, 477802.00000, 58966.00000, 200944.92857, 18292701856.35204, 135250.51518, 0.94766, -0.66465, 2.02881, -0.36416, 0.64286, 0.35714
0.78273, -3.92241, 2.87963, 4.92852, -1.37383, 0.94680, 11.00000, 467140.00000, 70714.00000, 234986.72727, 12957298414.38017, 113830.12964, 0.91102, -2.08678, 10.75154, -7.66476, 0.27273, 0.72727
0.00000, -3.18882, 3.75791, 4.92853, -1.57080, 0.70366, 6.00000, 411916.00000, 223596.00000, 324979.66667, 3272661468.55556, 57207.18022, 0.90081, 0.00000, -7.64229, 8.64229, 0.16667, 0.83333
-0.78273, -3.92241, 2.87963, 4.92852, -1.76776, 0.94680, 18.00000, 449305.00000, 31710.00000, 237412.61111, 19652890028.12654, 140188.76570, 0.91102, 0.40335, 2.07817, -1.48153, 0.16667, 0.83333
0.00000, -3.73035, 3.21637, 4.92550, -1.57080, 0.85925, 12.00000, 415404.00000, 94761.00000, 225832.66667, 8922037898.88889, 94456.53974, 0.94766, -0.00000, 9.06739, -8.06739, 0.00000, 1.00000
-0.72621, -4.85499, 0.43811, 4.92852, -1.71928, 1.48179, 48.00000, 468821.00000, 37528.00000, 182704.47917, 12154331359.16623, 110246.68412, 0.91102, 0.13403, 0.96230, -0.09634, 0.18750, 0.81250
-1.50894, -4.37124, 1.70460, 4.92852, -1.90319, 1.21764, 29.00000, 494640.00000, 43249.00000, 217329.48276, 16839188622.24970, 129765.89930, 0.91102, 0.35294, 1.06961, -0.42255, 0.10345, 0.89655
-2.05481, -4.45876, 0.43315, 4.92853, -2.00263, 1.48280, 36.00000, 498071.00000, 39951.00000, 202344.72222, 13567931715.58950, 116481.46512, 0.90081, 0.33112, 0.75116, -0.08228, 0.08333, 0.91667
-1.44936, -4.62611, 0.87126, 4.92550, -1.87441, 1.39297, 32.00000, 449840.00000, 33649.00000, 174898.53125, 15169982205.93652, 123166.48167, 0.94766, 0.28534, 0.87099, -0.15634, 0.06250, 0.93750
0.78579, -4.35121, 2.14766, 4.91558, -1.39213, 1.11864, 16.00000, 496541.00000, 95745.00000, 261979.43750, 18752737646.24609, 136940.63548, 1.08598, -0.52573, 2.99442, -1.46868, 0.25000, 0.75000
-0.78579, -4.35121, 2.14766, 4.91558, -1.74946, 1.11864, 12.00000, 454772.00000, 41517.00000, 232797.91667, 22954609474.90972, 151507.78685, 1.08598, 0.25627, 1.45965, -0.71592, 0.00000, 1.00000
0.00000, -4.83686, 0.87622, 4.91558, -1.57080, 1.39159, 24.00000, 474982.00000, 39757.00000, 228911.45833, 13235026217.24827, 115043.58399, 1.08598, -0.00000, 1.22879, -0.22879, 0.16667, 0.83333
0.00000, -4.58794, 1.75244, 4.91123, -1.57080, 1.20593, 25.00000, 458285.00000, 39040.00000, 237987.76000, 16491623546.58240, 128419.71635, 1.14286, -0.00000, 1.61803, -0.61803, 0.16000, 0.84000
2.05481, -4.45876, -0.43315, 4.92853, -1.13896, 1.65880, 28.00000, 494598.00000, 25603.00000, 198575.42857, 17453104457.74490, 132110.19816, 0.90081, -0.65917, 1.49537, 0.16379, 0.57143, 0.42857
0.72621, -4.85499, -0.43811, 4.92852, -1.42232, 1.65981, 36.00000, 440481.00000, 46946.00000, 211469.52778, 12596534552.97145, 112234.28421, 0.91102, -0.14496, 1.04077, 0.10419, 0.27778, 0.72222
1.50894, -4.37124, -1.70460, 4.92852, -1.23841, 1.92396, 32.00000, 479552.00000, 32652.00000, 203886.75000, 15076449596.81250, 122786.19465, 0.91102, -0.30980, 0.93889, 0.37091, 0.59375, 0.40625
1.44936, -4.62611, -0.87126, 4.92550, -1.26718, 1.74862, 26.00000, 494957.00000, 68370.00000, 256927.84615, 16816404766.20710, 129678.08129, 0.94766, -0.38457, 1.17386, 0.21070, 0.46154, 0.53846
-0.72621, -4.85499, -0.43811, 4.92852, -1.71928, 1.65981, 30.00000, 464642.00000, 40673.00000, 176867.20000, 11610504268.22667, 107752.04995, 0.91102, 0.11238, 0.80685, 0.08077, 0.16667, 0.83333
-2.05481, -4.45876, -0.43315, 4.92853, -2.00263, 1.65880, 45.00000, 497873.00000, 35563.00000, 150457.46667, 12133890790.07111, 110153.94133, 0.90081, 0.28433, 0.64502, 0.07065, 0.02222, 0.97778
-1.50894, -4.37124, -1.70460, 4.92852, -1.90319, 1.92396, 44.00000, 449463.00000, 40875.00000, 176329.86364, 9867387236.20868, 99334.72322, 0.91102, 0.19128, 0.57970, 0.22901, 0.11364, 0.88636
-1.44936, -4.62611, -0.87126, 4.92550, -1.87441, 1.74862, 38.00000, 492143.00000, 20845.00000, 193171.34211, 17767284649.69875, 133293.97829, 0.94766, 0.21738, 0.66353, 0.11910, 0.02632, 0.97368
0.78273, -3.92241, -2.87963, 4.92852, -1.37383, 2.19479, 31.00000, 481629.00000, 42519.00000, 230156.54839, 19596925449.02185, 139989.01903, 0.91102, -0.12779, 0.65841, 0.46938, 0.38710, 0.61290
-0.78273, -3.92241, -2.87963, 4.92852, -1.76776, 2.19479, 31.00000, 450990.00000, 52264.00000, 195854.00000, 11543630729.54839, 107441.28969, 0.91102, 0.10178, 0.52439, 0.37383, 0.25806, 0.74194
0.00000, -3.18882, -3.75791, 4.92853, -1.57080, 2.43793, 18.00000, 480926.00000, 99093.00000, 186321.11111, 8833985780.54321, 93989.28546, 0.90081, 0.00000, 0.46930, 0.53070, 0.55556, 0.44444
0.00000, -3.73035, -3.21637, 4.92550, -1.57080, 2.28234, 20.00000, 390227.00000, 61891.00000, 221079.60000, 5511478280.94000, 74239.33109, 0.94766, -0.00000, 0.52918, 0.47082, 0.35000, 0.65000
0.00000, -4.83686, -0.87622, 4.91558, -1.57080, 1.75001, 23.00000, 416456.00000, 58769.00000, 199058.56522, 11422201025.98488, 106874.69778, 1.08598, -0.00000, 0.84303, 0.15697, 0.08696, 0.91304
-0.78579, -4.35121, -2.14766, 4.91558, -1.74946, 2.02296, 28.00000, 465619.00000, 48510.00000, 182966.14286, 12413748812.19388, 111417.00414, 1.08598, 0.10538, 0.60022, 0.29439, 0.10714, 0.89286
0.78579, -4.35121, -2.14766, 4.91558, -1.39213, 2.02296, 22.00000, 477915.00000, 46498.00000, 229227.13636, 13273919460.11777, 115212.49698, 1.08598, -0.13352, 0.76051, 0.37301, 0.36364, 0.63636
0.00000, -4.58794, -1.75244, 4.91123, -1.57080, 1.93566, 30.00000, 442992.00000, 44992.00000, 229305.16667, 13894158094.00556, 117873.48342, 1.14286, -0.00000, 0.72361, 0.27639, 0.26667, 0.73333
2.75567, -4.02561, -0.70086, 4.92853, -0.97053, 1.71348, 43.00000, 488331.00000, 17830.00000, 174093.16279, 18263840927.43862, 135143.77872, 0.90081, -1.37444, 1.98030, 0.39414, 0.83721, 0.16279
2.21782, -3.93313, -1.97536, 4.92852, -1.05736, 1.98319, 49.00000, 472429.00000, 18104.00000, 140687.53061, 12111573169.55519, 110052.59274, 0.91102, -0.60432, 1.05443, 0.54989, 0.87755, 0.12245
3.48430, -3.15040, -1.49161, 4.92852, -0.73511, 1.87827, 68.00000, 473883.00000, 14542.00000, 110929.50000, 11472863646.77941, 107111.45432, 0.91102, -2.88604, 2.59457, 1.29147, 0.98529, 0.01471
2.85909, -3.75484, -1.40973, 4.92550, -0.92001, 1.86107, 41.00000, 453601.00000, 24410.00000, 136259.87805, 9044531792.54610, 95102.74335, 0.94766, -1.25387, 1.66465, 0.58922, 0.87805, 0.12195
1.49161, -3.48430, -3.15040, 4.92852, -1.16631, 2.26428, 21.00000, 476220.00000, 25183.00000, 224095.52381, 19119615183.86848, 138273.69664, 0.91102, -0.30829, 0.68893, 0.61936, 0.57143, 0.42857
0.70086, -2.75567, -4.02561, 4.92853, -1.32174, 2.52663, 17.00000, 404088.00000, 49326.00000, 196261.23529, 11744335318.41523, 108371.28457, 0.90081, -0.13313, 0.46424, 0.66888, 0.76471, 0.23529
1.97536, -2.21782, -3.93313, 4.92852, -0.84316, 2.49482, 32.00000, 495842.00000, 21979.00000, 208254.12500, 23400533701.17188, 152972.32985, 0.91102, -0.49591, 0.54500, 0.95092, 0.87500, 0.12500
1.40973, -2.85909, -3.75484, 4.92550, -1.11271, 2.43770, 22.00000, 406841.00000, 41179.00000, 181535.63636, 10977019232.23140, 104771.27103, 0.94766, -0.25296, 0.53830, 0.71466, 0.81818, 0.18182
3.93313, -1.97536, -2.21782, 4.92852, -0.46544, 2.03756, 118.00000, 434969.00000, 10468.00000, 84109.17797, 7901248989.23104, 88888.97001, 0.91102, -10.56672, 5.51065, 6.05607, 1.00000, 0.00000
3.15040, -1.49161, -3.48430, 4.92852, -0.44220, 2.35600, 58.00000, 483960.00000, 10597.00000, 120676.63793, 11763128399.29994, 108457.95683, 0.91102, -1.63909, 0.81587, 1.82322, 1.00000, 0.00000
4.02561, -0.70086, -2.75567, 4.92853, -0.17237, 2.16413, 110.00000, 372772.00000, 7953.00000, 84537.33636, 5745488660.45959, 75799.00171, 0.90081, 9.35336, -1.86160, -6.49176, 0.99091, 0.00909
3.75484, -1.40973, -2.85909, 4.92550, -0.35916, 2.19010, 73.00000, 465241.00000, 13639.00000, 103545.86301, 8976621697.84425, 94745.03521, 0.94766, -9.32863, 3.30198, 7.02665, 1.00000, 0.00000
2.20355, -3.47499, -2.68919, 4.91558, -1.00567, 2.14966, 23.00000, 487768.00000, 23496.00000, 160322.13043, 14787394183.41777, 121603.42998, 1.08598, -0.56481, 0.87972, 0.68510, 0.86957, 0.13043
2.68919, -2.20355, -3.47499, 4.91558, -0.68646, 2.35595, 36.00000, 427601.00000, 15439.00000, 139681.41667, 14320659853.57639, 119668.95944, 1.08598, -0.90211, 0.74373, 1.15838, 0.88889, 0.11111
3.47499, -2.68919, -2.20355, 4.91558, -0.65860, 2.03563, 69.00000, 497128.00000, 16145.00000, 123666.47826, 11914447457.84373, 109153.32087, 1.08598, -2.37638, 1.85065, 1.52573, 1.00000, 0.00000
2.83550, -2.83550, -2.83550, 4.91123, -0.78540, 2.18628, 55.00000, 498263.00000, 20666.00000, 143675.23636, 18632178003.01686, 136499.73627, 1.14286, -1.00000, 1.00000, 1.00000, 0.85455, 0.14545
3.18882, -3.75791, 0.00000, 4.92853, -0.86714, 1.57080, 46.00000, 489401.00000, 24934.00000, 180497.17391, 14948659480.18715, 122264.71069, 0.90081, -7.64229, 8.64229, -0.00000, 0.84783, 0.15217
3.92241, -2.87963, -0.78273, 4.92852, -0.63328, 1.73029, 95.00000, 458107.00000, 9627.00000, 108301.60000, 13316207853.60842, 115395.87451, 0.91102, 10.75154, -7.66476, -2.08678, 0.96842, 0.03158
3.92241, -2.87963, 0.78273, 4.92852, -0.63328, 1.41130, 59.00000, 489112.00000, 17715.00000, 133440.52542, 11939734992.28325, 109269.09441, 0.91102, 2.07817, -1.48153, 0.40335, 0.98305, 0.01695
3.73035, -3.21637, 0.00000, 4.92550, -0.71154, 1.57080, 50.00000, 403632.00000, 16395.00000, 111925.58000, 9408595123.04360, 96997.91298, 0.94766, 9.06739, -8.06739, 0.00000, 0.96000, 0.04000
4.37124, -1.70460, -1.50894, 4.92852, -0.37182, 1.88196, 141.00000, 483953.00000, 6884.00000, 80916.12766, 9585674072.50852, 97906.45572, 0.91102, 3.63662, -1.43665, -1.19997, 0.98582, 0.01418
4.45876, -0.43315, -2.05481, 4.92853, -0.09684, 2.00085, 100.00000, 370497.00000, 8642.00000, 71170.90000, 4589017937.83000, 67742.29062, 0.90081, 2.22389, -0.24359, -0.98030, 1.00000, 0.00000
4.85499, -0.43811, -0.72621, 4.92852, -0.09000, 1.71868, 131.00000, 388095.00000, 8748.00000, 79204.53435, 5321169969.88241, 72946.34994, 0.91102, 1.31474, -0.13162, -0.18312, 1.00000, 0.00000
4.62611, -0.87126, -1.44936, 4.92550, -0.18616, 1.86947, 114.00000, 497421.00000, 8350.00000, 77747.85088, 8176714753.26724, 90425.18871, 0.94766, 2.02881, -0.36416, -0.66465, 0.99123, 0.00877
4.37124, -1.70460, 1.50894, 4.92852, -0.37182, 1.25963, 55.00000, 494035.00000, 15718.00000, 165745.34545, 19327376285.35339, 139022.93439, 0.91102, 1.06961, -0.42255, 0.35294, 1.00000, 0.00000
4.85499, -0.43811, 0.72621, 4.92852, -0.09000, 1.42291, 56.00000, 483727.00000, 11949.00000, 129281.21429, 19510638735.91837, 139680.48803, 0.91102, 0.96230, -0.09634, 0.13403, 0.98214, 0.01786
4.45876, -0.43315, 2.05481, 4.92853, -0.09684, 1.14074, 23.00000, 478289.00000, 32865.00000, 165232.69565, 16990087360.38563, 130346.02932, 0.90081, 0.75116, -0.08228, 0.33112, 1.00000, 0.00000
4.62611, -0.87126, 1.44936, 4.92550, -0.18616, 1.27212, 41.00000, 427736.00000, 25021.00000, 125655.73171, 9222058914.34265, 96031.55166, 0.94766, 0.87099, -0.15634, 0.28534, 1.00000, 0.00000
4.35121, -2.14766, -0.78579, 4.91558, -0.45850, 1.73134, 85.00000, 435870.00000, 7869.00000, 89427.75294, 10148443946.70367, 100739.48554, 1.08598, 2.99442, -1.46868, -0.52573, 0.98824, 0.01176
4.83686, -0.87622, 0.00000, 4.91558, -0.17921, 1.57080, 83.00000, 462935.00000, 7183.00000, 86513.65060, 9391563905.38395, 96910.08155, 1.08598, 1.22879, -0.22879, 0.00000, 0.97590, 0.02410
4.35121, -2.14766, 0.78579, 4.91558, -0.45850, 1.41025, 59.00000, 429815.00000, 12853.00000, 114429.98305, 10469882429.03361, 102322.44343, 1.08598, 1.45965, -0.71592, 0.25627, 0.96610, 0.03390
4.58794, -1.75244, 0.00000, 4.91123, -0.36486, 1.57080, 82.00000, 471158.00000, 12410.00000, 107876.06098, 11090243883.83775, 105310.22687, 1.14286, 1.61803, -0.61803, 0.00000, 1.00000, 0.00000
0.43315, -2.05481, 4.45876, 4.92853, -1.36304, 0.44016, 5.00000, 332649.00000, 140492.00000, 253745.40000, 4529944142.64000, 67304.85973, 0.90081, 0.16379, -0.65917, 1.49537, 0.60000, 0.40000
1.70460, -1.50894, 4.37124, 4.92852, -0.72459, 0.48015, 7.00000, 447269.00000, 104067.00000, 269069.71429, 16936824976.48979, 130141.55745, 0.91102, 0.37091, -0.30980, 0.93889, 1.00000, 0.00000
0.43811, -0.72621, 4.85499, 4.92852, -1.02797, 0.17295, 7.00000, 446762.00000, 161224.00000, 277432.71429, 8865648783.91837, 94157.57422, 0.91102, 0.10419, -0.14496, 1.04077, 0.71429, 0.28571
0.87126, -1.44936, 4.62611, 4.92550, -1.02954, 0.35046, 9.00000, 439656.00000, 69430.00000, 298697.66667, 13645579913.33333, 116814.29670, 0.94766, 0.21070, -0.38457, 1.17386, 0.77778, 0.22222
2.87963, -0.78273, 3.92241, 4.92852, -0.26540, 0.65037, 8.00000, 469171.00000, 66789.00000, 278692.50000, 20302817272.50000, 142487.95483, 0.91102, 0.46938, -0.12779, 0.65841, 1.00000, 0.00000
3.75791, 0.00000, 3.18882, 4.92853, 0.00000, 0.86714, 7.00000, 411144.00000, 102555.00000, 227758.85714, 8527889671.26531, 92346.57368, 0.90081, 0.53070, -0.00000, 0.46930, 1.00000, 0.00000
2.87963, 0.78273, 3.92241, 4.92852, 0.26540, 0.65037, 7.00000, 387236.00000, 133328.00000, 267510.71429, 8637968054.20408, 92940.66954, 0.91102, 0.37383, 0.10178, 0.52439, 1.00000, 0.00000
3.21637, 0.00000, 3.73035, 4.92550, 0.00000, 0.71154, 6.00000, 446801.00000, 77816.00000, 193880.83333, 14088948120.80556, 118696.87494, 0.94766, 0.47082, -0.00000, 0.52918, 1.00000, 0.00000
0.43811, 0.72621, 4.85499, 4.92852, 1.02797, 0.17295, 1.00000, 289835.00000, 289835.00000, 289835.00000, 0.00000, 0.00000, 0.91102, 0.08077, 0.11238, 0.80685, 1.00000, 0.00000
1.70460, 1.50894, 4.37124, 4.92852, 0.72459, 0.48015, 10.00000, 472478.00000, 106987.00000, 289121.10000, 16176609907.29000, 127187.30246, 0.91102, 0.22901, 0.19128, 0.57970, 1.00000, 0.00000
0.43315, 2.05481, 4.45876, 4.92853, 1.36304, 0.44016, 1.00000, 419854.00000, 419854.00000, 419854.00000, 0.00000, 0.00000, 0.90081, 0.07065, 0.28433, 0.64502, 0.00000, 1.00000
0.87126, 1.44936, 4.62611, 4.92550, 1.02954, 0.35046, 3.00000, 357801.00000, 189416.00000, 274442.66667, 4726976372.22222, 68753.00991, 0.94766, 0.11910, 0.21738, 0.66353, 1.00000, 0.00000
2.14766, -0.78579, 4.35121, 4.91558, -0.35075, 0.48390, 4.00000, 328945.00000, 253321.00000, 279487.50000, 951994094.25000, 30854.40154, 1.08598, 0.37301, -0.13352, 0.76051, 1.00000, 0.00000
2.14766, 0.78579, 4.35121, 4.91558, 0.35075, 0.48390, 4.00000, 428187.00000, 133125.00000, 333327.25000, 14088330435.18750, 118694.27297, 1.08598, 0.29439, 0.10538, 0.60022, 1.00000, 0.00000
0.87622, 0.00000, 4.83686, 4.91558, 0.00000, 0.17921, 3.00000, 382737.00000, 284108.00000, 328822.33333, 1663603006.88889, 40787.28977, 1.08598, 0.15697, -0.00000, 0.84303, 0.66667, 0.33333
1.75244, 0.00000, 4.58794, 4.91123, 0.00000, 0.36486, 3.00000, 265815.00000, 180597.00000, 229122.33333, 1280357254.22222, 35782.08007, 1.14286, 0.27639, 0.00000, 0.72361, 1.00000, 0.00000
-2.75567, -4.02561, 0.70086, 4.92853, -2.17107, 1.42811, 40.00000, 484096.00000, 47895.00000, 184384.27500, 14595031554.64937, 120809.89841, 0.90081, 0.46424, 0.66888, -0.13313, 0.02500, 0.97500
-2.21782, -3.93313, 1.97536, 4.92852, -2.08423, 1.15840, 30.00000, 498158.00000, 42336.00000, 187545.93333, 15327664559.46222, 123804.94562, 0.91102, 0.54500, 0.95092, -0.49591, 0.03333, 0.96667
-3.48430, -3.15040, 1.49161, 4.92852, -2.40648, 1.26333, 28.00000, 469830.00000, 58455.00000, 176972.25000, 10008117644.11607, 100040.57999, 0.91102, 0.68893, 0.61936, -0.30829, 0.00000, 1.00000
-2.85909, -3.75484, 1.40973, 4.92550, -2.22158, 1.28053, 25.00000, 330775.00000, 53608.00000, 188948.64000, 6317700594.71040, 79483.96439, 0.94766, 0.53830, 0.71466, -0.25296, 0.04000, 0.96000
-1.49161, -3.48430, 3.15040, 4.92852, -1.97528, 0.87732, 14.00000, 424441.00000, 56669.00000, 267931.71429, 16740746443.34694, 129386.03651, 0.91102, 0.81587, 1.82322, -1.63909, 0.00000, 1.00000
-0.70086, -2.75567, 4.02561, 4.92853, -1.81985, 0.61496, 5.00000, 498563.00000, 105740.00000, 296402.60000, 22472473714.24000, 149908.21763, 0.90081, -1.86160, -6.49176, 9.35336, 0.20000, 0.80000
-1.97536, -2.21782, 3.93313, 4.92852, -2.29844, 0.64677, 10.00000, 364065.00000, 136646.00000, 254079.00000, 6030275827.80000, 77654.85064, 0.91102, 5.51065, 6.05607, -10.56672, 0.10000, 0.90000
-1.40973, -2.85909, 3.75484, 4.92550, -2.02888, 0.70390, 8.00000, 446173.00000, 221011.00000, 344637.25000, 6337346680.93750, 79607.45368, 0.94766, 3.30198, 7.02665, -9.32863, 0.25000, 0.75000
-3.93313, -1.97536, 2.21782, 4.92852, -2.67616, 1.10403, 15.00000, 439509.00000, 89197.00000, 230007.06667, 13440942552.19556, 115935.07904, 0.91102, 1.05443, 0.54989, -0.60432, 0.00000, 1.00000
-3.15040, -1.49161, 3.48430, 4.92852, -2.69940, 0.78559, 12.00000, 419344.00000, 77835.00000, 277474.75000, 11433517396.52083, 106927.62691, 0.91102, 2.59457, 1.29147, -2.88604, 0.08333, 0.91667
-4.02561, -0.70086, 2.75567, 4.92853, -2.96922, 0.97747, 10.00000, 406514.00000, 167341.00000, 262523.00000, 4652423528.80000, 68208.67635, 0.90081, 1.98030, 0.39414, -1.37444, 0.00000, 1.00000
-3.75484, -1.40973, 2.85909, 4.92550, -2.78243, 0.95149, 10.00000, 462452.00000, 90574.00000, 250723.70000, 12390608107.01000, 111313.10842, 0.94766, 1.66465, 0.58922, -1.25387, 0.10000, 0.90000
-2.20355, -3.47499, 2.68919, 4.91558, -2.13592, 0.99193, 9.00000, 407290.00000, 43296.00000, 261953.88889, 13129224203.87654, 114582.82683, 1.08598, 0.74373, 1.15838, -0.90211, 0.00000, 1.00000
-2.68919, -2.20355, 3.47499, 4.91558, -2.45513, 0.78564, 13.00000, 446139.00000, 91523.00000, 224917.61538, 10489947370.08284, 102420.44410, 1.08598, 1.85065, 1.52573, -2.37638, 0.07692, 0.92308
-3.47499, -2.68919, 2.20355, 4.91558, -2.48299, 1.10596, 14.00000, 447016.00000, 56787.00000, 224333.00000, 14604359355.42857, 120848.49753, 1.08598, 0.87972, 0.68510, -0.56481, 0.00000, 1.00000
-2.83550, -2.83550, 2.83550, 4.91123, -2.35619, 0.95532, 9.00000, 413512.00000, 44433.00000, 176151.88889, 15363919542.54321, 123951.27891, 1.14286, 1.00000, 1.00000, -1.00000, 0.00000, 1.00000
-0.70086, -2.75567, -4.02561, 4.92853, -1.81985, 2.52663, 20.00000, 497221.00000, 41299.00000, 260302.50000, 19597866175.15000, 139992.37899, 0.90081, 0.10514, 0.36663, 0.52824, 0.40000, 0.60000
-1.49161, -3.48430, -3.15040, 4.92852, -1.97528, 2.26428, 17.00000, 491780.00000, 55092.00000, 237302.52941, 15660655417.54325, 125142.54040, 0.91102, 0.19070, 0.42617, 0.38313, 0.00000, 1.00000
-1.97536, -2.21782, -3.93313, 4.92852, -2.29844, 2.49482, 13.00000, 423114.00000, 94461.00000, 281128.84615, 13695536980.43787, 117027.93248, 0.91102, 0.24897, 0.27362, 0.47741, 0.15385, 0.84615
-1.40973, -2.85909, -3.75484, 4.92550, -2.02888, 2.43770, 15.00000, 443205.00000, 55680.00000, 183201.06667, 13688306428.32889, 116997.03598, 0.94766, 0.16798, 0.35746, 0.47456, 0.20000, 0.80000
-2.21782, -3.93313, -1.97536, 4.92852, -2.08423, 1.98319, 44.00000, 461062.00000, 20974.00000, 160105.47727, 9994096039.43130, 99970.47584, 0.91102, 0.27362, 0.47741, 0.24897, 0.09091, 0.90909
-2.75567, -4.02561, -0.70086, 4.92853, -2.17107, 1.71348, 42.00000, 453962.00000, 33431.00000, 170345.50000, 14366692153.34524, 119861.13696, 0.90081, 0.36663, 0.52824, 0.10514, 0.00000, 1.00000
-3.48430, -3.15040, -1.49161, 4.92852, -2.40648, 1.87827, 33.00000, 366753.00000, 47756.00000, 155256.78788, 8819492628.53076, 93912.15378, 0.91102, 0.42617, 0.38313, 0.19070, 0.03030, 0.96970
-2.85909, -3.75484, -1.40973, 4.92550, -2.22158, 1.86107, 37.00000, 484905.00000, 33846.00000, 200655.48649, 17180158880.08766, 131073.10510, 0.94766, 0.35746, 0.47456, 0.16798, 0.00000, 1.00000
-3.15040, -1.49161, -3.48430, 4.92852, -2.69940, 2.35600, 11.00000, 486955.00000, 56164.00000, 210561.72727, 16216034389.10744, 127342.19406, 0.91102, 0.38313, 0.19070, 0.42617, 0.09091, 0.90909
-3.93313, -1.97536, -2.21782, 4.92852, -2.67616, 2.03756, 22.00000, 465723.00000, 30612.00000, 207342.54545, 17269259798.06612, 131412.55571, 0.91102, 0.47741, 0.24897, 0.27362, 0.00000, 1.00000
-4.02561, -0.70086, -2.75567, 4.92853, -2.96922, 2.16413, 11.00000, 456682.00000, 143735.00000, 278991.09091, 12308698633.71901, 110944.57460, 0.90081, 0.52824, 0.10514, 0.36663, 0.00000, 1.00000
-3.75484, -1.40973, -2.85909, 4.92550, -2.78243, 2.19010, 18.00000, 422862.00000, 55348.00000, 216336.27778, 16261369162.75617, 127520.07357, 0.94766, 0.47456, 0.16798, 0.35746, 0.05556, 0.94444
-2.20355, -3.47499, -2.68919, 4.91558, -2.13592, 2.14966, 20.00000, 465749.00000, 34135.00000, 215347.45000, 13411019791.24750, 115805.95749, 1.08598, 0.26522, 0.41309, 0.32170, 0.05000, 0.95000
-3.47499, -2.68919, -2.20355, 4.91558, -2.48299, 2.03563, 22.00000, 395742.00000, 37973.00000, 173677.59091, 7593832775.42355, 87142.60023, 1.08598, 0.41309, 0.32170, 0.26522, 0.00000, 1.00000
-2.68919, -2.20355, -3.47499, 4.91558, -2.45513, 2.35595, 10.00000, 391695.00000, 113503.00000, 228851.60000, 12046729601.64000, 109757.59473, 1.08598, 0.32170, 0.26522, 0.41309, 0.00000, 1.00000
-2.83550, -2.83550, -2.83550, 4.91123, -2.35619, 2.18628, 30.00000, 460849.00000, 46282.00000, 209873.46667, 14096386718.11555, 118728.20523, 1.14286, 0.33333, 0.33333, 0.33333, 0.00000, 1.00000
3.75791, 0.00000, -3.18882, 4.92853, 0.00000, 2.27446, 62.00000, 433100.00000, 16104.00000, 128776.82258, 12096207694.95239, 109982.76090, 0.90081, 8.64229, 0.00000, -7.64229, 0.96774, 0.03226
2.87963, -0.78273, -3.92241, 4.92852, -0.26540, 2.49122, 44.00000, 486696.00000, 21636.00000, 128339.31818, 11449451834.80785, 107002.11136, 0.91102, -1.48153, 0.40335, 2.07817, 0.93182, 0.06818
2.87963, 0.78273, -3.92241, 4.92852, 0.26540, 2.49122, 29.00000, 498981.00000, 37519.00000, 180171.75862, 13570660869.07967, 116493.17950, 0.91102, -7.66476, -2.08678, 10.75154, 0.96552, 0.03448
3.21637, 0.00000, -3.73035, 4.92550, 0.00000, 2.43005, 36.00000, 369433.00000, 21401.00000, 131059.00000, 9152133613.00000, 95666.78427, 0.94766, -8.06739, -0.00000, 9.06739, 0.97222, 0.02778
1.70460, -1.50894, -4.37124, 4.92852, -0.72459, 2.66145, 17.00000, 455119.00000, 72444.00000, 265698.70588, 11859826667.73702, 108902.83131, 0.91102, -0.42255, 0.35294, 1.06961, 0.94118, 0.05882
0.43315, -2.05481, -4.45876, 4.92853, -1.36304, 2.70143, 14.00000, 456498.00000, 34167.00000, 198470.14286, 15840477498.40816, 125858.95875, 0.90081, -0.08228, 0.33112, 0.75116, 0.57143, 0.42857
0.43811, -0.72621, -4.85499, 4.92852, -1.02797, 2.96865, 9.00000, 473959.00000, 66100.00000, 295214.55556, 18189999513.35802, 134870.30627, 0.91102, -0.09634, 0.13403, 0.96230, 0.55556, 0.44444
0.87126, -1.44936, -4.62611, 4.92550, -1.02954, 2.79113, 17.00000, 483032.00000, 42519.00000, 186645.00000, 11561481716.23529, 107524.33081, 0.94766, -0.15634, 0.28534, 0.87099, 0.70588, 0.29412
1.70460, 1.50894, -4.37124, 4.92852, 0.72459, 2.66145, 16.00000, 441177.00000, 51862.00000, 225157.56250, 13349145024.99609, 115538.50018, 0.91102, -1.43665, -1.19997, 3.63662, 0.93750, 0.06250
0.43811, 0.72621, -4.85499, 4.92852, 1.02797, 2.96865, 5.00000, 340902.00000, 37692.00000, 177068.00000, 15732563188.80000, 125429.51482, 0.91102, -0.13162, -0.18312, 1.31474, 0.80000, 0.20000
0.43315, 2.05481, -4.45876, 4.92853, 1.36304, 2.70143, 9.00000, 436970.00000, 70146.00000, 217754.00000, 10583505300.88889, 102876.16488, 0.90081, -0.24359, -0.98030, 2.22389, 1.00000, 0.00000
0.87126, 1.44936, -4.62611, 4.92550, 1.02954, 2.79113, 10.00000, 489951.00000, 72876.00000, 230744.80000, 21858903807.36000, 147847.56950, 0.94766, -0.36416, -0.66465, 2.02881, 0.80000, 0.20000
2.14766, -0.78579, -4.35121, 4.91558, -0.35075, 2.65769, 17.00000, 388608.00000, 28867.00000, 137701.17647, 13626918309.32180, 116734.39214, 1.08598, -0.71592, 0.25627, 1.45965, 0.88235, 0.11765
0.87622, 0.00000, -4.83686, 4.91558, 0.00000, 2.96238, 6.00000, 432451.00000, 144426.00000, 264320.83333, 12366798607.47222, 111206.10868, 1.08598, -0.22879, -0.00000, 1.22879, 0.83333, 0.16667
2.14766, 0.78579, -4.35121, 4.91558, 0.35075, 2.65769, 18.00000, 424749.00000, 31709.00000, 168833.22222, 12453343927.39506, 111594.55151, 1.08598, -1.46868, -0.52573, 2.99442, 0.88889, 0.11111
1.75244, 0.00000, -4.58794, 4.91123, 0.00000, 2.77673, 14.00000, 447564.00000, 79253.00000, 225875.50000, 13175571341.53572, 114784.89161, 1.14286, -0.61803, -0.00000, 1.61803, 0.85714, 0.14286
4.45876, 0.43315, 2.05481, 4.92853, 0.09684, 1.14074, 20.00000, 484320.00000, 34295.00000, 189587.30000, 17448551683.01000, 132092.96606, 0.90081, 0.64502, 0.07065, 0.28433, 1.00000, 0.00000
4.85499, 0.43811, 0.72621, 4.92852, 0.09000, 1.42291, 52.00000, 486126.00000, 13657.00000, 124905.51923, 13205259169.55732, 114914.13825, 0.91102, 0.80685, 0.08077, 0.11238, 0.98077, 0.01923
4.37124, 1.70460, 1.50894, 4.92852, 0.37182, 1.25963, 13.00000, 273941.00000, 43314.00000, 156433.23077, 4257144603.40828, 65246.79765, 0.91102, 0.57970, 0.22901, 0.19128, 1.00000, 0.00000
4.62611, 0.87126, 1.44936, 4.92550, 0.18616, 1.27212, 31.00000, 493622.00000, 32654.00000, 166587.16129, 13327061749.03850, 115442.89389, 0.94766, 0.66353, 0.11910, 0.21738, 1.00000, 0.00000
4.85499, 0.43811, -0.72621, 4.92852, 0.09000, 1.71868, 80.00000, 496217.00000, 13976.00000, 107263.61250, 11568278162.38734, 107555.93039, 0.91102, 1.04077, 0.10419, -0.14496, 0.98750, 0.01250
4.45876, 0.43315, -2.05481, 4.92853, 0.09684, 2.00085, 83.00000, 458645.00000, 7329.00000, 105808.30120, 8331159959.72855, 91275.18808, 0.90081, 1.49537, 0.16379, -0.65917, 1.00000, 0.00000
4.37124, 1.70460, -1.50894, 4.92852, 0.37182, 1.88196, 49.00000, 421552.00000, 12328.00000, 115500.32653, 8161234305.15868, 90339.55006, 0.91102, 0.93889, 0.37091, -0.30980, 1.00000, 0.00000
4.62611, 0.87126, -1.44936, 4.92550, 0.18616, 1.86947, 50.00000, 306427.00000, 7357.00000, 87338.36000, 4346611478.39040, 65928.83647, 0.94766, 1.17386, 0.21070, -0.38457, 1.00000, 0.00000
3.92241, 2.87963, 0.78273, 4.92852, 0.63328, 1.41130, 11.00000, 489758.00000, 70567.00000, 230052.72727, 20701177080.56199, 143879.03628, 0.91102, 0.52439, 0.37383, 0.10178, 1.00000, 0.00000
3.92241, 2.87963, -0.78273, 4.92852, 0.63328, 1.73029, 24.00000, 444783.00000, 42479.00000, 155622.91667, 12619160788.74306, 112335.03812, 0.91102, 0.65841, 0.46938, -0.12779, 1.00000, 0.00000
3.18882, 3.75791, 0.00000, 4.92853, 0.86714, 1.57080, 7.00000, 288537.00000, 136522.00000, 206003.42857, 2883703012.24490, 53700.12116, 0.90081, 0.46930, 0.53070, 0.00000, 1.00000, 0.00000
3.73035, 3.21637, 0.00000, 4.92550, 0.71154, 1.57080, 14.00000, 458969.00000, 74995.00000, 218996.42857, 14838019038.67347, 121811.40767, 0.94766, 0.52918, 0.47082, 0.00000, 1.00000, 0.00000
4.83686, 0.87622, 0.00000, 4.91558, 0.17921, 1.57080, 34.00000, 476997.00000, 16394.00000, 123485.52941, 13355305959.24913, 115565.15893, 1.08598, 0.84303, 0.15697, 0.00000, 1.00000, 0.00000
4.35121, 2.14766, -0.78579, 4.91558, 0.45850, 1.73134, 29.00000, 480120.00000, 22284.00000, 118490.75862, 8347075353.35553, 91362.33006, 1.08598, 0.76051, 0.37301, -0.13352, 1.00000, 0.00000
4.35121, 2.14766, 0.78579, 4.91558, 0.45850, 1.41025, 18.00000, 469334.00000, 32819.00000, 185113.83333, 17798480480.58333, 133410.94588, 1.08598, 0.60022, 0.29439, 0.10538, 1.00000, 0.00000
4.58794, 1.75244, 0.00000, 4.91123, 0.36486, 1.57080, 28.00000, 447497.00000, 24779.00000, 132838.00000, 11973697384.42857, 109424.39118, 1.14286, 0.72361, 0.27639, -0.00000, 0.96429, 0.03571
