-2.75567, 4.02561, 0.70086, 4.92853, 2.17107, 1.42811, 20.00000, 464474.00000, 42221.00000, 215524.70000, 12458052372.21000, 111615.64573, 0.90081, -1.37444, 1.98030, 0.39414, 0.65000, 0.35000
-3.48430, 3.15040, 1.49161, 4.92852, 2.40648, 1.26333, 33.00000, 496372.00000, 35476.00000, 195772.63636, 15729113427.01928, 125415.76227, 0.91102, -2.88604, 2.59457, 1.29147, 0.72727, 0.27273
-2.21782, 3.93313, 1.97536, 4.92852, 2.08423, 1.15840, 52.00000, 496768.00000, 17257.00000, 170262.36538, 13647372167.65495, 116821.96783, 0.91102, -0.60432, 1.05443, 0.54989, 0.84615, 0.15385
-2.85909, 3.75484, 1.40973, 4.92550, 2.22158, 1.28053, 20.00000, 451516.00000, 33203.00000, 166024.05000, 13055779767.44750, 114261.89114, 0.94766, -1.25387, 1.66465, 0.58922, 0.80000, 0.20000
-3.93313, 1.97536, 2.21782, 4.92852, 2.67616, 1.10403, 51.00000, 470621.00000, 34251.00000, 212084.37255, 13404024395.88081, 115775.75047, 0.91102, -10.56672, 5.51065, 6.05607, 0.45098, 0.54902
-4.02561, 0.70086, 2.75567, 4.92853, 2.96922, 0.97747, 54.00000, 479190.00000, 26775.00000, 154741.33333, 11447329330.51852, 106992.19285, 0.90081, 9.35336, -1.86160, -6.49176, 0.20370, 0.79630
-3.15040, 1.49161, 3.48430, 4.92852, 2.69940, 0.78559, 78.00000, 443302.00000, 10339.00000, 154367.79487, 13999838621.39382, 118320.91371, 0.91102, -1.63909, 0.81587, 1.82322, 0.51282, 0.48718
-3.75484, 1.40973, 2.85909, 4.92550, 2.78243, 0.95149, 48.00000, 485828.00000, 22472.00000, 167762.72917, 15378920478.23915, 124011.77556, 0.94766, -9.32863, 3.30198, 7.02665, 0.52083, 0.47917
-1.49161, 3.48430, 3.15040, 4.92852, 1.97528, 0.87732, 78.00000, 408406.00000, 15999.00000, 144450.60256, 12653935210.41897, 112489.71158, 0.91102, -0.30829, 0.68893, 0.61936, 0.91026, 0.08974
-1.97536, 2.21782, 3.93313, 4.92852, 2.29844, 0.64677, 113.00000, 486659.00000, 9325.00000, 129124.33628, 13313488949.05505, 115384.09314, 0.91102, -0.49591, 0.54500, 0.95092, 0.84956, 0.15044
-0.70086, 2.75567, 4.02561, 4.92853, 1.81985, 0.61496, 114.00000, 490625.00000, 9494.00000, 93047.78947, 8984687936.79778, 94787.59379, 0.90081, -0.13313, 0.46424, 0.66888, 0.92982, 0.07018
-1.40973, 2.85909, 3.75484, 4.92550, 2.02888, 0.70390, 78.00000, 457244.00000, 16941.00000, 109021.91026, 9839527137.33810, 99194.39065, 0.94766, -0.25296, 0.53830, 0.71466, 0.85897, 0.14103
-3.47499, 2.68919, 2.20355, 4.91558, 2.48299, 1.10596, 44.00000, 474748.00000, 42543.00000, 201372.22727, 13814379118.81198, 117534.58690, 1.08598, -2.37638, 1.85065, 1.52573, 0.43182, 0.56818
-2.68919, 2.20355, 3.47499, 4.91558, 2.45513, 0.78564, 53.00000, 485109.00000, 19540.00000, 151735.75472, 13101350537.77002, 114461.13112, 1.08598, -0.90211, 0.74373, 1.15838, 0.79245, 0.20755
-2.20355, 3.47499, 2.68919, 4.91558, 2.13592, 0.99193, 53.00000, 480738.00000, 15673.00000, 178894.69811, 16623954974.36169, 128933.91708, 1.08598, -0.56481, 0.87972, 0.68510, 0.90566, 0.09434
-2.83550, 2.83550, 2.83550, 4.91123, 2.35619, 0.95532, 47.00000, 490595.00000, 19534.00000, 166742.85106, 14840985937.57356, 121823.58531, 1.14286, -1.00000, 1.00000, 1.00000, 0.76596, 0.23404
-2.05481, 4.45876, 0.43315, 4.92853, 2.00263, 1.48280, 17.00000, 429503.00000, 98144.00000, 221974.70588, 9844205097.73702, 99217.96762, 0.90081, -0.65917, 1.49537, 0.16379, 0.82353, 0.17647
-1.50894, 4.37124, 1.70460, 4.92852, 1.90319, 1.21764, 33.00000, 490626.00000, 40338.00000, 181249.30303, 15202691782.33241, 123299.19619, 0.91102, -0.30980, 0.93889, 0.37091, 0.87879, 0.12121
-0.72621, 4.85499, 0.43811, 4.92852, 1.71928, 1.48179, 13.00000, 497442.00000, 73481.00000, 273578.92308, 22830436934.84023, 151097.44185, 0.91102, -0.14496, 1.04077, 0.10419, 0.76923, 0.23077
-1.44936, 4.62611, 0.87126, 4.92550, 1.87441, 1.39297, 21.00000, 479066.00000, 45574.00000, 214437.57143, 17702540441.57823, 133050.89418, 0.94766, -0.38457, 1.17386, 0.21070, 0.85714, 0.14286
-0.78273, 3.92241, 2.87963, 4.92852, 1.76776, 0.94680, 77.00000, 479353.00000, 19087.00000, 132932.87013, 12350870652.55456, 111134.47104, 0.91102, -0.12779, 0.65841, 0.46938, 0.92208, 0.07792
0.00000, 3.18882, 3.75791, 4.92853, 1.57080, 0.70366, 85.00000, 472924.00000, 13470.00000, 119168.18824, 10638532061.82339, 103143.25990, 0.90081, -0.00000, 0.46930, 0.53070, 0.94118, 0.05882
0.78273, 3.92241, 2.87963, 4.92852, 1.37383, 0.94680, 48.00000, 475532.00000, 21653.00000, 173566.43750, 18123037965.82943, 134621.83317, 0.91102, 0.10178, 0.52439, 0.37383, 0.95833, 0.04167
0.00000, 3.73035, 3.21637, 4.92550, 1.57080, 0.85925, 53.00000, 485274.00000, 15259.00000, 114520.28302, 10759399221.78783, 103727.52394, 0.94766, -0.00000, 0.52918, 0.47082, 0.88679, 0.11321
0.72621, 4.85499, 0.43811, 4.92852, 1.42232, 1.48179, 12.00000, 410058.00000, 87908.00000, 230091.16667, 10043196979.13889, 100215.75215, 0.91102, 0.11238, 0.80685, 0.08077, 0.91667, 0.08333
1.50894, 4.37124, 1.70460, 4.92852, 1.23841, 1.21764, 24.00000, 451947.00000, 35642.00000, 197670.50000, 15470534842.75000, 124380.60477, 0.91102, 0.19128, 0.57970, 0.22901, 0.95833, 0.04167
2.05481, 4.45876, 0.43315, 4.92853, 1.13896, 1.48280, 8.00000, 308700.00000, 78411.00000, 191888.62500, 7875782923.98438, 88745.60791, 0.90081, 0.28433, 0.64502, 0.07065, 0.87500, 0.12500
1.44936, 4.62611, 0.87126, 4.92550, 1.26718, 1.39297, 13.00000, 402944.00000, 88357.00000, 196452.30769, 8516544776.21302, 92285.12760, 0.94766, 0.21738, 0.66353, 0.11910, 1.00000, 0.00000
-0.78579, 4.35121, 2.14766, 4.91558, 1.74946, 1.11864, 36.00000, 404981.00000, 23136.00000, 142725.66667, 9324448090.72222, 96563.18186, 1.08598, -0.13352, 0.76051, 0.37301, 0.94444, 0.05556
0.78579, 4.35121, 2.14766, 4.91558, 1.39213, 1.11864, 29.00000, 490217.00000, 30885.00000, 169617.72414, 14343392420.82045, 119763.90283, 1.08598, 0.10538, 0.60022, 0.29439, 0.96552, 0.03448
0.00000, 4.83686, 0.87622, 4.91558, 1.57080, 1.39159, 9.00000, 429987.00000, 48401.00000, 235017.44444, 15463555954.69136, 124352.54704, 1.08598, -0.00000, 0.84303, 0.15697, 0.88889, 0.11111
0.00000, 4.58794, 1.75244, 4.91123, 1.57080, 1.20593, 24.00000, 490174.00000, 33168.00000, 205247.91667, 20495571134.07639, 143162.74353, 1.14286, 0.00000, 0.72361, 0.27639, 0.91667, 0.08333
-2.05481, 4.45876, -0.43315, 4.92853, 2.00263, 1.65880, 12.00000, 480018.00000, 123553.00000, 309100.91667, 10694518488.74306, 103414.30505, 0.90081, -0.98030, 2.22389, -0.24359, 0.66667, 0.33333
-0.72621, 4.85499, -0.43811, 4.92852, 1.71928, 1.65981, 6.00000, 354317.00000, 186827.00000, 281130.00000, 2919757508.00000, 54034.78054, 0.91102, -0.18312, 1.31474, -0.13162, 0.50000, 0.50000
-1.50894, 4.37124, -1.70460, 4.92852, 1.90319, 1.92396, 1.00000, 286710.00000, 286710.00000, 286710.00000, 0.00000, 0.00000, 0.91102, -1.19997, 3.63662, -1.43665, 1.00000, 0.00000
-1.44936, 4.62611, -0.87126, 4.92550, 1.87441, 1.74862, 4.00000, 486861.00000, 80107.00000, 281489.00000, 20727273387.50000, 143969.69607, 0.94766, -0.66465, 2.02881, -0.36416, 1.00000, 0.00000
0.72621, 4.85499, -0.43811, 4.92852, 1.42232, 1.65981, 5.00000, 377948.00000, 107096.00000, 235511.60000, 12637989314.64000, 112418.81210, 0.91102, 0.13403, 0.96230, -0.09634, 0.80000, 0.20000
2.05481, 4.45876, -0.43315, 4.92853, 1.13896, 1.65880, 8.00000, 452372.00000, 198696.00000, 346800.50000, 8528148165.00000, 92347.97326, 0.90081, 0.33112, 0.75116, -0.08228, 1.00000, 0.00000
1.50894, 4.37124, -1.70460, 4.92852, 1.23841, 1.92396, 3.00000, 203743.00000, 172418.00000, 183564.66667, 204328105.55556, 14294.33823, 0.91102, 0.35294, 1.06961, -0.42255, 1.00000, 0.00000
1.44936, 4.62611, -0.87126, 4.92550, 1.26718, 1.74862, 4.00000, 485646.00000, 157183.00000, 340412.25000, 18303908999.18750, 135291.93989, 0.94766, 0.28534, 0.87099, -0.15634, 1.00000, 0.00000
-0.78273, 3.92241, -2.87963, 4.92852, 1.76776, 2.19479, 3.00000, 323857.00000, 222533.00000, 280219.66667, 1809784046.22222, 42541.55670, 0.91102, -2.08678, 10.75154, -7.66476, 1.00000, 0.00000
0.78273, 3.92241, -2.87963, 4.92852, 1.37383, 2.19479, 3.00000, 471982.00000, 99975.00000, 244991.66667, 26424709021.55555, 162556.78707, 0.91102, 0.40335, 2.07817, -1.48153, 1.00000, 0.00000
0.00000, 3.18882, -3.75791, 4.92853, 1.57080, 2.43793, 2.00000, 493384.00000, 363187.00000, 428285.50000, 4237814702.25000, 65098.50000, 0.90081, -0.00000, -7.64229, 8.64229, 0.50000, 0.50000
0.00000, 3.73035, -3.21637, 4.92550, 1.57080, 2.28234, 4.00000, 499599.00000, 170934.00000, 333692.00000, 19157195009.50000, 138409.51922, 0.94766, 0.00000, 9.06739, -8.06739, 1.00000, 0.00000
0.00000, 4.83686, -0.87622, 4.91558, 1.57080, 1.75001, 2.00000, 209443.00000, 197395.00000, 203419.00000, 36288576.00000, 6024.00000, 1.08598, 0.00000, 1.22879, -0.22879, 1.00000, 0.00000
0.78579, 4.35121, -2.14766, 4.91558, 1.39213, 2.02296, 2.00000, 444373.00000, 333775.00000, 389074.00000, 3057979401.00000, 55299.00000, 1.08598, 0.25627, 1.45965, -0.71592, 1.00000, 0.00000
-0.78579, 4.35121, -2.14766, 4.91558, 1.74946, 2.02296, 3.00000, 286189.00000, 225732.00000, 251554.00000, 648009292.66667, 25456.02665, 1.08598, -0.52573, 2.99442, -1.46868, 1.00000, 0.00000
0.00000, 4.58794, -1.75244, 4.91123, 1.57080, 1.93566, 4.00000, 412007.00000, 178087.00000, 340347.75000, 8911550646.68750, 94401.00978, 1.14286, 0.00000, 1.61803, -0.61803, 1.00000, 0.00000
-2.75567, 4.02561, -0.70086, 4.92853, 2.17107, 1.71348, 7.00000, 442360.00000, 106661.00000, 304374.14286, 15508418430.97959, 124532.80062, 0.90081, -6.49176, 9.35336, -1.86160, 0.42857, 0.57143
-2.21782, 3.93313, -1.97536, 4.92852, 2.08423, 1.98319, 3.00000, 486172.00000, 327053.00000, 381038.33333, 5527885361.55556, 74349.75025, 0.91102, 6.05607, -10.56672, 5.51065, 0.66667, 0.33333
-3.48430, 3.15040, -1.49161, 4.92852, 2.40648, 1.87827, 5.00000, 363447.00000, 111079.00000, 220490.80000, 8690670849.76000, 93223.76762, 0.91102, 1.82322, -1.63909, 0.81587, 0.20000, 0.80000
-2.85909, 3.75484, -1.40973, 4.92550, 2.22158, 1.86107, 7.00000, 488186.00000, 105010.00000, 281211.28571, 17550930089.06122, 132479.92334, 0.94766, 7.02665, -9.32863, 3.30198, 0.71429, 0.28571
-1.49161, 3.48430, -3.15040, 4.92852, 1.97528, 2.26428, 4.00000, 376981.00000, 108405.00000, 246154.00000, 9147253601.00000, 95641.27561, 0.91102, 1.29147, -2.88604, 2.59457, 0.75000, 0.25000
-0.70086, 2.75567, -4.02561, 4.92853, 1.81985, 2.52663, 1.00000, 250424.00000, 250424.00000, 250424.00000, 0.00000, 0.00000, 0.90081, 0.39414, -1.37444, 1.98030, 1.00000, 0.00000
-1.97536, 2.21782, -3.93313, 4.92852, 2.29844, 2.49482, 0.00000, 0.00000, 0.00000, 0.00000, 0.00000, 0.00000, 0.91102, 0.54989, -0.60432, 1.05443, 0.00000, 0.00000
-1.40973, 2.85909, -3.75484, 4.92550, 2.02888, 2.43770, 1.00000, 399063.00000, 399063.00000, 399063.00000, 0.00000, 0.00000, 0.94766, 0.58922, -1.25387, 1.66465, 0.00000, 1.00000
-3.93313, 1.97536, -2.21782, 4.92852, 2.67616, 2.03756, 7.00000, 413520.00000, 147691.00000, 231897.00000, 8683984449.14286, 93187.89862, 0.91102, 0.95092, -0.49591, 0.54500, 0.14286, 0.85714
-3.15040, 1.49161, -3.48430, 4.92852, 2.69940, 2.35600, 3.00000, 472828.00000, 360169.00000, 417446.00000, 2117137226.00000, 46012.35949, 0.91102, 0.61936, -0.30829, 0.68893, 0.00000, 1.00000
-4.02561, 0.70086, -2.75567, 4.92853, 2.96922, 2.16413, 3.00000, 243393.00000, 164241.00000, 192355.00000, 1306928072.00000, 36151.46016, 0.90081, 0.66888, -0.13313, 0.46424, 0.00000, 1.00000
-3.75484, 1.40973, -2.85909, 4.92550, 2.78243, 2.19010, 5.00000, 417823.00000, 57725.00000, 305548.00000, 17040740296.00000, 130540.18652, 0.94766, 0.71466, -0.25296, 0.53830, 0.20000, 0.80000
-2.20355, 3.47499, -2.68919, 4.91558, 2.13592, 2.14966, 5.00000, 426942.00000, 187292.00000, 310852.00000, 6729445681.60000, 82033.19866, 1.08598, 1.52573, -2.37638, 1.85065, 0.40000, 0.60000
-2.68919, 2.20355, -3.47499, 4.91558, 2.45513, 2.35595, 1.00000, 304300.00000, 304300.00000, 304300.00000, 0.00000, 0.00000, 1.08598, 0.68510, -0.56481, 0.87972, 0.00000, 1.00000
-3.47499, 2.68919, -2.20355, 4.91558, 2.48299, 2.03563, 4.00000, 444688.00000, 277469.00000, 363051.00000, 5061374357.50000, 71143.33670, 1.08598, 1.15838, -0.90211, 0.74373, 0.25000, 0.75000
-2.83550, 2.83550, -2.83550, 4.91123, 2.35619, 2.18628, 2.00000, 218706.00000, 193141.00000, 205923.50000, 163392306.25000, 12782.50000, 1.14286, 1.00000, -1.00000, 1.00000, 0.50000, 0.50000
-3.18882, 3.75791, 0.00000, 4.92853, 2.27446, 1.57080, 17.00000, 409332.00000, 63970.00000, 221455.76471, 8353756493.59170, 91398.88672, 0.90081, -7.64229, 8.64229, 0.00000, 0.58824, 0.41176
-3.92241, 2.87963, -0.78273, 4.92852, 2.50831, 1.73029, 22.00000, 486399.00000, 26209.00000, 253330.27273, 21733417864.01653, 147422.58261, 0.91102, 2.07817, -1.48153, 0.40335, 0.27273, 0.72727
-3.92241, 2.87963, 0.78273, 4.92852, 2.50831, 1.41130, 27.00000, 454197.00000, 55264.00000, 222019.48148, 13119371624.99040, 114539.82550, 0.91102, 10.75154, -7.66476, -2.08678, 0.51852, 0.48148
-3.73035, 3.21637, 0.00000, 4.92550, 2.43005, 1.57080, 13.00000, 463860.00000, 55140.00000, 243538.84615, 15571637917.82248, 124786.36912, 0.94766, 9.06739, -8.06739, -0.00000, 0.38462, 0.61538
-4.37124, 1.70460, -1.50894, 4.92852, 2.76977, 1.88196, 11.00000, 354801.00000, 70353.00000, 171357.54545, 6486498608.61157, 80538.80188, 0.91102, 1.06961, -0.42255, 0.35294, 0.09091, 0.90909
-4.45876, 0.43315, -2.05481, 4.92853, 3.04475, 2.00085, 11.00000, 473464.00000, 49628.00000, 314854.18182, 18667047361.05785, 136627.40340, 0.90081, 0.75116, -0.08228, 0.33112, 0.18182, 0.81818
-4.85499, 0.43811, -0.72621, 4.92852, 3.05160, 1.71868, 28.00000, 416651.00000, 30355.00000, 175612.71429, 11787201683.56122, 108568.87990, 0.91102, 0.96230, -0.09634, 0.13403, 0.14286, 0.85714
-4.62611, 0.87126, -1.44936, 4.92550, 2.95544, 1.86947, 19.00000, 423053.00000, 55648.00000, 208158.57895, 12891026581.29640, 113538.65677, 0.94766, 0.87099, -0.15634, 0.28534, 0.31579, 0.68421
-4.37124, 1.70460, 1.50894, 4.92852, 2.76977, 1.25963, 43.00000, 464056.00000, 29828.00000, 189840.93023, 10668240796.15792, 103287.17634, 0.91102, 3.63662, -1.43665, -1.19997, 0.34884, 0.65116
-4.85499, 0.43811, 0.72621, 4.92852, 3.05160, 1.42291, 51.00000, 433751.00000, 31420.00000, 154705.05882, 11212574392.48673, 105889.44420, 0.91102, 1.31474, -0.13162, -0.18312, 0.07843, 0.92157
-4.45876, 0.43315, 2.05481, 4.92853, 3.04475, 1.14074, 69.00000, 475416.00000, 20979.00000, 172690.34783, 16330663410.77757, 127791.48411, 0.90081, 2.22389, -0.24359, -0.98030, 0.17391, 0.82609
-4.62611, 0.87126, 1.44936, 4.92550, 2.95544, 1.27212, 33.00000, 354487.00000, 40507.00000, 139848.24242, 6948788868.12305, 83359.39580, 0.94766, 2.02881, -0.36416, -0.66465, 0.27273, 0.72727
-4.35121, 2.14766, -0.78579, 4.91558, 2.68310, 1.73134, 10.00000, 428909.00000, 94607.00000, 207015.30000, 11724785895.01000, 108281.05049, 1.08598, 1.45965, -0.71592, 0.25627, 0.10000, 0.90000
-4.83686, 0.87622, 0.00000, 4.91558, 2.96238, 1.57080, 28.00000, 488038.00000, 45720.00000, 192973.32143, 17947227751.64668, 133967.26373, 1.08598, 1.22879, -0.22879, -0.00000, 0.10714, 0.89286
-4.35121, 2.14766, 0.78579, 4.91558, 2.68310, 1.41025, 24.00000, 474502.00000, 44342.00000, 228357.54167, 13786629780.74826, 117416.48002, 1.08598, 2.99442, -1.46868, -0.52573, 0.29167, 0.70833
-4.58794, 1.75244, 0.00000, 4.91123, 2.77673, 1.57080, 21.00000, 463669.00000, 60610.00000, 214181.38095, 12624482971.66440, 112358.72450, 1.14286, 1.61803, -0.61803, -0.00000, 0.33333, 0.66667
2.75567, 4.02561, 0.70086, 4.92853, 0.97053, 1.42811, 9.00000, 465752.00000, 77236.00000, 178787.00000, 13094183810.00000, 114429.82046, 0.90081, 0.36663, 0.52824, 0.10514, 0.88889, 0.11111
2.21782, 3.93313, 1.97536, 4.92852, 1.05736, 1.15840, 19.00000, 340410.00000, 45118.00000, 177458.47368, 10571241408.56510, 102816.54248, 0.91102, 0.27362, 0.47741, 0.24897, 1.00000, 0.00000
3.48430, 3.15040, 1.49161, 4.92852, 0.73511, 1.26333, 13.00000, 345904.00000, 76055.00000, 214448.61538, 8981234950.85207, 94769.37771, 0.91102, 0.42617, 0.38313, 0.19070, 1.00000, 0.00000
2.85909, 3.75484, 1.40973, 4.92550, 0.92001, 1.28053, 13.00000, 472266.00000, 95913.00000, 273372.23077, 16485605623.40828, 128396.28353, 0.94766, 0.35746, 0.47456, 0.16798, 0.92308, 0.07692
1.49161, 3.48430, 3.15040, 4.92852, 1.16631, 0.87732, 41.00000, 416161.00000, 26387.00000, 141078.82927, 11957204535.06841, 109349.00336, 0.91102, 0.19070, 0.42617, 0.38313, 1.00000, 0.00000
0.70086, 2.75567, 4.02561, 4.92853, 1.32174, 0.61496, 75.00000, 443146.00000, 15304.00000, 123920.49333, 11685942849.15662, 108101.53953, 0.90081, 0.10514, 0.36663, 0.52824, 0.96000, 0.04000
1.97536, 2.21782, 3.93313, 4.92852, 0.84316, 0.64677, 56.00000, 455623.00000, 15705.00000, 147893.33929, 12407556687.79560, 111389.21262, 0.91102, 0.24897, 0.27362, 0.47741, 1.00000, 0.00000
1.40973, 2.85909, 3.75484, 4.92550, 1.11271, 0.70390, 52.00000, 434011.00000, 26858.00000, 137928.51923, 12791746824.24963, 113100.60488, 0.94766, 0.16798, 0.35746, 0.47456, 0.94231, 0.05769
3.93313, 1.97536, 2.21782, 4.92852, 0.46544, 1.10403, 4.00000, 462438.00000, 157428.00000, 318387.00000, 15979222660.50000, 126408.95008, 0.91102, 0.47741, 0.24897, 0.27362, 0.75000, 0.25000
3.15040, 1.49161, 3.48430, 4.92852, 0.44220, 0.78559, 26.00000, 395899.00000, 30734.00000, 217894.46154, 13423582593.17160, 115860.18554, 0.91102, 0.38313, 0.19070, 0.42617, 0.92308, 0.07692
4.02561, 0.70086, 2.75567, 4.92853, 0.17237, 0.97747, 10.00000, 478863.00000, 42936.00000, 181105.70000, 19297655889.81000, 138916.00300, 0.90081, 0.52824, 0.10514, 0.36663, 1.00000, 0.00000
3.75484, 1.40973, 2.85909, 4.92550, 0.35916, 0.95149, 12.00000, 474268.00000, 112720.00000, 257191.66667, 13814976886.88889, 117537.12982, 0.94766, 0.47456, 0.16798, 0.35746, 1.00000, 0.00000
2.20355, 3.47499, 2.68919, 4.91558, 1.00567, 0.99193, 21.00000, 407905.00000, 17654.00000, 184323.33333, 10139986098.88889, 100697.49798, 1.08598, 0.26522, 0.41309, 0.32170, 0.95238, 0.04762
2.68919, 2.20355, 3.47499, 4.91558, 0.68646, 0.78564, 16.00000, 401360.00000, 26653.00000, 185401.06250, 15784232360.68359, 125635.31494, 1.08598, 0.32170, 0.26522, 0.41309, 0.87500, 0.12500
3.47499, 2.68919, 2.20355, 4.91558, 0.65860, 1.10596, 12.00000, 429835.00000, 115918.00000, 260913.58333, 12880313832.57639, 113491.47031, 1.08598, 0.41309, 0.32170, 0.26522, 0.91667, 0.08333
2.83550, 2.83550, 2.83550, 4.91123, 0.78540, 0.95532, 32.00000, 463700.00000, 34669.00000, 170585.00000, 8006923940.37500, 89481.41673, 1.14286, 0.33333, 0.33333, 0.33333, 0.96875, 0.03125
-0.43315, 2.05481, 4.45876, 4.92853, 1.77855, 0.44016, 110.00000, 468943.00000, 7668.00000, 98931.49091, 12063682280.32264, 109834.79540, 0.90081, -0.08228, 0.33112, 0.75116, 0.94545, 0.05455
-1.70460, 1.50894, 4.37124, 4.92852, 2.41700, 0.48015, 120.00000, 438727.00000, 6836.00000, 115610.64167, 11384959490.19660, 106700.32563, 0.91102, -0.42255, 0.35294, 1.06961, 0.84167, 0.15833
-0.43811, 0.72621, 4.85499, 4.92852, 2.11363, 0.17295, 97.00000, 455388.00000, 16980.00000, 113115.44330, 9224293824.96843, 96043.18729, 0.91102, -0.09634, 0.13403, 0.96230, 0.88660, 0.11340
-0.87126, 1.44936, 4.62611, 4.92550, 2.11205, 0.35046, 103.00000, 470535.00000, 11933.00000, 90463.52427, 8940723432.56009, 94555.39875, 0.94766, -0.15634, 0.28534, 0.87099, 0.89320, 0.10680
-2.87963, 0.78273, 3.92241, 4.92852, 2.87619, 0.65037, 87.00000, 428449.00000, 20839.00000, 143624.33333, 10329601820.79694, 101634.64872, 0.91102, -1.48153, 0.40335, 2.07817, 0.58621, 0.41379
-3.75791, 0.00000, 3.18882, 4.92853, 3.14159, 0.86714, 73.00000, 470244.00000, 19601.00000, 141378.69863, 12349739338.45712, 111129.38108, 0.90081, 8.64229, -0.00000, -7.64229, 0.20548, 0.79452
-2.87963, -0.78273, 3.92241, 4.92852, -2.87619, 0.65037, 92.00000, 461193.00000, 14045.00000, 154753.58696, 12144890143.61201, 110203.85721, 0.91102, -7.66476, -2.08678, 10.75154, 0.30435, 0.69565
-3.21637, 0.00000, 3.73035, 4.92550, 3.14159, 0.71154, 71.00000, 467004.00000, 26768.00000, 165865.80282, 13867230975.42591, 117759.20760, 0.94766, -8.06739, 0.00000, 9.06739, 0.50704, 0.49296
-0.43811, -0.72621, 4.85499, 4.92852, -2.11363, 0.17295, 63.00000, 496361.00000, 18939.00000, 163616.42857, 14606451217.76871, 120857.15212, 0.91102, -0.13162, -0.18312, 1.31474, 0.71429, 0.28571
-1.70460, -1.50894, 4.37124, 4.92852, -2.41700, 0.48015, 58.00000, 484594.00000, 29785.00000, 175128.31034, 18377838554.55886, 135564.88688, 0.91102, -1.43665, -1.19997, 3.63662, 0.43103, 0.56897
-0.43315, -2.05481, 4.45876, 4.92853, -1.77855, 0.44016, 37.00000, 462653.00000, 52237.00000, 194760.75676, 11197865534.94084, 105819.96756, 0.90081, -0.24359, -0.98030, 2.22389, 0.64865, 0.35135
-0.87126, -1.44936, 4.62611, 4.92550, -2.11205, 0.35046, 34.00000, 469436.00000, 40661.00000, 191446.82353, 13722431906.49827, 117142.78427, 0.94766, -0.36416, -0.66465, 2.02881, 0.64706, 0.35294
-2.14766, 0.78579, 4.35121, 4.91558, 2.79084, 0.48390, 69.00000, 466568.00000, 20696.00000, 122732.50725, 10007775144.01806, 100038.86817, 1.08598, -0.71592, 0.25627, 1.45965, 0.71014, 0.28986
-2.14766, -0.78579, 4.35121, 4.91558, -2.79084, 0.48390, 62.00000, 490376.00000, 32012.00000, 173738.50000, 13240865611.12097, 115068.96024, 1.08598, -1.46868, -0.52573, 2.99442, 0.56452, 0.43548
-0.87622, 0.00000, 4.83686, 4.91558, 3.14159, 0.17921, 69.00000, 441880.00000, 13543.00000, 142297.36232, 14160996954.72380, 118999.98720, 1.08598, -0.22879, 0.00000, 1.22879, 0.78261, 0.21739
-1.75244, 0.00000, 4.58794, 4.91123, 3.14159, 0.36486, 74.00000, 478421.00000, 15288.00000, 146284.31081, 16185534150.43042, 127222.38070, 1.14286, -0.61803, 0.00000, 1.61803, 0.68919, 0.31081
-4.45876, -0.43315, 2.05481, 4.92853, -3.04475, 1.14074, 63.00000, 415712.00000, 19886.00000, 144263.95238, 12990638689.09297, 113976.48305, 0.90081, 1.49537, 0.16379, -0.65917, 0.19048, 0.80952
-4.85499, -0.43811, 0.72621, 4.92852, -3.05160, 1.42291, 52.00000, 477197.00000, 20745.00000, 148488.15385, 12974924075.24556, 113907.52423, 0.91102, 1.04077, 0.10419, -0.14496, 0.07692, 0.92308
-4.37124, -1.70460, 1.50894, 4.92852, -2.76977, 1.25963, 70.00000, 495001.00000, 23216.00000, 152251.77143, 11334090919.11918, 106461.68756, 0.91102, 0.93889, 0.37091, -0.30980, 0.07143, 0.92857
-4.62611, -0.87126, 1.44936, 4.92550, -2.95544, 1.27212, 62.00000, 492969.00000, 33310.00000, 179200.56452, 15218634450.53616, 123363.82959, 0.94766, 1.17386, 0.21070, -0.38457, 0.09677, 0.90323
-4.85499, -0.43811, -0.72621, 4.92852, -3.05160, 1.71868, 21.00000, 386414.00000, 29586.00000, 205066.42857, 13029177527.57823, 114145.42272, 0.91102, 0.80685, 0.08077, 0.11238, 0.14286, 0.85714
-4.45876, -0.43315, -2.05481, 4.92853, -3.04475, 2.00085, 10.00000, 477484.00000, 109158.00000, 264143.40000, 15742401834.64000, 125468.72851, 0.90081, 0.64502, 0.07065, 0.28433, 0.00000, 1.00000
-4.37124, -1.70460, -1.50894, 4.92852, -2.76977, 1.88196, 23.00000, 486047.00000, 44337.00000, 210263.04348, 13310642981.34593, 115371.75990, 0.91102, 0.57970, 0.22901, 0.19128, 0.13043, 0.86957
-4.62611, -0.87126, -1.44936, 4.92550, -2.95544, 1.86947, 21.00000, 458373.00000, 22858.00000, 215182.76190, 17710173843.89569, 133079.57711, 0.94766, 0.66353, 0.11910, 0.21738, 0.00000, 1.00000
-3.92241, -2.87963, 0.78273, 4.92852, -2.50831, 1.41130, 39.00000, 471727.00000, 25958.00000, 205560.25641, 18493924039.52400, 135992.36758, 0.91102, 0.65841, 0.46938, -0.12779, 0.10256, 0.89744
-3.92241, -2.87963, -0.78273, 4.92852, -2.50831, 1.73029, 29.00000, 469331.00000, 44627.00000, 242837.89655, 18900655819.95482, 137479.65602, 0.91102, 0.52439, 0.37383, 0.10178, 0.06897, 0.93103
-3.18882, -3.75791, 0.00000, 4.92853, -2.27446, 1.57080, 15.00000, 440153.00000, 77159.00000, 251202.26667, 14360900692.59556, 119836.97548, 0.90081, 0.46930, 0.53070, 0.00000, 0.20000, 0.80000
-3.73035, -3.21637, 0.00000, 4.92550, -2.43005, 1.57080, 29.00000, 444228.00000, 48459.00000, 202932.03448, 8481704081.75743, 92096.16757, 0.94766, 0.52918, 0.47082, -0.00000, 0.06897, 0.93103
-4.83686, -0.87622, 0.00000, 4.91558, -2.96238, 1.57080, 19.00000, 459031.00000, 32336.00000, 209638.89474, 11813190331.88366, 108688.50138, 1.08598, 0.84303, 0.15697, -0.00000, 0.05263, 0.94737
-4.35121, -2.14766, -0.78579, 4.91558, -2.68310, 1.73134, 12.00000, 344868.00000, 40500.00000, 169078.16667, 10910597118.80556, 104453.80375, 1.08598, 0.60022, 0.29439, 0.10538, 0.08333, 0.91667
-4.35121, -2.14766, 0.78579, 4.91558, -2.68310, 1.41025, 21.00000, 487644.00000, 51302.00000, 193502.76190, 12571795043.51474, 112124.01635, 1.08598, 0.76051, 0.37301, -0.13352, 0.09524, 0.90476
-4.58794, -1.75244, 0.00000, 4.91123, -2.77673, 1.57080, 27.00000, 335920.00000, 47669.00000, 207381.11111, 9451591927.28395, 97219.29812, 1.14286, 0.72361, 0.27639, -0.00000, 0.07407, 0.92593
-3.75791, 0.00000, -3.18882, 4.92853, 3.14159, 2.27446, 3.00000, 350072.00000, 167530.00000, 239470.00000, 6300972082.66667, 79378.66264, 0.90081, 0.53070, -0.00000, 0.46930, 0.33333, 0.66667
-2.87963, 0.78273, -3.92241, 4.92852, 2.87619, 2.49122, 6.00000, 487182.00000, 159477.00000, 304783.66667, 12744650003.55556, 112892.20524, 0.91102, 0.46938, -0.12779, 0.65841, 0.00000, 1.00000
-2.87963, -0.78273, -3.92241, 4.92852, -2.87619, 2.49122, 3.00000, 398948.00000, 250823.00000, 316164.66667, 3808941805.55556, 61716.62503, 0.91102, 0.37383, 0.10178, 0.52439, 0.00000, 1.00000
-3.21637, 0.00000, -3.73035, 4.92550, 3.14159, 2.43005, 3.00000, 303150.00000, 151386.00000, 211768.33333, 4319197949.55556, 65720.60521, 0.94766, 0.47082, 0.00000, 0.52918, 0.00000, 1.00000
-1.70460, 1.50894, -4.37124, 4.92852, 2.41700, 2.66145, 4.00000, 458046.00000, 195895.00000, 365306.00000, 10986762788.50000, 104817.75989, 0.91102, 0.37091, -0.30980, 0.93889, 0.00000, 1.00000
-0.43315, 2.05481, -4.45876, 4.92853, 1.77855, 2.70143, 1.00000, 413919.00000, 413919.00000, 413919.00000, 0.00000, 0.00000, 0.90081, 0.16379, -0.65917, 1.49537, 0.00000, 1.00000
-0.43811, 0.72621, -4.85499, 4.92852, 2.11363, 2.96865, 2.00000, 418806.00000, 276470.00000, 347638.00000, 5064884224.00000, 71168.00000, 0.91102, 0.10419, -0.14496, 1.04077, 0.50000, 0.50000
-0.87126, 1.44936, -4.62611, 4.92550, 2.11205, 2.79113, 0.00000, 0.00000, 0.00000, 0.00000, 0.00000, 0.00000, 0.94766, 0.21070, -0.38457, 1.17386, 0.00000, 0.00000
-1.70460, -1.50894, -4.37124, 4.92852, -2.41700, 2.66145, 5.00000, 499651.00000, 173970.00000, 264192.00000, 14766770008.40000, 121518.59943, 0.91102, 0.22901, 0.19128, 0.57970, 0.00000, 1.00000
-0.43811, -0.72621, -4.85499, 4.92852, -2.11363, 2.96865, 0.00000, 0.00000, 0.00000, 0.00000, 0.00000, 0.00000, 0.91102, 0.08077, 0.11238, 0.80685, 0.00000, 0.00000
-0.43315, -2.05481, -4.45876, 4.92853, -1.77855, 2.70143, 0.00000, 0.00000, 0.00000, 0.00000, 0.00000, 0.00000, 0.90081, 0.07065, 0.28433, 0.64502, 0.00000, 0.00000
-0.87126, -1.44936, -4.62611, 4.92550, -2.11205, 2.79113, 0.00000, 0.00000, 0.00000, 0.00000, 0.00000, 0.00000, 0.94766, 0.11910, 0.21738, 0.66353, 0.00000, 0.00000
-2.14766, 0.78579, -4.35121, 4.91558, 2.79084, 2.65769, 2.00000, 466783.00000, 157171.00000, 311977.00000, 23964897636.00000, 154806.00000, 1.08598, 0.37301, -0.13352, 0.76051, 0.50000, 0.50000
-0.87622, 0.00000, -4.83686, 4.91558, 3.14159, 2.96238, 0.00000, 0.00000, 0.00000, 0.00000, 0.00000, 0.00000, 1.08598, 0.15697, 0.00000, 0.84303, 0.00000, 0.00000
-2.14766, -0.78579, -4.35121, 4.91558, -2.79084, 2.65769, 2.00000, 416664.00000, 331494.00000, 374079.00000, 1813482225.00000, 42585.00000, 1.08598, 0.29439, 0.10538, 0.60022, 0.00000, 1.00000
-1.75244, 0.00000, -4.58794, 4.91123, 3.14159, 2.77673, 3.00000, 253136.00000, 152707.00000, 197828.66667, 1732871242.88889, 41627.77009, 1.14286, 0.27639, 0.00000, 0.72361, 0.00000, 1.00000
0.70086, 2.75567, -4.02561, 4.92853, 1.32174, 2.52663, 1.00000, 272399.00000, 272399.00000, 272399.00000, 0.00000, 0.00000, 0.90081, -1.86160, -6.49176, 9.35336, 1.00000, 0.00000
1.49161, 3.48430, -3.15040, 4.92852, 1.16631, 2.26428, 5.00000, 461400.00000, 222494.00000, 340770.00000, 9141880916.40000, 95613.18380, 0.91102, 0.81587, 1.82322, -1.63909, 0.80000, 0.20000
1.97536, 2.21782, -3.93313, 4.92852, 0.84316, 2.49482, 1.00000, 440529.00000, 440529.00000, 440529.00000, 0.00000, 0.00000, 0.91102, 5.51065, 6.05607, -10.56672, 0.00000, 1.00000
1.40973, 2.85909, -3.75484, 4.92550, 1.11271, 2.43770, 0.00000, 0.00000, 0.00000, 0.00000, 0.00000, 0.00000, 0.94766, 3.30198, 7.02665, -9.32863, 0.00000, 0.00000
2.21782, 3.93313, -1.97536, 4.92852, 1.05736, 1.98319, 0.00000, 0.00000, 0.00000, 0.00000, 0.00000, 0.00000, 0.91102, 0.54500, 0.95092, -0.49591, 0.00000, 0.00000
2.75567, 4.02561, -0.70086, 4.92853, 0.97053, 1.71348, 6.00000, 473622.00000, 133538.00000, 266085.33333, 14585235435.88889, 120769.34808, 0.90081, 0.46424, 0.66888, -0.13313, 1.00000, 0.00000
3.48430, 3.15040, -1.49161, 4.92852, 0.73511, 1.87827, 2.00000, 418097.00000, 221556.00000, 319826.50000, 9657091170.25000, 98270.50000, 0.91102, 0.68893, 0.61936, -0.30829, 1.00000, 0.00000
2.85909, 3.75484, -1.40973, 4.92550, 0.92001, 1.86107, 2.00000, 102001.00000, 74583.00000, 88292.00000, 187936681.00000, 13709.00000, 0.94766, 0.53830, 0.71466, -0.25296, 1.00000, 0.00000
3.15040, 1.49161, -3.48430, 4.92852, 0.44220, 2.35600, 1.00000, 351502.00000, 351502.00000, 351502.00000, 0.00000, 0.00000, 0.91102, 2.59457, 1.29147, -2.88604, 1.00000, 0.00000
3.93313, 1.97536, -2.21782, 4.92852, 0.46544, 2.03756, 2.00000, 460884.00000, 195540.00000, 328212.00000, 17601859584.00000, 132672.00000, 0.91102, 1.05443, 0.54989, -0.60432, 1.00000, 0.00000
4.02561, 0.70086, -2.75567, 4.92853, 0.17237, 2.16413, 2.00000, 462779.00000, 443622.00000, 453200.50000, 91747662.25000, 9578.50000, 0.90081, 1.98030, 0.39414, -1.37444, 0.50000, 0.50000
3.75484, 1.40973, -2.85909, 4.92550, 0.35916, 2.19010, 0.00000, 0.00000, 0.00000, 0.00000, 0.00000, 0.00000, 0.94766, 1.66465, 0.58922, -1.25387, 0.00000, 0.00000
2.20355, 3.47499, -2.68919, 4.91558, 1.00567, 2.14966, 0.00000, 0.00000, 0.00000, 0.00000, 0.00000, 0.00000, 1.08598, 0.74373, 1.15838, -0.90211, 0.00000, 0.00000
3.47499, 2.68919, -2.20355, 4.91558, 0.65860, 2.03563, 3.00000, 468412.00000, 257353.00000, 390448.00000, 8944030494.00000, 94572.88456, 1.08598, 0.87972, 0.68510, -0.56481, 1.00000, 0.00000
2.68919, 2.20355, -3.47499, 4.91558, 0.68646, 2.35595, 0.00000, 0.00000, 0.00000, 0.00000, 0.00000, 0.00000, 1.08598, 1.85065, 1.52573, -2.37638, 0.00000, 0.00000
2.83550, 2.83550, -2.83550, 4.91123, 0.78540, 2.18628, 1.00000, 193330.00000, 193330.00000, 193330.00000, 0.00000, 0.00000, 1.14286, 1.00000, 1.00000, -1.00000, 1.00000, 0.00000
2.75567, -4.02561, 0.70086, 4.92853, -0.97053, 1.42811, 2.00000, 204033.00000, 112521.00000, 158277.00000, 2093611536.00000, 45756.00000, 0.90081, -6.49176, 9.35336, -1.86160, 1.00000, 0.00000
3.48430, -3.15040, 1.49161, 4.92852, -0.73511, 1.26333, 5.00000, 465038.00000, 281657.00000, 363262.20000, 4573398290.16000, 67626.90508, 0.91102, 1.82322, -1.63909, 0.81587, 0.60000, 0.40000
2.21782, -3.93313, 1.97536, 4.92852, -1.05736, 1.15840, 7.00000, 468290.00000, 248209.00000, 384067.85714, 7125696430.12245, 84413.84028, 0.91102, 6.05607, -10.56672, 5.51065, 0.42857, 0.57143
2.85909, -3.75484, 1.40973, 4.92550, -0.92001, 1.28053, 3.00000, 269339.00000, 139534.00000, 206672.33333, 2818220905.55556, 53086.91840, 0.94766, 7.02665, -9.32863, 3.30198, 0.33333, 0.66667
3.93313, -1.97536, 2.21782, 4.92852, -0.46544, 1.10403, 2.00000, 465918.00000, 339150.00000, 402534.00000, 4017531456.00000, 63384.00000, 0.91102, 0.95092, -0.49591, 0.54500, 0.00000, 1.00000
4.02561, -0.70086, 2.75567, 4.92853, -0.17237, 0.97747, 5.00000, 404890.00000, 91664.00000, 220671.40000, 12640158773.44000, 112428.46069, 0.90081, 0.66888, -0.13313, 0.46424, 0.80000, 0.20000
3.15040, -1.49161, 3.48430, 4.92852, -0.44220, 0.78559, 7.00000, 426556.00000, 108348.00000, 231470.14286, 10241614211.55102, 101200.86073, 0.91102, 0.61936, -0.30829, 0.68893, 0.71429, 0.28571
3.75484, -1.40973, 2.85909, 4.92550, -0.35916, 0.95149, 5.00000, 465669.00000, 112420.00000, 299294.80000, 16501221611.76000, 128457.08082, 0.94766, 0.71466, -0.25296, 0.53830, 0.60000, 0.40000
1.49161, -3.48430, 3.15040, 4.92852, -1.16631, 0.87732, 16.00000, 498627.00000, 58620.00000, 248951.68750, 18483386108.21484, 135953.61749, 0.91102, 1.29147, -2.88604, 2.59457, 0.56250, 0.43750
1.97536, -2.21782, 3.93313, 4.92852, -0.84316, 0.64677, 14.00000, 440378.00000, 41494.00000, 228009.28571, 15652518855.63265, 125110.02700, 0.91102, 0.54989, -0.60432, 1.05443, 0.57143, 0.42857
0.70086, -2.75567, 4.02561, 4.92853, -1.32174, 0.61496, 17.00000, 332911.00000, 48239.00000, 192915.41176, 4836893261.06574, 69547.77682, 0.90081, 0.39414, -1.37444, 1.98030, 0.52941, 0.47059
1.40973, -2.85909, 3.75484, 4.92550, -1.11271, 0.70390, 8.00000, 452482.00000, 72580.00000, 208014.37500, 14435885731.23438, 120149.43084, 0.94766, 0.58922, -1.25387, 1.66465, 0.75000, 0.25000
3.47499, -2.68919, 2.20355, 4.91558, -0.65860, 1.10596, 5.00000, 494941.00000, 99905.00000, 305666.00000, 22515920746.40000, 150053.05977, 1.08598, 1.15838, -0.90211, 0.74373, 1.00000, 0.00000
2.68919, -2.20355, 3.47499, 4.91558, -0.68646, 0.78564, 11.00000, 404351.00000, 92452.00000, 261918.09091, 7895970233.17355, 88859.27207, 1.08598, 0.68510, -0.56481, 0.87972, 0.72727, 0.27273
2.20355, -3.47499, 2.68919, 4.91558, -1.00567, 0.99193, 3.00000, 456955.00000, 207541.00000, 310869.00000, 11282013848.00000, 106216.82469, 1.08598, 1.52573, -2.37638, 1.85065, 1.00000, 0.00000
2.83550, -2.83550, 2.83550, 4.91123, -0.78540, 0.95532, 8.00000, 392984.00000, 59597.00000, 179366.37500, 11337333725.73438, 106476.91640, 1.14286, 1.00000, -1.00000, 1.00000, 0.87500, 0.12500
2.05481, -4.45876, 0.43315, 4.92853, -1.13896, 1.48280, 2.00000, 463070.00000, 373199.00000, 418134.50000, 2019199160.25000, 44935.50000, 0.90081, -0.98030, 2.22389, -0.24359, 0.00000, 1.00000
1.50894, -4.37124, 1.70460, 4.92852, -1.23841, 1.21764, 3.00000, 326968.00000, 84055.00000, 227297.66667, 10783728377.55556, 103844.73206, 0.91102, -1.19997, 3.63662, -1.43665, 0.33333, 0.66667
0.72621, -4.85499, 0.43811, 4.92852, -1.42232, 1.48179, 4.00000, 396784.00000, 114001.00000, 233669.75000, 10471486915.68750, 102330.28347, 0.91102, -0.18312, 1.31474, -0.13162, 0.25000, 0.75000
1.44936, -4.62611, 0.87126, 4.92550, -1.26718, 1.39297, 4.00000, 380008.00000, 287512.00000, 336310.00000, 1080820940.00000, 32875.84128, 0.94766, -0.66465, 2.02881, -0.36416, 0.50000, 0.50000
0.78273, -3.92241, 2.87963, 4.92852, -1.37383, 0.94680, 7.00000, 426219.00000, 74835.00000, 259330.71429, 11064567250.77551, 105188.24673, 0.91102, -2.08678, 10.75154, -7.66476, 0.42857, 0.57143
0.00000, -3.18882, 3.75791, 4.92853, -1.57080, 0.70366, 11.00000, 474977.00000, 77425.00000, 263379.18182, 14985814899.23967, 122416.56301, 0.90081, 0.00000, -7.64229, 8.64229, 0.36364, 0.63636
-0.78273, -3.92241, 2.87963, 4.92852, -1.76776, 0.94680, 18.00000, 364085.00000, 51330.00000, 160302.55556, 6495693045.35802, 80595.86246, 0.91102, 0.40335, 2.07817, -1.48153, 0.38889, 0.61111
0.00000, -3.73035, 3.21637, 4.92550, -1.57080, 0.85925, 8.00000, 495027.00000, 145123.00000, 280679.12500, 14327592934.35938, 119697.92368, 0.94766, -0.00000, 9.06739, -8.06739, 0.12500, 0.87500
-0.72621, -4.85499, 0.43811, 4.92852, -1.71928, 1.48179, 15.00000, 481463.00000, 103604.00000, 295651.40000, 19574621198.77333, 139909.33206, 0.91102, 0.13403, 0.96230, -0.09634, 0.06667, 0.93333
-1.50894, -4.37124, 1.70460, 4.92852, -1.90319, 1.21764, 18.00000, 489673.00000, 37520.00000, 221862.22222, 19331083638.28395, 139036.26735, 0.91102, 0.35294, 1.06961, -0.42255, 0.16667, 0.83333
-2.05481, -4.45876, 0.43315, 4.92853, -2.00263, 1.48280, 12.00000, 480891.00000, 80517.00000, 223000.58333, 20201115754.24305, 142130.62919, 0.90081, 0.33112, 0.75116, -0.08228, 0.08333, 0.91667
-1.44936, -4.62611, 0.87126, 4.92550, -1.87441, 1.39297, 13.00000, 480938.00000, 85678.00000, 285592.23077, 16894295441.56213, 129978.05754, 0.94766, 0.28534, 0.87099, -0.15634, 0.00000, 1.00000
0.78579, -4.35121, 2.14766, 4.91558, -1.39213, 1.11864, 6.00000, 291532.00000, 113535.00000, 206299.66667, 4266483559.88889, 65318.32484, 1.08598, -0.52573, 2.99442, -1.46868, 0.00000, 1.00000
-0.78579, -4.35121, 2.14766, 4.91558, -1.74946, 1.11864, 16.00000, 416913.00000, 108528.00000, 208837.25000, 7562217939.68750, 86961.01391, 1.08598, 0.25627, 1.45965, -0.71592, 0.06250, 0.93750
0.00000, -4.83686, 0.87622, 4.91558, -1.57080, 1.39159, 4.00000, 253220.00000, 171123.00000, 212984.50000, 859615836.25000, 29319.20593, 1.08598, -0.00000, 1.22879, -0.22879, 0.25000, 0.75000
0.00000, -4.58794, 1.75244, 4.91123, -1.57080, 1.20593, 9.00000, 368662.00000, 202447.00000, 304137.55556, 3189389550.91358, 56474.68062, 1.14286, -0.00000, 1.61803, -0.61803, 0.11111, 0.88889
2.05481, -4.45876, -0.43315, 4.92853, -1.13896, 1.65880, 1.00000, 422088.00000, 422088.00000, 422088.00000, 0.00000, 0.00000, 0.90081, -0.65917, 1.49537, 0.16379, 0.00000, 1.00000
0.72621, -4.85499, -0.43811, 4.92852, -1.42232, 1.65981, 5.00000, 411750.00000, 283248.00000, 335600.00000, 1984652806.80000, 44549.44227, 0.91102, -0.14496, 1.04077, 0.10419, 0.20000, 0.80000
1.50894, -4.37124, -1.70460, 4.92852, -1.23841, 1.92396, 1.00000, 453369.00000, 453369.00000, 453369.00000, 0.00000, 0.00000, 0.91102, -0.30980, 0.93889, 0.37091, 0.00000, 1.00000
1.44936, -4.62611, -0.87126, 4.92550, -1.26718, 1.74862, 2.00000, 238981.00000, 224348.00000, 231664.50000, 53531172.25000, 7316.50000, 0.94766, -0.38457, 1.17386, 0.21070, 0.50000, 0.50000
-0.72621, -4.85499, -0.43811, 4.92852, -1.71928, 1.65981, 9.00000, 475809.00000, 94327.00000, 300957.44444, 18525185966.69136, 136107.25905, 0.91102, 0.11238, 0.80685, 0.08077, 0.22222, 0.77778
-2.05481, -4.45876, -0.43315, 4.92853, -2.00263, 1.65880, 6.00000, 356239.00000, 84015.00000, 228622.50000, 9447663642.25000, 97199.09281, 0.90081, 0.28433, 0.64502, 0.07065, 0.00000, 1.00000
-1.50894, -4.37124, -1.70460, 4.92852, -1.90319, 1.92396, 6.00000, 498862.00000, 278501.00000, 409630.33333, 5568323486.88889, 74621.19998, 0.91102, 0.19128, 0.57970, 0.22901, 0.00000, 1.00000
-1.44936, -4.62611, -0.87126, 4.92550, -1.87441, 1.74862, 6.00000, 409158.00000, 104733.00000, 278653.33333, 13306617125.88889, 115354.31126, 0.94766, 0.21738, 0.66353, 0.11910, 0.33333, 0.66667
0.78273, -3.92241, -2.87963, 4.92852, -1.37383, 2.19479, 1.00000, 351682.00000, 351682.00000, 351682.00000, 0.00000, 0.00000, 0.91102, -0.12779, 0.65841, 0.46938, 0.00000, 1.00000
-0.78273, -3.92241, -2.87963, 4.92852, -1.76776, 2.19479, 3.00000, 425956.00000, 220679.00000, 349132.66667, 8355953448.22222, 91410.90443, 0.91102, 0.10178, 0.52439, 0.37383, 0.00000, 1.00000
0.00000, -3.18882, -3.75791, 4.92853, -1.57080, 2.43793, 0.00000, 0.00000, 0.00000, 0.00000, 0.00000, 0.00000, 0.90081, 0.00000, 0.46930, 0.53070, 0.00000, 0.00000
0.00000, -3.73035, -3.21637, 4.92550, -1.57080, 2.28234, 0.00000, 0.00000, 0.00000, 0.00000, 0.00000, 0.00000, 0.94766, -0.00000, 0.52918, 0.47082, 0.00000, 0.00000
0.00000, -4.83686, -0.87622, 4.91558, -1.57080, 1.75001, 0.00000, 0.00000, 0.00000, 0.00000, 0.00000, 0.00000, 1.08598, -0.00000, 0.84303, 0.15697, 0.00000, 0.00000
-0.78579, -4.35121, -2.14766, 4.91558, -1.74946, 2.02296, 4.00000, 485234.00000, 306554.00000, 398810.00000, 4001836380.50000, 63260.06940, 1.08598, 0.10538, 0.60022, 0.29439, 0.00000, 1.00000
0.78579, -4.35121, -2.14766, 4.91558, -1.39213, 2.02296, 0.00000, 0.00000, 0.00000, 0.00000, 0.00000, 0.00000, 1.08598, -0.13352, 0.76051, 0.37301, 0.00000, 0.00000
0.00000, -4.58794, -1.75244, 4.91123, -1.57080, 1.93566, 4.00000, 440516.00000, 271555.00000, 383199.75000, 4447208462.68750, 66687.39358, 1.14286, -0.00000, 0.72361, 0.27639, 0.25000, 0.75000
2.75567, -4.02561, -0.70086, 4.92853, -0.97053, 1.71348, 3.00000, 394918.00000, 294501.00000, 351110.00000, 1762528448.66667, 41982.47788, 0.90081, -1.37444, 1.98030, 0.39414, 0.66667, 0.33333
2.21782, -3.93313, -1.97536, 4.92852, -1.05736, 1.98319, 0.00000, 0.00000, 0.00000, 0.00000, 0.00000, 0.00000, 0.91102, -0.60432, 1.05443, 0.54989, 0.00000, 0.00000
3.48430, -3.15040, -1.49161, 4.92852, -0.73511, 1.87827, 1.00000, 450668.00000, 450668.00000, 450668.00000, 0.00000, 0.00000, 0.91102, -2.88604, 2.59457, 1.29147, 0.00000, 1.00000
2.85909, -3.75484, -1.40973, 4.92550, -0.92001, 1.86107, 1.00000, 371413.00000, 371413.00000, 371413.00000, 0.00000, 0.00000, 0.94766, -1.25387, 1.66465, 0.58922, 1.00000, 0.00000
1.49161, -3.48430, -3.15040, 4.92852, -1.16631, 2.26428, 0.00000, 0.00000, 0.00000, 0.00000, 0.00000, 0.00000, 0.91102, -0.30829, 0.68893, 0.61936, 0.00000, 0.00000
0.70086, -2.75567, -4.02561, 4.92853, -1.32174, 2.52663, 1.00000, 326439.00000, 326439.00000, 326439.00000, 0.00000, 0.00000, 0.90081, -0.13313, 0.46424, 0.66888, 0.00000, 1.00000
1.97536, -2.21782, -3.93313, 4.92852, -0.84316, 2.49482, 0.00000, 0.00000, 0.00000, 0.00000, 0.00000, 0.00000, 0.91102, -0.49591, 0.54500, 0.95092, 0.00000, 0.00000
1.40973, -2.85909, -3.75484, 4.92550, -1.11271, 2.43770, 0.00000, 0.00000, 0.00000, 0.00000, 0.00000, 0.00000, 0.94766, -0.25296, 0.53830, 0.71466, 0.00000, 0.00000
3.93313, -1.97536, -2.21782, 4.92852, -0.46544, 2.03756, 1.00000, 418064.00000, 418064.00000, 418064.00000, 0.00000, 0.00000, 0.91102, -10.56672, 5.51065, 6.05607, 0.00000, 1.00000
3.15040, -1.49161, -3.48430, 4.92852, -0.44220, 2.35600, 1.00000, 257111.00000, 257111.00000, 257111.00000, 0.00000, 0.00000, 0.91102, -1.63909, 0.81587, 1.82322, 1.00000, 0.00000
4.02561, -0.70086, -2.75567, 4.92853, -0.17237, 2.16413, 0.00000, 0.00000, 0.00000, 0.00000, 0.00000, 0.00000, 0.90081, 9.35336, -1.86160, -6.49176, 0.00000, 0.00000
3.75484, -1.40973, -2.85909, 4.92550, -0.35916, 2.19010, 0.00000, 0.00000, 0.00000, 0.00000, 0.00000, 0.00000, 0.94766, -9.32863, 3.30198, 7.02665, 0.00000, 0.00000
2.20355, -3.47499, -2.68919, 4.91558, -1.00567, 2.14966, 1.00000, 384773.00000, 384773.00000, 384773.00000, 0.00000, 0.00000, 1.08598, -0.56481, 0.87972, 0.68510, 0.00000, 1.00000
2.68919, -2.20355, -3.47499, 4.91558, -0.68646, 2.35595, 1.00000, 222059.00000, 222059.00000, 222059.00000, 0.00000, 0.00000, 1.08598, -0.90211, 0.74373, 1.15838, 0.00000, 1.00000
3.47499, -2.68919, -2.20355, 4.91558, -0.65860, 2.03563, 0.00000, 0.00000, 0.00000, 0.00000, 0.00000, 0.00000, 1.08598, -2.37638, 1.85065, 1.52573, 0.00000, 0.00000
2.83550, -2.83550, -2.83550, 4.91123, -0.78540, 2.18628, 1.00000, 391154.00000, 391154.00000, 391154.00000, 0.00000, 0.00000, 1.14286, -1.00000, 1.00000, 1.00000, 0.00000, 1.00000
3.18882, -3.75791, 0.00000, 4.92853, -0.86714, 1.57080, 0.00000, 0.00000, 0.00000, 0.00000, 0.00000, 0.00000, 0.90081, -7.64229, 8.64229, -0.00000, 0.00000, 0.00000
3.92241, -2.87963, -0.78273, 4.92852, -0.63328, 1.73029, 0.00000, 0.00000, 0.00000, 0.00000, 0.00000, 0.00000, 0.91102, 10.75154, -7.66476, -2.08678, 0.00000, 0.00000
3.92241, -2.87963, 0.78273, 4.92852, -0.63328, 1.41130, 1.00000, 422111.00000, 422111.00000, 422111.00000, 0.00000, 0.00000, 0.91102, 2.07817, -1.48153, 0.40335, 1.00000, 0.00000
3.73035, -3.21637, 0.00000, 4.92550, -0.71154, 1.57080, 0.00000, 0.00000, 0.00000, 0.00000, 0.00000, 0.00000, 0.94766, 9.06739, -8.06739, 0.00000, 0.00000, 0.00000
4.37124, -1.70460, -1.50894, 4.92852, -0.37182, 1.88196, 4.00000, 397902.00000, 345348.00000, 379813.00000, 422753596.50000, 20560.97265, 0.91102, 3.63662, -1.43665, -1.19997, 0.75000, 0.25000
4.45876, -0.43315, -2.05481, 4.92853, -0.09684, 2.00085, 0.00000, 0.00000, 0.00000, 0.00000, 0.00000, 0.00000, 0.90081, 2.22389, -0.24359, -0.98030, 0.00000, 0.00000
4.85499, -0.43811, -0.72621, 4.92852, -0.09000, 1.71868, 1.00000, 469622.00000, 469622.00000, 469622.00000, 0.00000, 0.00000, 0.91102, 1.31474, -0.13162, -0.18312, 1.00000, 0.00000
4.62611, -0.87126, -1.44936, 4.92550, -0.18616, 1.86947, 1.00000, 303299.00000, 303299.00000, 303299.00000, 0.00000, 0.00000, 0.94766, 2.02881, -0.36416, -0.66465, 0.00000, 1.00000
4.37124, -1.70460, 1.50894, 4.92852, -0.37182, 1.25963, 6.00000, 450884.00000, 99180.00000, 215035.50000, 14626773651.58333, 120941.19915, 0.91102, 1.06961, -0.42255, 0.35294, 0.83333, 0.16667
4.85499, -0.43811, 0.72621, 4.92852, -0.09000, 1.42291, 1.00000, 292342.00000, 292342.00000, 292342.00000, 0.00000, 0.00000, 0.91102, 0.96230, -0.09634, 0.13403, 1.00000, 0.00000
4.45876, -0.43315, 2.05481, 4.92853, -0.09684, 1.14074, 8.00000, 449752.00000, 116309.00000, 279315.50000, 13370080469.75000, 115629.06412, 0.90081, 0.75116, -0.08228, 0.33112, 0.87500, 0.12500
4.62611, -0.87126, 1.44936, 4.92550, -0.18616, 1.27212, 6.00000, 413583.00000, 188475.00000, 286406.50000, 7249008760.25000, 85141.11087, 0.94766, 0.87099, -0.15634, 0.28534, 0.83333, 0.16667
4.35121, -2.14766, -0.78579, 4.91558, -0.45850, 1.73134, 0.00000, 0.00000, 0.00000, 0.00000, 0.00000, 0.00000, 1.08598, 2.99442, -1.46868, -0.52573, 0.00000, 0.00000
4.83686, -0.87622, 0.00000, 4.91558, -0.17921, 1.57080, 0.00000, 0.00000, 0.00000, 0.00000, 0.00000, 0.00000, 1.08598, 1.22879, -0.22879, 0.00000, 0.00000, 0.00000
4.35121, -2.14766, 0.78579, 4.91558, -0.45850, 1.41025, 0.00000, 0.00000, 0.00000, 0.00000, 0.00000, 0.00000, 1.08598, 1.45965, -0.71592, 0.25627, 0.00000, 0.00000
4.58794, -1.75244, 0.00000, 4.91123, -0.36486, 1.57080, 1.00000, 445808.00000, 445808.00000, 445808.00000, 0.00000, 0.00000, 1.14286, 1.61803, -0.61803, 0.00000, 1.00000, 0.00000
0.43315, -2.05481, 4.45876, 4.92853, -1.36304, 0.44016, 22.00000, 481580.00000, 61427.00000, 245960.18182, 20742897798.33058, 144023.94870, 0.90081, 0.16379, -0.65917, 1.49537, 0.45455, 0.54545
1.70460, -1.50894, 4.37124, 4.92852, -0.72459, 0.48015, 15.00000, 406503.00000, 45410.00000, 223106.66667, 14147265600.08889, 118942.27844, 0.91102, 0.37091, -0.30980, 0.93889, 0.73333, 0.26667
0.43811, -0.72621, 4.85499, 4.92852, -1.02797, 0.17295, 59.00000, 490088.00000, 21280.00000, 179548.11864, 19255647580.57915, 138764.72023, 0.91102, 0.10419, -0.14496, 1.04077, 0.86441, 0.13559
0.87126, -1.44936, 4.62611, 4.92550, -1.02954, 0.35046, 34.00000, 443066.00000, 39128.00000, 171012.29412, 12688394094.20761, 112642.77205, 0.94766, 0.21070, -0.38457, 1.17386, 0.76471, 0.23529
2.87963, -0.78273, 3.92241, 4.92852, -0.26540, 0.65037, 18.00000, 432247.00000, 29897.00000, 206040.77778, 10125283749.39506, 100624.46894, 0.91102, 0.46938, -0.12779, 0.65841, 0.83333, 0.16667
3.75791, 0.00000, 3.18882, 4.92853, 0.00000, 0.86714, 7.00000, 390208.00000, 74219.00000, 149782.71429, 10932555290.20408, 104558.86041, 0.90081, 0.53070, -0.00000, 0.46930, 1.00000, 0.00000
2.87963, 0.78273, 3.92241, 4.92852, 0.26540, 0.65037, 29.00000, 334032.00000, 38190.00000, 171632.37931, 8493856282.37336, 92162.11956, 0.91102, 0.37383, 0.10178, 0.52439, 1.00000, 0.00000
3.21637, 0.00000, 3.73035, 4.92550, 0.00000, 0.71154, 20.00000, 350779.00000, 36251.00000, 169391.50000, 5875097158.05000, 76649.18237, 0.94766, 0.47082, -0.00000, 0.52918, 0.90000, 0.10000
0.43811, 0.72621, 4.85499, 4.92852, 1.02797, 0.17295, 83.00000, 484098.00000, 19645.00000, 127984.74699, 14071472248.59864, 118623.23655, 0.91102, 0.08077, 0.11238, 0.80685, 0.92771, 0.07229
1.70460, 1.50894, 4.37124, 4.92852, 0.72459, 0.48015, 58.00000, 416488.00000, 13725.00000, 127626.34483, 10790327253.88109, 103876.50001, 0.91102, 0.22901, 0.19128, 0.57970, 0.87931, 0.12069
0.43315, 2.05481, 4.45876, 4.92853, 1.36304, 0.44016, 74.00000, 485751.00000, 9472.00000, 99853.54054, 10069879461.78890, 100348.78904, 0.90081, 0.07065, 0.28433, 0.64502, 0.93243, 0.06757
0.87126, 1.44936, 4.62611, 4.92550, 1.02954, 0.35046, 59.00000, 479079.00000, 14966.00000, 119163.55932, 13622855317.12784, 116716.98813, 0.94766, 0.11910, 0.21738, 0.66353, 0.96610, 0.03390
2.14766, -0.78579, 4.35121, 4.91558, -0.35075, 0.48390, 21.00000, 474679.00000, 38187.00000, 162905.42857, 12465871647.76871, 111650.66792, 1.08598, 0.37301, -0.13352, 0.76051, 0.85714, 0.14286
2.14766, 0.78579, 4.35121, 4.91558, 0.35075, 0.48390, 35.00000, 414780.00000, 25621.00000, 151077.82857, 14679470802.94204, 121158.86597, 1.08598, 0.29439, 0.10538, 0.60022, 0.94286, 0.05714
0.87622, 0.00000, 4.83686, 4.91558, 0.00000, 0.17921, 42.00000, 458605.00000, 18848.00000, 152124.19048, 14004719026.48753, 118341.53551, 1.08598, 0.15697, -0.00000, 0.84303, 0.85714, 0.14286
1.75244, 0.00000, 4.58794, 4.91123, 0.00000, 0.36486, 30.00000, 444153.00000, 28511.00000, 146061.63333, 9072450478.36556, 95249.41196, 1.14286, 0.27639, 0.00000, 0.72361, 0.90000, 0.10000
-2.75567, -4.02561, 0.70086, 4.92853, -2.17107, 1.42811, 22.00000, 457794.00000, 46532.00000, 200114.50000, 9706780487.97727, 98522.99472, 0.90081, 0.46424, 0.66888, -0.13313, 0.04545, 0.95455
-2.21782, -3.93313, 1.97536, 4.92852, -2.08423, 1.15840, 34.00000, 473888.00000, 50522.00000, 216996.44118, 14279233370.65830, 119495.74625, 0.91102, 0.54500, 0.95092, -0.49591, 0.14706, 0.85294
-3.48430, -3.15040, 1.49161, 4.92852, -2.40648, 1.26333, 50.00000, 423964.00000, 21371.00000, 156033.38000, 10726630269.71560, 103569.44660, 0.91102, 0.68893, 0.61936, -0.30829, 0.10000, 0.90000
-2.85909, -3.75484, 1.40973, 4.92550, -2.22158, 1.28053, 23.00000, 463685.00000, 28200.00000, 198333.56522, 12163372622.94140, 110287.68119, 0.94766, 0.53830, 0.71466, -0.25296, 0.00000, 1.00000
-1.49161, -3.48430, 3.15040, 4.92852, -1.97528, 0.87732, 19.00000, 498460.00000, 27630.00000, 210356.31579, 14174343975.58449, 119056.05392, 0.91102, 0.81587, 1.82322, -1.63909, 0.36842, 0.63158
-0.70086, -2.75567, 4.02561, 4.92853, -1.81985, 0.61496, 21.00000, 464080.00000, 34175.00000, 174982.47619, 11320782185.01134, 106399.16440, 0.90081, -1.86160, -6.49176, 9.35336, 0.42857, 0.57143
-1.97536, -2.21782, 3.93313, 4.92852, -2.29844, 0.64677, 53.00000, 475572.00000, 18999.00000, 173451.30189, 13266329813.90886, 115179.55467, 0.91102, 5.51065, 6.05607, -10.56672, 0.26415, 0.73585
-1.40973, -2.85909, 3.75484, 4.92550, -2.02888, 0.70390, 22.00000, 466248.00000, 66771.00000, 201987.40909, 13815902740.33264, 117541.06831, 0.94766, 3.30198, 7.02665, -9.32863, 0.36364, 0.63636
-3.93313, -1.97536, 2.21782, 4.92852, -2.67616, 1.10403, 73.00000, 465944.00000, 15704.00000, 118683.50685, 7456154978.41434, 86349.02998, 0.91102, 1.05443, 0.54989, -0.60432, 0.06849, 0.93151
-3.15040, -1.49161, 3.48430, 4.92852, -2.69940, 0.78559, 82.00000, 336524.00000, 21090.00000, 110847.98780, 5760929728.67058, 75900.78872, 0.91102, 2.59457, 1.29147, -2.88604, 0.21951, 0.78049
-4.02561, -0.70086, 2.75567, 4.92853, -2.96922, 0.97747, 62.00000, 470344.00000, 23485.00000, 140121.37097, 11609766640.13658, 107748.62709, 0.90081, 1.98030, 0.39414, -1.37444, 0.22581, 0.77419
-3.75484, -1.40973, 2.85909, 4.92550, -2.78243, 0.95149, 60.00000, 481895.00000, 25453.00000, 143579.55000, 11663535310.21416, 107997.84864, 0.94766, 1.66465, 0.58922, -1.25387, 0.16667, 0.83333
-2.20355, -3.47499, 2.68919, 4.91558, -2.13592, 0.99193, 27.00000, 411804.00000, 62295.00000, 153400.22222, 8326406638.76543, 91249.14596, 1.08598, 0.74373, 1.15838, -0.90211, 0.11111, 0.88889
-2.68919, -2.20355, 3.47499, 4.91558, -2.45513, 0.78564, 40.00000, 476041.00000, 24324.00000, 144002.57500, 10172395209.49438, 100858.29272, 1.08598, 1.85065, 1.52573, -2.37638, 0.12500, 0.87500
-3.47499, -2.68919, 2.20355, 4.91558, -2.48299, 1.10596, 39.00000, 480308.00000, 26049.00000, 168530.12821, 15898688469.44510, 126090.00147, 1.08598, 0.87972, 0.68510, -0.56481, 0.17949, 0.82051
-2.83550, -2.83550, 2.83550, 4.91123, -2.35619, 0.95532, 48.00000, 493443.00000, 30721.00000, 179019.50000, 15994654964.00000, 126469.97653, 1.14286, 1.00000, 1.00000, -1.00000, 0.10417, 0.89583
-0.70086, -2.75567, -4.02561, 4.92853, -1.81985, 2.52663, 3.00000, 443757.00000, 174886.00000, 273882.33333, 14560471508.22222, 120666.77881, 0.90081, 0.10514, 0.36663, 0.52824, 0.00000, 1.00000
-1.49161, -3.48430, -3.15040, 4.92852, -1.97528, 2.26428, 2.00000, 298013.00000, 292527.00000, 295270.00000, 7524049.00000, 2743.00000, 0.91102, 0.19070, 0.42617, 0.38313, 0.00000, 1.00000
-1.97536, -2.21782, -3.93313, 4.92852, -2.29844, 2.49482, 5.00000, 436963.00000, 238929.00000, 347847.20000, 5554941545.36000, 74531.48023, 0.91102, 0.24897, 0.27362, 0.47741, 0.20000, 0.80000
-1.40973, -2.85909, -3.75484, 4.92550, -2.02888, 2.43770, 2.00000, 429787.00000, 352747.00000, 391267.00000, 1483790400.00000, 38520.00000, 0.94766, 0.16798, 0.35746, 0.47456, 0.00000, 1.00000
-2.21782, -3.93313, -1.97536, 4.92852, -2.08423, 1.98319, 12.00000, 441684.00000, 120939.00000, 262846.00000, 9892502358.66667, 99461.05951, 0.91102, 0.27362, 0.47741, 0.24897, 0.00000, 1.00000
-2.75567, -4.02561, -0.70086, 4.92853, -2.17107, 1.71348, 11.00000, 463882.00000, 102352.00000, 241868.00000, 14368705394.90909, 119869.53489, 0.90081, 0.36663, 0.52824, 0.10514, 0.18182, 0.81818
-3.48430, -3.15040, -1.49161, 4.92852, -2.40648, 1.87827, 17.00000, 460524.00000, 69656.00000, 194828.94118, 15843087251.70243, 125869.32610, 0.91102, 0.42617, 0.38313, 0.19070, 0.00000, 1.00000
-2.85909, -3.75484, -1.40973, 4.92550, -2.22158, 1.86107, 11.00000, 367065.00000, 101686.00000, 197744.09091, 6161040518.08265, 78492.29592, 0.94766, 0.35746, 0.47456, 0.16798, 0.00000, 1.00000
-3.15040, -1.49161, -3.48430, 4.92852, -2.69940, 2.35600, 3.00000, 478314.00000, 185479.00000, 375380.00000, 18073685748.66667, 134438.40876, 0.91102, 0.38313, 0.19070, 0.42617, 0.00000, 1.00000
-3.93313, -1.97536, -2.21782, 4.92852, -2.67616, 2.03756, 12.00000, 424666.00000, 75549.00000, 212070.75000, 12350529946.35417, 111132.93817, 0.91102, 0.47741, 0.24897, 0.27362, 0.08333, 0.91667
-4.02561, -0.70086, -2.75567, 4.92853, -2.96922, 2.16413, 8.00000, 472777.00000, 77667.00000, 225291.87500, 14980438303.35938, 122394.60079, 0.90081, 0.52824, 0.10514, 0.36663, 0.00000, 1.00000
-3.75484, -1.40973, -2.85909, 4.92550, -2.78243, 2.19010, 6.00000, 312301.00000, 149915.00000, 211076.33333, 3774806957.88889, 61439.45766, 0.94766, 0.47456, 0.16798, 0.35746, 0.16667, 0.83333
-2.20355, -3.47499, -2.68919, 4.91558, -2.13592, 2.14966, 3.00000, 345370.00000, 223662.00000, 302079.00000, 3085724148.66667, 55549.29476, 1.08598, 0.26522, 0.41309, 0.32170, 0.00000, 1.00000
-3.47499, -2.68919, -2.20355, 4.91558, -2.48299, 2.03563, 3.00000, 328705.00000, 179053.00000, 248801.66667, 3784178811.55556, 61515.67940, 1.08598, 0.41309, 0.32170, 0.26522, 0.33333, 0.66667
-2.68919, -2.20355, -3.47499, 4.91558, -2.45513, 2.35595, 5.00000, 416022.00000, 168599.00000, 319343.20000, 10331790604.16000, 101645.41605, 1.08598, 0.32170, 0.26522, 0.41309, 0.00000, 1.00000
-2.83550, -2.83550, -2.83550, 4.91123, -2.35619, 2.18628, 1.00000, 430770.00000, 430770.00000, 430770.00000, 0.00000, 0.00000, 1.14286, 0.33333, 0.33333, 0.33333, 0.00000, 1.00000
3.75791, 0.00000, -3.18882, 4.92853, 0.00000, 2.27446, 0.00000, 0.00000, 0.00000, 0.00000, 0.00000, 0.00000, 0.90081, 8.64229, 0.00000, -7.64229, 0.00000, 0.00000
2.87963, -0.78273, -3.92241, 4.92852, -0.26540, 2.49122, 0.00000, 0.00000, 0.00000, 0.00000, 0.00000, 0.00000, 0.91102, -1.48153, 0.40335, 2.07817, 0.00000, 0.00000
2.87963, 0.78273, -3.92241, 4.92852, 0.26540, 2.49122, 0.00000, 0.00000, 0.00000, 0.00000, 0.00000, 0.00000, 0.91102, -7.66476, -2.08678, 10.75154, 0.00000, 0.00000
3.21637, 0.00000, -3.73035, 4.92550, 0.00000, 2.43005, 0.00000, 0.00000, 0.00000, 0.00000, 0.00000, 0.00000, 0.94766, -8.06739, -0.00000, 9.06739, 0.00000, 0.00000
1.70460, -1.50894, -4.37124, 4.92852, -0.72459, 2.66145, 0.00000, 0.00000, 0.00000, 0.00000, 0.00000, 0.00000, 0.91102, -0.42255, 0.35294, 1.06961, 0.00000, 0.00000
0.43315, -2.05481, -4.45876, 4.92853, -1.36304, 2.70143, 0.00000, 0.00000, 0.00000, 0.00000, 0.00000, 0.00000, 0.90081, -0.08228, 0.33112, 0.75116, 0.00000, 0.00000
0.43811, -0.72621, -4.85499, 4.92852, -1.02797, 2.96865, 0.00000, 0.00000, 0.00000, 0.00000, 0.00000, 0.00000, 0.91102, -0.09634, 0.13403, 0.96230, 0.00000, 0.00000
0.87126, -1.44936, -4.62611, 4.92550, -1.02954, 2.79113, 0.00000, 0.00000, 0.00000, 0.00000, 0.00000, 0.00000, 0.94766, -0.15634, 0.28534, 0.87099, 0.00000, 0.00000
1.70460, 1.50894, -4.37124, 4.92852, 0.72459, 2.66145, 0.00000, 0.00000, 0.00000, 0.00000, 0.00000, 0.00000, 0.91102, -1.43665, -1.19997, 3.63662, 0.00000, 0.00000
0.43811, 0.72621, -4.85499, 4.92852, 1.02797, 2.96865, 0.00000, 0.00000, 0.00000, 0.00000, 0.00000, 0.00000, 0.91102, -0.13162, -0.18312, 1.31474, 0.00000, 0.00000
0.43315, 2.05481, -4.45876, 4.92853, 1.36304, 2.70143, 0.00000, 0.00000, 0.00000, 0.00000, 0.00000, 0.00000, 0.90081, -0.24359, -0.98030, 2.22389, 0.00000, 0.00000
0.87126, 1.44936, -4.62611, 4.92550, 1.02954, 2.79113, 0.00000, 0.00000, 0.00000, 0.00000, 0.00000, 0.00000, 0.94766, -0.36416, -0.66465, 2.02881, 0.00000, 0.00000
2.14766, -0.78579, -4.35121, 4.91558, -0.35075, 2.65769, 1.00000, 440265.00000, 440265.00000, 440265.00000, 0.00000, 0.00000, 1.08598, -0.71592, 0.25627, 1.45965, 0.00000, 1.00000
0.87622, 0.00000, -4.83686, 4.91558, 0.00000, 2.96238, 0.00000, 0.00000, 0.00000, 0.00000, 0.00000, 0.00000, 1.08598, -0.22879, -0.00000, 1.22879, 0.00000, 0.00000
2.14766, 0.78579, -4.35121, 4.91558, 0.35075, 2.65769, 1.00000, 180753.00000, 180753.00000, 180753.00000, 0.00000, 0.00000, 1.08598, -1.46868, -0.52573, 2.99442, 1.00000, 0.00000
1.75244, 0.00000, -4.58794, 4.91123, 0.00000, 2.77673, 0.00000, 0.00000, 0.00000, 0.00000, 0.00000, 0.00000, 1.14286, -0.61803, -0.00000, 1.61803, 0.00000, 0.00000
4.45876, 0.43315, 2.05481, 4.92853, 0.09684, 1.14074, 7.00000, 424496.00000, 131352.00000, 296502.00000, 13760639294.00000, 117305.75133, 0.90081, 0.64502, 0.07065, 0.28433, 1.00000, 0.00000
4.85499, 0.43811, 0.72621, 4.92852, 0.09000, 1.42291, 1.00000, 291707.00000, 291707.00000, 291707.00000, 0.00000, 0.00000, 0.91102, 0.80685, 0.08077, 0.11238, 1.00000, 0.00000
4.37124, 1.70460, 1.50894, 4.92852, 0.37182, 1.25963, 5.00000, 326805.00000, 107184.00000, 230004.20000, 5107968208.56000, 71470.05113, 0.91102, 0.57970, 0.22901, 0.19128, 1.00000, 0.00000
4.62611, 0.87126, 1.44936, 4.92550, 0.18616, 1.27212, 2.00000, 465739.00000, 108627.00000, 287183.00000, 31882245136.00000, 178556.00000, 0.94766, 0.66353, 0.11910, 0.21738, 1.00000, 0.00000
4.85499, 0.43811, -0.72621, 4.92852, 0.09000, 1.71868, 2.00000, 459276.00000, 206451.00000, 332863.50000, 15980120156.25000, 126412.50000, 0.91102, 1.04077, 0.10419, -0.14496, 1.00000, 0.00000
4.45876, 0.43315, -2.05481, 4.92853, 0.09684, 2.00085, 1.00000, 285139.00000, 285139.00000, 285139.00000, 0.00000, 0.00000, 0.90081, 1.49537, 0.16379, -0.65917, 1.00000, 0.00000
4.37124, 1.70460, -1.50894, 4.92852, 0.37182, 1.88196, 1.00000, 317584.00000, 317584.00000, 317584.00000, 0.00000, 0.00000, 0.91102, 0.93889, 0.37091, -0.30980, 1.00000, 0.00000
4.62611, 0.87126, -1.44936, 4.92550, 0.18616, 1.86947, 3.00000, 407374.00000, 236492.00000, 294678.33333, 6352410030.88889, 79702.00770, 0.94766, 1.17386, 0.21070, -0.38457, 1.00000, 0.00000
3.92241, 2.87963, 0.78273, 4.92852, 0.63328, 1.41130, 3.00000, 373700.00000, 80992.00000, 189655.00000, 17120885172.66667, 130846.80039, 0.91102, 0.52439, 0.37383, 0.10178, 1.00000, 0.00000
3.92241, 2.87963, -0.78273, 4.92852, 0.63328, 1.73029, 4.00000, 299157.00000, 113205.00000, 240192.00000, 5640584697.00000, 75103.82611, 0.91102, 0.65841, 0.46938, -0.12779, 1.00000, 0.00000
3.18882, 3.75791, 0.00000, 4.92853, 0.86714, 1.57080, 5.00000, 457233.00000, 185007.00000, 295107.00000, 11015073378.00000, 104952.71973, 0.90081, 0.46930, 0.53070, 0.00000, 1.00000, 0.00000
3.73035, 3.21637, 0.00000, 4.92550, 0.71154, 1.57080, 5.00000, 480525.00000, 220066.00000, 370063.80000, 8147801540.16000, 90265.17346, 0.94766, 0.52918, 0.47082, 0.00000, 0.60000, 0.40000
4.83686, 0.87622, 0.00000, 4.91558, 0.17921, 1.57080, 5.00000, 454476.00000, 124549.00000, 270751.20000, 15610708286.16000, 124942.82007, 1.08598, 0.84303, 0.15697, 0.00000, 1.00000, 0.00000
4.35121, 2.14766, -0.78579, 4.91558, 0.45850, 1.73134, 2.00000, 377209.00000, 155663.00000, 266436.00000, 12270657529.00000, 110773.00000, 1.08598, 0.76051, 0.37301, -0.13352, 1.00000, 0.00000
4.35121, 2.14766, 0.78579, 4.91558, 0.45850, 1.41025, 4.00000, 460893.00000, 79076.00000, 288966.25000, 18584480617.18750, 136324.90828, 1.08598, 0.60022, 0.29439, 0.10538, 1.00000, 0.00000
4.58794, 1.75244, 0.00000, 4.91123, 0.36486, 1.57080, 2.00000, 497499.00000, 172763.00000, 335131.00000, 26363367424.00000, 162368.00000, 1.14286, 0.72361, 0.27639, -0.00000, 1.00000, 0.00000
