-2.75567, 4.02561, 0.70086, 4.92853, 2.17107, 1.42811, 43.00000, 464657.00000, 20773.00000, 106177.30233, 10077880937.28069, 100388.64944, 0.90081, -1.37444, 1.98030, 0.39414, 1.00000
-3.48430, 3.15040, 1.49161, 4.92852, 2.40648, 1.26333, 31.00000, 407947.00000, 13166.00000, 130447.00000, 12298161354.12903, 110897.07550, 0.91102, -2.88604, 2.59457, 1.29147, 1.00000
-2.21782, 3.93313, 1.97536, 4.92852, 2.08423, 1.15840, 89.00000, 484862.00000, 6944.00000, 106887.30337, 10013213187.82932, 100066.04413, 0.91102, -0.60432, 1.05443, 0.54989, 1.00000
-2.85909, 3.75484, 1.40973, 4.92550, 2.22158, 1.28053, 35.00000, 446895.00000, 20204.00000, 151376.42857, 13290246446.01632, 115283.33117, 0.94766, -1.25387, 1.66465, 0.58922, 0.94286
-3.93313, 1.97536, 2.21782, 4.92852, 2.67616, 1.10403, 26.00000, 480202.00000, 25562.00000, 189202.42308, 14640469994.85947, 120997.80988, 0.91102, -10.56672, 5.51065, 6.05607, 0.88462
-4.02561, 0.70086, 2.75567, 4.92853, 2.96922, 0.97747, 5.00000, 490749.00000, 101331.00000, 283632.20000, 16614367570.16000, 128896.73219, 0.90081, 9.35336, -1.86160, -6.49176, 1.00000
-3.15040, 1.49161, 3.48430, 4.92852, 2.69940, 0.78559, 18.00000, 499062.00000, 61298.00000, 246042.66667, 17154064850.88889, 130973.52729, 0.91102, -1.63909, 0.81587, 1.82322, 0.94444
-3.75484, 1.40973, 2.85909, 4.92550, 2.78243, 0.95149, 15.00000, 498744.00000, 42082.00000, 240444.00000, 18360489019.73333, 135500.88199, 0.94766, -9.32863, 3.30198, 7.02665, 1.00000
-1.49161, 3.48430, 3.15040, 4.92852, 1.97528, 0.87732, 63.00000, 498069.00000, 8342.00000, 114853.17460, 12721440748.36634, 112789.36452, 0.91102, -0.30829, 0.68893, 0.61936, 0.96825
-1.97536, 2.21782, 3.93313, 4.92852, 2.29844, 0.64677, 28.00000, 496376.00000, 23596.00000, 176559.67857, 18928691205.43240, 137581.58018, 0.91102, -0.49591, 0.54500, 0.95092, 0.89286
-0.70086, 2.75567, 4.02561, 4.92853, 1.81985, 0.61496, 39.00000, 487787.00000, 18026.00000, 152771.28205, 17101883298.92045, 130774.16908, 0.90081, -0.13313, 0.46424, 0.66888, 0.92308
-1.40973, 2.85909, 3.75484, 4.92550, 2.02888, 0.70390, 36.00000, 499206.00000, 27001.00000, 160437.27778, 17976739041.86729, 134077.36215, 0.94766, -0.25296, 0.53830, 0.71466, 0.94444
-3.47499, 2.68919, 2.20355, 4.91558, 2.48299, 1.10596, 29.00000, 475072.00000, 19452.00000, 164958.68966, 18072179974.90369, 134432.80840, 1.08598, -2.37638, 1.85065, 1.52573, 1.00000
-2.68919, 2.20355, 3.47499, 4.91558, 2.45513, 0.78564, 18.00000, 455345.00000, 36069.00000, 201537.50000, 12184136239.13889, 110381.77494, 1.08598, -0.90211, 0.74373, 1.15838, 0.77778
-2.20355, 3.47499, 2.68919, 4.91558, 2.13592, 0.99193, 25.00000, 317295.00000, 17512.00000, 84128.64000, 4693588112.63040, 68509.76655, 1.08598, -0.56481, 0.87972, 0.68510, 0.96000
-2.83550, 2.83550, 2.83550, 4.91123, 2.35619, 0.95532, 27.00000, 489918.00000, 23024.00000, 175738.29630, 17388506429.39369, 131865.48612, 1.14286, -1.00000, 1.00000, 1.00000, 0.88889
-2.05481, 4.45876, 0.43315, 4.92853, 2.00263, 1.48280, 83.00000, 488119.00000, 9534.00000, 118435.69880, 13498443943.87313, 116182.80399, 0.90081, -0.65917, 1.49537, 0.16379, 0.98795
-1.50894, 4.37124, 1.70460, 4.92852, 1.90319, 1.21764, 145.00000, 495245.00000, 7544.00000, 88196.24828, 10344349118.91767, 101707.17339, 0.91102, -0.30980, 0.93889, 0.37091, 0.98621
-0.72621, 4.85499, 0.43811, 4.92852, 1.71928, 1.48179, 162.00000, 459860.00000, 6848.00000, 74888.59259, 9475783150.95748, 97343.63436, 0.91102, -0.14496, 1.04077, 0.10419, 0.98765
-1.44936, 4.62611, 0.87126, 4.92550, 1.87441, 1.39297, 114.00000, 479512.00000, 7607.00000, 74488.37719, 8612815383.83141, 92805.25515, 0.94766, -0.38457, 1.17386, 0.21070, 0.99123
-0.78273, 3.92241, 2.87963, 4.92852, 1.76776, 0.94680, 92.00000, 484040.00000, 11313.00000, 85515.76087, 7761833829.09499, 88101.27030, 0.91102, -0.12779, 0.65841, 0.46938, 0.98913
0.00000, 3.18882, 3.75791, 4.92853, 1.57080, 0.70366, 53.00000, 496714.00000, 23496.00000, 175297.16981, 21943634912.17871, 148133.84121, 0.90081, -0.00000, 0.46930, 0.53070, 0.84906
0.78273, 3.92241, 2.87963, 4.92852, 1.37383, 0.94680, 85.00000, 449867.00000, 7042.00000, 95941.48235, 9910827148.62616, 99553.13731, 0.91102, 0.10178, 0.52439, 0.37383, 0.88235
0.00000, 3.73035, 3.21637, 4.92550, 1.57080, 0.85925, 61.00000, 478421.00000, 11724.00000, 93043.44262, 6835595946.50900, 82677.66292, 0.94766, -0.00000, 0.52918, 0.47082, 0.93443
0.72621, 4.85499, 0.43811, 4.92852, 1.42232, 1.48179, 167.00000, 484022.00000, 6776.00000, 75353.53892, 7833649522.45208, 88507.90655, 0.91102, 0.11238, 0.80685, 0.08077, 0.97006
1.50894, 4.37124, 1.70460, 4.92852, 1.23841, 1.21764, 118.00000, 452428.00000, 6573.00000, 97960.92373, 10243887848.74842, 101212.09339, 0.91102, 0.19128, 0.57970, 0.22901, 0.87288
2.05481, 4.45876, 0.43315, 4.92853, 1.13896, 1.48280, 77.00000, 488792.00000, 12480.00000, 101190.14286, 12802333305.73284, 113147.39637, 0.90081, 0.28433, 0.64502, 0.07065, 0.94805
1.44936, 4.62611, 0.87126, 4.92550, 1.26718, 1.39297, 91.00000, 429606.00000, 10985.00000, 97242.12088, 10158246101.60077, 100788.12480, 0.94766, 0.21738, 0.66353, 0.11910, 0.93407
-0.78579, 4.35121, 2.14766, 4.91558, 1.74946, 1.11864, 119.00000, 486546.00000, 4507.00000, 87007.39496, 10371835458.81039, 101842.20863, 1.08598, -0.13352, 0.76051, 0.37301, 0.97479
0.78579, 4.35121, 2.14766, 4.91558, 1.39213, 1.11864, 94.00000, 474979.00000, 8087.00000, 95261.05319, 10994969690.32696, 104856.90101, 1.08598, 0.10538, 0.60022, 0.29439, 0.95745
0.00000, 4.83686, 0.87622, 4.91558, 1.57080, 1.39159, 133.00000, 489356.00000, 5842.00000, 80035.14286, 11146897158.10741, 105578.86701, 1.08598, -0.00000, 0.84303, 0.15697, 0.99248
0.00000, 4.58794, 1.75244, 4.91123, 1.57080, 1.20593, 154.00000, 496120.00000, 8834.00000, 74870.92208, 9745334945.16276, 98718.46304, 1.14286, 0.00000, 0.72361, 0.27639, 0.98052
-2.05481, 4.45876, -0.43315, 4.92853, 2.00263, 1.65880, 71.00000, 453952.00000, 18666.00000, 99910.30986, 7430989532.94624, 86203.18749, 0.90081, -0.98030, 2.22389, -0.24359, 1.00000
-0.72621, 4.85499, -0.43811, 4.92852, 1.71928, 1.65981, 110.00000, 457001.00000, 10925.00000, 97305.32727, 10005595865.60198, 100027.97541, 0.91102, -0.18312, 1.31474, -0.13162, 1.00000
-1.50894, 4.37124, -1.70460, 4.92852, 1.90319, 1.92396, 52.00000, 493179.00000, 13754.00000, 156618.30769, 15515804812.86687, 124562.45346, 0.91102, -1.19997, 3.63662, -1.43665, 0.98077
-1.44936, 4.62611, -0.87126, 4.92550, 1.87441, 1.74862, 61.00000, 460854.00000, 10780.00000, 111809.65574, 13667831112.38968, 116909.49967, 0.94766, -0.66465, 2.02881, -0.36416, 0.96721
0.72621, 4.85499, -0.43811, 4.92852, 1.42232, 1.65981, 98.00000, 449617.00000, 8591.00000, 70493.46939, 5295604581.45315, 72770.90477, 0.91102, 0.13403, 0.96230, -0.09634, 0.97959
2.05481, 4.45876, -0.43315, 4.92853, 1.13896, 1.65880, 46.00000, 480087.00000, 16113.00000, 120467.89130, 11861373858.18384, 108909.93462, 0.90081, 0.33112, 0.75116, -0.08228, 0.91304
1.50894, 4.37124, -1.70460, 4.92852, 1.23841, 1.92396, 44.00000, 484981.00000, 18433.00000, 148385.06818, 15171310226.42717, 123171.87271, 0.91102, 0.35294, 1.06961, -0.42255, 0.93182
1.44936, 4.62611, -0.87126, 4.92550, 1.26718, 1.74862, 52.00000, 486101.00000, 16172.00000, 125204.19231, 15078699274.27071, 122795.35526, 0.94766, 0.28534, 0.87099, -0.15634, 0.94231
-0.78273, 3.92241, -2.87963, 4.92852, 1.76776, 2.19479, 26.00000, 367304.00000, 29358.00000, 134641.15385, 7524021577.20710, 86741.11815, 0.91102, -2.08678, 10.75154, -7.66476, 1.00000
0.78273, 3.92241, -2.87963, 4.92852, 1.37383, 2.19479, 22.00000, 478609.00000, 29470.00000, 179436.86364, 21285305340.75413, 145894.84343, 0.91102, 0.40335, 2.07817, -1.48153, 1.00000
0.00000, 3.18882, -3.75791, 4.92853, 1.57080, 2.43793, 9.00000, 452523.00000, 73970.00000, 243799.88889, 17475790849.43210, 132196.03190, 0.90081, -0.00000, -7.64229, 8.64229, 0.88889
0.00000, 3.73035, -3.21637, 4.92550, 1.57080, 2.28234, 16.00000, 462455.00000, 29385.00000, 180206.50000, 14116630284.62500, 118813.42637, 0.94766, 0.00000, 9.06739, -8.06739, 1.00000
0.00000, 4.83686, -0.87622, 4.91558, 1.57080, 1.75001, 67.00000, 420800.00000, 10416.00000, 94341.82090, 7669915788.23658, 87578.05540, 1.08598, 0.00000, 1.22879, -0.22879, 0.98507
0.78579, 4.35121, -2.14766, 4.91558, 1.39213, 2.02296, 24.00000, 488157.00000, 18775.00000, 222080.79167, 20979508391.58160, 144843.04744, 1.08598, 0.25627, 1.45965, -0.71592, 0.95833
-0.78579, 4.35121, -2.14766, 4.91558, 1.74946, 2.02296, 29.00000, 458715.00000, 19302.00000, 124082.37931, 13953812830.37337, 118126.25801, 1.08598, -0.52573, 2.99442, -1.46868, 0.93103
0.00000, 4.58794, -1.75244, 4.91123, 1.57080, 1.93566, 54.00000, 471540.00000, 14846.00000, 114540.03704, 9632891827.29493, 98147.29659, 1.14286, 0.00000, 1.61803, -0.61803, 0.96296
-2.75567, 4.02561, -0.70086, 4.92853, 2.17107, 1.71348, 40.00000, 405506.00000, 18630.00000, 122821.50000, 8603052200.55000, 92752.63986, 0.90081, -6.49176, 9.35336, -1.86160, 0.97500
-2.21782, 3.93313, -1.97536, 4.92852, 2.08423, 1.98319, 27.00000, 379059.00000, 33416.00000, 164187.03704, 10903058675.81344, 104417.71246, 0.91102, 6.05607, -10.56672, 5.51065, 1.00000
-3.48430, 3.15040, -1.49161, 4.92852, 2.40648, 1.87827, 14.00000, 473357.00000, 35383.00000, 186678.21429, 16444156085.59694, 128234.76941, 0.91102, 1.82322, -1.63909, 0.81587, 1.00000
-2.85909, 3.75484, -1.40973, 4.92550, 2.22158, 1.86107, 21.00000, 439325.00000, 30618.00000, 132768.04762, 7457613538.71202, 86357.47529, 0.94766, 7.02665, -9.32863, 3.30198, 1.00000
-1.49161, 3.48430, -3.15040, 4.92852, 1.97528, 2.26428, 19.00000, 499291.00000, 30726.00000, 232066.26316, 24552451510.50969, 156692.21905, 0.91102, 1.29147, -2.88604, 2.59457, 0.89474
-0.70086, 2.75567, -4.02561, 4.92853, 1.81985, 2.52663, 11.00000, 345729.00000, 60941.00000, 175168.09091, 7536050080.26446, 86810.42610, 0.90081, 0.39414, -1.37444, 1.98030, 0.90909
-1.97536, 2.21782, -3.93313, 4.92852, 2.29844, 2.49482, 9.00000, 327033.00000, 91832.00000, 208210.33333, 7648635842.22222, 87456.47970, 0.91102, 0.54989, -0.60432, 1.05443, 1.00000
-1.40973, 2.85909, -3.75484, 4.92550, 2.02888, 2.43770, 7.00000, 363094.00000, 65866.00000, 213981.57143, 10982777960.24490, 104798.74980, 0.94766, 0.58922, -1.25387, 1.66465, 1.00000
-3.93313, 1.97536, -2.21782, 4.92852, 2.67616, 2.03756, 3.00000, 216750.00000, 53988.00000, 113754.00000, 5349661224.00000, 73141.37833, 0.91102, 0.95092, -0.49591, 0.54500, 1.00000
-3.15040, 1.49161, -3.48430, 4.92852, 2.69940, 2.35600, 2.00000, 390038.00000, 121871.00000, 255954.50000, 17978384972.25000, 134083.50000, 0.91102, 0.61936, -0.30829, 0.68893, 1.00000
-4.02561, 0.70086, -2.75567, 4.92853, 2.96922, 2.16413, 0.00000, 0.00000, 0.00000, 0.00000, 0.00000, 0.00000, 0.90081, 0.66888, -0.13313, 0.46424, 0.00000
-3.75484, 1.40973, -2.85909, 4.92550, 2.78243, 2.19010, 2.00000, 300459.00000, 189600.00000, 245029.50000, 3072429470.25000, 55429.50000, 0.94766, 0.71466, -0.25296, 0.53830, 1.00000
-2.20355, 3.47499, -2.68919, 4.91558, 2.13592, 2.14966, 12.00000, 395873.00000, 34381.00000, 201020.33333, 12637922658.55556, 112418.51564, 1.08598, 1.52573, -2.37638, 1.85065, 1.00000
-2.68919, 2.20355, -3.47499, 4.91558, 2.45513, 2.35595, 2.00000, 236881.00000, 53796.00000, 145338.50000, 8380029306.25000, 91542.50000, 1.08598, 0.68510, -0.56481, 0.87972, 1.00000
-3.47499, 2.68919, -2.20355, 4.91558, 2.48299, 2.03563, 8.00000, 446785.00000, 91632.00000, 256582.62500, 17736591011.73438, 133178.79340, 1.08598, 1.15838, -0.90211, 0.74373, 1.00000
-2.83550, 2.83550, -2.83550, 4.91123, 2.35619, 2.18628, 8.00000, 360113.00000, 47363.00000, 161647.87500, 12980265103.60938, 113930.96639, 1.14286, 1.00000, -1.00000, 1.00000, 1.00000
-3.18882, 3.75791, 0.00000, 4.92853, 2.27446, 1.57080, 38.00000, 447501.00000, 24951.00000, 166179.71053, 13332826495.73199, 115467.85915, 0.90081, -7.64229, 8.64229, 0.00000, 0.92105
-3.92241, 2.87963, -0.78273, 4.92852, 2.50831, 1.73029, 15.00000, 399327.00000, 61581.00000, 176652.60000, 10121850239.17333, 100607.40648, 0.91102, 2.07817, -1.48153, 0.40335, 1.00000
-3.92241, 2.87963, 0.78273, 4.92852, 2.50831, 1.41130, 19.00000, 409001.00000, 49825.00000, 164122.42105, 13936721419.71745, 118053.89201, 0.91102, 10.75154, -7.66476, -2.08678, 0.94737
-3.73035, 3.21637, 0.00000, 4.92550, 2.43005, 1.57080, 30.00000, 272436.00000, 44627.00000, 145715.00000, 5151076950.66667, 71771.00355, 0.94766, 9.06739, -8.06739, -0.00000, 1.00000
-4.37124, 1.70460, -1.50894, 4.92852, 2.76977, 1.88196, 7.00000, 478295.00000, 99256.00000, 283521.42857, 19439830441.95918, 139426.79241, 0.91102, 1.06961, -0.42255, 0.35294, 1.00000
-4.45876, 0.43315, -2.05481, 4.92853, 3.04475, 2.00085, 4.00000, 316994.00000, 121499.00000, 250769.00000, 6263322774.50000, 79141.15727, 0.90081, 0.75116, -0.08228, 0.33112, 1.00000
-4.85499, 0.43811, -0.72621, 4.92852, 3.05160, 1.71868, 4.00000, 246546.00000, 76948.00000, 125385.00000, 4956429485.00000, 70401.91393, 0.91102, 0.96230, -0.09634, 0.13403, 1.00000
-4.62611, 0.87126, -1.44936, 4.92550, 2.95544, 1.86947, 6.00000, 357635.00000, 137532.00000, 267683.50000, 6582582648.58333, 81133.11684, 0.94766, 0.87099, -0.15634, 0.28534, 1.00000
-4.37124, 1.70460, 1.50894, 4.92852, 2.76977, 1.25963, 26.00000, 490415.00000, 55709.00000, 220532.11538, 17512838146.87130, 132336.08029, 0.91102, 3.63662, -1.43665, -1.19997, 0.96154
-4.85499, 0.43811, 0.72621, 4.92852, 3.05160, 1.42291, 4.00000, 233947.00000, 138792.00000, 181291.00000, 1574757585.50000, 39683.21541, 0.91102, 1.31474, -0.13162, -0.18312, 1.00000
-4.45876, 0.43315, 2.05481, 4.92853, 3.04475, 1.14074, 3.00000, 418077.00000, 203005.00000, 309259.66667, 7712611160.88889, 87821.47323, 0.90081, 2.22389, -0.24359, -0.98030, 1.00000
-4.62611, 0.87126, 1.44936, 4.92550, 2.95544, 1.27212, 6.00000, 483757.00000, 136027.00000, 322268.00000, 18278233748.33333, 135197.01827, 0.94766, 2.02881, -0.36416, -0.66465, 1.00000
-4.35121, 2.14766, -0.78579, 4.91558, 2.68310, 1.73134, 7.00000, 293288.00000, 41992.00000, 172988.57143, 7854080878.53061, 88623.25247, 1.08598, 1.45965, -0.71592, 0.25627, 1.00000
-4.83686, 0.87622, 0.00000, 4.91558, 2.96238, 1.57080, 6.00000, 381726.00000, 81818.00000, 266915.16667, 8727922551.47222, 93423.35121, 1.08598, 1.22879, -0.22879, -0.00000, 1.00000
-4.35121, 2.14766, 0.78579, 4.91558, 2.68310, 1.41025, 10.00000, 413457.00000, 66722.00000, 239202.00000, 16068889662.60000, 126763.12422, 1.08598, 2.99442, -1.46868, -0.52573, 0.90000
-4.58794, 1.75244, 0.00000, 4.91123, 2.77673, 1.57080, 8.00000, 426848.00000, 79037.00000, 270115.75000, 14812537771.68750, 121706.76962, 1.14286, 1.61803, -0.61803, -0.00000, 0.87500
2.75567, 4.02561, 0.70086, 4.92853, 0.97053, 1.42811, 40.00000, 478849.00000, 12049.00000, 140338.92500, 13424029688.51937, 115862.11498, 0.90081, 0.36663, 0.52824, 0.10514, 0.77500
2.21782, 3.93313, 1.97536, 4.92852, 1.05736, 1.15840, 68.00000, 459170.00000, 17841.00000, 122530.51471, 9219591450.95567, 96018.70365, 0.91102, 0.27362, 0.47741, 0.24897, 0.79412
3.48430, 3.15040, 1.49161, 4.92852, 0.73511, 1.26333, 55.00000, 457477.00000, 24441.00000, 154283.89091, 9113486758.38810, 95464.58379, 0.91102, 0.42617, 0.38313, 0.19070, 0.60000
2.85909, 3.75484, 1.40973, 4.92550, 0.92001, 1.28053, 35.00000, 385186.00000, 23157.00000, 153080.02857, 10908482064.42776, 104443.67891, 0.94766, 0.35746, 0.47456, 0.16798, 0.65714
1.49161, 3.48430, 3.15040, 4.92852, 1.16631, 0.87732, 70.00000, 422537.00000, 23728.00000, 130968.15714, 10158202072.10388, 100787.90638, 0.91102, 0.19070, 0.42617, 0.38313, 0.77143
0.70086, 2.75567, 4.02561, 4.92853, 1.32174, 0.61496, 40.00000, 476507.00000, 23495.00000, 173510.22500, 17442547263.87438, 132070.23610, 0.90081, 0.10514, 0.36663, 0.52824, 0.77500
1.97536, 2.21782, 3.93313, 4.92852, 0.84316, 0.64677, 41.00000, 490633.00000, 19849.00000, 199613.41463, 22668909274.77930, 150561.97818, 0.91102, 0.24897, 0.27362, 0.47741, 0.46341
1.40973, 2.85909, 3.75484, 4.92550, 1.11271, 0.70390, 32.00000, 478177.00000, 31163.00000, 202260.93750, 19063799471.80859, 138071.71858, 0.94766, 0.16798, 0.35746, 0.47456, 0.46875
3.93313, 1.97536, 2.21782, 4.92852, 0.46544, 1.10403, 54.00000, 420546.00000, 46468.00000, 167201.59259, 8578234142.46365, 92618.75697, 0.91102, 0.47741, 0.24897, 0.27362, 0.25926
3.15040, 1.49161, 3.48430, 4.92852, 0.44220, 0.78559, 39.00000, 486578.00000, 45748.00000, 208138.35897, 20368382075.30703, 142717.84077, 0.91102, 0.38313, 0.19070, 0.42617, 0.30769
4.02561, 0.70086, 2.75567, 4.92853, 0.17237, 0.97747, 52.00000, 439586.00000, 24848.00000, 193923.96154, 14883116710.69083, 121996.37991, 0.90081, 0.52824, 0.10514, 0.36663, 0.09615
3.75484, 1.40973, 2.85909, 4.92550, 0.35916, 0.95149, 38.00000, 435084.00000, 37368.00000, 145106.84211, 13030083408.60665, 114149.39075, 0.94766, 0.47456, 0.16798, 0.35746, 0.18421
2.20355, 3.47499, 2.68919, 4.91558, 1.00567, 0.99193, 48.00000, 497578.00000, 21554.00000, 178736.62500, 15533548870.77604, 124633.65866, 1.08598, 0.26522, 0.41309, 0.32170, 0.79167
2.68919, 2.20355, 3.47499, 4.91558, 0.68646, 0.78564, 30.00000, 498391.00000, 35944.00000, 192190.83333, 16539844666.13889, 128607.32742, 1.08598, 0.32170, 0.26522, 0.41309, 0.53333
3.47499, 2.68919, 2.20355, 4.91558, 0.65860, 1.10596, 40.00000, 468758.00000, 29825.00000, 173693.70000, 12185056948.01000, 110385.94543, 1.08598, 0.41309, 0.32170, 0.26522, 0.30000
2.83550, 2.83550, 2.83550, 4.91123, 0.78540, 0.95532, 59.00000, 434844.00000, 18877.00000, 155540.45763, 11933303987.50244, 109239.66307, 1.14286, 0.33333, 0.33333, 0.33333, 0.57627
-0.43315, 2.05481, 4.45876, 4.92853, 1.77855, 0.44016, 30.00000, 466081.00000, 27714.00000, 205410.43333, 18516487701.31222, 136075.30158, 0.90081, -0.08228, 0.33112, 0.75116, 0.63333
-1.70460, 1.50894, 4.37124, 4.92852, 2.41700, 0.48015, 20.00000, 462569.00000, 30007.00000, 197095.75000, 18241412230.98750, 135060.77236, 0.91102, -0.42255, 0.35294, 1.06961, 0.90000
-0.43811, 0.72621, 4.85499, 4.92852, 2.11363, 0.17295, 11.00000, 480670.00000, 52887.00000, 229518.09091, 15047233623.35537, 122667.16604, 0.91102, -0.09634, 0.13403, 0.96230, 0.54545
-0.87126, 1.44936, 4.62611, 4.92550, 2.11205, 0.35046, 10.00000, 319952.00000, 40928.00000, 136567.30000, 6935421978.21000, 83279.18094, 0.94766, -0.15634, 0.28534, 0.87099, 0.90000
-2.87963, 0.78273, 3.92241, 4.92852, 2.87619, 0.65037, 8.00000, 447258.00000, 78599.00000, 244592.62500, 18938037329.73438, 137615.54174, 0.91102, -1.48153, 0.40335, 2.07817, 0.87500
-3.75791, 0.00000, 3.18882, 4.92853, 3.14159, 0.86714, 6.00000, 419525.00000, 114410.00000, 302113.16667, 16193125991.47222, 127252.21409, 0.90081, 8.64229, -0.00000, -7.64229, 0.83333
-2.87963, -0.78273, 3.92241, 4.92852, -2.87619, 0.65037, 7.00000, 483937.00000, 233797.00000, 329921.42857, 7670159921.10204, 87579.44919, 0.91102, -7.66476, -2.08678, 10.75154, 0.85714
-3.21637, 0.00000, 3.73035, 4.92550, 3.14159, 0.71154, 2.00000, 341477.00000, 202259.00000, 271868.00000, 4845412881.00000, 69609.00000, 0.94766, -8.06739, 0.00000, 9.06739, 1.00000
-0.43811, -0.72621, 4.85499, 4.92852, -2.11363, 0.17295, 9.00000, 493360.00000, 192013.00000, 343328.33333, 9143949912.00000, 95624.00280, 0.91102, -0.13162, -0.18312, 1.31474, 0.22222
-1.70460, -1.50894, 4.37124, 4.92852, -2.41700, 0.48015, 6.00000, 253924.00000, 88645.00000, 184965.00000, 4847160922.33333, 69621.55501, 0.91102, -1.43665, -1.19997, 3.63662, 0.33333
-0.43315, -2.05481, 4.45876, 4.92853, -1.77855, 0.44016, 3.00000, 361418.00000, 196648.00000, 268871.00000, 4731391304.66667, 68785.10961, 0.90081, -0.24359, -0.98030, 2.22389, 0.00000
-0.87126, -1.44936, 4.62611, 4.92550, -2.11205, 0.35046, 5.00000, 458908.00000, 147236.00000, 254978.20000, 15224158456.96000, 123386.21664, 0.94766, -0.36416, -0.66465, 2.02881, 0.40000
-2.14766, 0.78579, 4.35121, 4.91558, 2.79084, 0.48390, 9.00000, 467949.00000, 156587.00000, 341820.66667, 8865866865.11111, 94158.73228, 1.08598, -0.71592, 0.25627, 1.45965, 0.55556
-2.14766, -0.78579, 4.35121, 4.91558, -2.79084, 0.48390, 4.00000, 462709.00000, 112077.00000, 283183.25000, 16829055238.18750, 129726.84856, 1.08598, -1.46868, -0.52573, 2.99442, 0.50000
-0.87622, 0.00000, 4.83686, 4.91558, 3.14159, 0.17921, 10.00000, 391518.00000, 80173.00000, 228807.60000, 14620043970.44000, 120913.37383, 1.08598, -0.22879, 0.00000, 1.22879, 0.30000
-1.75244, 0.00000, 4.58794, 4.91123, 3.14159, 0.36486, 9.00000, 459596.00000, 42752.00000, 265440.55556, 23148735794.24691, 152147.08605, 1.14286, -0.61803, 0.00000, 1.61803, 0.55556
-4.45876, -0.43315, 2.05481, 4.92853, -3.04475, 1.14074, 4.00000, 415021.00000, 89266.00000, 302491.00000, 15837086299.50000, 125845.48581, 0.90081, 1.49537, 0.16379, -0.65917, 1.00000
-4.85499, -0.43811, 0.72621, 4.92852, -3.05160, 1.42291, 7.00000, 497563.00000, 162835.00000, 355988.85714, 11525094463.26530, 107354.99273, 0.91102, 1.04077, 0.10419, -0.14496, 0.85714
-4.37124, -1.70460, 1.50894, 4.92852, -2.76977, 1.25963, 3.00000, 458298.00000, 196025.00000, 332647.66667, 11524717137.55556, 107353.23534, 0.91102, 0.93889, 0.37091, -0.30980, 1.00000
-4.62611, -0.87126, 1.44936, 4.92550, -2.95544, 1.27212, 1.00000, 445018.00000, 445018.00000, 445018.00000, 0.00000, 0.00000, 0.94766, 1.17386, 0.21070, -0.38457, 0.00000
-4.85499, -0.43811, -0.72621, 4.92852, -3.05160, 1.71868, 3.00000, 418500.00000, 192049.00000, 322506.33333, 9140548060.22222, 95606.21350, 0.91102, 0.80685, 0.08077, 0.11238, 1.00000
-4.45876, -0.43315, -2.05481, 4.92853, -3.04475, 2.00085, 3.00000, 413289.00000, 132119.00000, 252078.00000, 14026958568.66667, 118435.46162, 0.90081, 0.64502, 0.07065, 0.28433, 1.00000
-4.37124, -1.70460, -1.50894, 4.92852, -2.76977, 1.88196, 3.00000, 469794.00000, 414906.00000, 433482.00000, 659398272.00000, 25678.75137, 0.91102, 0.57970, 0.22901, 0.19128, 1.00000
-4.62611, -0.87126, -1.44936, 4.92550, -2.95544, 1.86947, 1.00000, 281177.00000, 281177.00000, 281177.00000, 0.00000, 0.00000, 0.94766, 0.66353, 0.11910, 0.21738, 1.00000
-3.92241, -2.87963, 0.78273, 4.92852, -2.50831, 1.41130, 1.00000, 208851.00000, 208851.00000, 208851.00000, 0.00000, 0.00000, 0.91102, 0.65841, 0.46938, -0.12779, 1.00000
-3.92241, -2.87963, -0.78273, 4.92852, -2.50831, 1.73029, 0.00000, 0.00000, 0.00000, 0.00000, 0.00000, 0.00000, 0.91102, 0.52439, 0.37383, 0.10178, 0.00000
-3.18882, -3.75791, 0.00000, 4.92853, -2.27446, 1.57080, 0.00000, 0.00000, 0.00000, 0.00000, 0.00000, 0.00000, 0.90081, 0.46930, 0.53070, 0.00000, 0.00000
-3.73035, -3.21637, 0.00000, 4.92550, -2.43005, 1.57080, 0.00000, 0.00000, 0.00000, 0.00000, 0.00000, 0.00000, 0.94766, 0.52918, 0.47082, -0.00000, 0.00000
-4.83686, -0.87622, 0.00000, 4.91558, -2.96238, 1.57080, 2.00000, 485970.00000, 464917.00000, 475443.50000, 110807202.25000, 10526.50000, 1.08598, 0.84303, 0.15697, -0.00000, 0.50000
-4.35121, -2.14766, -0.78579, 4.91558, -2.68310, 1.73134, 0.00000, 0.00000, 0.00000, 0.00000, 0.00000, 0.00000, 1.08598, 0.60022, 0.29439, 0.10538, 0.00000
-4.35121, -2.14766, 0.78579, 4.91558, -2.68310, 1.41025, 4.00000, 496917.00000, 202420.00000, 328408.50000, 16494486991.25000, 128430.86464, 1.08598, 0.76051, 0.37301, -0.13352, 0.75000
-4.58794, -1.75244, 0.00000, 4.91123, -2.77673, 1.57080, 1.00000, 398512.00000, 398512.00000, 398512.00000, 0.00000, 0.00000, 1.14286, 0.72361, 0.27639, -0.00000, 1.00000
-3.75791, 0.00000, -3.18882, 4.92853, 3.14159, 2.27446, 4.00000, 283544.00000, 154553.00000, 216230.75000, 2334416525.18750, 48315.79995, 0.90081, 0.53070, -0.00000, 0.46930, 1.00000
-2.87963, 0.78273, -3.92241, 4.92852, 2.87619, 2.49122, 3.00000, 444545.00000, 102186.00000, 308422.66667, 21992957349.55555, 148300.22707, 0.91102, 0.46938, -0.12779, 0.65841, 1.00000
-2.87963, -0.78273, -3.92241, 4.92852, -2.87619, 2.49122, 0.00000, 0.00000, 0.00000, 0.00000, 0.00000, 0.00000, 0.91102, 0.37383, 0.10178, 0.52439, 0.00000
-3.21637, 0.00000, -3.73035, 4.92550, 3.14159, 2.43005, 0.00000, 0.00000, 0.00000, 0.00000, 0.00000, 0.00000, 0.94766, 0.47082, 0.00000, 0.52918, 0.00000
-1.70460, 1.50894, -4.37124, 4.92852, 2.41700, 2.66145, 2.00000, 238335.00000, 211499.00000, 224917.00000, 180042724.00000, 13418.00000, 0.91102, 0.37091, -0.30980, 0.93889, 1.00000
-0.43315, 2.05481, -4.45876, 4.92853, 1.77855, 2.70143, 3.00000, 328208.00000, 158293.00000, 251065.00000, 4933984024.66667, 70242.32360, 0.90081, 0.16379, -0.65917, 1.49537, 0.66667
-0.43811, 0.72621, -4.85499, 4.92852, 2.11363, 2.96865, 1.00000, 362264.00000, 362264.00000, 362264.00000, 0.00000, 0.00000, 0.91102, 0.10419, -0.14496, 1.04077, 1.00000
-0.87126, 1.44936, -4.62611, 4.92550, 2.11205, 2.79113, 3.00000, 196263.00000, 151884.00000, 172758.33333, 331708600.22222, 18212.86908, 0.94766, 0.21070, -0.38457, 1.17386, 1.00000
-1.70460, -1.50894, -4.37124, 4.92852, -2.41700, 2.66145, 0.00000, 0.00000, 0.00000, 0.00000, 0.00000, 0.00000, 0.91102, 0.22901, 0.19128, 0.57970, 0.00000
-0.43811, -0.72621, -4.85499, 4.92852, -2.11363, 2.96865, 3.00000, 499953.00000, 153113.00000, 296992.66667, 21794926853.55556, 147631.04976, 0.91102, 0.08077, 0.11238, 0.80685, 0.66667
-0.43315, -2.05481, -4.45876, 4.92853, -1.77855, 2.70143, 1.00000, 330207.00000, 330207.00000, 330207.00000, 0.00000, 0.00000, 0.90081, 0.07065, 0.28433, 0.64502, 1.00000
-0.87126, -1.44936, -4.62611, 4.92550, -2.11205, 2.79113, 0.00000, 0.00000, 0.00000, 0.00000, 0.00000, 0.00000, 0.94766, 0.11910, 0.21738, 0.66353, 0.00000
-2.14766, 0.78579, -4.35121, 4.91558, 2.79084, 2.65769, 3.00000, 309867.00000, 146114.00000, 250844.00000, 5513739092.66667, 74254.55604, 1.08598, 0.37301, -0.13352, 0.76051, 1.00000
-0.87622, 0.00000, -4.83686, 4.91558, 3.14159, 2.96238, 1.00000, 227452.00000, 227452.00000, 227452.00000, 0.00000, 0.00000, 1.08598, 0.15697, 0.00000, 0.84303, 1.00000
-2.14766, -0.78579, -4.35121, 4.91558, -2.79084, 2.65769, 0.00000, 0.00000, 0.00000, 0.00000, 0.00000, 0.00000, 1.08598, 0.29439, 0.10538, 0.60022, 0.00000
-1.75244, 0.00000, -4.58794, 4.91123, 3.14159, 2.77673, 2.00000, 415128.00000, 226671.00000, 320899.50000, 8879010212.25000, 94228.50000, 1.14286, 0.27639, 0.00000, 0.72361, 1.00000
0.70086, 2.75567, -4.02561, 4.92853, 1.32174, 2.52663, 8.00000, 369440.00000, 54582.00000, 206459.00000, 11245619680.00000, 106045.36614, 0.90081, -1.86160, -6.49176, 9.35336, 1.00000
1.49161, 3.48430, -3.15040, 4.92852, 1.16631, 2.26428, 17.00000, 444264.00000, 59499.00000, 227102.35294, 16164402157.75778, 127139.30218, 0.91102, 0.81587, 1.82322, -1.63909, 0.88235
1.97536, 2.21782, -3.93313, 4.92852, 0.84316, 2.49482, 6.00000, 464902.00000, 52150.00000, 269496.66667, 27268226436.55556, 165130.93725, 0.91102, 5.51065, 6.05607, -10.56672, 0.83333
1.40973, 2.85909, -3.75484, 4.92550, 1.11271, 2.43770, 8.00000, 384888.00000, 203155.00000, 281956.25000, 4717268304.93750, 68682.37259, 0.94766, 3.30198, 7.02665, -9.32863, 0.87500
2.21782, 3.93313, -1.97536, 4.92852, 1.05736, 1.98319, 35.00000, 480569.00000, 36808.00000, 170550.37143, 12407260417.43347, 111387.88272, 0.91102, 0.54500, 0.95092, -0.49591, 0.88571
2.75567, 4.02561, -0.70086, 4.92853, 0.97053, 1.71348, 32.00000, 408380.00000, 13143.00000, 136127.25000, 14515476562.56250, 120480.19158, 0.90081, 0.46424, 0.66888, -0.13313, 0.90625
3.48430, 3.15040, -1.49161, 4.92852, 0.73511, 1.87827, 15.00000, 456201.00000, 65083.00000, 216761.60000, 16101522568.50667, 126891.77502, 0.91102, 0.68893, 0.61936, -0.30829, 0.73333
2.85909, 3.75484, -1.40973, 4.92550, 0.92001, 1.86107, 21.00000, 419279.00000, 43206.00000, 194944.61905, 14564670744.42630, 120684.17769, 0.94766, 0.53830, 0.71466, -0.25296, 0.76190
3.15040, 1.49161, -3.48430, 4.92852, 0.44220, 2.35600, 9.00000, 412716.00000, 92749.00000, 244447.77778, 9278219142.17284, 96323.51292, 0.91102, 2.59457, 1.29147, -2.88604, 0.88889
3.93313, 1.97536, -2.21782, 4.92852, 0.46544, 2.03756, 20.00000, 385987.00000, 55546.00000, 204734.60000, 10790416398.54000, 103876.92910, 0.91102, 1.05443, 0.54989, -0.60432, 0.50000
4.02561, 0.70086, -2.75567, 4.92853, 0.17237, 2.16413, 12.00000, 427180.00000, 155491.00000, 271116.75000, 7074329053.68750, 84109.03075, 0.90081, 1.98030, 0.39414, -1.37444, 0.33333
3.75484, 1.40973, -2.85909, 4.92550, 0.35916, 2.19010, 7.00000, 446269.00000, 81599.00000, 225364.71429, 14910532800.48980, 122108.69257, 0.94766, 1.66465, 0.58922, -1.25387, 0.28571
2.20355, 3.47499, -2.68919, 4.91558, 1.00567, 2.14966, 11.00000, 450936.00000, 54496.00000, 234428.81818, 19386175405.42149, 139234.24653, 1.08598, 0.74373, 1.15838, -0.90211, 0.81818
3.47499, 2.68919, -2.20355, 4.91558, 0.65860, 2.03563, 14.00000, 451499.00000, 115453.00000, 254590.64286, 12500754214.80102, 111806.77178, 1.08598, 0.87972, 0.68510, -0.56481, 0.50000
2.68919, 2.20355, -3.47499, 4.91558, 0.68646, 2.35595, 9.00000, 491520.00000, 124732.00000, 253762.22222, 16547892923.50617, 128638.61366, 1.08598, 1.85065, 1.52573, -2.37638, 0.66667
2.83550, 2.83550, -2.83550, 4.91123, 0.78540, 2.18628, 6.00000, 469532.00000, 41908.00000, 297274.83333, 25497217441.80555, 159678.48146, 1.14286, 1.00000, 1.00000, -1.00000, 0.83333
2.75567, -4.02561, 0.70086, 4.92853, -0.97053, 1.42811, 3.00000, 356841.00000, 331314.00000, 347680.00000, 134560634.00000, 11600.02733, 0.90081, -6.49176, 9.35336, -1.86160, 0.33333
3.48430, -3.15040, 1.49161, 4.92852, -0.73511, 1.26333, 17.00000, 474395.00000, 32187.00000, 263245.94118, 12279031410.05536, 110810.79104, 0.91102, 1.82322, -1.63909, 0.81587, 0.00000
2.21782, -3.93313, 1.97536, 4.92852, -1.05736, 1.15840, 4.00000, 213751.00000, 166042.00000, 182419.75000, 346237836.18750, 18607.46722, 0.91102, 6.05607, -10.56672, 5.51065, 0.00000
2.85909, -3.75484, 1.40973, 4.92550, -0.92001, 1.28053, 9.00000, 408645.00000, 86507.00000, 237987.11111, 9594872371.20988, 97953.41940, 0.94766, 7.02665, -9.32863, 3.30198, 0.00000
3.93313, -1.97536, 2.21782, 4.92852, -0.46544, 1.10403, 29.00000, 491554.00000, 43261.00000, 231305.58621, 19208086816.72533, 138593.24232, 0.91102, 0.95092, -0.49591, 0.54500, 0.03448
4.02561, -0.70086, 2.75567, 4.92853, -0.17237, 0.97747, 54.00000, 474284.00000, 32067.00000, 186611.55556, 15281984312.54321, 123620.32322, 0.90081, 0.66888, -0.13313, 0.46424, 0.07407
3.15040, -1.49161, 3.48430, 4.92852, -0.44220, 0.78559, 26.00000, 478264.00000, 56498.00000, 237975.23077, 18859354440.33136, 137329.36481, 0.91102, 0.61936, -0.30829, 0.68893, 0.00000
3.75484, -1.40973, 2.85909, 4.92550, -0.35916, 0.95149, 21.00000, 462665.00000, 44021.00000, 208784.57143, 16958843468.53061, 130226.12437, 0.94766, 0.71466, -0.25296, 0.53830, 0.04762
1.49161, -3.48430, 3.15040, 4.92852, -1.16631, 0.87732, 11.00000, 434521.00000, 92413.00000, 225899.18182, 9818576498.33058, 99088.73043, 0.91102, 1.29147, -2.88604, 2.59457, 0.00000
1.97536, -2.21782, 3.93313, 4.92852, -0.84316, 0.64677, 20.00000, 406018.00000, 39682.00000, 206773.35000, 14830032458.52750, 121778.62070, 0.91102, 0.54989, -0.60432, 1.05443, 0.05000
0.70086, -2.75567, 4.02561, 4.92853, -1.32174, 0.61496, 7.00000, 438405.00000, 110231.00000, 264171.00000, 8721495727.71428, 93388.94864, 0.90081, 0.39414, -1.37444, 1.98030, 0.00000
1.40973, -2.85909, 3.75484, 4.92550, -1.11271, 0.70390, 10.00000, 496844.00000, 133603.00000, 319599.50000, 11283230995.05000, 106222.55408, 0.94766, 0.58922, -1.25387, 1.66465, 0.10000
3.47499, -2.68919, 2.20355, 4.91558, -0.65860, 1.10596, 19.00000, 443977.00000, 45955.00000, 205286.68421, 12945185296.53185, 113776.91021, 1.08598, 1.15838, -0.90211, 0.74373, 0.00000
2.68919, -2.20355, 3.47499, 4.91558, -0.68646, 0.78564, 16.00000, 497608.00000, 65537.00000, 315357.81250, 15215426352.15234, 123350.82631, 1.08598, 0.68510, -0.56481, 0.87972, 0.06250
2.20355, -3.47499, 2.68919, 4.91558, -1.00567, 0.99193, 6.00000, 366912.00000, 105531.00000, 248447.83333, 7915457292.47222, 88968.85574, 1.08598, 1.52573, -2.37638, 1.85065, 0.16667
2.83550, -2.83550, 2.83550, 4.91123, -0.78540, 0.95532, 19.00000, 428924.00000, 62792.00000, 238190.84211, 11230865675.71191, 105975.77872, 1.14286, 1.00000, -1.00000, 1.00000, 0.15789
2.05481, -4.45876, 0.43315, 4.92853, -1.13896, 1.48280, 4.00000, 459335.00000, 119420.00000, 307813.00000, 15760281434.50000, 125539.95951, 0.90081, -0.98030, 2.22389, -0.24359, 0.25000
1.50894, -4.37124, 1.70460, 4.92852, -1.23841, 1.21764, 8.00000, 495843.00000, 165932.00000, 365791.00000, 15941732982.50000, 126260.57573, 0.91102, -1.19997, 3.63662, -1.43665, 0.00000
0.72621, -4.85499, 0.43811, 4.92852, -1.42232, 1.48179, 1.00000, 126385.00000, 126385.00000, 126385.00000, 0.00000, 0.00000, 0.91102, -0.18312, 1.31474, -0.13162, 0.00000
1.44936, -4.62611, 0.87126, 4.92550, -1.26718, 1.39297, 2.00000, 367454.00000, 303268.00000, 335361.00000, 1029960649.00000, 32093.00000, 0.94766, -0.66465, 2.02881, -0.36416, 0.00000
0.78273, -3.92241, 2.87963, 4.92852, -1.37383, 0.94680, 3.00000, 265547.00000, 178517.00000, 217666.00000, 1300494062.00000, 36062.36351, 0.91102, -2.08678, 10.75154, -7.66476, 0.33333
0.00000, -3.18882, 3.75791, 4.92853, -1.57080, 0.70366, 1.00000, 417927.00000, 417927.00000, 417927.00000, 0.00000, 0.00000, 0.90081, 0.00000, -7.64229, 8.64229, 1.00000
-0.78273, -3.92241, 2.87963, 4.92852, -1.76776, 0.94680, 2.00000, 482558.00000, 155591.00000, 319074.50000, 26726854772.25000, 163483.50000, 0.91102, 0.40335, 2.07817, -1.48153, 0.00000
0.00000, -3.73035, 3.21637, 4.92550, -1.57080, 0.85925, 4.00000, 350405.00000, 95374.00000, 198230.25000, 10464137485.18750, 102294.36683, 0.94766, -0.00000, 9.06739, -8.06739, 0.00000
-0.72621, -4.85499, 0.43811, 4.92852, -1.71928, 1.48179, 1.00000, 293141.00000, 293141.00000, 293141.00000, 0.00000, 0.00000, 0.91102, 0.13403, 0.96230, -0.09634, 0.00000
-1.50894, -4.37124, 1.70460, 4.92852, -1.90319, 1.21764, 1.00000, 457745.00000, 457745.00000, 457745.00000, 0.00000, 0.00000, 0.91102, 0.35294, 1.06961, -0.42255, 0.00000
-2.05481, -4.45876, 0.43315, 4.92853, -2.00263, 1.48280, 1.00000, 444124.00000, 444124.00000, 444124.00000, 0.00000, 0.00000, 0.90081, 0.33112, 0.75116, -0.08228, 0.00000
-1.44936, -4.62611, 0.87126, 4.92550, -1.87441, 1.39297, 0.00000, 0.00000, 0.00000, 0.00000, 0.00000, 0.00000, 0.94766, 0.28534, 0.87099, -0.15634, 0.00000
0.78579, -4.35121, 2.14766, 4.91558, -1.39213, 1.11864, 3.00000, 396850.00000, 263822.00000, 324013.00000, 3029368788.66667, 55039.70193, 1.08598, -0.52573, 2.99442, -1.46868, 0.33333
-0.78579, -4.35121, 2.14766, 4.91558, -1.74946, 1.11864, 4.00000, 484489.00000, 378269.00000, 443654.00000, 1886493773.00000, 43433.78608, 1.08598, 0.25627, 1.45965, -0.71592, 0.25000
0.00000, -4.83686, 0.87622, 4.91558, -1.57080, 1.39159, 1.00000, 287805.00000, 287805.00000, 287805.00000, 0.00000, 0.00000, 1.08598, -0.00000, 1.22879, -0.22879, 1.00000
0.00000, -4.58794, 1.75244, 4.91123, -1.57080, 1.20593, 0.00000, 0.00000, 0.00000, 0.00000, 0.00000, 0.00000, 1.14286, -0.00000, 1.61803, -0.61803, 0.00000
2.05481, -4.45876, -0.43315, 4.92853, -1.13896, 1.65880, 2.00000, 179778.00000, 128138.00000, 153958.00000, 666672400.00000, 25820.00000, 0.90081, -0.65917, 1.49537, 0.16379, 0.00000
0.72621, -4.85499, -0.43811, 4.92852, -1.42232, 1.65981, 0.00000, 0.00000, 0.00000, 0.00000, 0.00000, 0.00000, 0.91102, -0.14496, 1.04077, 0.10419, 0.00000
1.50894, -4.37124, -1.70460, 4.92852, -1.23841, 1.92396, 3.00000, 317813.00000, 125870.00000, 218953.66667, 6157031704.22222, 78466.75541, 0.91102, -0.30980, 0.93889, 0.37091, 0.33333
1.44936, -4.62611, -0.87126, 4.92550, -1.26718, 1.74862, 3.00000, 448343.00000, 281980.00000, 379136.33333, 5003366561.55556, 70734.47930, 0.94766, -0.38457, 1.17386, 0.21070, 0.00000
-0.72621, -4.85499, -0.43811, 4.92852, -1.71928, 1.65981, 1.00000, 324469.00000, 324469.00000, 324469.00000, 0.00000, 0.00000, 0.91102, 0.11238, 0.80685, 0.08077, 0.00000
-2.05481, -4.45876, -0.43315, 4.92853, -2.00263, 1.65880, 1.00000, 436078.00000, 436078.00000, 436078.00000, 0.00000, 0.00000, 0.90081, 0.28433, 0.64502, 0.07065, 0.00000
-1.50894, -4.37124, -1.70460, 4.92852, -1.90319, 1.92396, 1.00000, 357929.00000, 357929.00000, 357929.00000, 0.00000, 0.00000, 0.91102, 0.19128, 0.57970, 0.22901, 1.00000
-1.44936, -4.62611, -0.87126, 4.92550, -1.87441, 1.74862, 2.00000, 471491.00000, 342695.00000, 407093.00000, 4147102404.00000, 64398.00000, 0.94766, 0.21738, 0.66353, 0.11910, 0.00000
0.78273, -3.92241, -2.87963, 4.92852, -1.37383, 2.19479, 0.00000, 0.00000, 0.00000, 0.00000, 0.00000, 0.00000, 0.91102, -0.12779, 0.65841, 0.46938, 0.00000
-0.78273, -3.92241, -2.87963, 4.92852, -1.76776, 2.19479, 0.00000, 0.00000, 0.00000, 0.00000, 0.00000, 0.00000, 0.91102, 0.10178, 0.52439, 0.37383, 0.00000
0.00000, -3.18882, -3.75791, 4.92853, -1.57080, 2.43793, 0.00000, 0.00000, 0.00000, 0.00000, 0.00000, 0.00000, 0.90081, 0.00000, 0.46930, 0.53070, 0.00000
0.00000, -3.73035, -3.21637, 4.92550, -1.57080, 2.28234, 1.00000, 189719.00000, 189719.00000, 189719.00000, 0.00000, 0.00000, 0.94766, -0.00000, 0.52918, 0.47082, 0.00000
0.00000, -4.83686, -0.87622, 4.91558, -1.57080, 1.75001, 1.00000, 332838.00000, 332838.00000, 332838.00000, 0.00000, 0.00000, 1.08598, -0.00000, 0.84303, 0.15697, 0.00000
-0.78579, -4.35121, -2.14766, 4.91558, -1.74946, 2.02296, 0.00000, 0.00000, 0.00000, 0.00000, 0.00000, 0.00000, 1.08598, 0.10538, 0.60022, 0.29439, 0.00000
0.78579, -4.35121, -2.14766, 4.91558, -1.39213, 2.02296, 0.00000, 0.00000, 0.00000, 0.00000, 0.00000, 0.00000, 1.08598, -0.13352, 0.76051, 0.37301, 0.00000
0.00000, -4.58794, -1.75244, 4.91123, -1.57080, 1.93566, 1.00000, 235440.00000, 235440.00000, 235440.00000, 0.00000, 0.00000, 1.14286, -0.00000, 0.72361, 0.27639, 0.00000
2.75567, -4.02561, -0.70086, 4.92853, -0.97053, 1.71348, 5.00000, 294458.00000, 128521.00000, 227254.60000, 5229716051.04000, 72316.77572, 0.90081, -1.37444, 1.98030, 0.39414, 0.20000
2.21782, -3.93313, -1.97536, 4.92852, -1.05736, 1.98319, 1.00000, 373694.00000, 373694.00000, 373694.00000, 0.00000, 0.00000, 0.91102, -0.60432, 1.05443, 0.54989, 0.00000
3.48430, -3.15040, -1.49161, 4.92852, -0.73511, 1.87827, 6.00000, 489870.00000, 86922.00000, 255986.66667, 17749943134.22222, 133228.91253, 0.91102, -2.88604, 2.59457, 1.29147, 0.16667
2.85909, -3.75484, -1.40973, 4.92550, -0.92001, 1.86107, 3.00000, 493074.00000, 118061.00000, 281970.66667, 24552746114.88889, 156693.15912, 0.94766, -1.25387, 1.66465, 0.58922, 0.00000
1.49161, -3.48430, -3.15040, 4.92852, -1.16631, 2.26428, 0.00000, 0.00000, 0.00000, 0.00000, 0.00000, 0.00000, 0.91102, -0.30829, 0.68893, 0.61936, 0.00000
0.70086, -2.75567, -4.02561, 4.92853, -1.32174, 2.52663, 1.00000, 366628.00000, 366628.00000, 366628.00000, 0.00000, 0.00000, 0.90081, -0.13313, 0.46424, 0.66888, 0.00000
1.97536, -2.21782, -3.93313, 4.92852, -0.84316, 2.49482, 2.00000, 385208.00000, 341472.00000, 363340.00000, 478209424.00000, 21868.00000, 0.91102, -0.49591, 0.54500, 0.95092, 0.50000
1.40973, -2.85909, -3.75484, 4.92550, -1.11271, 2.43770, 0.00000, 0.00000, 0.00000, 0.00000, 0.00000, 0.00000, 0.94766, -0.25296, 0.53830, 0.71466, 0.00000
3.93313, -1.97536, -2.21782, 4.92852, -0.46544, 2.03756, 6.00000, 461682.00000, 171757.00000, 309110.83333, 10942331989.47222, 104605.60209, 0.91102, -10.56672, 5.51065, 6.05607, 0.00000
3.15040, -1.49161, -3.48430, 4.92852, -0.44220, 2.35600, 3.00000, 383103.00000, 100517.00000, 266158.00000, 14494791440.66667, 120394.31648, 0.91102, -1.63909, 0.81587, 1.82322, 0.00000
4.02561, -0.70086, -2.75567, 4.92853, -0.17237, 2.16413, 4.00000, 448935.00000, 166629.00000, 268857.00000, 12705386690.00000, 112718.17373, 0.90081, 9.35336, -1.86160, -6.49176, 0.00000
3.75484, -1.40973, -2.85909, 4.92550, -0.35916, 2.19010, 6.00000, 479553.00000, 246387.00000, 341658.66667, 7183520145.55556, 84755.64964, 0.94766, -9.32863, 3.30198, 7.02665, 0.33333
2.20355, -3.47499, -2.68919, 4.91558, -1.00567, 2.14966, 1.00000, 368307.00000, 368307.00000, 368307.00000, 0.00000, 0.00000, 1.08598, -0.56481, 0.87972, 0.68510, 0.00000
2.68919, -2.20355, -3.47499, 4.91558, -0.68646, 2.35595, 3.00000, 398992.00000, 267375.00000, 347227.00000, 3281612232.66667, 57285.35793, 1.08598, -0.90211, 0.74373, 1.15838, 0.00000
3.47499, -2.68919, -2.20355, 4.91558, -0.65860, 2.03563, 4.00000, 471051.00000, 97538.00000, 332395.50000, 21350945800.25000, 146119.62839, 1.08598, -2.37638, 1.85065, 1.52573, 0.00000
2.83550, -2.83550, -2.83550, 4.91123, -0.78540, 2.18628, 2.00000, 310718.00000, 257024.00000, 283871.00000, 720761409.00000, 26847.00000, 1.14286, -1.00000, 1.00000, 1.00000, 0.50000
3.18882, -3.75791, 0.00000, 4.92853, -0.86714, 1.57080, 9.00000, 379120.00000, 65676.00000, 260842.88889, 10232382622.76543, 101155.24021, 0.90081, -7.64229, 8.64229, -0.00000, 0.00000
3.92241, -2.87963, -0.78273, 4.92852, -0.63328, 1.73029, 2.00000, 311865.00000, 137175.00000, 224520.00000, 7629149025.00000, 87345.00000, 0.91102, 10.75154, -7.66476, -2.08678, 0.00000
3.92241, -2.87963, 0.78273, 4.92852, -0.63328, 1.41130, 15.00000, 427875.00000, 95728.00000, 211157.13333, 9645907015.44889, 98213.57857, 0.91102, 2.07817, -1.48153, 0.40335, 0.06667
3.73035, -3.21637, 0.00000, 4.92550, -0.71154, 1.57080, 7.00000, 490605.00000, 207963.00000, 333007.28571, 9517319223.63265, 97556.74873, 0.94766, 9.06739, -8.06739, 0.00000, 0.00000
4.37124, -1.70460, -1.50894, 4.92852, -0.37182, 1.88196, 9.00000, 461204.00000, 199390.00000, 329616.88889, 9854761167.87654, 99271.14973, 0.91102, 3.63662, -1.43665, -1.19997, 0.00000
4.45876, -0.43315, -2.05481, 4.92853, -0.09684, 2.00085, 9.00000, 470008.00000, 47163.00000, 284158.11111, 17861626255.20988, 133647.39524, 0.90081, 2.22389, -0.24359, -0.98030, 0.22222
4.85499, -0.43811, -0.72621, 4.92852, -0.09000, 1.71868, 20.00000, 494595.00000, 84138.00000, 254198.75000, 13211920353.68750, 114943.11790, 0.91102, 1.31474, -0.13162, -0.18312, 0.15000
4.62611, -0.87126, -1.44936, 4.92550, -0.18616, 1.86947, 11.00000, 497247.00000, 106098.00000, 254230.54545, 15492329105.70248, 124468.18511, 0.94766, 2.02881, -0.36416, -0.66465, 0.00000
4.37124, -1.70460, 1.50894, 4.92852, -0.37182, 1.25963, 37.00000, 463739.00000, 30299.00000, 169905.45946, 11371255869.27538, 106636.09084, 0.91102, 1.06961, -0.42255, 0.35294, 0.00000
4.85499, -0.43811, 0.72621, 4.92852, -0.09000, 1.42291, 29.00000, 479980.00000, 24270.00000, 184402.03448, 18031117502.44709, 134279.99666, 0.91102, 0.96230, -0.09634, 0.13403, 0.06897
4.45876, -0.43315, 2.05481, 4.92853, -0.09684, 1.14074, 45.00000, 460099.00000, 34114.00000, 188738.93333, 14365014018.32889, 119854.13643, 0.90081, 0.75116, -0.08228, 0.33112, 0.06667
4.62611, -0.87126, 1.44936, 4.92550, -0.18616, 1.27212, 25.00000, 439050.00000, 24098.00000, 174247.20000, 14552602537.92000, 120634.16820, 0.94766, 0.87099, -0.15634, 0.28534, 0.04000
4.35121, -2.14766, -0.78579, 4.91558, -0.45850, 1.73134, 11.00000, 485360.00000, 94560.00000, 247255.27273, 19937043528.92562, 141198.59606, 1.08598, 2.99442, -1.46868, -0.52573, 0.09091
4.83686, -0.87622, 0.00000, 4.91558, -0.17921, 1.57080, 16.00000, 411647.00000, 68614.00000, 187650.37500, 10733257171.85938, 103601.43422, 1.08598, 1.22879, -0.22879, 0.00000, 0.06250
4.35121, -2.14766, 0.78579, 4.91558, -0.45850, 1.41025, 9.00000, 488125.00000, 37713.00000, 280140.55556, 26249889919.35802, 162018.17774, 1.08598, 1.45965, -0.71592, 0.25627, 0.00000
4.58794, -1.75244, 0.00000, 4.91123, -0.36486, 1.57080, 13.00000, 476891.00000, 92884.00000, 273866.61538, 21551256363.62130, 146803.46169, 1.14286, 1.61803, -0.61803, 0.00000, 0.07692
0.43315, -2.05481, 4.45876, 4.92853, -1.36304, 0.44016, 7.00000, 481755.00000, 91939.00000, 289057.00000, 23118151620.28571, 152046.54426, 0.90081, 0.16379, -0.65917, 1.49537, 0.14286
1.70460, -1.50894, 4.37124, 4.92852, -0.72459, 0.48015, 17.00000, 475488.00000, 79484.00000, 236583.35294, 16027326519.52249, 126599.07788, 0.91102, 0.37091, -0.30980, 0.93889, 0.11765
0.43811, -0.72621, 4.85499, 4.92852, -1.02797, 0.17295, 16.00000, 493062.00000, 107961.00000, 249901.18750, 12744394300.15234, 112891.07272, 0.91102, 0.10419, -0.14496, 1.04077, 0.25000
0.87126, -1.44936, 4.62611, 4.92550, -1.02954, 0.35046, 7.00000, 482336.00000, 85009.00000, 226666.42857, 16040365342.53061, 126650.56393, 0.94766, 0.21070, -0.38457, 1.17386, 0.00000
2.87963, -0.78273, 3.92241, 4.92852, -0.26540, 0.65037, 30.00000, 497691.00000, 43960.00000, 201725.76667, 16473583393.91222, 128349.45810, 0.91102, 0.46938, -0.12779, 0.65841, 0.06667
3.75791, 0.00000, 3.18882, 4.92853, 0.00000, 0.86714, 36.00000, 410353.00000, 29171.00000, 189263.77778, 11449527620.22839, 107002.46549, 0.90081, 0.53070, -0.00000, 0.46930, 0.11111
2.87963, 0.78273, 3.92241, 4.92852, 0.26540, 0.65037, 46.00000, 496565.00000, 37134.00000, 191491.80435, 12231220248.37476, 110594.84730, 0.91102, 0.37383, 0.10178, 0.52439, 0.06522
3.21637, 0.00000, 3.73035, 4.92550, 0.00000, 0.71154, 31.00000, 484003.00000, 26249.00000, 206500.61290, 15955380530.17274, 126314.60933, 0.94766, 0.47082, -0.00000, 0.52918, 0.06452
0.43811, 0.72621, 4.85499, 4.92852, 1.02797, 0.17295, 26.00000, 499103.00000, 27987.00000, 227268.92308, 16942848342.99408, 130164.69699, 0.91102, 0.08077, 0.11238, 0.80685, 0.50000
1.70460, 1.50894, 4.37124, 4.92852, 0.72459, 0.48015, 33.00000, 494475.00000, 47025.00000, 206539.18182, 15068386769.36088, 122753.35747, 0.91102, 0.22901, 0.19128, 0.57970, 0.27273
0.43315, 2.05481, 4.45876, 4.92853, 1.36304, 0.44016, 24.00000, 472312.00000, 24936.00000, 221244.04167, 16314588506.37327, 127728.57357, 0.90081, 0.07065, 0.28433, 0.64502, 0.45833
0.87126, 1.44936, 4.62611, 4.92550, 1.02954, 0.35046, 23.00000, 467623.00000, 73973.00000, 216726.82609, 11655372915.18715, 107960.05240, 0.94766, 0.11910, 0.21738, 0.66353, 0.56522
2.14766, -0.78579, 4.35121, 4.91558, -0.35075, 0.48390, 22.00000, 453472.00000, 54976.00000, 178100.36364, 15208360125.41323, 123322.18018, 1.08598, 0.37301, -0.13352, 0.76051, 0.00000
2.14766, 0.78579, 4.35121, 4.91558, 0.35075, 0.48390, 27.00000, 400690.00000, 44808.00000, 183128.07407, 10567047409.77229, 102796.14492, 1.08598, 0.29439, 0.10538, 0.60022, 0.22222
0.87622, 0.00000, 4.83686, 4.91558, 0.00000, 0.17921, 12.00000, 432611.00000, 99326.00000, 261465.75000, 9832494266.52083, 99158.93438, 1.08598, 0.15697, -0.00000, 0.84303, 0.33333
1.75244, 0.00000, 4.58794, 4.91123, 0.00000, 0.36486, 25.00000, 491631.00000, 29930.00000, 176093.84000, 10304912012.85440, 101513.11252, 1.14286, 0.27639, 0.00000, 0.72361, 0.16000
-2.75567, -4.02561, 0.70086, 4.92853, -2.17107, 1.42811, 0.00000, 0.00000, 0.00000, 0.00000, 0.00000, 0.00000, 0.90081, 0.46424, 0.66888, -0.13313, 0.00000
-2.21782, -3.93313, 1.97536, 4.92852, -2.08423, 1.15840, 0.00000, 0.00000, 0.00000, 0.00000, 0.00000, 0.00000, 0.91102, 0.54500, 0.95092, -0.49591, 0.00000
-3.48430, -3.15040, 1.49161, 4.92852, -2.40648, 1.26333, 0.00000, 0.00000, 0.00000, 0.00000, 0.00000, 0.00000, 0.91102, 0.68893, 0.61936, -0.30829, 0.00000
-2.85909, -3.75484, 1.40973, 4.92550, -2.22158, 1.28053, 0.00000, 0.00000, 0.00000, 0.00000, 0.00000, 0.00000, 0.94766, 0.53830, 0.71466, -0.25296, 0.00000
-1.49161, -3.48430, 3.15040, 4.92852, -1.97528, 0.87732, 2.00000, 257195.00000, 191178.00000, 224186.50000, 1089561072.25000, 33008.50000, 0.91102, 0.81587, 1.82322, -1.63909, 0.50000
-0.70086, -2.75567, 4.02561, 4.92853, -1.81985, 0.61496, 1.00000, 228241.00000, 228241.00000, 228241.00000, 0.00000, 0.00000, 0.90081, -1.86160, -6.49176, 9.35336, 0.00000
-1.97536, -2.21782, 3.93313, 4.92852, -2.29844, 0.64677, 4.00000, 339788.00000, 163090.00000, 267790.25000, 5660415992.18750, 75235.73614, 0.91102, 5.51065, 6.05607, -10.56672, 0.50000
-1.40973, -2.85909, 3.75484, 4.92550, -2.02888, 0.70390, 1.00000, 243254.00000, 243254.00000, 243254.00000, 0.00000, 0.00000, 0.94766, 3.30198, 7.02665, -9.32863, 0.00000
-3.93313, -1.97536, 2.21782, 4.92852, -2.67616, 1.10403, 4.00000, 370968.00000, 115145.00000, 277758.25000, 9438769949.68750, 97153.33216, 0.91102, 1.05443, 0.54989, -0.60432, 0.25000
-3.15040, -1.49161, 3.48430, 4.92852, -2.69940, 0.78559, 3.00000, 415947.00000, 172059.00000, 254476.33333, 13038274179.55556, 114185.26253, 0.91102, 2.59457, 1.29147, -2.88604, 1.00000
-4.02561, -0.70086, 2.75567, 4.92853, -2.96922, 0.97747, 3.00000, 376569.00000, 172283.00000, 290283.00000, 7458350530.66667, 86361.74229, 0.90081, 1.98030, 0.39414, -1.37444, 1.00000
-3.75484, -1.40973, 2.85909, 4.92550, -2.78243, 0.95149, 5.00000, 319067.00000, 95799.00000, 229956.80000, 5847818373.76000, 76471.02964, 0.94766, 1.66465, 0.58922, -1.25387, 0.60000
-2.20355, -3.47499, 2.68919, 4.91558, -2.13592, 0.99193, 1.00000, 253739.00000, 253739.00000, 253739.00000, 0.00000, 0.00000, 1.08598, 0.74373, 1.15838, -0.90211, 0.00000
-2.68919, -2.20355, 3.47499, 4.91558, -2.45513, 0.78564, 3.00000, 487182.00000, 134674.00000, 344930.00000, 23022587018.66667, 151731.95780, 1.08598, 1.85065, 1.52573, -2.37638, 0.66667
-3.47499, -2.68919, 2.20355, 4.91558, -2.48299, 1.10596, 2.00000, 256219.00000, 129958.00000, 193088.50000, 3985460030.25000, 63130.50000, 1.08598, 0.87972, 0.68510, -0.56481, 1.00000
-2.83550, -2.83550, 2.83550, 4.91123, -2.35619, 0.95532, 2.00000, 237625.00000, 236739.00000, 237182.00000, 196249.00000, 443.00000, 1.14286, 1.00000, 1.00000, -1.00000, 1.00000
-0.70086, -2.75567, -4.02561, 4.92853, -1.81985, 2.52663, 0.00000, 0.00000, 0.00000, 0.00000, 0.00000, 0.00000, 0.90081, 0.10514, 0.36663, 0.52824, 0.00000
-1.49161, -3.48430, -3.15040, 4.92852, -1.97528, 2.26428, 0.00000, 0.00000, 0.00000, 0.00000, 0.00000, 0.00000, 0.91102, 0.19070, 0.42617, 0.38313, 0.00000
-1.97536, -2.21782, -3.93313, 4.92852, -2.29844, 2.49482, 0.00000, 0.00000, 0.00000, 0.00000, 0.00000, 0.00000, 0.91102, 0.24897, 0.27362, 0.47741, 0.00000
-1.40973, -2.85909, -3.75484, 4.92550, -2.02888, 2.43770, 2.00000, 451371.00000, 93243.00000, 272307.00000, 32063916096.00000, 179064.00000, 0.94766, 0.16798, 0.35746, 0.47456, 0.50000
-2.21782, -3.93313, -1.97536, 4.92852, -2.08423, 1.98319, 2.00000, 468991.00000, 160734.00000, 314862.50000, 23755594512.25000, 154128.50000, 0.91102, 0.27362, 0.47741, 0.24897, 0.00000
-2.75567, -4.02561, -0.70086, 4.92853, -2.17107, 1.71348, 1.00000, 451767.00000, 451767.00000, 451767.00000, 0.00000, 0.00000, 0.90081, 0.36663, 0.52824, 0.10514, 0.00000
-3.48430, -3.15040, -1.49161, 4.92852, -2.40648, 1.87827, 0.00000, 0.00000, 0.00000, 0.00000, 0.00000, 0.00000, 0.91102, 0.42617, 0.38313, 0.19070, 0.00000
-2.85909, -3.75484, -1.40973, 4.92550, -2.22158, 1.86107, 0.00000, 0.00000, 0.00000, 0.00000, 0.00000, 0.00000, 0.94766, 0.35746, 0.47456, 0.16798, 0.00000
-3.15040, -1.49161, -3.48430, 4.92852, -2.69940, 2.35600, 3.00000, 410562.00000, 262008.00000, 359011.33333, 4711020939.55556, 68636.87740, 0.91102, 0.38313, 0.19070, 0.42617, 1.00000
-3.93313, -1.97536, -2.21782, 4.92852, -2.67616, 2.03756, 0.00000, 0.00000, 0.00000, 0.00000, 0.00000, 0.00000, 0.91102, 0.47741, 0.24897, 0.27362, 0.00000
-4.02561, -0.70086, -2.75567, 4.92853, -2.96922, 2.16413, 2.00000, 350658.00000, 235086.00000, 292872.00000, 3339221796.00000, 57786.00000, 0.90081, 0.52824, 0.10514, 0.36663, 1.00000
-3.75484, -1.40973, -2.85909, 4.92550, -2.78243, 2.19010, 0.00000, 0.00000, 0.00000, 0.00000, 0.00000, 0.00000, 0.94766, 0.47456, 0.16798, 0.35746, 0.00000
-2.20355, -3.47499, -2.68919, 4.91558, -2.13592, 2.14966, 0.00000, 0.00000, 0.00000, 0.00000, 0.00000, 0.00000, 1.08598, 0.26522, 0.41309, 0.32170, 0.00000
-3.47499, -2.68919, -2.20355, 4.91558, -2.48299, 2.03563, 0.00000, 0.00000, 0.00000, 0.00000, 0.00000, 0.00000, 1.08598, 0.41309, 0.32170, 0.26522, 0.00000
-2.68919, -2.20355, -3.47499, 4.91558, -2.45513, 2.35595, 0.00000, 0.00000, 0.00000, 0.00000, 0.00000, 0.00000, 1.08598, 0.32170, 0.26522, 0.41309, 0.00000
-2.83550, -2.83550, -2.83550, 4.91123, -2.35619, 2.18628, 0.00000, 0.00000, 0.00000, 0.00000, 0.00000, 0.00000, 1.14286, 0.33333, 0.33333, 0.33333, 0.00000
3.75791, 0.00000, -3.18882, 4.92853, 0.00000, 2.27446, 3.00000, 243364.00000, 161564.00000, 200241.33333, 1125087160.88889, 33542.31896, 0.90081, 8.64229, 0.00000, -7.64229, 0.33333
2.87963, -0.78273, -3.92241, 4.92852, -0.26540, 2.49122, 4.00000, 482880.00000, 178463.00000, 274718.75000, 14751688313.18750, 121456.52849, 0.91102, -1.48153, 0.40335, 2.07817, 0.25000
2.87963, 0.78273, -3.92241, 4.92852, 0.26540, 2.49122, 3.00000, 383102.00000, 206420.00000, 307902.00000, 5548126616.00000, 74485.74774, 0.91102, -7.66476, -2.08678, 10.75154, 0.66667
3.21637, 0.00000, -3.73035, 4.92550, 0.00000, 2.43005, 3.00000, 326117.00000, 116171.00000, 237501.33333, 7881345193.55556, 88776.94066, 0.94766, -8.06739, -0.00000, 9.06739, 0.00000
1.70460, -1.50894, -4.37124, 4.92852, -0.72459, 2.66145, 2.00000, 390715.00000, 364698.00000, 377706.50000, 169221072.25000, 13008.50000, 0.91102, -0.42255, 0.35294, 1.06961, 0.50000
0.43315, -2.05481, -4.45876, 4.92853, -1.36304, 2.70143, 1.00000, 210642.00000, 210642.00000, 210642.00000, 0.00000, 0.00000, 0.90081, -0.08228, 0.33112, 0.75116, 1.00000
0.43811, -0.72621, -4.85499, 4.92852, -1.02797, 2.96865, 3.00000, 496576.00000, 257243.00000, 411501.00000, 11939857892.66667, 109269.65678, 0.91102, -0.09634, 0.13403, 0.96230, 0.66667
0.87126, -1.44936, -4.62611, 4.92550, -1.02954, 2.79113, 1.00000, 377797.00000, 377797.00000, 377797.00000, 0.00000, 0.00000, 0.94766, -0.15634, 0.28534, 0.87099, 0.00000
1.70460, 1.50894, -4.37124, 4.92852, 0.72459, 2.66145, 3.00000, 358040.00000, 90624.00000, 189350.00000, 14366033490.66667, 119858.38932, 0.91102, -1.43665, -1.19997, 3.63662, 0.66667
0.43811, 0.72621, -4.85499, 4.92852, 1.02797, 2.96865, 2.00000, 351514.00000, 100480.00000, 225997.00000, 15754517289.00000, 125517.00000, 0.91102, -0.13162, -0.18312, 1.31474, 1.00000
0.43315, 2.05481, -4.45876, 4.92853, 1.36304, 2.70143, 2.00000, 430871.00000, 142640.00000, 286755.50000, 20769277340.25000, 144115.50000, 0.90081, -0.24359, -0.98030, 2.22389, 1.00000
0.87126, 1.44936, -4.62611, 4.92550, 1.02954, 2.79113, 5.00000, 350160.00000, 159342.00000, 286257.40000, 4734635980.24000, 68808.69117, 0.94766, -0.36416, -0.66465, 2.02881, 0.80000
2.14766, -0.78579, -4.35121, 4.91558, -0.35075, 2.65769, 4.00000, 425475.00000, 200402.00000, 335071.25000, 6959687999.18750, 83424.74453, 1.08598, -0.71592, 0.25627, 1.45965, 0.25000
0.87622, 0.00000, -4.83686, 4.91558, 0.00000, 2.96238, 0.00000, 0.00000, 0.00000, 0.00000, 0.00000, 0.00000, 1.08598, -0.22879, -0.00000, 1.22879, 0.00000
2.14766, 0.78579, -4.35121, 4.91558, 0.35075, 2.65769, 4.00000, 493902.00000, 167211.00000, 352200.50000, 13810357799.25000, 117517.47870, 1.08598, -1.46868, -0.52573, 2.99442, 0.50000
1.75244, 0.00000, -4.58794, 4.91123, 0.00000, 2.77673, 3.00000, 364200.00000, 118942.00000, 260389.66667, 10733532190.88889, 103602.76150, 1.14286, -0.61803, -0.00000, 1.61803, 0.33333
4.45876, 0.43315, 2.05481, 4.92853, 0.09684, 1.14074, 47.00000, 468153.00000, 23110.00000, 175956.70213, 12013914714.16659, 109608.00479, 0.90081, 0.64502, 0.07065, 0.28433, 0.08511
4.85499, 0.43811, 0.72621, 4.92852, 0.09000, 1.42291, 36.00000, 479999.00000, 51232.00000, 213613.00000, 17481826080.88889, 132218.85675, 0.91102, 0.80685, 0.08077, 0.11238, 0.13889
4.37124, 1.70460, 1.50894, 4.92852, 0.37182, 1.25963, 42.00000, 487816.00000, 27277.00000, 162764.02381, 16212139809.07086, 127326.90136, 0.91102, 0.57970, 0.22901, 0.19128, 0.14286
4.62611, 0.87126, 1.44936, 4.92550, 0.18616, 1.27212, 40.00000, 480187.00000, 41345.00000, 163244.32500, 13370734007.16938, 115631.89010, 0.94766, 0.66353, 0.11910, 0.21738, 0.15000
4.85499, 0.43811, -0.72621, 4.92852, 0.09000, 1.71868, 33.00000, 480391.00000, 69941.00000, 214817.60606, 13272286353.63269, 115205.40939, 0.91102, 1.04077, 0.10419, -0.14496, 0.21212
4.45876, 0.43315, -2.05481, 4.92853, 0.09684, 2.00085, 5.00000, 472730.00000, 148882.00000, 308513.60000, 11109197229.44000, 105400.17661, 0.90081, 1.49537, 0.16379, -0.65917, 0.20000
4.37124, 1.70460, -1.50894, 4.92852, 0.37182, 1.88196, 19.00000, 448003.00000, 44332.00000, 245437.15789, 16923538121.29086, 130090.49973, 0.91102, 0.93889, 0.37091, -0.30980, 0.15789
4.62611, 0.87126, -1.44936, 4.92550, 0.18616, 1.86947, 9.00000, 430581.00000, 111610.00000, 266954.22222, 9826246679.06173, 99127.42647, 0.94766, 1.17386, 0.21070, -0.38457, 0.33333
3.92241, 2.87963, 0.78273, 4.92852, 0.63328, 1.41130, 46.00000, 464851.00000, 27459.00000, 202115.47826, 16834653991.46692, 129748.42578, 0.91102, 0.52439, 0.37383, 0.10178, 0.36957
3.92241, 2.87963, -0.78273, 4.92852, 0.63328, 1.73029, 24.00000, 467743.00000, 60952.00000, 170002.45833, 12344620462.33160, 111106.34753, 0.91102, 0.65841, 0.46938, -0.12779, 0.45833
3.18882, 3.75791, 0.00000, 4.92853, 0.86714, 1.57080, 38.00000, 479823.00000, 22383.00000, 168248.00000, 12738243754.10526, 112863.82837, 0.90081, 0.46930, 0.53070, 0.00000, 0.71053
3.73035, 3.21637, 0.00000, 4.92550, 0.71154, 1.57080, 32.00000, 497650.00000, 60603.00000, 189245.28125, 10744408372.38965, 103655.23804, 0.94766, 0.52918, 0.47082, 0.00000, 0.62500
4.83686, 0.87622, 0.00000, 4.91558, 0.17921, 1.57080, 14.00000, 481400.00000, 50442.00000, 268572.92857, 21410801208.35204, 146324.30150, 1.08598, 0.84303, 0.15697, 0.00000, 0.14286
4.35121, 2.14766, -0.78579, 4.91558, 0.45850, 1.73134, 14.00000, 352052.00000, 54627.00000, 176060.50000, 7816557016.25000, 88411.29462, 1.08598, 0.76051, 0.37301, -0.13352, 0.50000
4.35121, 2.14766, 0.78579, 4.91558, 0.45850, 1.41025, 29.00000, 441253.00000, 54739.00000, 209086.27586, 15098221703.99286, 122874.82128, 1.08598, 0.60022, 0.29439, 0.10538, 0.24138
4.58794, 1.75244, 0.00000, 4.91123, 0.36486, 1.57080, 26.00000, 491620.00000, 47447.00000, 187874.69231, 18454079773.75148, 135845.79410, 1.14286, 0.72361, 0.27639, -0.00000, 0.23077
