-2.75567, 4.02561, 0.70086, 4.92853, 2.17107, 1.42811, 9.00000, 406917.00000, 123132.00000, 224735.66667, 9033550506.00000, 95044.99201, 0.90081, -1.37444, 1.98030, 0.39414, 0.22222
-3.48430, 3.15040, 1.49161, 4.92852, 2.40648, 1.26333, 4.00000, 373065.00000, 143341.00000, 225578.25000, 8070122544.68750, 89833.86079, 0.91102, -2.88604, 2.59457, 1.29147, 0.00000
-2.21782, 3.93313, 1.97536, 4.92852, 2.08423, 1.15840, 6.00000, 264458.00000, 189772.00000, 217724.16667, 892707317.13889, 29878.20806, 0.91102, -0.60432, 1.05443, 0.54989, 0.00000
-2.85909, 3.75484, 1.40973, 4.92550, 2.22158, 1.28053, 3.00000, 286141.00000, 188750.00000, 246684.00000, 1751534244.66667, 41851.33504, 0.94766, -1.25387, 1.66465, 0.58922, 0.00000
-3.93313, 1.97536, 2.21782, 4.92852, 2.67616, 1.10403, 6.00000, 483727.00000, 162256.00000, 305696.50000, 9604161569.58333, 98000.82433, 0.91102, -10.56672, 5.51065, 6.05607, 0.00000
-4.02561, 0.70086, 2.75567, 4.92853, 2.96922, 0.97747, 5.00000, 423960.00000, 153530.00000, 251657.20000, 9240569642.96000, 96127.88171, 0.90081, 9.35336, -1.86160, -6.49176, 0.00000
-3.15040, 1.49161, 3.48430, 4.92852, 2.69940, 0.78559, 15.00000, 469365.00000, 52754.00000, 249372.00000, 10613821013.86667, 103023.40032, 0.91102, -1.63909, 0.81587, 1.82322, 0.00000
-3.75484, 1.40973, 2.85909, 4.92550, 2.78243, 0.95149, 12.00000, 490727.00000, 128749.00000, 331878.75000, 15644378941.68750, 125077.49175, 0.94766, -9.32863, 3.30198, 7.02665, 0.00000
-1.49161, 3.48430, 3.15040, 4.92852, 1.97528, 0.87732, 33.00000, 483506.00000, 33551.00000, 188828.54545, 16882181744.67218, 129931.45018, 0.91102, -0.30829, 0.68893, 0.61936, 0.00000
-1.97536, 2.21782, 3.93313, 4.92852, 2.29844, 0.64677, 29.00000, 471861.00000, 33520.00000, 160344.06897, 8521766513.30559, 92313.41459, 0.91102, -0.49591, 0.54500, 0.95092, 0.00000
-0.70086, 2.75567, 4.02561, 4.92853, 1.81985, 0.61496, 39.00000, 418708.00000, 38362.00000, 146154.38462, 7191291850.44181, 84801.48495, 0.90081, -0.13313, 0.46424, 0.66888, 0.02564
-1.40973, 2.85909, 3.75484, 4.92550, 2.02888, 0.70390, 33.00000, 477901.00000, 37752.00000, 170379.63636, 13601047602.53444, 116623.52937, 0.94766, -0.25296, 0.53830, 0.71466, 0.00000
-3.47499, 2.68919, 2.20355, 4.91558, 2.48299, 1.10596, 5.00000, 443475.00000, 95001.00000, 268265.20000, 21171828276.56000, 145505.42353, 1.08598, -2.37638, 1.85065, 1.52573, 0.20000
-2.68919, 2.20355, 3.47499, 4.91558, 2.45513, 0.78564, 11.00000, 438788.00000, 90155.00000, 243564.63636, 15265843157.14050, 123555.02077, 1.08598, -0.90211, 0.74373, 1.15838, 0.00000
-2.20355, 3.47499, 2.68919, 4.91558, 2.13592, 0.99193, 12.00000, 454221.00000, 61048.00000, 226985.33333, 15949242486.72222, 126290.31034, 1.08598, -0.56481, 0.87972, 0.68510, 0.08333
-2.83550, 2.83550, 2.83550, 4.91123, 2.35619, 0.95532, 9.00000, 386065.00000, 75227.00000, 227449.55556, 10371143907.80247, 101838.81337, 1.14286, -1.00000, 1.00000, 1.00000, 0.00000
-2.05481, 4.45876, 0.43315, 4.92853, 2.00263, 1.48280, 7.00000, 484892.00000, 104449.00000, 289956.85714, 15998636632.97959, 126485.71711, 0.90081, -0.65917, 1.49537, 0.16379, 0.28571
-1.50894, 4.37124, 1.70460, 4.92852, 1.90319, 1.21764, 18.00000, 492722.00000, 86469.00000, 276201.00000, 13583679099.11111, 116549.04161, 0.91102, -0.30980, 0.93889, 0.37091, 0.11111
-0.72621, 4.85499, 0.43811, 4.92852, 1.71928, 1.48179, 12.00000, 410302.00000, 72150.00000, 296239.08333, 13294825889.07639, 115303.19115, 0.91102, -0.14496, 1.04077, 0.10419, 0.33333
-1.44936, 4.62611, 0.87126, 4.92550, 1.87441, 1.39297, 11.00000, 475293.00000, 46492.00000, 308515.81818, 22535833696.33058, 150119.39813, 0.94766, -0.38457, 1.17386, 0.21070, 0.09091
-0.78273, 3.92241, 2.87963, 4.92852, 1.76776, 0.94680, 49.00000, 449274.00000, 37050.00000, 183331.42857, 10894825862.28572, 104378.28252, 0.91102, -0.12779, 0.65841, 0.46938, 0.04082
0.00000, 3.18882, 3.75791, 4.92853, 1.57080, 0.70366, 30.00000, 457103.00000, 23799.00000, 197335.20000, 13701736831.69333, 117054.41825, 0.90081, -0.00000, 0.46930, 0.53070, 0.00000
0.78273, 3.92241, 2.87963, 4.92852, 1.37383, 0.94680, 46.00000, 480008.00000, 41637.00000, 195729.95652, 14054275258.51985, 118550.72863, 0.91102, 0.10178, 0.52439, 0.37383, 0.10870
0.00000, 3.73035, 3.21637, 4.92550, 1.57080, 0.85925, 27.00000, 379834.00000, 21986.00000, 151266.66667, 9307969497.25926, 96477.81868, 0.94766, -0.00000, 0.52918, 0.47082, 0.03704
0.72621, 4.85499, 0.43811, 4.92852, 1.42232, 1.48179, 22.00000, 495236.00000, 85942.00000, 266903.04545, 13848259181.13430, 117678.62670, 0.91102, 0.11238, 0.80685, 0.08077, 0.27273
1.50894, 4.37124, 1.70460, 4.92852, 1.23841, 1.21764, 38.00000, 470399.00000, 38680.00000, 193951.55263, 15172775810.66828, 123177.82191, 0.91102, 0.19128, 0.57970, 0.22901, 0.13158
2.05481, 4.45876, 0.43315, 4.92853, 1.13896, 1.48280, 18.00000, 429776.00000, 64655.00000, 248086.22222, 8636201995.06173, 92931.16805, 0.90081, 0.28433, 0.64502, 0.07065, 0.55556
1.44936, 4.62611, 0.87126, 4.92550, 1.26718, 1.39297, 19.00000, 497612.00000, 54377.00000, 277867.36842, 18898518744.02216, 137471.88347, 0.94766, 0.21738, 0.66353, 0.11910, 0.42105
-0.78579, 4.35121, 2.14766, 4.91558, 1.74946, 1.11864, 16.00000, 462725.00000, 56268.00000, 168511.68750, 12059925590.21484, 109817.69252, 1.08598, -0.13352, 0.76051, 0.37301, 0.06250
0.78579, 4.35121, 2.14766, 4.91558, 1.39213, 1.11864, 17.00000, 386482.00000, 72372.00000, 169471.88235, 8760418985.98616, 93597.10992, 1.08598, 0.10538, 0.60022, 0.29439, 0.05882
0.00000, 4.83686, 0.87622, 4.91558, 1.57080, 1.39159, 15.00000, 456943.00000, 88558.00000, 238297.86667, 15954140389.44889, 126309.70030, 1.08598, -0.00000, 0.84303, 0.15697, 0.26667
0.00000, 4.58794, 1.75244, 4.91123, 1.57080, 1.20593, 25.00000, 480877.00000, 58314.00000, 202033.40000, 11998078564.48000, 109535.74104, 1.14286, 0.00000, 0.72361, 0.27639, 0.04000
-2.05481, 4.45876, -0.43315, 4.92853, 2.00263, 1.65880, 6.00000, 424602.00000, 226770.00000, 288717.00000, 4348505998.00000, 65943.20282, 0.90081, -0.98030, 2.22389, -0.24359, 0.33333
-0.72621, 4.85499, -0.43811, 4.92852, 1.71928, 1.65981, 13.00000, 489133.00000, 104860.00000, 286912.30769, 13819900743.13610, 117558.07392, 0.91102, -0.18312, 1.31474, -0.13162, 0.53846
-1.50894, 4.37124, -1.70460, 4.92852, 1.90319, 1.92396, 7.00000, 456847.00000, 125221.00000, 222601.28571, 11086146933.91837, 105290.77326, 0.91102, -1.19997, 3.63662, -1.43665, 0.71429
-1.44936, 4.62611, -0.87126, 4.92550, 1.87441, 1.74862, 7.00000, 489864.00000, 172876.00000, 341627.71429, 14758027512.77551, 121482.62227, 0.94766, -0.66465, 2.02881, -0.36416, 0.57143
0.72621, 4.85499, -0.43811, 4.92852, 1.42232, 1.65981, 17.00000, 473822.00000, 94246.00000, 312471.29412, 20478214739.97232, 143102.11298, 0.91102, 0.13403, 0.96230, -0.09634, 0.70588
2.05481, 4.45876, -0.43315, 4.92853, 1.13896, 1.65880, 21.00000, 399732.00000, 38775.00000, 215039.47619, 10452945618.91610, 102239.64798, 0.90081, 0.33112, 0.75116, -0.08228, 0.52381
1.50894, 4.37124, -1.70460, 4.92852, 1.23841, 1.92396, 29.00000, 478913.00000, 60165.00000, 219468.06897, 14287657128.27110, 119530.98815, 0.91102, 0.35294, 1.06961, -0.42255, 0.82759
1.44936, 4.62611, -0.87126, 4.92550, 1.26718, 1.74862, 23.00000, 392705.00000, 48955.00000, 166603.65217, 10352071967.61815, 101745.13240, 0.94766, 0.28534, 0.87099, -0.15634, 0.82609
-0.78273, 3.92241, -2.87963, 4.92852, 1.76776, 2.19479, 8.00000, 488073.00000, 67446.00000, 260886.37500, 23093814521.98438, 151966.49144, 0.91102, -2.08678, 10.75154, -7.66476, 0.87500
0.78273, 3.92241, -2.87963, 4.92852, 1.37383, 2.19479, 21.00000, 437386.00000, 45173.00000, 177589.38095, 10993799690.04535, 104851.32183, 0.91102, 0.40335, 2.07817, -1.48153, 1.00000
0.00000, 3.18882, -3.75791, 4.92853, 1.57080, 2.43793, 10.00000, 472110.00000, 35144.00000, 260525.70000, 17283164378.81000, 131465.44937, 0.90081, -0.00000, -7.64229, 8.64229, 1.00000
0.00000, 3.73035, -3.21637, 4.92550, 1.57080, 2.28234, 19.00000, 466327.00000, 36765.00000, 206026.63158, 20476260822.02216, 143095.28581, 0.94766, 0.00000, 9.06739, -8.06739, 1.00000
0.00000, 4.83686, -0.87622, 4.91558, 1.57080, 1.75001, 9.00000, 398180.00000, 91180.00000, 243362.77778, 13031188082.17284, 114154.22937, 1.08598, 0.00000, 1.22879, -0.22879, 0.77778
0.78579, 4.35121, -2.14766, 4.91558, 1.39213, 2.02296, 11.00000, 384800.00000, 75388.00000, 172580.90909, 7827321356.08265, 88472.15017, 1.08598, 0.25627, 1.45965, -0.71592, 0.81818
-0.78579, 4.35121, -2.14766, 4.91558, 1.74946, 2.02296, 11.00000, 490350.00000, 78858.00000, 307919.90909, 15372939553.90082, 123987.65888, 1.08598, -0.52573, 2.99442, -1.46868, 0.72727
0.00000, 4.58794, -1.75244, 4.91123, 1.57080, 1.93566, 17.00000, 470897.00000, 79742.00000, 230465.52941, 10037240564.36678, 100186.02979, 1.14286, 0.00000, 1.61803, -0.61803, 0.82353
-2.75567, 4.02561, -0.70086, 4.92853, 2.17107, 1.71348, 5.00000, 399288.00000, 131165.00000, 253513.40000, 7921733385.04000, 89004.12005, 0.90081, -6.49176, 9.35336, -1.86160, 0.20000
-2.21782, 3.93313, -1.97536, 4.92852, 2.08423, 1.98319, 3.00000, 387542.00000, 136244.00000, 294689.00000, 12676269366.00000, 112588.93980, 0.91102, 6.05607, -10.56672, 5.51065, 0.66667
-3.48430, 3.15040, -1.49161, 4.92852, 2.40648, 1.87827, 4.00000, 334042.00000, 176220.00000, 269249.75000, 3346092623.18750, 57845.42007, 0.91102, 1.82322, -1.63909, 0.81587, 0.25000
-2.85909, 3.75484, -1.40973, 4.92550, 2.22158, 1.86107, 2.00000, 458823.00000, 161848.00000, 310335.50000, 22048537656.25000, 148487.50000, 0.94766, 7.02665, -9.32863, 3.30198, 1.00000
-1.49161, 3.48430, -3.15040, 4.92852, 1.97528, 2.26428, 10.00000, 315558.00000, 76768.00000, 200871.00000, 7608298595.00000, 87225.56159, 0.91102, 1.29147, -2.88604, 2.59457, 0.80000
-0.70086, 2.75567, -4.02561, 4.92853, 1.81985, 2.52663, 12.00000, 494970.00000, 54740.00000, 259690.75000, 19856477018.85417, 140913.01224, 0.90081, 0.39414, -1.37444, 1.98030, 1.00000
-1.97536, 2.21782, -3.93313, 4.92852, 2.29844, 2.49482, 3.00000, 447285.00000, 286516.00000, 364326.33333, 4321031228.22222, 65734.55125, 0.91102, 0.54989, -0.60432, 1.05443, 1.00000
-1.40973, 2.85909, -3.75484, 4.92550, 2.02888, 2.43770, 6.00000, 457861.00000, 64899.00000, 240926.50000, 17628557780.58333, 132772.57917, 0.94766, 0.58922, -1.25387, 1.66465, 1.00000
-3.93313, 1.97536, -2.21782, 4.92852, 2.67616, 2.03756, 0.00000, 0.00000, 0.00000, 0.00000, 0.00000, 0.00000, 0.91102, 0.95092, -0.49591, 0.54500, 0.00000
-3.15040, 1.49161, -3.48430, 4.92852, 2.69940, 2.35600, 3.00000, 421292.00000, 222416.00000, 302552.00000, 7337078304.00000, 85656.74698, 0.91102, 0.61936, -0.30829, 0.68893, 0.66667
-4.02561, 0.70086, -2.75567, 4.92853, 2.96922, 2.16413, 1.00000, 162412.00000, 162412.00000, 162412.00000, 0.00000, 0.00000, 0.90081, 0.66888, -0.13313, 0.46424, 1.00000
-3.75484, 1.40973, -2.85909, 4.92550, 2.78243, 2.19010, 2.00000, 459378.00000, 286068.00000, 372723.00000, 7509089025.00000, 86655.00000, 0.94766, 0.71466, -0.25296, 0.53830, 1.00000
-2.20355, 3.47499, -2.68919, 4.91558, 2.13592, 2.14966, 7.00000, 437222.00000, 143859.00000, 273294.57143, 9530656058.53061, 97625.07904, 1.08598, 1.52573, -2.37638, 1.85065, 1.00000
-2.68919, 2.20355, -3.47499, 4.91558, 2.45513, 2.35595, 2.00000, 367781.00000, 148899.00000, 258340.00000, 11977332481.00000, 109441.00000, 1.08598, 0.68510, -0.56481, 0.87972, 1.00000
-3.47499, 2.68919, -2.20355, 4.91558, 2.48299, 2.03563, 1.00000, 250527.00000, 250527.00000, 250527.00000, 0.00000, 0.00000, 1.08598, 1.15838, -0.90211, 0.74373, 1.00000
-2.83550, 2.83550, -2.83550, 4.91123, 2.35619, 2.18628, 7.00000, 498441.00000, 91304.00000, 315545.71429, 22438989406.20408, 149796.49330, 1.14286, 1.00000, -1.00000, 1.00000, 0.71429
-3.18882, 3.75791, 0.00000, 4.92853, 2.27446, 1.57080, 2.00000, 491187.00000, 360501.00000, 425844.00000, 4269707649.00000, 65343.00000, 0.90081, -7.64229, 8.64229, 0.00000, 0.00000
-3.92241, 2.87963, -0.78273, 4.92852, 2.50831, 1.73029, 5.00000, 464552.00000, 229028.00000, 371374.80000, 6509857017.36000, 80683.68495, 0.91102, 2.07817, -1.48153, 0.40335, 0.20000
-3.92241, 2.87963, 0.78273, 4.92852, 2.50831, 1.41130, 1.00000, 458258.00000, 458258.00000, 458258.00000, 0.00000, 0.00000, 0.91102, 10.75154, -7.66476, -2.08678, 0.00000
-3.73035, 3.21637, 0.00000, 4.92550, 2.43005, 1.57080, 3.00000, 331096.00000, 245027.00000, 300285.33333, 1533489662.88889, 39159.79651, 0.94766, 9.06739, -8.06739, -0.00000, 0.33333
-4.37124, 1.70460, -1.50894, 4.92852, 2.76977, 1.88196, 2.00000, 448340.00000, 255054.00000, 351697.00000, 9339869449.00000, 96643.00000, 0.91102, 1.06961, -0.42255, 0.35294, 0.00000
-4.45876, 0.43315, -2.05481, 4.92853, 3.04475, 2.00085, 0.00000, 0.00000, 0.00000, 0.00000, 0.00000, 0.00000, 0.90081, 0.75116, -0.08228, 0.33112, 0.00000
-4.85499, 0.43811, -0.72621, 4.92852, 3.05160, 1.71868, 0.00000, 0.00000, 0.00000, 0.00000, 0.00000, 0.00000, 0.91102, 0.96230, -0.09634, 0.13403, 0.00000
-4.62611, 0.87126, -1.44936, 4.92550, 2.95544, 1.86947, 1.00000, 360971.00000, 360971.00000, 360971.00000, 0.00000, 0.00000, 0.94766, 0.87099, -0.15634, 0.28534, 0.00000
-4.37124, 1.70460, 1.50894, 4.92852, 2.76977, 1.25963, 3.00000, 478431.00000, 182837.00000, 326654.00000, 14594316272.66667, 120806.93802, 0.91102, 3.63662, -1.43665, -1.19997, 0.00000
-4.85499, 0.43811, 0.72621, 4.92852, 3.05160, 1.42291, 6.00000, 473117.00000, 231336.00000, 355231.00000, 9020841889.66667, 94978.11269, 0.91102, 1.31474, -0.13162, -0.18312, 0.00000
-4.45876, 0.43315, 2.05481, 4.92853, 3.04475, 1.14074, 2.00000, 444561.00000, 388897.00000, 416729.00000, 774620224.00000, 27832.00000, 0.90081, 2.22389, -0.24359, -0.98030, 0.00000
-4.62611, 0.87126, 1.44936, 4.92550, 2.95544, 1.27212, 1.00000, 268265.00000, 268265.00000, 268265.00000, 0.00000, 0.00000, 0.94766, 2.02881, -0.36416, -0.66465, 0.00000
-4.35121, 2.14766, -0.78579, 4.91558, 2.68310, 1.73134, 0.00000, 0.00000, 0.00000, 0.00000, 0.00000, 0.00000, 1.08598, 1.45965, -0.71592, 0.25627, 0.00000
-4.83686, 0.87622, 0.00000, 4.91558, 2.96238, 1.57080, 5.00000, 447841.00000, 240637.00000, 348409.00000, 5936682372.40000, 77049.86939, 1.08598, 1.22879, -0.22879, -0.00000, 0.60000
-4.35121, 2.14766, 0.78579, 4.91558, 2.68310, 1.41025, 1.00000, 464595.00000, 464595.00000, 464595.00000, 0.00000, 0.00000, 1.08598, 2.99442, -1.46868, -0.52573, 0.00000
-4.58794, 1.75244, 0.00000, 4.91123, 2.77673, 1.57080, 4.00000, 393141.00000, 188094.00000, 256035.50000, 6791779755.25000, 82412.25489, 1.14286, 1.61803, -0.61803, -0.00000, 0.00000
2.75567, 4.02561, 0.70086, 4.92853, 0.97053, 1.42811, 24.00000, 461095.00000, 37252.00000, 233701.70833, 16460869724.12326, 128299.92098, 0.90081, 0.36663, 0.52824, 0.10514, 0.37500
2.21782, 3.93313, 1.97536, 4.92852, 1.05736, 1.15840, 41.00000, 465632.00000, 25281.00000, 184671.19512, 11301220397.37656, 106307.19824, 0.91102, 0.27362, 0.47741, 0.24897, 0.24390
3.48430, 3.15040, 1.49161, 4.92852, 0.73511, 1.26333, 35.00000, 492349.00000, 75428.00000, 229207.65714, 16378451192.11102, 127978.32313, 0.91102, 0.42617, 0.38313, 0.19070, 0.42857
2.85909, 3.75484, 1.40973, 4.92550, 0.92001, 1.28053, 25.00000, 479261.00000, 83619.00000, 213190.28000, 12940665807.08160, 113757.04729, 0.94766, 0.35746, 0.47456, 0.16798, 0.48000
1.49161, 3.48430, 3.15040, 4.92852, 1.16631, 0.87732, 39.00000, 492769.00000, 43240.00000, 174890.17949, 15306041226.14727, 123717.58657, 0.91102, 0.19070, 0.42617, 0.38313, 0.12821
0.70086, 2.75567, 4.02561, 4.92853, 1.32174, 0.61496, 48.00000, 498611.00000, 22298.00000, 151979.54167, 15640591946.16493, 125062.35223, 0.90081, 0.10514, 0.36663, 0.52824, 0.08333
1.97536, 2.21782, 3.93313, 4.92852, 0.84316, 0.64677, 59.00000, 381618.00000, 17716.00000, 155492.69492, 9069240141.90692, 95232.55820, 0.91102, 0.24897, 0.27362, 0.47741, 0.05085
1.40973, 2.85909, 3.75484, 4.92550, 1.11271, 0.70390, 52.00000, 391610.00000, 33008.00000, 149112.05769, 9152056055.05436, 95666.37892, 0.94766, 0.16798, 0.35746, 0.47456, 0.03846
3.93313, 1.97536, 2.21782, 4.92852, 0.46544, 1.10403, 28.00000, 454504.00000, 66836.00000, 197848.50000, 11125104049.96428, 105475.60879, 0.91102, 0.47741, 0.24897, 0.27362, 0.32143
3.15040, 1.49161, 3.48430, 4.92852, 0.44220, 0.78559, 43.00000, 499877.00000, 32322.00000, 197105.30233, 17748941738.86209, 133225.15430, 0.91102, 0.38313, 0.19070, 0.42617, 0.13953
4.02561, 0.70086, 2.75567, 4.92853, 0.17237, 0.97747, 19.00000, 498810.00000, 66255.00000, 251569.36842, 16120512914.02216, 126966.58188, 0.90081, 0.52824, 0.10514, 0.36663, 0.31579
3.75484, 1.40973, 2.85909, 4.92550, 0.35916, 0.95149, 27.00000, 470215.00000, 33661.00000, 220679.44444, 17773705183.28395, 133318.06023, 0.94766, 0.47456, 0.16798, 0.35746, 0.14815
2.20355, 3.47499, 2.68919, 4.91558, 1.00567, 0.99193, 32.00000, 476198.00000, 44947.00000, 190859.71875, 15250244474.51465, 123491.88020, 1.08598, 0.26522, 0.41309, 0.32170, 0.09375
2.68919, 2.20355, 3.47499, 4.91558, 0.68646, 0.78564, 33.00000, 423618.00000, 35218.00000, 153077.75758, 9288725796.54729, 96378.03586, 1.08598, 0.32170, 0.26522, 0.41309, 0.00000
3.47499, 2.68919, 2.20355, 4.91558, 0.65860, 1.10596, 27.00000, 485290.00000, 46253.00000, 235416.96296, 11162142938.25789, 105651.04324, 1.08598, 0.41309, 0.32170, 0.26522, 0.33333
2.83550, 2.83550, 2.83550, 4.91123, 0.78540, 0.95532, 48.00000, 493251.00000, 35343.00000, 186841.52083, 14752857245.24957, 121461.34054, 1.14286, 0.33333, 0.33333, 0.33333, 0.18750
-0.43315, 2.05481, 4.45876, 4.92853, 1.77855, 0.44016, 37.00000, 411598.00000, 31378.00000, 154064.21622, 11618566117.30460, 107789.45272, 0.90081, -0.08228, 0.33112, 0.75116, 0.00000
-1.70460, 1.50894, 4.37124, 4.92852, 2.41700, 0.48015, 31.00000, 424307.00000, 36075.00000, 200178.61290, 13051227469.65661, 114241.96895, 0.91102, -0.42255, 0.35294, 1.06961, 0.03226
-0.43811, 0.72621, 4.85499, 4.92852, 2.11363, 0.17295, 33.00000, 493118.00000, 36243.00000, 162770.87879, 15282911177.92470, 123624.07200, 0.91102, -0.09634, 0.13403, 0.96230, 0.03030
-0.87126, 1.44936, 4.62611, 4.92550, 2.11205, 0.35046, 31.00000, 497902.00000, 38457.00000, 167380.61290, 12693263423.91467, 112664.38401, 0.94766, -0.15634, 0.28534, 0.87099, 0.00000
-2.87963, 0.78273, 3.92241, 4.92852, 2.87619, 0.65037, 18.00000, 327566.00000, 38397.00000, 154173.44444, 5575832440.35802, 74671.49684, 0.91102, -1.48153, 0.40335, 2.07817, 0.00000
-3.75791, 0.00000, 3.18882, 4.92853, 3.14159, 0.86714, 6.00000, 369665.00000, 105143.00000, 225689.66667, 8213541506.55555, 90628.59100, 0.90081, 8.64229, -0.00000, -7.64229, 0.00000
-2.87963, -0.78273, 3.92241, 4.92852, -2.87619, 0.65037, 11.00000, 486622.00000, 99518.00000, 231878.63636, 16055885656.59504, 126711.82130, 0.91102, -7.66476, -2.08678, 10.75154, 0.00000
-3.21637, 0.00000, 3.73035, 4.92550, 3.14159, 0.71154, 9.00000, 323391.00000, 52390.00000, 179229.77778, 8289579211.72840, 91047.12632, 0.94766, -8.06739, 0.00000, 9.06739, 0.00000
-0.43811, -0.72621, 4.85499, 4.92852, -2.11363, 0.17295, 14.00000, 408960.00000, 57847.00000, 182954.00000, 9596365456.28572, 97961.04050, 0.91102, -0.13162, -0.18312, 1.31474, 0.00000
-1.70460, -1.50894, 4.37124, 4.92852, -2.41700, 0.48015, 6.00000, 391525.00000, 132952.00000, 228577.83333, 8153444978.47222, 90296.42838, 0.91102, -1.43665, -1.19997, 3.63662, 0.00000
-0.43315, -2.05481, 4.45876, 4.92853, -1.77855, 0.44016, 12.00000, 454308.00000, 41432.00000, 227782.00000, 17177712849.00000, 131063.77398, 0.90081, -0.24359, -0.98030, 2.22389, 0.08333
-0.87126, -1.44936, 4.62611, 4.92550, -2.11205, 0.35046, 13.00000, 494717.00000, 65413.00000, 262872.69231, 17276002486.67456, 131438.20786, 0.94766, -0.36416, -0.66465, 2.02881, 0.00000
-2.14766, 0.78579, 4.35121, 4.91558, 2.79084, 0.48390, 12.00000, 493405.00000, 63902.00000, 181136.83333, 18041717891.30555, 134319.46207, 1.08598, -0.71592, 0.25627, 1.45965, 0.00000
-2.14766, -0.78579, 4.35121, 4.91558, -2.79084, 0.48390, 6.00000, 468530.00000, 158853.00000, 297800.00000, 11745941666.00000, 108378.69563, 1.08598, -1.46868, -0.52573, 2.99442, 0.00000
-0.87622, 0.00000, 4.83686, 4.91558, 3.14159, 0.17921, 19.00000, 479297.00000, 56783.00000, 237986.47368, 16396142521.61773, 128047.42294, 1.08598, -0.22879, 0.00000, 1.22879, 0.00000
-1.75244, 0.00000, 4.58794, 4.91123, 3.14159, 0.36486, 23.00000, 472148.00000, 79536.00000, 240305.08696, 12331890279.12287, 111049.04448, 1.14286, -0.61803, 0.00000, 1.61803, 0.00000
-4.45876, -0.43315, 2.05481, 4.92853, -3.04475, 1.14074, 3.00000, 279496.00000, 161661.00000, 203754.33333, 2880286372.22222, 53668.29951, 0.90081, 1.49537, 0.16379, -0.65917, 0.00000
-4.85499, -0.43811, 0.72621, 4.92852, -3.05160, 1.42291, 1.00000, 498020.00000, 498020.00000, 498020.00000, 0.00000, 0.00000, 0.91102, 1.04077, 0.10419, -0.14496, 0.00000
-4.37124, -1.70460, 1.50894, 4.92852, -2.76977, 1.25963, 1.00000, 185482.00000, 185482.00000, 185482.00000, 0.00000, 0.00000, 0.91102, 0.93889, 0.37091, -0.30980, 0.00000
-4.62611, -0.87126, 1.44936, 4.92550, -2.95544, 1.27212, 2.00000, 386788.00000, 122219.00000, 254503.50000, 17499188940.25000, 132284.50000, 0.94766, 1.17386, 0.21070, -0.38457, 0.00000
-4.85499, -0.43811, -0.72621, 4.92852, -3.05160, 1.71868, 0.00000, 0.00000, 0.00000, 0.00000, 0.00000, 0.00000, 0.91102, 0.80685, 0.08077, 0.11238, 0.00000
-4.45876, -0.43315, -2.05481, 4.92853, -3.04475, 2.00085, 0.00000, 0.00000, 0.00000, 0.00000, 0.00000, 0.00000, 0.90081, 0.64502, 0.07065, 0.28433, 0.00000
-4.37124, -1.70460, -1.50894, 4.92852, -2.76977, 1.88196, 2.00000, 392071.00000, 291176.00000, 341623.50000, 2544950256.25000, 50447.50000, 0.91102, 0.57970, 0.22901, 0.19128, 1.00000
-4.62611, -0.87126, -1.44936, 4.92550, -2.95544, 1.86947, 0.00000, 0.00000, 0.00000, 0.00000, 0.00000, 0.00000, 0.94766, 0.66353, 0.11910, 0.21738, 0.00000
-3.92241, -2.87963, 0.78273, 4.92852, -2.50831, 1.41130, 2.00000, 438872.00000, 293702.00000, 366287.00000, 5268582225.00000, 72585.00000, 0.91102, 0.65841, 0.46938, -0.12779, 0.50000
-3.92241, -2.87963, -0.78273, 4.92852, -2.50831, 1.73029, 1.00000, 233334.00000, 233334.00000, 233334.00000, 0.00000, 0.00000, 0.91102, 0.52439, 0.37383, 0.10178, 0.00000
-3.18882, -3.75791, 0.00000, 4.92853, -2.27446, 1.57080, 0.00000, 0.00000, 0.00000, 0.00000, 0.00000, 0.00000, 0.90081, 0.46930, 0.53070, 0.00000, 0.00000
-3.73035, -3.21637, 0.00000, 4.92550, -2.43005, 1.57080, 1.00000, 386802.00000, 386802.00000, 386802.00000, 0.00000, 0.00000, 0.94766, 0.52918, 0.47082, -0.00000, 1.00000
-4.83686, -0.87622, 0.00000, 4.91558, -2.96238, 1.57080, 1.00000, 257587.00000, 257587.00000, 257587.00000, 0.00000, 0.00000, 1.08598, 0.84303, 0.15697, -0.00000, 0.00000
-4.35121, -2.14766, -0.78579, 4.91558, -2.68310, 1.73134, 0.00000, 0.00000, 0.00000, 0.00000, 0.00000, 0.00000, 1.08598, 0.60022, 0.29439, 0.10538, 0.00000
-4.35121, -2.14766, 0.78579, 4.91558, -2.68310, 1.41025, 3.00000, 432303.00000, 270270.00000, 344301.00000, 4473376602.00000, 66883.30585, 1.08598, 0.76051, 0.37301, -0.13352, 0.00000
-4.58794, -1.75244, 0.00000, 4.91123, -2.77673, 1.57080, 0.00000, 0.00000, 0.00000, 0.00000, 0.00000, 0.00000, 1.14286, 0.72361, 0.27639, -0.00000, 0.00000
-3.75791, 0.00000, -3.18882, 4.92853, 3.14159, 2.27446, 2.00000, 258210.00000, 109014.00000, 183612.00000, 5564861604.00000, 74598.00000, 0.90081, 0.53070, -0.00000, 0.46930, 1.00000
-2.87963, 0.78273, -3.92241, 4.92852, 2.87619, 2.49122, 1.00000, 430118.00000, 430118.00000, 430118.00000, 0.00000, 0.00000, 0.91102, 0.46938, -0.12779, 0.65841, 1.00000
-2.87963, -0.78273, -3.92241, 4.92852, -2.87619, 2.49122, 3.00000, 412997.00000, 93050.00000, 244895.33333, 17193147988.22223, 131122.64483, 0.91102, 0.37383, 0.10178, 0.52439, 1.00000
-3.21637, 0.00000, -3.73035, 4.92550, 3.14159, 2.43005, 2.00000, 423042.00000, 415797.00000, 419419.50000, 13122506.25000, 3622.50000, 0.94766, 0.47082, 0.00000, 0.52918, 1.00000
-1.70460, 1.50894, -4.37124, 4.92852, 2.41700, 2.66145, 9.00000, 465655.00000, 70092.00000, 255697.00000, 15423817586.00000, 124192.66317, 0.91102, 0.37091, -0.30980, 0.93889, 0.88889
-0.43315, 2.05481, -4.45876, 4.92853, 1.77855, 2.70143, 8.00000, 381122.00000, 72619.00000, 212506.37500, 11533124279.48438, 107392.38464, 0.90081, 0.16379, -0.65917, 1.49537, 1.00000
-0.43811, 0.72621, -4.85499, 4.92852, 2.11363, 2.96865, 6.00000, 255541.00000, 111516.00000, 163536.66667, 2371847706.55556, 48701.61914, 0.91102, 0.10419, -0.14496, 1.04077, 1.00000
-0.87126, 1.44936, -4.62611, 4.92550, 2.11205, 2.79113, 8.00000, 338281.00000, 67108.00000, 187537.87500, 9632349583.10938, 98144.53415, 0.94766, 0.21070, -0.38457, 1.17386, 1.00000
-1.70460, -1.50894, -4.37124, 4.92852, -2.41700, 2.66145, 4.00000, 356004.00000, 112414.00000, 236827.50000, 8109626132.75000, 90053.46264, 0.91102, 0.22901, 0.19128, 0.57970, 1.00000
-0.43811, -0.72621, -4.85499, 4.92852, -2.11363, 2.96865, 12.00000, 274105.00000, 41161.00000, 156560.83333, 5814899377.97222, 76255.48753, 0.91102, 0.08077, 0.11238, 0.80685, 1.00000
-0.43315, -2.05481, -4.45876, 4.92853, -1.77855, 2.70143, 5.00000, 483147.00000, 78679.00000, 240465.80000, 22602292851.76000, 150340.58950, 0.90081, 0.07065, 0.28433, 0.64502, 1.00000
-0.87126, -1.44936, -4.62611, 4.92550, -2.11205, 2.79113, 8.00000, 298295.00000, 93911.00000, 195836.87500, 3228693906.10938, 56821.59718, 0.94766, 0.11910, 0.21738, 0.66353, 1.00000
-2.14766, 0.78579, -4.35121, 4.91558, 2.79084, 2.65769, 3.00000, 422049.00000, 164676.00000, 328621.66667, 13526561189.55556, 116303.74538, 1.08598, 0.37301, -0.13352, 0.76051, 1.00000
-0.87622, 0.00000, -4.83686, 4.91558, 3.14159, 2.96238, 9.00000, 480335.00000, 97615.00000, 206200.44444, 13551154536.91358, 116409.42632, 1.08598, 0.15697, 0.00000, 0.84303, 1.00000
-2.14766, -0.78579, -4.35121, 4.91558, -2.79084, 2.65769, 1.00000, 186604.00000, 186604.00000, 186604.00000, 0.00000, 0.00000, 1.08598, 0.29439, 0.10538, 0.60022, 1.00000
-1.75244, 0.00000, -4.58794, 4.91123, 3.14159, 2.77673, 7.00000, 414340.00000, 148213.00000, 262117.28571, 6994112374.20408, 83630.80996, 1.14286, 0.27639, 0.00000, 0.72361, 1.00000
0.70086, 2.75567, -4.02561, 4.92853, 1.32174, 2.52663, 23.00000, 494072.00000, 53508.00000, 178738.04348, 16621099777.78072, 128922.84428, 0.90081, -1.86160, -6.49176, 9.35336, 0.91304
1.49161, 3.48430, -3.15040, 4.92852, 1.16631, 2.26428, 34.00000, 485672.00000, 19167.00000, 160195.23529, 14245615482.12111, 119354.99773, 0.91102, 0.81587, 1.82322, -1.63909, 1.00000
1.97536, 2.21782, -3.93313, 4.92852, 0.84316, 2.49482, 40.00000, 447324.00000, 27835.00000, 183715.85000, 13678276938.42750, 116954.16597, 0.91102, 5.51065, 6.05607, -10.56672, 1.00000
1.40973, 2.85909, -3.75484, 4.92550, 1.11271, 2.43770, 38.00000, 488121.00000, 31662.00000, 177686.13158, 13009082622.37742, 114057.36549, 0.94766, 3.30198, 7.02665, -9.32863, 1.00000
2.21782, 3.93313, -1.97536, 4.92852, 1.05736, 1.98319, 37.00000, 448638.00000, 31946.00000, 168626.83784, 13690897937.86559, 117008.11056, 0.91102, 0.54500, 0.95092, -0.49591, 0.91892
2.75567, 4.02561, -0.70086, 4.92853, 0.97053, 1.71348, 34.00000, 495380.00000, 36309.00000, 181567.17647, 11727366163.14533, 108292.96451, 0.90081, 0.46424, 0.66888, -0.13313, 0.88235
3.48430, 3.15040, -1.49161, 4.92852, 0.73511, 1.87827, 56.00000, 488303.00000, 19920.00000, 175312.57143, 18423200119.38775, 135732.08950, 0.91102, 0.68893, 0.61936, -0.30829, 0.94643
2.85909, 3.75484, -1.40973, 4.92550, 0.92001, 1.86107, 33.00000, 466782.00000, 47487.00000, 172659.06061, 13330353766.35996, 115457.15121, 0.94766, 0.53830, 0.71466, -0.25296, 0.96970
3.15040, 1.49161, -3.48430, 4.92852, 0.44220, 2.35600, 78.00000, 475971.00000, 18419.00000, 147571.84615, 13113808153.10453, 114515.53673, 0.91102, 2.59457, 1.29147, -2.88604, 0.98718
3.93313, 1.97536, -2.21782, 4.92852, 0.46544, 2.03756, 69.00000, 492996.00000, 22678.00000, 136806.15942, 11509562868.36589, 107282.63079, 0.91102, 1.05443, 0.54989, -0.60432, 0.98551
4.02561, 0.70086, -2.75567, 4.92853, 0.17237, 2.16413, 54.00000, 403980.00000, 24539.00000, 133061.75926, 8380175282.33093, 91543.29731, 0.90081, 1.98030, 0.39414, -1.37444, 0.96296
3.75484, 1.40973, -2.85909, 4.92550, 0.35916, 2.19010, 51.00000, 398240.00000, 16913.00000, 125715.41176, 9630155271.53633, 98133.35453, 0.94766, 1.66465, 0.58922, -1.25387, 1.00000
2.20355, 3.47499, -2.68919, 4.91558, 1.00567, 2.14966, 42.00000, 457233.00000, 35114.00000, 185950.23810, 15259033765.41950, 123527.46158, 1.08598, 0.74373, 1.15838, -0.90211, 0.92857
3.47499, 2.68919, -2.20355, 4.91558, 0.65860, 2.03563, 47.00000, 458680.00000, 21666.00000, 143638.23404, 13454487498.90267, 115993.48042, 1.08598, 0.87972, 0.68510, -0.56481, 1.00000
2.68919, 2.20355, -3.47499, 4.91558, 0.68646, 2.35595, 52.00000, 495378.00000, 27247.00000, 137580.82692, 12379683070.64312, 111264.02415, 1.08598, 1.85065, 1.52573, -2.37638, 1.00000
2.83550, 2.83550, -2.83550, 4.91123, 0.78540, 2.18628, 57.00000, 471638.00000, 22260.00000, 150576.22807, 14385677384.77255, 119940.30759, 1.14286, 1.00000, 1.00000, -1.00000, 0.92982
2.75567, -4.02561, 0.70086, 4.92853, -0.97053, 1.42811, 1.00000, 381889.00000, 381889.00000, 381889.00000, 0.00000, 0.00000, 0.90081, -6.49176, 9.35336, -1.86160, 1.00000
3.48430, -3.15040, 1.49161, 4.92852, -0.73511, 1.26333, 7.00000, 487545.00000, 162696.00000, 320160.85714, 12537734667.83673, 111972.02627, 0.91102, 1.82322, -1.63909, 0.81587, 0.71429
2.21782, -3.93313, 1.97536, 4.92852, -1.05736, 1.15840, 3.00000, 482162.00000, 157401.00000, 295029.00000, 18803657032.66667, 137126.42719, 0.91102, 6.05607, -10.56672, 5.51065, 0.33333
2.85909, -3.75484, 1.40973, 4.92550, -0.92001, 1.28053, 5.00000, 464877.00000, 91396.00000, 321951.40000, 15829867830.24000, 125816.80265, 0.94766, 7.02665, -9.32863, 3.30198, 0.00000
3.93313, -1.97536, 2.21782, 4.92852, -0.46544, 1.10403, 8.00000, 435920.00000, 70764.00000, 227372.37500, 13407928932.23438, 115792.61173, 0.91102, 0.95092, -0.49591, 0.54500, 0.37500
4.02561, -0.70086, 2.75567, 4.92853, -0.17237, 0.97747, 9.00000, 499254.00000, 69782.00000, 208180.33333, 14141637990.00000, 118918.61919, 0.90081, 0.66888, -0.13313, 0.46424, 0.22222
3.15040, -1.49161, 3.48430, 4.92852, -0.44220, 0.78559, 14.00000, 454620.00000, 103797.00000, 239637.78571, 12643921601.73979, 112445.19377, 0.91102, 0.61936, -0.30829, 0.68893, 0.07143
3.75484, -1.40973, 2.85909, 4.92550, -0.35916, 0.95149, 8.00000, 468432.00000, 130433.00000, 295135.50000, 19298998760.25000, 138920.83631, 0.94766, 0.71466, -0.25296, 0.53830, 0.25000
1.49161, -3.48430, 3.15040, 4.92852, -1.16631, 0.87732, 9.00000, 352843.00000, 153107.00000, 258471.44444, 4170420067.58025, 64578.78961, 0.91102, 1.29147, -2.88604, 2.59457, 0.00000
1.97536, -2.21782, 3.93313, 4.92852, -0.84316, 0.64677, 13.00000, 397381.00000, 64970.00000, 236607.92308, 8232999164.07100, 90735.87584, 0.91102, 0.54989, -0.60432, 1.05443, 0.23077
0.70086, -2.75567, 4.02561, 4.92853, -1.32174, 0.61496, 8.00000, 443583.00000, 47565.00000, 244195.37500, 18851270291.98438, 137299.92823, 0.90081, 0.39414, -1.37444, 1.98030, 0.12500
1.40973, -2.85909, 3.75484, 4.92550, -1.11271, 0.70390, 4.00000, 375199.00000, 101727.00000, 223656.25000, 10846951929.68750, 104148.70105, 0.94766, 0.58922, -1.25387, 1.66465, 0.25000
3.47499, -2.68919, 2.20355, 4.91558, -0.65860, 1.10596, 4.00000, 312701.00000, 113870.00000, 241896.75000, 5848596631.18750, 76476.11804, 1.08598, 1.15838, -0.90211, 0.74373, 0.75000
2.68919, -2.20355, 3.47499, 4.91558, -0.68646, 0.78564, 3.00000, 266037.00000, 218823.00000, 240746.33333, 377196432.88889, 19421.54558, 1.08598, 0.68510, -0.56481, 0.87972, 0.33333
2.20355, -3.47499, 2.68919, 4.91558, -1.00567, 0.99193, 6.00000, 461990.00000, 229346.00000, 339679.16667, 5314261570.80556, 72898.98196, 1.08598, 1.52573, -2.37638, 1.85065, 0.33333
2.83550, -2.83550, 2.83550, 4.91123, -0.78540, 0.95532, 7.00000, 443172.00000, 268475.00000, 358395.00000, 3049402208.00000, 55221.39267, 1.14286, 1.00000, -1.00000, 1.00000, 0.42857
2.05481, -4.45876, 0.43315, 4.92853, -1.13896, 1.48280, 3.00000, 444654.00000, 218228.00000, 309269.00000, 9527984080.66667, 97611.39319, 0.90081, -0.98030, 2.22389, -0.24359, 0.66667
1.50894, -4.37124, 1.70460, 4.92852, -1.23841, 1.21764, 3.00000, 399544.00000, 203677.00000, 328909.00000, 7884396486.00000, 88794.12416, 0.91102, -1.19997, 3.63662, -1.43665, 0.33333
0.72621, -4.85499, 0.43811, 4.92852, -1.42232, 1.48179, 1.00000, 450606.00000, 450606.00000, 450606.00000, 0.00000, 0.00000, 0.91102, -0.18312, 1.31474, -0.13162, 0.00000
1.44936, -4.62611, 0.87126, 4.92550, -1.26718, 1.39297, 1.00000, 454610.00000, 454610.00000, 454610.00000, 0.00000, 0.00000, 0.94766, -0.66465, 2.02881, -0.36416, 0.00000
0.78273, -3.92241, 2.87963, 4.92852, -1.37383, 0.94680, 3.00000, 432847.00000, 176058.00000, 296038.33333, 11131694821.55556, 105506.84727, 0.91102, -2.08678, 10.75154, -7.66476, 0.33333
0.00000, -3.18882, 3.75791, 4.92853, -1.57080, 0.70366, 6.00000, 477637.00000, 146085.00000, 272878.33333, 11816441811.22222, 108703.45814, 0.90081, 0.00000, -7.64229, 8.64229, 0.00000
-0.78273, -3.92241, 2.87963, 4.92852, -1.76776, 0.94680, 1.00000, 370854.00000, 370854.00000, 370854.00000, 0.00000, 0.00000, 0.91102, 0.40335, 2.07817, -1.48153, 0.00000
0.00000, -3.73035, 3.21637, 4.92550, -1.57080, 0.85925, 5.00000, 413244.00000, 231073.00000, 319963.80000, 5636765591.76000, 75078.39631, 0.94766, -0.00000, 9.06739, -8.06739, 0.00000
-0.72621, -4.85499, 0.43811, 4.92852, -1.71928, 1.48179, 0.00000, 0.00000, 0.00000, 0.00000, 0.00000, 0.00000, 0.91102, 0.13403, 0.96230, -0.09634, 0.00000
-1.50894, -4.37124, 1.70460, 4.92852, -1.90319, 1.21764, 1.00000, 243230.00000, 243230.00000, 243230.00000, 0.00000, 0.00000, 0.91102, 0.35294, 1.06961, -0.42255, 1.00000
-2.05481, -4.45876, 0.43315, 4.92853, -2.00263, 1.48280, 0.00000, 0.00000, 0.00000, 0.00000, 0.00000, 0.00000, 0.90081, 0.33112, 0.75116, -0.08228, 0.00000
-1.44936, -4.62611, 0.87126, 4.92550, -1.87441, 1.39297, 0.00000, 0.00000, 0.00000, 0.00000, 0.00000, 0.00000, 0.94766, 0.28534, 0.87099, -0.15634, 0.00000
0.78579, -4.35121, 2.14766, 4.91558, -1.39213, 1.11864, 3.00000, 247488.00000, 182231.00000, 207722.66667, 811614788.22222, 28488.85375, 1.08598, -0.52573, 2.99442, -1.46868, 0.00000
-0.78579, -4.35121, 2.14766, 4.91558, -1.74946, 1.11864, 2.00000, 484810.00000, 439900.00000, 462355.00000, 504227025.00000, 22455.00000, 1.08598, 0.25627, 1.45965, -0.71592, 0.00000
0.00000, -4.83686, 0.87622, 4.91558, -1.57080, 1.39159, 2.00000, 309596.00000, 265486.00000, 287541.00000, 486423025.00000, 22055.00000, 1.08598, -0.00000, 1.22879, -0.22879, 0.00000
0.00000, -4.58794, 1.75244, 4.91123, -1.57080, 1.20593, 1.00000, 340480.00000, 340480.00000, 340480.00000, 0.00000, 0.00000, 1.14286, -0.00000, 1.61803, -0.61803, 0.00000
2.05481, -4.45876, -0.43315, 4.92853, -1.13896, 1.65880, 5.00000, 435824.00000, 220834.00000, 344275.80000, 5168411622.56000, 71891.66588, 0.90081, -0.65917, 1.49537, 0.16379, 1.00000
0.72621, -4.85499, -0.43811, 4.92852, -1.42232, 1.65981, 1.00000, 243892.00000, 243892.00000, 243892.00000, 0.00000, 0.00000, 0.91102, -0.14496, 1.04077, 0.10419, 1.00000
1.50894, -4.37124, -1.70460, 4.92852, -1.23841, 1.92396, 4.00000, 396966.00000, 228588.00000, 294961.75000, 4745988073.18750, 68891.13204, 0.91102, -0.30980, 0.93889, 0.37091, 0.75000
1.44936, -4.62611, -0.87126, 4.92550, -1.26718, 1.74862, 1.00000, 411810.00000, 411810.00000, 411810.00000, 0.00000, 0.00000, 0.94766, -0.38457, 1.17386, 0.21070, 1.00000
-0.72621, -4.85499, -0.43811, 4.92852, -1.71928, 1.65981, 1.00000, 441128.00000, 441128.00000, 441128.00000, 0.00000, 0.00000, 0.91102, 0.11238, 0.80685, 0.08077, 1.00000
-2.05481, -4.45876, -0.43315, 4.92853, -2.00263, 1.65880, 0.00000, 0.00000, 0.00000, 0.00000, 0.00000, 0.00000, 0.90081, 0.28433, 0.64502, 0.07065, 0.00000
-1.50894, -4.37124, -1.70460, 4.92852, -1.90319, 1.92396, 0.00000, 0.00000, 0.00000, 0.00000, 0.00000, 0.00000, 0.91102, 0.19128, 0.57970, 0.22901, 0.00000
-1.44936, -4.62611, -0.87126, 4.92550, -1.87441, 1.74862, 0.00000, 0.00000, 0.00000, 0.00000, 0.00000, 0.00000, 0.94766, 0.21738, 0.66353, 0.11910, 0.00000
0.78273, -3.92241, -2.87963, 4.92852, -1.37383, 2.19479, 5.00000, 436763.00000, 157430.00000, 287958.80000, 8125063318.96000, 90139.13312, 0.91102, -0.12779, 0.65841, 0.46938, 0.80000
-0.78273, -3.92241, -2.87963, 4.92852, -1.76776, 2.19479, 2.00000, 430163.00000, 220334.00000, 325248.50000, 11007052310.25000, 104914.50000, 0.91102, 0.10178, 0.52439, 0.37383, 1.00000
0.00000, -3.18882, -3.75791, 4.92853, -1.57080, 2.43793, 1.00000, 153286.00000, 153286.00000, 153286.00000, 0.00000, 0.00000, 0.90081, 0.00000, 0.46930, 0.53070, 1.00000
0.00000, -3.73035, -3.21637, 4.92550, -1.57080, 2.28234, 1.00000, 292779.00000, 292779.00000, 292779.00000, 0.00000, 0.00000, 0.94766, -0.00000, 0.52918, 0.47082, 1.00000
0.00000, -4.83686, -0.87622, 4.91558, -1.57080, 1.75001, 1.00000, 372661.00000, 372661.00000, 372661.00000, 0.00000, 0.00000, 1.08598, -0.00000, 0.84303, 0.15697, 0.00000
-0.78579, -4.35121, -2.14766, 4.91558, -1.74946, 2.02296, 1.00000, 212121.00000, 212121.00000, 212121.00000, 0.00000, 0.00000, 1.08598, 0.10538, 0.60022, 0.29439, 1.00000
0.78579, -4.35121, -2.14766, 4.91558, -1.39213, 2.02296, 4.00000, 404151.00000, 191871.00000, 277758.25000, 6046197622.68750, 77757.29948, 1.08598, -0.13352, 0.76051, 0.37301, 0.75000
0.00000, -4.58794, -1.75244, 4.91123, -1.57080, 1.93566, 1.00000, 183528.00000, 183528.00000, 183528.00000, 0.00000, 0.00000, 1.14286, -0.00000, 0.72361, 0.27639, 1.00000
2.75567, -4.02561, -0.70086, 4.92853, -0.97053, 1.71348, 5.00000, 475468.00000, 128762.00000, 330871.80000, 14877090468.56000, 121971.67896, 0.90081, -1.37444, 1.98030, 0.39414, 0.80000
2.21782, -3.93313, -1.97536, 4.92852, -1.05736, 1.98319, 7.00000, 490465.00000, 174833.00000, 370076.28571, 10171193601.34694, 100852.33563, 0.91102, -0.60432, 1.05443, 0.54989, 0.85714
3.48430, -3.15040, -1.49161, 4.92852, -0.73511, 1.87827, 6.00000, 432147.00000, 154990.00000, 283243.50000, 8276170993.91667, 90973.46313, 0.91102, -2.88604, 2.59457, 1.29147, 0.83333
2.85909, -3.75484, -1.40973, 4.92550, -0.92001, 1.86107, 5.00000, 357987.00000, 164841.00000, 303975.00000, 4995754816.00000, 70680.65376, 0.94766, -1.25387, 1.66465, 0.58922, 0.80000
1.49161, -3.48430, -3.15040, 4.92852, -1.16631, 2.26428, 5.00000, 253677.00000, 105707.00000, 157506.00000, 2723367689.60000, 52185.89550, 0.91102, -0.30829, 0.68893, 0.61936, 1.00000
0.70086, -2.75567, -4.02561, 4.92853, -1.32174, 2.52663, 9.00000, 499926.00000, 96000.00000, 260567.44444, 23388915294.46914, 152934.34962, 0.90081, -0.13313, 0.46424, 0.66888, 1.00000
1.97536, -2.21782, -3.93313, 4.92852, -0.84316, 2.49482, 13.00000, 473623.00000, 59930.00000, 210048.53846, 16441339477.63313, 128223.78671, 0.91102, -0.49591, 0.54500, 0.95092, 1.00000
1.40973, -2.85909, -3.75484, 4.92550, -1.11271, 2.43770, 10.00000, 467356.00000, 58148.00000, 286433.90000, 15825035889.69000, 125797.59890, 0.94766, -0.25296, 0.53830, 0.71466, 1.00000
3.93313, -1.97536, -2.21782, 4.92852, -0.46544, 2.03756, 23.00000, 489384.00000, 31114.00000, 277185.04348, 22907926897.86768, 151353.64845, 0.91102, -10.56672, 5.51065, 6.05607, 0.95652
3.15040, -1.49161, -3.48430, 4.92852, -0.44220, 2.35600, 15.00000, 387680.00000, 51000.00000, 157034.53333, 11921235860.38222, 109184.41217, 0.91102, -1.63909, 0.81587, 1.82322, 1.00000
4.02561, -0.70086, -2.75567, 4.92853, -0.17237, 2.16413, 41.00000, 465849.00000, 26729.00000, 145037.53659, 9444396280.54134, 97182.28378, 0.90081, 9.35336, -1.86160, -6.49176, 0.95122
3.75484, -1.40973, -2.85909, 4.92550, -0.35916, 2.19010, 27.00000, 456482.00000, 46569.00000, 171521.51852, 11810373722.62003, 108675.54335, 0.94766, -9.32863, 3.30198, 7.02665, 0.96296
2.20355, -3.47499, -2.68919, 4.91558, -1.00567, 2.14966, 7.00000, 388907.00000, 98561.00000, 220528.57143, 11759225328.81633, 108439.96186, 1.08598, -0.56481, 0.87972, 0.68510, 1.00000
2.68919, -2.20355, -3.47499, 4.91558, -0.68646, 2.35595, 15.00000, 410692.00000, 51585.00000, 210617.53333, 16044329933.44889, 126666.21465, 1.08598, -0.90211, 0.74373, 1.15838, 0.93333
3.47499, -2.68919, -2.20355, 4.91558, -0.65860, 2.03563, 13.00000, 481300.00000, 89121.00000, 215766.53846, 19091794102.86390, 138173.05853, 1.08598, -2.37638, 1.85065, 1.52573, 1.00000
2.83550, -2.83550, -2.83550, 4.91123, -0.78540, 2.18628, 10.00000, 489165.00000, 62458.00000, 310625.10000, 20861334708.69000, 144434.53434, 1.14286, -1.00000, 1.00000, 1.00000, 1.00000
3.18882, -3.75791, 0.00000, 4.92853, -0.86714, 1.57080, 8.00000, 482131.00000, 114396.00000, 300190.00000, 9995904330.25000, 99979.51955, 0.90081, -7.64229, 8.64229, -0.00000, 1.00000
3.92241, -2.87963, -0.78273, 4.92852, -0.63328, 1.73029, 12.00000, 458820.00000, 61027.00000, 224374.83333, 9537757841.47222, 97661.44501, 0.91102, 10.75154, -7.66476, -2.08678, 1.00000
3.92241, -2.87963, 0.78273, 4.92852, -0.63328, 1.41130, 12.00000, 496368.00000, 99816.00000, 311619.83333, 17370879686.30555, 131798.63310, 0.91102, 2.07817, -1.48153, 0.40335, 0.83333
3.73035, -3.21637, 0.00000, 4.92550, -0.71154, 1.57080, 6.00000, 499351.00000, 75259.00000, 284844.16667, 21520511421.13889, 146698.70968, 0.94766, 9.06739, -8.06739, 0.00000, 1.00000
4.37124, -1.70460, -1.50894, 4.92852, -0.37182, 1.88196, 14.00000, 488856.00000, 44396.00000, 263275.21429, 22061637535.59694, 148531.60450, 0.91102, 3.63662, -1.43665, -1.19997, 0.92857
4.45876, -0.43315, -2.05481, 4.92853, -0.09684, 2.00085, 37.00000, 447644.00000, 24762.00000, 145218.37838, 11492007400.01899, 107200.78078, 0.90081, 2.22389, -0.24359, -0.98030, 1.00000
4.85499, -0.43811, -0.72621, 4.92852, -0.09000, 1.71868, 38.00000, 435357.00000, 46844.00000, 218476.13158, 16275086758.64058, 127573.84826, 0.91102, 1.31474, -0.13162, -0.18312, 0.86842
4.62611, -0.87126, -1.44936, 4.92550, -0.18616, 1.86947, 24.00000, 442950.00000, 51476.00000, 194964.16667, 10364618402.47222, 101806.76992, 0.94766, 2.02881, -0.36416, -0.66465, 0.95833
4.37124, -1.70460, 1.50894, 4.92852, -0.37182, 1.25963, 9.00000, 382659.00000, 149225.00000, 259500.44444, 7004231910.69136, 83691.28934, 0.91102, 1.06961, -0.42255, 0.35294, 0.66667
4.85499, -0.43811, 0.72621, 4.92852, -0.09000, 1.42291, 21.00000, 483040.00000, 26930.00000, 218544.28571, 18026825198.48980, 134264.01304, 0.91102, 0.96230, -0.09634, 0.13403, 0.71429
4.45876, -0.43315, 2.05481, 4.92853, -0.09684, 1.14074, 13.00000, 403335.00000, 94580.00000, 260920.00000, 8700699044.30769, 93277.53773, 0.90081, 0.75116, -0.08228, 0.33112, 0.46154
4.62611, -0.87126, 1.44936, 4.92550, -0.18616, 1.27212, 12.00000, 499304.00000, 68154.00000, 251605.25000, 19632489532.85417, 140115.98600, 0.94766, 0.87099, -0.15634, 0.28534, 0.58333
4.35121, -2.14766, -0.78579, 4.91558, -0.45850, 1.73134, 10.00000, 403566.00000, 62148.00000, 197792.70000, 15179039586.41000, 123203.24503, 1.08598, 2.99442, -1.46868, -0.52573, 1.00000
4.83686, -0.87622, 0.00000, 4.91558, -0.17921, 1.57080, 12.00000, 499714.00000, 86455.00000, 217899.66667, 15212071271.72222, 123337.22581, 1.08598, 1.22879, -0.22879, 0.00000, 0.83333
4.35121, -2.14766, 0.78579, 4.91558, -0.45850, 1.41025, 6.00000, 355641.00000, 217285.00000, 286880.16667, 2513050061.80556, 50130.33076, 1.08598, 1.45965, -0.71592, 0.25627, 1.00000
4.58794, -1.75244, 0.00000, 4.91123, -0.36486, 1.57080, 12.00000, 499120.00000, 147851.00000, 299738.58333, 12314949194.07639, 110972.74077, 1.14286, 1.61803, -0.61803, 0.00000, 0.75000
0.43315, -2.05481, 4.45876, 4.92853, -1.36304, 0.44016, 16.00000, 452762.00000, 63615.00000, 196996.31250, 17715717200.71484, 133100.40271, 0.90081, 0.16379, -0.65917, 1.49537, 0.00000
1.70460, -1.50894, 4.37124, 4.92852, -0.72459, 0.48015, 22.00000, 479679.00000, 74687.00000, 237740.22727, 15543005000.63017, 124671.58859, 0.91102, 0.37091, -0.30980, 0.93889, 0.04545
0.43811, -0.72621, 4.85499, 4.92852, -1.02797, 0.17295, 25.00000, 474179.00000, 19568.00000, 230552.20000, 16344296446.08000, 127844.81392, 0.91102, 0.10419, -0.14496, 1.04077, 0.00000
0.87126, -1.44936, 4.62611, 4.92550, -1.02954, 0.35046, 19.00000, 442617.00000, 69605.00000, 211194.10526, 13761230053.35734, 117308.26933, 0.94766, 0.21070, -0.38457, 1.17386, 0.00000
2.87963, -0.78273, 3.92241, 4.92852, -0.26540, 0.65037, 14.00000, 428449.00000, 60755.00000, 203788.42857, 11085217890.53061, 105286.36137, 0.91102, 0.46938, -0.12779, 0.65841, 0.21429
3.75791, 0.00000, 3.18882, 4.92853, 0.00000, 0.86714, 20.00000, 470576.00000, 57448.00000, 249130.45000, 15457991338.14750, 124330.17067, 0.90081, 0.53070, -0.00000, 0.46930, 0.40000
2.87963, 0.78273, 3.92241, 4.92852, 0.26540, 0.65037, 40.00000, 482057.00000, 37240.00000, 172812.60000, 14812075829.19000, 121704.87184, 0.91102, 0.37383, 0.10178, 0.52439, 0.05000
3.21637, 0.00000, 3.73035, 4.92550, 0.00000, 0.71154, 22.00000, 490320.00000, 59512.00000, 207991.00000, 13828541854.81818, 117594.82070, 0.94766, 0.47082, -0.00000, 0.52918, 0.13636
0.43811, 0.72621, 4.85499, 4.92852, 1.02797, 0.17295, 35.00000, 410763.00000, 17741.00000, 151171.17143, 9931448821.91347, 99656.65468, 0.91102, 0.08077, 0.11238, 0.80685, 0.00000
1.70460, 1.50894, 4.37124, 4.92852, 0.72459, 0.48015, 44.00000, 496142.00000, 27396.00000, 171118.95455, 13232710240.72520, 115033.51790, 0.91102, 0.22901, 0.19128, 0.57970, 0.09091
0.43315, 2.05481, 4.45876, 4.92853, 1.36304, 0.44016, 52.00000, 435995.00000, 27394.00000, 171141.75000, 14769975525.95673, 121531.78813, 0.90081, 0.07065, 0.28433, 0.64502, 0.09615
0.87126, 1.44936, 4.62611, 4.92550, 1.02954, 0.35046, 43.00000, 480198.00000, 22028.00000, 160263.13953, 17137676181.56192, 130910.94752, 0.94766, 0.11910, 0.21738, 0.66353, 0.02326
2.14766, -0.78579, 4.35121, 4.91558, -0.35075, 0.48390, 13.00000, 434436.00000, 47389.00000, 197748.61538, 11380624589.46746, 106680.01026, 1.08598, 0.37301, -0.13352, 0.76051, 0.00000
2.14766, 0.78579, 4.35121, 4.91558, 0.35075, 0.48390, 37.00000, 489894.00000, 31061.00000, 178006.16216, 14939680389.91965, 122227.98530, 1.08598, 0.29439, 0.10538, 0.60022, 0.02703
0.87622, 0.00000, 4.83686, 4.91558, 0.00000, 0.17921, 36.00000, 493954.00000, 30277.00000, 206576.97222, 16956937096.52700, 130218.80470, 1.08598, 0.15697, -0.00000, 0.84303, 0.00000
1.75244, 0.00000, 4.58794, 4.91123, 0.00000, 0.36486, 19.00000, 494187.00000, 40826.00000, 175921.42105, 15474213457.82271, 124395.39163, 1.14286, 0.27639, 0.00000, 0.72361, 0.00000
-2.75567, -4.02561, 0.70086, 4.92853, -2.17107, 1.42811, 1.00000, 497145.00000, 497145.00000, 497145.00000, 0.00000, 0.00000, 0.90081, 0.46424, 0.66888, -0.13313, 0.00000
-2.21782, -3.93313, 1.97536, 4.92852, -2.08423, 1.15840, 1.00000, 90157.00000, 90157.00000, 90157.00000, 0.00000, 0.00000, 0.91102, 0.54500, 0.95092, -0.49591, 0.00000
-3.48430, -3.15040, 1.49161, 4.92852, -2.40648, 1.26333, 1.00000, 429931.00000, 429931.00000, 429931.00000, 0.00000, 0.00000, 0.91102, 0.68893, 0.61936, -0.30829, 0.00000
-2.85909, -3.75484, 1.40973, 4.92550, -2.22158, 1.28053, 0.00000, 0.00000, 0.00000, 0.00000, 0.00000, 0.00000, 0.94766, 0.53830, 0.71466, -0.25296, 0.00000
-1.49161, -3.48430, 3.15040, 4.92852, -1.97528, 0.87732, 3.00000, 455609.00000, 160817.00000, 342790.66667, 16874950608.22222, 129903.62046, 0.91102, 0.81587, 1.82322, -1.63909, 0.00000
-0.70086, -2.75567, 4.02561, 4.92853, -1.81985, 0.61496, 5.00000, 296012.00000, 136858.00000, 225973.20000, 3407733338.56000, 58375.79412, 0.90081, -1.86160, -6.49176, 9.35336, 0.00000
-1.97536, -2.21782, 3.93313, 4.92852, -2.29844, 0.64677, 9.00000, 380506.00000, 110510.00000, 268019.55556, 6118020152.46914, 78217.77389, 0.91102, 5.51065, 6.05607, -10.56672, 0.00000
-1.40973, -2.85909, 3.75484, 4.92550, -2.02888, 0.70390, 7.00000, 467263.00000, 270181.00000, 339242.42857, 3487472815.95918, 59054.82890, 0.94766, 3.30198, 7.02665, -9.32863, 0.00000
-3.93313, -1.97536, 2.21782, 4.92852, -2.67616, 1.10403, 2.00000, 254120.00000, 212285.00000, 233202.50000, 437541806.25000, 20917.50000, 0.91102, 1.05443, 0.54989, -0.60432, 0.00000
-3.15040, -1.49161, 3.48430, 4.92852, -2.69940, 0.78559, 7.00000, 473101.00000, 220016.00000, 292681.00000, 7284574603.42857, 85349.71941, 0.91102, 2.59457, 1.29147, -2.88604, 0.14286
-4.02561, -0.70086, 2.75567, 4.92853, -2.96922, 0.97747, 3.00000, 241847.00000, 121632.00000, 194897.00000, 2754847316.66667, 52486.63941, 0.90081, 1.98030, 0.39414, -1.37444, 0.00000
-3.75484, -1.40973, 2.85909, 4.92550, -2.78243, 0.95149, 4.00000, 461110.00000, 141596.00000, 255663.50000, 15249634496.75000, 123489.41046, 0.94766, 1.66465, 0.58922, -1.25387, 0.00000
-2.20355, -3.47499, 2.68919, 4.91558, -2.13592, 0.99193, 2.00000, 342228.00000, 153822.00000, 248025.00000, 8874205209.00000, 94203.00000, 1.08598, 0.74373, 1.15838, -0.90211, 0.00000
-2.68919, -2.20355, 3.47499, 4.91558, -2.45513, 0.78564, 1.00000, 285418.00000, 285418.00000, 285418.00000, 0.00000, 0.00000, 1.08598, 1.85065, 1.52573, -2.37638, 0.00000
-3.47499, -2.68919, 2.20355, 4.91558, -2.48299, 1.10596, 4.00000, 429588.00000, 163886.00000, 285838.25000, 13881519983.18750, 117819.86243, 1.08598, 0.87972, 0.68510, -0.56481, 0.00000
-2.83550, -2.83550, 2.83550, 4.91123, -2.35619, 0.95532, 3.00000, 399471.00000, 122231.00000, 271132.33333, 13021747896.88889, 114112.87349, 1.14286, 1.00000, 1.00000, -1.00000, 0.00000
-0.70086, -2.75567, -4.02561, 4.92853, -1.81985, 2.52663, 3.00000, 420552.00000, 178142.00000, 277974.66667, 10707321280.88889, 103476.18702, 0.90081, 0.10514, 0.36663, 0.52824, 1.00000
-1.49161, -3.48430, -3.15040, 4.92852, -1.97528, 2.26428, 0.00000, 0.00000, 0.00000, 0.00000, 0.00000, 0.00000, 0.91102, 0.19070, 0.42617, 0.38313, 0.00000
-1.97536, -2.21782, -3.93313, 4.92852, -2.29844, 2.49482, 1.00000, 422873.00000, 422873.00000, 422873.00000, 0.00000, 0.00000, 0.91102, 0.24897, 0.27362, 0.47741, 1.00000
-1.40973, -2.85909, -3.75484, 4.92550, -2.02888, 2.43770, 0.00000, 0.00000, 0.00000, 0.00000, 0.00000, 0.00000, 0.94766, 0.16798, 0.35746, 0.47456, 0.00000
-2.21782, -3.93313, -1.97536, 4.92852, -2.08423, 1.98319, 1.00000, 176495.00000, 176495.00000, 176495.00000, 0.00000, 0.00000, 0.91102, 0.27362, 0.47741, 0.24897, 1.00000
-2.75567, -4.02561, -0.70086, 4.92853, -2.17107, 1.71348, 2.00000, 182201.00000, 150223.00000, 166212.00000, 255648121.00000, 15989.00000, 0.90081, 0.36663, 0.52824, 0.10514, 1.00000
-3.48430, -3.15040, -1.49161, 4.92852, -2.40648, 1.87827, 1.00000, 343417.00000, 343417.00000, 343417.00000, 0.00000, 0.00000, 0.91102, 0.42617, 0.38313, 0.19070, 1.00000
-2.85909, -3.75484, -1.40973, 4.92550, -2.22158, 1.86107, 0.00000, 0.00000, 0.00000, 0.00000, 0.00000, 0.00000, 0.94766, 0.35746, 0.47456, 0.16798, 0.00000
-3.15040, -1.49161, -3.48430, 4.92852, -2.69940, 2.35600, 0.00000, 0.00000, 0.00000, 0.00000, 0.00000, 0.00000, 0.91102, 0.38313, 0.19070, 0.42617, 0.00000
-3.93313, -1.97536, -2.21782, 4.92852, -2.67616, 2.03756, 1.00000, 418857.00000, 418857.00000, 418857.00000, 0.00000, 0.00000, 0.91102, 0.47741, 0.24897, 0.27362, 1.00000
-4.02561, -0.70086, -2.75567, 4.92853, -2.96922, 2.16413, 0.00000, 0.00000, 0.00000, 0.00000, 0.00000, 0.00000, 0.90081, 0.52824, 0.10514, 0.36663, 0.00000
-3.75484, -1.40973, -2.85909, 4.92550, -2.78243, 2.19010, 0.00000, 0.00000, 0.00000, 0.00000, 0.00000, 0.00000, 0.94766, 0.47456, 0.16798, 0.35746, 0.00000
-2.20355, -3.47499, -2.68919, 4.91558, -2.13592, 2.14966, 0.00000, 0.00000, 0.00000, 0.00000, 0.00000, 0.00000, 1.08598, 0.26522, 0.41309, 0.32170, 0.00000
-3.47499, -2.68919, -2.20355, 4.91558, -2.48299, 2.03563, 2.00000, 448389.00000, 361736.00000, 405062.50000, 1877185602.25000, 43326.50000, 1.08598, 0.41309, 0.32170, 0.26522, 1.00000
-2.68919, -2.20355, -3.47499, 4.91558, -2.45513, 2.35595, 2.00000, 462355.00000, 280689.00000, 371522.00000, 8250633889.00000, 90833.00000, 1.08598, 0.32170, 0.26522, 0.41309, 0.50000
-2.83550, -2.83550, -2.83550, 4.91123, -2.35619, 2.18628, 1.00000, 292209.00000, 292209.00000, 292209.00000, 0.00000, 0.00000, 1.14286, 0.33333, 0.33333, 0.33333, 1.00000
3.75791, 0.00000, -3.18882, 4.92853, 0.00000, 2.27446, 40.00000, 439857.00000, 31100.00000, 122513.87500, 8376032611.90938, 91520.66768, 0.90081, 8.64229, 0.00000, -7.64229, 0.97500
2.87963, -0.78273, -3.92241, 4.92852, -0.26540, 2.49122, 35.00000, 481358.00000, 18129.00000, 193443.17143, 19062644482.82775, 138067.53595, 0.91102, -1.48153, 0.40335, 2.07817, 0.97143
2.87963, 0.78273, -3.92241, 4.92852, 0.26540, 2.49122, 50.00000, 471660.00000, 28582.00000, 138681.40000, 9394150956.92000, 96923.42832, 0.91102, -7.66476, -2.08678, 10.75154, 1.00000
3.21637, 0.00000, -3.73035, 4.92550, 0.00000, 2.43005, 44.00000, 383347.00000, 25223.00000, 142520.93182, 11433839182.79081, 106929.13159, 0.94766, -8.06739, -0.00000, 9.06739, 1.00000
1.70460, -1.50894, -4.37124, 4.92852, -0.72459, 2.66145, 17.00000, 470947.00000, 60404.00000, 185726.76471, 11782064829.12111, 108545.22020, 0.91102, -0.42255, 0.35294, 1.06961, 1.00000
0.43315, -2.05481, -4.45876, 4.92853, -1.36304, 2.70143, 4.00000, 199863.00000, 88929.00000, 141729.00000, 1600552935.50000, 40006.91110, 0.90081, -0.08228, 0.33112, 0.75116, 1.00000
0.43811, -0.72621, -4.85499, 4.92852, -1.02797, 2.96865, 13.00000, 476098.00000, 69970.00000, 255460.46154, 11933202853.47929, 109239.20017, 0.91102, -0.09634, 0.13403, 0.96230, 1.00000
0.87126, -1.44936, -4.62611, 4.92550, -1.02954, 2.79113, 9.00000, 205735.00000, 63719.00000, 148425.77778, 2671399194.83951, 51685.58014, 0.94766, -0.15634, 0.28534, 0.87099, 1.00000
1.70460, 1.50894, -4.37124, 4.92852, 0.72459, 2.66145, 32.00000, 341384.00000, 26661.00000, 136853.15625, 9427685640.19434, 97096.26996, 0.91102, -1.43665, -1.19997, 3.63662, 1.00000
0.43811, 0.72621, -4.85499, 4.92852, 1.02797, 2.96865, 23.00000, 471251.00000, 37877.00000, 210206.13043, 18136942654.54821, 134673.46678, 0.91102, -0.13162, -0.18312, 1.31474, 1.00000
0.43315, 2.05481, -4.45876, 4.92853, 1.36304, 2.70143, 17.00000, 434935.00000, 54468.00000, 208585.76471, 10688948940.06228, 103387.37321, 0.90081, -0.24359, -0.98030, 2.22389, 1.00000
0.87126, 1.44936, -4.62611, 4.92550, 1.02954, 2.79113, 15.00000, 370479.00000, 43660.00000, 146865.60000, 8767737528.90667, 93636.19775, 0.94766, -0.36416, -0.66465, 2.02881, 1.00000
2.14766, -0.78579, -4.35121, 4.91558, -0.35075, 2.65769, 16.00000, 402794.00000, 73828.00000, 211306.00000, 13315062395.37500, 115390.91123, 1.08598, -0.71592, 0.25627, 1.45965, 1.00000
0.87622, 0.00000, -4.83686, 4.91558, 0.00000, 2.96238, 11.00000, 418166.00000, 34786.00000, 193624.63636, 13809745062.95868, 117514.87167, 1.08598, -0.22879, -0.00000, 1.22879, 1.00000
2.14766, 0.78579, -4.35121, 4.91558, 0.35075, 2.65769, 21.00000, 477153.00000, 24107.00000, 162028.28571, 19193173086.77551, 138539.42791, 1.08598, -1.46868, -0.52573, 2.99442, 0.95238
1.75244, 0.00000, -4.58794, 4.91123, 0.00000, 2.77673, 29.00000, 474891.00000, 32761.00000, 154273.34483, 10447703925.53627, 102214.01042, 1.14286, -0.61803, -0.00000, 1.61803, 1.00000
4.45876, 0.43315, 2.05481, 4.92853, 0.09684, 1.14074, 19.00000, 469727.00000, 49402.00000, 246860.15789, 18937863161.81717, 137614.90894, 0.90081, 0.64502, 0.07065, 0.28433, 0.68421
4.85499, 0.43811, 0.72621, 4.92852, 0.09000, 1.42291, 17.00000, 478278.00000, 48529.00000, 214034.11765, 21533659662.92734, 146743.51660, 0.91102, 0.80685, 0.08077, 0.11238, 0.52941
4.37124, 1.70460, 1.50894, 4.92852, 0.37182, 1.25963, 23.00000, 423385.00000, 29854.00000, 205110.52174, 11272456057.29300, 106171.82327, 0.91102, 0.57970, 0.22901, 0.19128, 0.56522
4.62611, 0.87126, 1.44936, 4.92550, 0.18616, 1.27212, 21.00000, 445480.00000, 67350.00000, 232006.47619, 12935179092.53515, 113732.92880, 0.94766, 0.66353, 0.11910, 0.21738, 0.76190
4.85499, 0.43811, -0.72621, 4.92852, 0.09000, 1.71868, 30.00000, 483481.00000, 33603.00000, 152009.03333, 11021420461.49889, 104982.95319, 0.91102, 1.04077, 0.10419, -0.14496, 0.96667
4.45876, 0.43315, -2.05481, 4.92853, 0.09684, 2.00085, 57.00000, 302747.00000, 21963.00000, 138059.43860, 5538541880.63219, 74421.38053, 0.90081, 1.49537, 0.16379, -0.65917, 1.00000
4.37124, 1.70460, -1.50894, 4.92852, 0.37182, 1.88196, 54.00000, 489984.00000, 23704.00000, 163029.75926, 15007693328.21982, 122505.89099, 0.91102, 0.93889, 0.37091, -0.30980, 0.98148
4.62611, 0.87126, -1.44936, 4.92550, 0.18616, 1.86947, 50.00000, 476436.00000, 21362.00000, 131821.92000, 12053753075.35360, 109789.58546, 0.94766, 1.17386, 0.21070, -0.38457, 1.00000
3.92241, 2.87963, 0.78273, 4.92852, 0.63328, 1.41130, 38.00000, 452005.00000, 33718.00000, 200980.50000, 14968333377.30263, 122345.14039, 0.91102, 0.52439, 0.37383, 0.10178, 0.60526
3.92241, 2.87963, -0.78273, 4.92852, 0.63328, 1.73029, 48.00000, 483000.00000, 20002.00000, 171127.10417, 16974300575.21832, 130285.45803, 0.91102, 0.65841, 0.46938, -0.12779, 0.91667
3.18882, 3.75791, 0.00000, 4.92853, 0.86714, 1.57080, 26.00000, 441600.00000, 60089.00000, 168668.88462, 8586645954.02515, 92664.15679, 0.90081, 0.46930, 0.53070, 0.00000, 0.73077
3.73035, 3.21637, 0.00000, 4.92550, 0.71154, 1.57080, 33.00000, 481213.00000, 58036.00000, 187019.54545, 13543735935.58127, 116377.55770, 0.94766, 0.52918, 0.47082, 0.00000, 0.81818
4.83686, 0.87622, 0.00000, 4.91558, 0.17921, 1.57080, 38.00000, 452203.00000, 54724.00000, 188347.07895, 12360183592.12535, 111176.36256, 1.08598, 0.84303, 0.15697, 0.00000, 0.89474
4.35121, 2.14766, -0.78579, 4.91558, 0.45850, 1.73134, 32.00000, 481757.00000, 25124.00000, 135780.93750, 11224444504.12109, 105945.47892, 1.08598, 0.76051, 0.37301, -0.13352, 0.90625
4.35121, 2.14766, 0.78579, 4.91558, 0.45850, 1.41025, 22.00000, 422793.00000, 38662.00000, 164050.09091, 10109965255.53719, 100548.32299, 1.08598, 0.60022, 0.29439, 0.10538, 0.72727
4.58794, 1.75244, 0.00000, 4.91123, 0.36486, 1.57080, 44.00000, 440225.00000, 18595.00000, 178182.93182, 13452890890.19990, 115986.59789, 1.14286, 0.72361, 0.27639, -0.00000, 0.84091
