-2.75567, 4.02561, 0.70086, 4.92853, 2.17107, 1.42811, 87.00000, 496919.00000, 12203.00000, 89499.97701, 6643553411.93051, 81507.99600, 0.90081, -1.37444, 1.98030, 0.39414, 0.91954
-3.48430, 3.15040, 1.49161, 4.92852, 2.40648, 1.26333, 68.00000, 450133.00000, 13875.00000, 146314.36765, 15839822200.61484, 125856.35542, 0.91102, -2.88604, 2.59457, 1.29147, 0.83824
-2.21782, 3.93313, 1.97536, 4.92852, 2.08423, 1.15840, 56.00000, 498182.00000, 19616.00000, 157542.78571, 15341356213.81122, 123860.22854, 0.91102, -0.60432, 1.05443, 0.54989, 0.66071
-2.85909, 3.75484, 1.40973, 4.92550, 2.22158, 1.28053, 52.00000, 486749.00000, 14342.00000, 116259.26923, 10003591313.31213, 100017.95495, 0.94766, -1.25387, 1.66465, 0.58922, 0.84615
-3.93313, 1.97536, 2.21782, 4.92852, 2.67616, 1.10403, 33.00000, 485124.00000, 19422.00000, 192383.09091, 17457795657.53719, 132127.95184, 0.91102, -10.56672, 5.51065, 6.05607, 0.66667
-4.02561, 0.70086, 2.75567, 4.92853, 2.96922, 0.97747, 16.00000, 282877.00000, 54474.00000, 140430.50000, 3626826616.12500, 60223.14020, 0.90081, 9.35336, -1.86160, -6.49176, 0.62500
-3.15040, 1.49161, 3.48430, 4.92852, 2.69940, 0.78559, 23.00000, 446034.00000, 38464.00000, 198390.82609, 11433038571.70888, 106925.38787, 0.91102, -1.63909, 0.81587, 1.82322, 0.34783
-3.75484, 1.40973, 2.85909, 4.92550, 2.78243, 0.95149, 23.00000, 442288.00000, 60401.00000, 208517.17391, 8828311356.66541, 93959.09406, 0.94766, -9.32863, 3.30198, 7.02665, 0.52174
-1.49161, 3.48430, 3.15040, 4.92852, 1.97528, 0.87732, 34.00000, 498252.00000, 30879.00000, 195407.67647, 16202143873.04239, 127287.64226, 0.91102, -0.30829, 0.68893, 0.61936, 0.23529
-1.97536, 2.21782, 3.93313, 4.92852, 2.29844, 0.64677, 32.00000, 494944.00000, 45779.00000, 187239.21875, 13319808921.10840, 115411.47656, 0.91102, -0.49591, 0.54500, 0.95092, 0.18750
-0.70086, 2.75567, 4.02561, 4.92853, 1.81985, 0.61496, 43.00000, 492666.00000, 32892.00000, 167935.51163, 12130479585.13359, 110138.45643, 0.90081, -0.13313, 0.46424, 0.66888, 0.13953
-1.40973, 2.85909, 3.75484, 4.92550, 2.02888, 0.70390, 39.00000, 474748.00000, 27740.00000, 186650.41026, 14607685460.29323, 120862.25821, 0.94766, -0.25296, 0.53830, 0.71466, 0.15385
-3.47499, 2.68919, 2.20355, 4.91558, 2.48299, 1.10596, 27.00000, 499357.00000, 24076.00000, 187578.62963, 11787414246.89986, 108569.85883, 1.08598, -2.37638, 1.85065, 1.52573, 0.55556
-2.68919, 2.20355, 3.47499, 4.91558, 2.45513, 0.78564, 29.00000, 402796.00000, 54542.00000, 209542.93103, 6927081263.02973, 83229.08904, 1.08598, -0.90211, 0.74373, 1.15838, 0.31034
-2.20355, 3.47499, 2.68919, 4.91558, 2.13592, 0.99193, 29.00000, 431629.00000, 50460.00000, 208924.62069, 13827296826.78716, 117589.52686, 1.08598, -0.56481, 0.87972, 0.68510, 0.55172
-2.83550, 2.83550, 2.83550, 4.91123, 2.35619, 0.95532, 28.00000, 499731.00000, 34175.00000, 214723.39286, 18757739675.30995, 136958.89776, 1.14286, -1.00000, 1.00000, 1.00000, 0.64286
-2.05481, 4.45876, 0.43315, 4.92853, 2.00263, 1.48280, 74.00000, 494943.00000, 12051.00000, 114285.63514, 12883972037.47498, 113507.58581, 0.90081, -0.65917, 1.49537, 0.16379, 0.94595
-1.50894, 4.37124, 1.70460, 4.92852, 1.90319, 1.21764, 49.00000, 442292.00000, 21273.00000, 153301.95918, 10072484421.79425, 100361.76773, 0.91102, -0.30980, 0.93889, 0.37091, 0.61224
-0.72621, 4.85499, 0.43811, 4.92852, 1.71928, 1.48179, 58.00000, 482510.00000, 13834.00000, 147210.96552, 13345246368.96433, 115521.62728, 0.91102, -0.14496, 1.04077, 0.10419, 0.81034
-1.44936, 4.62611, 0.87126, 4.92550, 1.87441, 1.39297, 61.00000, 414634.00000, 16053.00000, 131628.11475, 9565854590.10159, 97805.18693, 0.94766, -0.38457, 1.17386, 0.21070, 0.73770
-0.78273, 3.92241, 2.87963, 4.92852, 1.76776, 0.94680, 48.00000, 467032.00000, 40072.00000, 187326.56250, 15401135289.41276, 124101.31059, 0.91102, -0.12779, 0.65841, 0.46938, 0.43750
0.00000, 3.18882, 3.75791, 4.92853, 1.57080, 0.70366, 61.00000, 434103.00000, 19847.00000, 176356.55738, 15568809106.60736, 124775.03399, 0.90081, -0.00000, 0.46930, 0.53070, 0.08197
0.78273, 3.92241, 2.87963, 4.92852, 1.37383, 0.94680, 47.00000, 448273.00000, 22082.00000, 171584.44681, 14378196078.71526, 119909.11591, 0.91102, 0.10178, 0.52439, 0.37383, 0.17021
0.00000, 3.73035, 3.21637, 4.92550, 1.57080, 0.85925, 37.00000, 452854.00000, 33052.00000, 193439.56757, 16730349622.89408, 129345.85275, 0.94766, -0.00000, 0.52918, 0.47082, 0.18919
0.72621, 4.85499, 0.43811, 4.92852, 1.42232, 1.48179, 32.00000, 385979.00000, 34516.00000, 159850.93750, 9215089855.30859, 95995.25955, 0.91102, 0.11238, 0.80685, 0.08077, 0.65625
1.50894, 4.37124, 1.70460, 4.92852, 1.23841, 1.21764, 38.00000, 321346.00000, 30548.00000, 141228.97368, 4714127602.81510, 68659.50483, 0.91102, 0.19128, 0.57970, 0.22901, 0.18421
2.05481, 4.45876, 0.43315, 4.92853, 1.13896, 1.48280, 23.00000, 487540.00000, 58935.00000, 194529.39130, 12294908089.97731, 110882.40658, 0.90081, 0.28433, 0.64502, 0.07065, 0.34783
1.44936, 4.62611, 0.87126, 4.92550, 1.26718, 1.39297, 13.00000, 328668.00000, 58108.00000, 207194.30769, 11056720047.13610, 105150.93935, 0.94766, 0.21738, 0.66353, 0.11910, 0.53846
-0.78579, 4.35121, 2.14766, 4.91558, 1.74946, 1.11864, 38.00000, 474034.00000, 44002.00000, 194939.76316, 11738214094.81233, 108343.03898, 1.08598, -0.13352, 0.76051, 0.37301, 0.44737
0.78579, 4.35121, 2.14766, 4.91558, 1.39213, 1.11864, 32.00000, 486201.00000, 31989.00000, 172026.31250, 14967105180.83984, 122340.12090, 1.08598, 0.10538, 0.60022, 0.29439, 0.25000
0.00000, 4.83686, 0.87622, 4.91558, 1.57080, 1.39159, 22.00000, 419038.00000, 37088.00000, 193664.31818, 16541475168.30786, 128613.66634, 1.08598, -0.00000, 0.84303, 0.15697, 0.50000
0.00000, 4.58794, 1.75244, 4.91123, 1.57080, 1.20593, 51.00000, 459613.00000, 33521.00000, 147380.82353, 10736347722.10611, 103616.34872, 1.14286, 0.00000, 0.72361, 0.27639, 0.37255
-2.05481, 4.45876, -0.43315, 4.92853, 2.00263, 1.65880, 130.00000, 484363.00000, 6067.00000, 83904.16154, 12051301470.32006, 109778.41988, 0.90081, -0.98030, 2.22389, -0.24359, 0.96154
-0.72621, 4.85499, -0.43811, 4.92852, 1.71928, 1.65981, 77.00000, 477551.00000, 10778.00000, 121100.46753, 11426016100.09310, 106892.54464, 0.91102, -0.18312, 1.31474, -0.13162, 0.83117
-1.50894, 4.37124, -1.70460, 4.92852, 1.90319, 1.92396, 133.00000, 474631.00000, 8153.00000, 84642.69173, 9735649364.04783, 98669.39426, 0.91102, -1.19997, 3.63662, -1.43665, 0.98496
-1.44936, 4.62611, -0.87126, 4.92550, 1.87441, 1.74862, 104.00000, 383495.00000, 9698.00000, 75508.15385, 5977293492.97633, 77312.95812, 0.94766, -0.66465, 2.02881, -0.36416, 0.99038
0.72621, 4.85499, -0.43811, 4.92852, 1.42232, 1.65981, 39.00000, 415899.00000, 21428.00000, 149057.74359, 12412772343.26759, 111412.62201, 0.91102, 0.13403, 0.96230, -0.09634, 0.79487
2.05481, 4.45876, -0.43315, 4.92853, 1.13896, 1.65880, 19.00000, 481992.00000, 61218.00000, 223894.57895, 16733513702.87535, 129358.08325, 0.90081, 0.33112, 0.75116, -0.08228, 0.57895
1.50894, 4.37124, -1.70460, 4.92852, 1.23841, 1.92396, 28.00000, 382285.00000, 26803.00000, 176763.21429, 10804358903.95408, 103944.01812, 0.91102, 0.35294, 1.06961, -0.42255, 0.82143
1.44936, 4.62611, -0.87126, 4.92550, 1.26718, 1.74862, 19.00000, 387334.00000, 40686.00000, 172518.05263, 11908831077.62881, 109127.59082, 0.94766, 0.28534, 0.87099, -0.15634, 0.63158
-0.78273, 3.92241, -2.87963, 4.92852, 1.76776, 2.19479, 64.00000, 483906.00000, 8957.00000, 106908.84375, 11791653574.66309, 108589.38058, 0.91102, -2.08678, 10.75154, -7.66476, 0.98438
0.78273, 3.92241, -2.87963, 4.92852, 1.37383, 2.19479, 29.00000, 473918.00000, 39110.00000, 154589.96552, 13507768428.37812, 116222.92557, 0.91102, 0.40335, 2.07817, -1.48153, 0.93103
0.00000, 3.18882, -3.75791, 4.92853, 1.57080, 2.43793, 26.00000, 452653.00000, 24021.00000, 159189.38462, 14045318627.92900, 118512.94709, 0.90081, -0.00000, -7.64229, 8.64229, 0.96154
0.00000, 3.73035, -3.21637, 4.92550, 1.57080, 2.28234, 30.00000, 479527.00000, 16316.00000, 157630.80000, 17922232346.49333, 133873.94200, 0.94766, 0.00000, 9.06739, -8.06739, 1.00000
0.00000, 4.83686, -0.87622, 4.91558, 1.57080, 1.75001, 48.00000, 471885.00000, 22725.00000, 148350.70833, 16555371354.53993, 128667.67797, 1.08598, 0.00000, 1.22879, -0.22879, 0.85417
0.78579, 4.35121, -2.14766, 4.91558, 1.39213, 2.02296, 27.00000, 281640.00000, 32422.00000, 119774.40741, 4428251184.75994, 66545.10639, 1.08598, 0.25627, 1.45965, -0.71592, 0.92593
-0.78579, 4.35121, -2.14766, 4.91558, 1.74946, 2.02296, 57.00000, 482233.00000, 8455.00000, 96028.31579, 10312663240.77747, 101551.28380, 1.08598, -0.52573, 2.99442, -1.46868, 0.94737
0.00000, 4.58794, -1.75244, 4.91123, 1.57080, 1.93566, 37.00000, 466113.00000, 24675.00000, 159278.78378, 17145522976.43974, 130940.91407, 1.14286, 0.00000, 1.61803, -0.61803, 0.86486
-2.75567, 4.02561, -0.70086, 4.92853, 2.17107, 1.71348, 160.00000, 419497.00000, 4669.00000, 62106.10625, 5426524602.48246, 73664.94826, 0.90081, -6.49176, 9.35336, -1.86160, 0.98750
-2.21782, 3.93313, -1.97536, 4.92852, 2.08423, 1.98319, 182.00000, 472828.00000, 5183.00000, 66075.89560, 6905756528.74185, 83100.88164, 0.91102, 6.05607, -10.56672, 5.51065, 0.96703
-3.48430, 3.15040, -1.49161, 4.92852, 2.40648, 1.87827, 189.00000, 429335.00000, 4878.00000, 69606.67196, 7846428462.59080, 88580.06809, 0.91102, 1.82322, -1.63909, 0.81587, 0.96296
-2.85909, 3.75484, -1.40973, 4.92550, 2.22158, 1.86107, 160.00000, 389831.00000, 5238.00000, 62709.38125, 5678879935.16090, 75358.34350, 0.94766, 7.02665, -9.32863, 3.30198, 0.96250
-1.49161, 3.48430, -3.15040, 4.92852, 1.97528, 2.26428, 108.00000, 450304.00000, 9021.00000, 96966.49074, 8995691114.69436, 94845.61727, 0.91102, 1.29147, -2.88604, 2.59457, 0.99074
-0.70086, 2.75567, -4.02561, 4.92853, 1.81985, 2.52663, 31.00000, 467870.00000, 17332.00000, 143551.51613, 14308108050.83039, 119616.50409, 0.90081, 0.39414, -1.37444, 1.98030, 0.87097
-1.97536, 2.21782, -3.93313, 4.92852, 2.29844, 2.49482, 59.00000, 479225.00000, 12498.00000, 129769.96610, 13178760359.99885, 114798.78205, 0.91102, 0.54989, -0.60432, 1.05443, 1.00000
-1.40973, 2.85909, -3.75484, 4.92550, 2.02888, 2.43770, 37.00000, 355814.00000, 19919.00000, 109394.70270, 7879277736.96567, 88765.29579, 0.94766, 0.58922, -1.25387, 1.66465, 0.97297
-3.93313, 1.97536, -2.21782, 4.92852, 2.67616, 2.03756, 77.00000, 482650.00000, 11421.00000, 109349.18182, 12504435200.20071, 111823.23193, 0.91102, 0.95092, -0.49591, 0.54500, 0.98701
-3.15040, 1.49161, -3.48430, 4.92852, 2.69940, 2.35600, 52.00000, 470968.00000, 12948.00000, 111036.76923, 8434258791.10059, 91838.22075, 0.91102, 0.61936, -0.30829, 0.68893, 1.00000
-4.02561, 0.70086, -2.75567, 4.92853, 2.96922, 2.16413, 33.00000, 477313.00000, 23342.00000, 151367.03030, 17710908546.08999, 133082.33747, 0.90081, 0.66888, -0.13313, 0.46424, 1.00000
-3.75484, 1.40973, -2.85909, 4.92550, 2.78243, 2.19010, 52.00000, 465234.00000, 12067.00000, 101993.26923, 10553039777.54290, 102727.98926, 0.94766, 0.71466, -0.25296, 0.53830, 0.96154
-2.20355, 3.47499, -2.68919, 4.91558, 2.13592, 2.14966, 108.00000, 449155.00000, 8264.00000, 76859.81481, 6929948093.57682, 83246.30979, 1.08598, 1.52573, -2.37638, 1.85065, 0.97222
-2.68919, 2.20355, -3.47499, 4.91558, 2.45513, 2.35595, 54.00000, 390618.00000, 13706.00000, 100547.51852, 7720236698.02743, 87864.87750, 1.08598, 0.68510, -0.56481, 0.87972, 1.00000
-3.47499, 2.68919, -2.20355, 4.91558, 2.48299, 2.03563, 102.00000, 362524.00000, 8720.00000, 74612.32353, 5903750236.66984, 76835.86556, 1.08598, 1.15838, -0.90211, 0.74373, 1.00000
-2.83550, 2.83550, -2.83550, 4.91123, 2.35619, 2.18628, 106.00000, 483618.00000, 9159.00000, 84705.85849, 7370976081.53658, 85854.38883, 1.14286, 1.00000, -1.00000, 1.00000, 1.00000
-3.18882, 3.75791, 0.00000, 4.92853, 2.27446, 1.57080, 119.00000, 487457.00000, 6989.00000, 78429.87395, 8517724159.47151, 92291.51727, 0.90081, -7.64229, 8.64229, 0.00000, 1.00000
-3.92241, 2.87963, -0.78273, 4.92852, 2.50831, 1.73029, 128.00000, 464585.00000, 9121.00000, 85116.92188, 10340203214.24390, 101686.78977, 0.91102, 2.07817, -1.48153, 0.40335, 0.95312
-3.92241, 2.87963, 0.78273, 4.92852, 2.50831, 1.41130, 65.00000, 485309.00000, 10529.00000, 145284.80000, 18644606492.65231, 136545.25438, 0.91102, 10.75154, -7.66476, -2.08678, 0.93846
-3.73035, 3.21637, 0.00000, 4.92550, 2.43005, 1.57080, 92.00000, 498068.00000, 7633.00000, 95515.53261, 10566835410.90111, 102795.11375, 0.94766, 9.06739, -8.06739, -0.00000, 0.95652
-4.37124, 1.70460, -1.50894, 4.92852, 2.76977, 1.88196, 71.00000, 439779.00000, 9648.00000, 108344.14085, 8040597592.85340, 89669.37935, 0.91102, 1.06961, -0.42255, 0.35294, 0.98592
-4.45876, 0.43315, -2.05481, 4.92853, 3.04475, 2.00085, 29.00000, 426956.00000, 47025.00000, 164897.20690, 8665761396.57788, 93090.07142, 0.90081, 0.75116, -0.08228, 0.33112, 1.00000
-4.85499, 0.43811, -0.72621, 4.92852, 3.05160, 1.71868, 33.00000, 425728.00000, 31188.00000, 160005.21212, 13214077600.47016, 114952.50150, 0.91102, 0.96230, -0.09634, 0.13403, 0.84848
-4.62611, 0.87126, -1.44936, 4.92550, 2.95544, 1.86947, 31.00000, 335499.00000, 16981.00000, 132057.87097, 8868778035.78980, 94174.18986, 0.94766, 0.87099, -0.15634, 0.28534, 1.00000
-4.37124, 1.70460, 1.50894, 4.92852, 2.76977, 1.25963, 30.00000, 475229.00000, 32056.00000, 174781.33333, 16769119590.02222, 129495.63541, 0.91102, 3.63662, -1.43665, -1.19997, 1.00000
-4.85499, 0.43811, 0.72621, 4.92852, 3.05160, 1.42291, 25.00000, 414768.00000, 41145.00000, 170161.28000, 11692374502.44160, 108131.28364, 0.91102, 1.31474, -0.13162, -0.18312, 0.76000
-4.45876, 0.43315, 2.05481, 4.92853, 3.04475, 1.14074, 10.00000, 396600.00000, 53422.00000, 207222.30000, 13072553655.01000, 114335.26864, 0.90081, 2.22389, -0.24359, -0.98030, 0.30000
-4.62611, 0.87126, 1.44936, 4.92550, 2.95544, 1.27212, 21.00000, 422427.00000, 56691.00000, 158661.80952, 10740082994.53515, 103634.37168, 0.94766, 2.02881, -0.36416, -0.66465, 0.95238
-4.35121, 2.14766, -0.78579, 4.91558, 2.68310, 1.73134, 63.00000, 426574.00000, 11013.00000, 108776.68254, 11003990998.91509, 104899.90943, 1.08598, 1.45965, -0.71592, 0.25627, 0.98413
-4.83686, 0.87622, 0.00000, 4.91558, 2.96238, 1.57080, 18.00000, 494974.00000, 30003.00000, 144042.16667, 14138191101.69444, 118904.12567, 1.08598, 1.22879, -0.22879, -0.00000, 0.94444
-4.35121, 2.14766, 0.78579, 4.91558, 2.68310, 1.41025, 30.00000, 399356.00000, 25483.00000, 122431.83333, 10197506443.33889, 100982.70368, 1.08598, 2.99442, -1.46868, -0.52573, 0.93333
-4.58794, 1.75244, 0.00000, 4.91123, 2.77673, 1.57080, 41.00000, 472124.00000, 23660.00000, 137848.65854, 12826396490.07852, 113253.68202, 1.14286, 1.61803, -0.61803, -0.00000, 0.87805
2.75567, 4.02561, 0.70086, 4.92853, 0.97053, 1.42811, 22.00000, 424185.00000, 35927.00000, 186488.45455, 14102880078.42975, 118755.54757, 0.90081, 0.36663, 0.52824, 0.10514, 0.27273
2.21782, 3.93313, 1.97536, 4.92852, 1.05736, 1.15840, 35.00000, 465877.00000, 33181.00000, 161985.85714, 10343388483.15102, 101702.45072, 0.91102, 0.27362, 0.47741, 0.24897, 0.08571
3.48430, 3.15040, 1.49161, 4.92852, 0.73511, 1.26333, 20.00000, 498297.00000, 67567.00000, 218390.20000, 19669640123.36000, 140248.49419, 0.91102, 0.42617, 0.38313, 0.19070, 0.05000
2.85909, 3.75484, 1.40973, 4.92550, 0.92001, 1.28053, 19.00000, 484668.00000, 86677.00000, 274400.10526, 23435404482.93629, 153086.26484, 0.94766, 0.35746, 0.47456, 0.16798, 0.26316
1.49161, 3.48430, 3.15040, 4.92852, 1.16631, 0.87732, 53.00000, 488609.00000, 28004.00000, 149041.20755, 14216938674.16447, 119234.80479, 0.91102, 0.19070, 0.42617, 0.38313, 0.07547
0.70086, 2.75567, 4.02561, 4.92853, 1.32174, 0.61496, 55.00000, 475443.00000, 29387.00000, 178108.69091, 16821306068.75901, 129696.97787, 0.90081, 0.10514, 0.36663, 0.52824, 0.12727
1.97536, 2.21782, 3.93313, 4.92852, 0.84316, 0.64677, 42.00000, 453484.00000, 10715.00000, 169276.50000, 12346688987.15476, 111115.65590, 0.91102, 0.24897, 0.27362, 0.47741, 0.02381
1.40973, 2.85909, 3.75484, 4.92550, 1.11271, 0.70390, 42.00000, 499513.00000, 26346.00000, 146176.47619, 12370973620.01134, 111224.87860, 0.94766, 0.16798, 0.35746, 0.47456, 0.04762
3.93313, 1.97536, 2.21782, 4.92852, 0.46544, 1.10403, 18.00000, 473613.00000, 52250.00000, 239741.22222, 12747657624.50617, 112905.52522, 0.91102, 0.47741, 0.24897, 0.27362, 0.05556
3.15040, 1.49161, 3.48430, 4.92852, 0.44220, 0.78559, 33.00000, 480784.00000, 63509.00000, 197743.57576, 14789285018.78971, 121611.20433, 0.91102, 0.38313, 0.19070, 0.42617, 0.00000
4.02561, 0.70086, 2.75567, 4.92853, 0.17237, 0.97747, 9.00000, 492587.00000, 62549.00000, 221748.11111, 23674165654.54321, 153864.11425, 0.90081, 0.52824, 0.10514, 0.36663, 0.00000
3.75484, 1.40973, 2.85909, 4.92550, 0.35916, 0.95149, 18.00000, 468310.00000, 62411.00000, 166473.22222, 11928656728.06173, 109218.39006, 0.94766, 0.47456, 0.16798, 0.35746, 0.00000
2.20355, 3.47499, 2.68919, 4.91558, 1.00567, 0.99193, 30.00000, 491146.00000, 38524.00000, 172883.70000, 16009063367.87667, 126526.92744, 1.08598, 0.26522, 0.41309, 0.32170, 0.00000
2.68919, 2.20355, 3.47499, 4.91558, 0.68646, 0.78564, 29.00000, 482901.00000, 61120.00000, 192481.13793, 16347831309.56718, 127858.63799, 1.08598, 0.32170, 0.26522, 0.41309, 0.00000
3.47499, 2.68919, 2.20355, 4.91558, 0.65860, 1.10596, 22.00000, 465864.00000, 42037.00000, 221961.00000, 18780607163.72727, 137042.35536, 1.08598, 0.41309, 0.32170, 0.26522, 0.04545
2.83550, 2.83550, 2.83550, 4.91123, 0.78540, 0.95532, 26.00000, 430167.00000, 41512.00000, 165176.34615, 13665894546.45710, 116901.21704, 1.14286, 0.33333, 0.33333, 0.33333, 0.07692
-0.43315, 2.05481, 4.45876, 4.92853, 1.77855, 0.44016, 36.00000, 498543.00000, 38029.00000, 168477.30556, 19138168471.48997, 138340.76938, 0.90081, -0.08228, 0.33112, 0.75116, 0.08333
-1.70460, 1.50894, 4.37124, 4.92852, 2.41700, 0.48015, 32.00000, 471157.00000, 35950.00000, 183364.87500, 13382219888.29688, 115681.54515, 0.91102, -0.42255, 0.35294, 1.06961, 0.21875
-0.43811, 0.72621, 4.85499, 4.92852, 2.11363, 0.17295, 37.00000, 415145.00000, 37035.00000, 185853.59459, 10953606206.24105, 104659.47738, 0.91102, -0.09634, 0.13403, 0.96230, 0.02703
-0.87126, 1.44936, 4.62611, 4.92550, 2.11205, 0.35046, 21.00000, 370452.00000, 30897.00000, 160719.09524, 8739600957.41950, 93485.83292, 0.94766, -0.15634, 0.28534, 0.87099, 0.09524
-2.87963, 0.78273, 3.92241, 4.92852, 2.87619, 0.65037, 22.00000, 435014.00000, 80178.00000, 208526.27273, 12970950778.47108, 113890.08200, 0.91102, -1.48153, 0.40335, 2.07817, 0.18182
-3.75791, 0.00000, 3.18882, 4.92853, 3.14159, 0.86714, 10.00000, 491999.00000, 56598.00000, 209100.00000, 13733980579.00000, 117192.06705, 0.90081, 8.64229, -0.00000, -7.64229, 0.50000
-2.87963, -0.78273, 3.92241, 4.92852, -2.87619, 0.65037, 7.00000, 448225.00000, 114616.00000, 312931.28571, 12916456617.34694, 113650.59004, 0.91102, -7.66476, -2.08678, 10.75154, 0.42857
-3.21637, 0.00000, 3.73035, 4.92550, 3.14159, 0.71154, 11.00000, 486972.00000, 57972.00000, 241996.63636, 15515366399.32232, 124560.69364, 0.94766, -8.06739, 0.00000, 9.06739, 0.36364
-0.43811, -0.72621, 4.85499, 4.92852, -2.11363, 0.17295, 24.00000, 449520.00000, 55826.00000, 255238.83333, 12543412374.55556, 111997.37664, 0.91102, -0.13162, -0.18312, 1.31474, 0.08333
-1.70460, -1.50894, 4.37124, 4.92852, -2.41700, 0.48015, 10.00000, 490859.00000, 114929.00000, 239858.70000, 9586993756.81000, 97913.19501, 0.91102, -1.43665, -1.19997, 3.63662, 0.10000
-0.43315, -2.05481, 4.45876, 4.92853, -1.77855, 0.44016, 7.00000, 480265.00000, 109777.00000, 293786.57143, 20231738873.67347, 142238.31718, 0.90081, -0.24359, -0.98030, 2.22389, 0.00000
-0.87126, -1.44936, 4.62611, 4.92550, -2.11205, 0.35046, 4.00000, 374923.00000, 78349.00000, 207012.50000, 17048913581.25000, 130571.48839, 0.94766, -0.36416, -0.66465, 2.02881, 0.25000
-2.14766, 0.78579, 4.35121, 4.91558, 2.79084, 0.48390, 13.00000, 436720.00000, 67715.00000, 214383.46154, 10643032660.09468, 103165.07481, 1.08598, -0.71592, 0.25627, 1.45965, 0.15385
-2.14766, -0.78579, 4.35121, 4.91558, -2.79084, 0.48390, 12.00000, 476435.00000, 87095.00000, 229321.25000, 14240802222.68750, 119334.83239, 1.08598, -1.46868, -0.52573, 2.99442, 0.08333
-0.87622, 0.00000, 4.83686, 4.91558, 3.14159, 0.17921, 23.00000, 476851.00000, 55432.00000, 244804.47826, 17933186890.24952, 133914.84940, 1.08598, -0.22879, 0.00000, 1.22879, 0.04348
-1.75244, 0.00000, 4.58794, 4.91123, 3.14159, 0.36486, 15.00000, 395805.00000, 75275.00000, 195819.53333, 9328312347.84889, 96583.18874, 1.14286, -0.61803, 0.00000, 1.61803, 0.06667
-4.45876, -0.43315, 2.05481, 4.92853, -3.04475, 1.14074, 4.00000, 318291.00000, 84901.00000, 183014.00000, 8159420197.00000, 90329.50900, 0.90081, 1.49537, 0.16379, -0.65917, 1.00000
-4.85499, -0.43811, 0.72621, 4.92852, -3.05160, 1.42291, 9.00000, 380370.00000, 54904.00000, 181607.66667, 11462063850.88889, 107061.02863, 0.91102, 1.04077, 0.10419, -0.14496, 1.00000
-4.37124, -1.70460, 1.50894, 4.92852, -2.76977, 1.25963, 12.00000, 444863.00000, 85332.00000, 260506.08333, 12798857792.90972, 113132.03699, 0.91102, 0.93889, 0.37091, -0.30980, 0.66667
-4.62611, -0.87126, 1.44936, 4.92550, -2.95544, 1.27212, 5.00000, 404768.00000, 160048.00000, 285431.40000, 7564066529.84000, 86971.64210, 0.94766, 1.17386, 0.21070, -0.38457, 0.80000
-4.85499, -0.43811, -0.72621, 4.92852, -3.05160, 1.71868, 14.00000, 376122.00000, 56249.00000, 178136.14286, 11813867442.97959, 108691.61625, 0.91102, 0.80685, 0.08077, 0.11238, 0.92857
-4.45876, -0.43315, -2.05481, 4.92853, -3.04475, 2.00085, 16.00000, 470943.00000, 39328.00000, 179269.87500, 12187066083.98438, 110395.04556, 0.90081, 0.64502, 0.07065, 0.28433, 0.87500
-4.37124, -1.70460, -1.50894, 4.92852, -2.76977, 1.88196, 8.00000, 464984.00000, 63136.00000, 207883.12500, 18518391569.85938, 136082.29705, 0.91102, 0.57970, 0.22901, 0.19128, 0.87500
-4.62611, -0.87126, -1.44936, 4.92550, -2.95544, 1.86947, 8.00000, 362230.00000, 87684.00000, 214841.37500, 8348065320.73438, 91367.74771, 0.94766, 0.66353, 0.11910, 0.21738, 1.00000
-3.92241, -2.87963, 0.78273, 4.92852, -2.50831, 1.41130, 2.00000, 250966.00000, 145386.00000, 198176.00000, 2786784100.00000, 52790.00000, 0.91102, 0.65841, 0.46938, -0.12779, 1.00000
-3.92241, -2.87963, -0.78273, 4.92852, -2.50831, 1.73029, 3.00000, 375772.00000, 203846.00000, 275142.66667, 5356627579.55556, 73188.98537, 0.91102, 0.52439, 0.37383, 0.10178, 0.66667
-3.18882, -3.75791, 0.00000, 4.92853, -2.27446, 1.57080, 3.00000, 251531.00000, 115574.00000, 185075.00000, 3085353654.00000, 55545.95984, 0.90081, 0.46930, 0.53070, 0.00000, 1.00000
-3.73035, -3.21637, 0.00000, 4.92550, -2.43005, 1.57080, 1.00000, 303190.00000, 303190.00000, 303190.00000, 0.00000, 0.00000, 0.94766, 0.52918, 0.47082, -0.00000, 1.00000
-4.83686, -0.87622, 0.00000, 4.91558, -2.96238, 1.57080, 6.00000, 374424.00000, 40872.00000, 157823.83333, 11364514028.47222, 106604.47471, 1.08598, 0.84303, 0.15697, -0.00000, 1.00000
-4.35121, -2.14766, -0.78579, 4.91558, -2.68310, 1.73134, 5.00000, 397037.00000, 48450.00000, 188444.20000, 16177265569.76000, 127189.87998, 1.08598, 0.60022, 0.29439, 0.10538, 1.00000
-4.35121, -2.14766, 0.78579, 4.91558, -2.68310, 1.41025, 2.00000, 345751.00000, 205777.00000, 275764.00000, 4898180169.00000, 69987.00000, 1.08598, 0.76051, 0.37301, -0.13352, 0.50000
-4.58794, -1.75244, 0.00000, 4.91123, -2.77673, 1.57080, 7.00000, 464465.00000, 90793.00000, 221595.85714, 13415724498.97959, 115826.26861, 1.14286, 0.72361, 0.27639, -0.00000, 0.85714
-3.75791, 0.00000, -3.18882, 4.92853, 3.14159, 2.27446, 26.00000, 487112.00000, 30007.00000, 146310.26923, 13734620277.19674, 117194.79629, 0.90081, 0.53070, -0.00000, 0.46930, 0.96154
-2.87963, 0.78273, -3.92241, 4.92852, 2.87619, 2.49122, 33.00000, 494112.00000, 25254.00000, 144876.66667, 14518926716.70707, 120494.50907, 0.91102, 0.46938, -0.12779, 0.65841, 1.00000
-2.87963, -0.78273, -3.92241, 4.92852, -2.87619, 2.49122, 8.00000, 443809.00000, 169997.00000, 310461.37500, 9804036905.23438, 99015.33672, 0.91102, 0.37383, 0.10178, 0.52439, 1.00000
-3.21637, 0.00000, -3.73035, 4.92550, 3.14159, 2.43005, 11.00000, 257955.00000, 17999.00000, 138814.18182, 5627348515.96694, 75015.65514, 0.94766, 0.47082, 0.00000, 0.52918, 1.00000
-1.70460, 1.50894, -4.37124, 4.92852, 2.41700, 2.66145, 31.00000, 470191.00000, 23074.00000, 143212.74194, 14508213348.44953, 120450.04503, 0.91102, 0.37091, -0.30980, 0.93889, 1.00000
-0.43315, 2.05481, -4.45876, 4.92853, 1.77855, 2.70143, 22.00000, 432428.00000, 27024.00000, 174972.77273, 17389788407.26653, 131870.34696, 0.90081, 0.16379, -0.65917, 1.49537, 0.86364
-0.43811, 0.72621, -4.85499, 4.92852, 2.11363, 2.96865, 14.00000, 480368.00000, 57996.00000, 201983.21429, 14162552536.88265, 119006.52309, 0.91102, 0.10419, -0.14496, 1.04077, 1.00000
-0.87126, 1.44936, -4.62611, 4.92550, 2.11205, 2.79113, 15.00000, 432418.00000, 34945.00000, 130110.40000, 12635878068.64000, 112409.42162, 0.94766, 0.21070, -0.38457, 1.17386, 1.00000
-1.70460, -1.50894, -4.37124, 4.92852, -2.41700, 2.66145, 7.00000, 355403.00000, 75766.00000, 220007.57143, 9258780796.53061, 96222.55867, 0.91102, 0.22901, 0.19128, 0.57970, 1.00000
-0.43811, -0.72621, -4.85499, 4.92852, -2.11363, 2.96865, 5.00000, 270894.00000, 100233.00000, 219860.40000, 3904676597.04000, 62487.41151, 0.91102, 0.08077, 0.11238, 0.80685, 1.00000
-0.43315, -2.05481, -4.45876, 4.92853, -1.77855, 2.70143, 3.00000, 184178.00000, 94453.00000, 135721.66667, 1367593880.22222, 36980.99350, 0.90081, 0.07065, 0.28433, 0.64502, 1.00000
-0.87126, -1.44936, -4.62611, 4.92550, -2.11205, 2.79113, 2.00000, 124849.00000, 103793.00000, 114321.00000, 110838784.00000, 10528.00000, 0.94766, 0.11910, 0.21738, 0.66353, 1.00000
-2.14766, 0.78579, -4.35121, 4.91558, 2.79084, 2.65769, 17.00000, 490770.00000, 30812.00000, 166253.52941, 16752230967.30796, 129430.40975, 1.08598, 0.37301, -0.13352, 0.76051, 1.00000
-0.87622, 0.00000, -4.83686, 4.91558, 3.14159, 2.96238, 6.00000, 470320.00000, 183897.00000, 298638.00000, 8202996900.66667, 90570.39749, 1.08598, 0.15697, 0.00000, 0.84303, 1.00000
-2.14766, -0.78579, -4.35121, 4.91558, -2.79084, 2.65769, 9.00000, 417879.00000, 53907.00000, 232341.00000, 16154640577.33333, 127100.90707, 1.08598, 0.29439, 0.10538, 0.60022, 1.00000
-1.75244, 0.00000, -4.58794, 4.91123, 3.14159, 2.77673, 7.00000, 196055.00000, 47344.00000, 135646.57143, 2836070878.53061, 53254.77329, 1.14286, 0.27639, 0.00000, 0.72361, 1.00000
0.70086, 2.75567, -4.02561, 4.92853, 1.32174, 2.52663, 17.00000, 420124.00000, 40222.00000, 172313.23529, 13439727729.35640, 115929.83968, 0.90081, -1.86160, -6.49176, 9.35336, 1.00000
1.49161, 3.48430, -3.15040, 4.92852, 1.16631, 2.26428, 19.00000, 450820.00000, 42333.00000, 221251.57895, 20670438740.45430, 143772.17652, 0.91102, 0.81587, 1.82322, -1.63909, 0.89474
1.97536, 2.21782, -3.93313, 4.92852, 0.84316, 2.49482, 9.00000, 408449.00000, 61210.00000, 201033.77778, 9238287216.83951, 96116.00916, 0.91102, 5.51065, 6.05607, -10.56672, 0.88889
1.40973, 2.85909, -3.75484, 4.92550, 1.11271, 2.43770, 11.00000, 291786.00000, 58664.00000, 164425.81818, 6578519795.23967, 81108.07478, 0.94766, 3.30198, 7.02665, -9.32863, 0.81818
2.21782, 3.93313, -1.97536, 4.92852, 1.05736, 1.98319, 16.00000, 485364.00000, 103408.00000, 261007.18750, 15556491593.65234, 124725.66534, 0.91102, 0.54500, 0.95092, -0.49591, 0.81250
2.75567, 4.02561, -0.70086, 4.92853, 0.97053, 1.71348, 15.00000, 359003.00000, 36443.00000, 206034.20000, 6422615246.96000, 80141.22065, 0.90081, 0.46424, 0.66888, -0.13313, 0.46667
3.48430, 3.15040, -1.49161, 4.92852, 0.73511, 1.87827, 5.00000, 319051.00000, 85961.00000, 214582.40000, 6635145799.44000, 81456.40429, 0.91102, 0.68893, 0.61936, -0.30829, 0.80000
2.85909, 3.75484, -1.40973, 4.92550, 0.92001, 1.86107, 15.00000, 495607.00000, 97700.00000, 266799.06667, 17191647839.66222, 131116.92431, 0.94766, 0.53830, 0.71466, -0.25296, 0.40000
3.15040, 1.49161, -3.48430, 4.92852, 0.44220, 2.35600, 6.00000, 486480.00000, 168978.00000, 311241.66667, 14840115676.55556, 121820.01345, 0.91102, 2.59457, 1.29147, -2.88604, 0.83333
3.93313, 1.97536, -2.21782, 4.92852, 0.46544, 2.03756, 9.00000, 453850.00000, 119787.00000, 276408.33333, 11864501305.77778, 108924.29162, 0.91102, 1.05443, 0.54989, -0.60432, 0.88889
4.02561, 0.70086, -2.75567, 4.92853, 0.17237, 2.16413, 0.00000, 0.00000, 0.00000, 0.00000, 0.00000, 0.00000, 0.90081, 1.98030, 0.39414, -1.37444, 0.00000
3.75484, 1.40973, -2.85909, 4.92550, 0.35916, 2.19010, 2.00000, 282045.00000, 184229.00000, 233137.00000, 2391992464.00000, 48908.00000, 0.94766, 1.66465, 0.58922, -1.25387, 0.50000
2.20355, 3.47499, -2.68919, 4.91558, 1.00567, 2.14966, 6.00000, 496862.00000, 115521.00000, 310004.50000, 28078555282.25000, 167566.56970, 1.08598, 0.74373, 1.15838, -0.90211, 0.83333
3.47499, 2.68919, -2.20355, 4.91558, 0.65860, 2.03563, 6.00000, 439260.00000, 155255.00000, 283450.66667, 8375077490.88889, 91515.44947, 1.08598, 0.87972, 0.68510, -0.56481, 0.66667
2.68919, 2.20355, -3.47499, 4.91558, 0.68646, 2.35595, 5.00000, 305745.00000, 158738.00000, 205333.40000, 2829464195.84000, 53192.70811, 1.08598, 1.85065, 1.52573, -2.37638, 1.00000
2.83550, 2.83550, -2.83550, 4.91123, 0.78540, 2.18628, 13.00000, 461239.00000, 57165.00000, 302045.38462, 17147544394.08284, 130948.63265, 1.14286, 1.00000, 1.00000, -1.00000, 0.46154
2.75567, -4.02561, 0.70086, 4.92853, -0.97053, 1.42811, 0.00000, 0.00000, 0.00000, 0.00000, 0.00000, 0.00000, 0.90081, -6.49176, 9.35336, -1.86160, 0.00000
3.48430, -3.15040, 1.49161, 4.92852, -0.73511, 1.26333, 1.00000, 265003.00000, 265003.00000, 265003.00000, 0.00000, 0.00000, 0.91102, 1.82322, -1.63909, 0.81587, 0.00000
2.21782, -3.93313, 1.97536, 4.92852, -1.05736, 1.15840, 4.00000, 458828.00000, 170725.00000, 306691.75000, 12183287086.68750, 110377.92844, 0.91102, 6.05607, -10.56672, 5.51065, 0.00000
2.85909, -3.75484, 1.40973, 4.92550, -0.92001, 1.28053, 0.00000, 0.00000, 0.00000, 0.00000, 0.00000, 0.00000, 0.94766, 7.02665, -9.32863, 3.30198, 0.00000
3.93313, -1.97536, 2.21782, 4.92852, -0.46544, 1.10403, 2.00000, 482243.00000, 120450.00000, 301346.50000, 32723543712.25000, 180896.50000, 0.91102, 0.95092, -0.49591, 0.54500, 0.00000
4.02561, -0.70086, 2.75567, 4.92853, -0.17237, 0.97747, 8.00000, 475117.00000, 128040.00000, 283313.75000, 12979311705.68750, 113926.78221, 0.90081, 0.66888, -0.13313, 0.46424, 0.12500
3.15040, -1.49161, 3.48430, 4.92852, -0.44220, 0.78559, 11.00000, 467665.00000, 71126.00000, 245736.09091, 15576791151.71901, 124807.01564, 0.91102, 0.61936, -0.30829, 0.68893, 0.00000
3.75484, -1.40973, 2.85909, 4.92550, -0.35916, 0.95149, 3.00000, 274243.00000, 165815.00000, 215868.33333, 1994060824.88889, 44654.90818, 0.94766, 0.71466, -0.25296, 0.53830, 0.00000
1.49161, -3.48430, 3.15040, 4.92852, -1.16631, 0.87732, 1.00000, 242449.00000, 242449.00000, 242449.00000, 0.00000, 0.00000, 0.91102, 1.29147, -2.88604, 2.59457, 0.00000
1.97536, -2.21782, 3.93313, 4.92852, -0.84316, 0.64677, 4.00000, 471925.00000, 419997.00000, 441160.50000, 452453498.25000, 21270.95433, 0.91102, 0.54989, -0.60432, 1.05443, 0.00000
0.70086, -2.75567, 4.02561, 4.92853, -1.32174, 0.61496, 6.00000, 495611.00000, 211335.00000, 311526.00000, 10685182541.00000, 103369.15662, 0.90081, 0.39414, -1.37444, 1.98030, 0.00000
1.40973, -2.85909, 3.75484, 4.92550, -1.11271, 0.70390, 3.00000, 407594.00000, 180273.00000, 261109.00000, 10767368440.66667, 103765.93102, 0.94766, 0.58922, -1.25387, 1.66465, 0.00000
3.47499, -2.68919, 2.20355, 4.91558, -0.65860, 1.10596, 2.00000, 253375.00000, 128883.00000, 191129.00000, 3874564516.00000, 62246.00000, 1.08598, 1.15838, -0.90211, 0.74373, 0.00000
2.68919, -2.20355, 3.47499, 4.91558, -0.68646, 0.78564, 1.00000, 450140.00000, 450140.00000, 450140.00000, 0.00000, 0.00000, 1.08598, 0.68510, -0.56481, 0.87972, 0.00000
2.20355, -3.47499, 2.68919, 4.91558, -1.00567, 0.99193, 3.00000, 306489.00000, 139648.00000, 206834.33333, 5166416214.88889, 71877.78666, 1.08598, 1.52573, -2.37638, 1.85065, 0.00000
2.83550, -2.83550, 2.83550, 4.91123, -0.78540, 0.95532, 9.00000, 490615.00000, 135148.00000, 282803.55556, 17124459152.02469, 130860.45679, 1.14286, 1.00000, -1.00000, 1.00000, 0.22222
2.05481, -4.45876, 0.43315, 4.92853, -1.13896, 1.48280, 2.00000, 453417.00000, 329732.00000, 391574.50000, 3824494806.25000, 61842.50000, 0.90081, -0.98030, 2.22389, -0.24359, 0.00000
1.50894, -4.37124, 1.70460, 4.92852, -1.23841, 1.21764, 0.00000, 0.00000, 0.00000, 0.00000, 0.00000, 0.00000, 0.91102, -1.19997, 3.63662, -1.43665, 0.00000
0.72621, -4.85499, 0.43811, 4.92852, -1.42232, 1.48179, 1.00000, 360308.00000, 360308.00000, 360308.00000, 0.00000, 0.00000, 0.91102, -0.18312, 1.31474, -0.13162, 0.00000
1.44936, -4.62611, 0.87126, 4.92550, -1.26718, 1.39297, 1.00000, 472179.00000, 472179.00000, 472179.00000, 0.00000, 0.00000, 0.94766, -0.66465, 2.02881, -0.36416, 0.00000
0.78273, -3.92241, 2.87963, 4.92852, -1.37383, 0.94680, 0.00000, 0.00000, 0.00000, 0.00000, 0.00000, 0.00000, 0.91102, -2.08678, 10.75154, -7.66476, 0.00000
0.00000, -3.18882, 3.75791, 4.92853, -1.57080, 0.70366, 1.00000, 287198.00000, 287198.00000, 287198.00000, 0.00000, 0.00000, 0.90081, 0.00000, -7.64229, 8.64229, 0.00000
-0.78273, -3.92241, 2.87963, 4.92852, -1.76776, 0.94680, 1.00000, 299013.00000, 299013.00000, 299013.00000, 0.00000, 0.00000, 0.91102, 0.40335, 2.07817, -1.48153, 0.00000
0.00000, -3.73035, 3.21637, 4.92550, -1.57080, 0.85925, 2.00000, 365182.00000, 289997.00000, 327589.50000, 1413196056.25000, 37592.50000, 0.94766, -0.00000, 9.06739, -8.06739, 0.00000
-0.72621, -4.85499, 0.43811, 4.92852, -1.71928, 1.48179, 0.00000, 0.00000, 0.00000, 0.00000, 0.00000, 0.00000, 0.91102, 0.13403, 0.96230, -0.09634, 0.00000
-1.50894, -4.37124, 1.70460, 4.92852, -1.90319, 1.21764, 2.00000, 476671.00000, 260522.00000, 368596.50000, 11680097550.25000, 108074.50000, 0.91102, 0.35294, 1.06961, -0.42255, 1.00000
-2.05481, -4.45876, 0.43315, 4.92853, -2.00263, 1.48280, 1.00000, 468850.00000, 468850.00000, 468850.00000, 0.00000, 0.00000, 0.90081, 0.33112, 0.75116, -0.08228, 0.00000
-1.44936, -4.62611, 0.87126, 4.92550, -1.87441, 1.39297, 1.00000, 467300.00000, 467300.00000, 467300.00000, 0.00000, 0.00000, 0.94766, 0.28534, 0.87099, -0.15634, 0.00000
0.78579, -4.35121, 2.14766, 4.91558, -1.39213, 1.11864, 2.00000, 432755.00000, 340696.00000, 386725.50000, 2118714870.25000, 46029.50000, 1.08598, -0.52573, 2.99442, -1.46868, 0.50000
-0.78579, -4.35121, 2.14766, 4.91558, -1.74946, 1.11864, 0.00000, 0.00000, 0.00000, 0.00000, 0.00000, 0.00000, 1.08598, 0.25627, 1.45965, -0.71592, 0.00000
0.00000, -4.83686, 0.87622, 4.91558, -1.57080, 1.39159, 0.00000, 0.00000, 0.00000, 0.00000, 0.00000, 0.00000, 1.08598, -0.00000, 1.22879, -0.22879, 0.00000
0.00000, -4.58794, 1.75244, 4.91123, -1.57080, 1.20593, 0.00000, 0.00000, 0.00000, 0.00000, 0.00000, 0.00000, 1.14286, -0.00000, 1.61803, -0.61803, 0.00000
2.05481, -4.45876, -0.43315, 4.92853, -1.13896, 1.65880, 1.00000, 214643.00000, 214643.00000, 214643.00000, 0.00000, 0.00000, 0.90081, -0.65917, 1.49537, 0.16379, 0.00000
0.72621, -4.85499, -0.43811, 4.92852, -1.42232, 1.65981, 0.00000, 0.00000, 0.00000, 0.00000, 0.00000, 0.00000, 0.91102, -0.14496, 1.04077, 0.10419, 0.00000
1.50894, -4.37124, -1.70460, 4.92852, -1.23841, 1.92396, 3.00000, 337282.00000, 320373.00000, 330083.66667, 50808289.55556, 7127.99338, 0.91102, -0.30980, 0.93889, 0.37091, 0.66667
1.44936, -4.62611, -0.87126, 4.92550, -1.26718, 1.74862, 1.00000, 293495.00000, 293495.00000, 293495.00000, 0.00000, 0.00000, 0.94766, -0.38457, 1.17386, 0.21070, 1.00000
-0.72621, -4.85499, -0.43811, 4.92852, -1.71928, 1.65981, 0.00000, 0.00000, 0.00000, 0.00000, 0.00000, 0.00000, 0.91102, 0.11238, 0.80685, 0.08077, 0.00000
-2.05481, -4.45876, -0.43315, 4.92853, -2.00263, 1.65880, 1.00000, 331542.00000, 331542.00000, 331542.00000, 0.00000, 0.00000, 0.90081, 0.28433, 0.64502, 0.07065, 1.00000
-1.50894, -4.37124, -1.70460, 4.92852, -1.90319, 1.92396, 2.00000, 360811.00000, 286051.00000, 323431.00000, 1397264400.00000, 37380.00000, 0.91102, 0.19128, 0.57970, 0.22901, 1.00000
-1.44936, -4.62611, -0.87126, 4.92550, -1.87441, 1.74862, 0.00000, 0.00000, 0.00000, 0.00000, 0.00000, 0.00000, 0.94766, 0.21738, 0.66353, 0.11910, 0.00000
0.78273, -3.92241, -2.87963, 4.92852, -1.37383, 2.19479, 1.00000, 152084.00000, 152084.00000, 152084.00000, 0.00000, 0.00000, 0.91102, -0.12779, 0.65841, 0.46938, 1.00000
-0.78273, -3.92241, -2.87963, 4.92852, -1.76776, 2.19479, 0.00000, 0.00000, 0.00000, 0.00000, 0.00000, 0.00000, 0.91102, 0.10178, 0.52439, 0.37383, 0.00000
0.00000, -3.18882, -3.75791, 4.92853, -1.57080, 2.43793, 1.00000, 329206.00000, 329206.00000, 329206.00000, 0.00000, 0.00000, 0.90081, 0.00000, 0.46930, 0.53070, 1.00000
0.00000, -3.73035, -3.21637, 4.92550, -1.57080, 2.28234, 1.00000, 403168.00000, 403168.00000, 403168.00000, 0.00000, 0.00000, 0.94766, -0.00000, 0.52918, 0.47082, 1.00000
0.00000, -4.83686, -0.87622, 4.91558, -1.57080, 1.75001, 0.00000, 0.00000, 0.00000, 0.00000, 0.00000, 0.00000, 1.08598, -0.00000, 0.84303, 0.15697, 0.00000
-0.78579, -4.35121, -2.14766, 4.91558, -1.74946, 2.02296, 0.00000, 0.00000, 0.00000, 0.00000, 0.00000, 0.00000, 1.08598, 0.10538, 0.60022, 0.29439, 0.00000
0.78579, -4.35121, -2.14766, 4.91558, -1.39213, 2.02296, 1.00000, 397155.00000, 397155.00000, 397155.00000, 0.00000, 0.00000, 1.08598, -0.13352, 0.76051, 0.37301, 1.00000
0.00000, -4.58794, -1.75244, 4.91123, -1.57080, 1.93566, 0.00000, 0.00000, 0.00000, 0.00000, 0.00000, 0.00000, 1.14286, -0.00000, 0.72361, 0.27639, 0.00000
2.75567, -4.02561, -0.70086, 4.92853, -0.97053, 1.71348, 0.00000, 0.00000, 0.00000, 0.00000, 0.00000, 0.00000, 0.90081, -1.37444, 1.98030, 0.39414, 0.00000
2.21782, -3.93313, -1.97536, 4.92852, -1.05736, 1.98319, 1.00000, 362312.00000, 362312.00000, 362312.00000, 0.00000, 0.00000, 0.91102, -0.60432, 1.05443, 0.54989, 0.00000
3.48430, -3.15040, -1.49161, 4.92852, -0.73511, 1.87827, 0.00000, 0.00000, 0.00000, 0.00000, 0.00000, 0.00000, 0.91102, -2.88604, 2.59457, 1.29147, 0.00000
2.85909, -3.75484, -1.40973, 4.92550, -0.92001, 1.86107, 0.00000, 0.00000, 0.00000, 0.00000, 0.00000, 0.00000, 0.94766, -1.25387, 1.66465, 0.58922, 0.00000
1.49161, -3.48430, -3.15040, 4.92852, -1.16631, 2.26428, 0.00000, 0.00000, 0.00000, 0.00000, 0.00000, 0.00000, 0.91102, -0.30829, 0.68893, 0.61936, 0.00000
0.70086, -2.75567, -4.02561, 4.92853, -1.32174, 2.52663, 3.00000, 433835.00000, 281595.00000, 339120.66667, 4554334730.88889, 67485.81133, 0.90081, -0.13313, 0.46424, 0.66888, 0.66667
1.97536, -2.21782, -3.93313, 4.92852, -0.84316, 2.49482, 0.00000, 0.00000, 0.00000, 0.00000, 0.00000, 0.00000, 0.91102, -0.49591, 0.54500, 0.95092, 0.00000
1.40973, -2.85909, -3.75484, 4.92550, -1.11271, 2.43770, 1.00000, 356094.00000, 356094.00000, 356094.00000, 0.00000, 0.00000, 0.94766, -0.25296, 0.53830, 0.71466, 1.00000
3.93313, -1.97536, -2.21782, 4.92852, -0.46544, 2.03756, 2.00000, 374534.00000, 318167.00000, 346350.50000, 794309672.25000, 28183.50000, 0.91102, -10.56672, 5.51065, 6.05607, 0.00000
3.15040, -1.49161, -3.48430, 4.92852, -0.44220, 2.35600, 3.00000, 399668.00000, 142219.00000, 259642.33333, 11302097336.22222, 106311.32271, 0.91102, -1.63909, 0.81587, 1.82322, 1.00000
4.02561, -0.70086, -2.75567, 4.92853, -0.17237, 2.16413, 0.00000, 0.00000, 0.00000, 0.00000, 0.00000, 0.00000, 0.90081, 9.35336, -1.86160, -6.49176, 0.00000
3.75484, -1.40973, -2.85909, 4.92550, -0.35916, 2.19010, 1.00000, 256869.00000, 256869.00000, 256869.00000, 0.00000, 0.00000, 0.94766, -9.32863, 3.30198, 7.02665, 1.00000
2.20355, -3.47499, -2.68919, 4.91558, -1.00567, 2.14966, 0.00000, 0.00000, 0.00000, 0.00000, 0.00000, 0.00000, 1.08598, -0.56481, 0.87972, 0.68510, 0.00000
2.68919, -2.20355, -3.47499, 4.91558, -0.68646, 2.35595, 1.00000, 377763.00000, 377763.00000, 377763.00000, 0.00000, 0.00000, 1.08598, -0.90211, 0.74373, 1.15838, 1.00000
3.47499, -2.68919, -2.20355, 4.91558, -0.65860, 2.03563, 0.00000, 0.00000, 0.00000, 0.00000, 0.00000, 0.00000, 1.08598, -2.37638, 1.85065, 1.52573, 0.00000
2.83550, -2.83550, -2.83550, 4.91123, -0.78540, 2.18628, 0.00000, 0.00000, 0.00000, 0.00000, 0.00000, 0.00000, 1.14286, -1.00000, 1.00000, 1.00000, 0.00000
3.18882, -3.75791, 0.00000, 4.92853, -0.86714, 1.57080, 0.00000, 0.00000, 0.00000, 0.00000, 0.00000, 0.00000, 0.90081, -7.64229, 8.64229, -0.00000, 0.00000
3.92241, -2.87963, -0.78273, 4.92852, -0.63328, 1.73029, 1.00000, 351488.00000, 351488.00000, 351488.00000, 0.00000, 0.00000, 0.91102, 10.75154, -7.66476, -2.08678, 0.00000
3.92241, -2.87963, 0.78273, 4.92852, -0.63328, 1.41130, 1.00000, 368821.00000, 368821.00000, 368821.00000, 0.00000, 0.00000, 0.91102, 2.07817, -1.48153, 0.40335, 0.00000
3.73035, -3.21637, 0.00000, 4.92550, -0.71154, 1.57080, 1.00000, 322281.00000, 322281.00000, 322281.00000, 0.00000, 0.00000, 0.94766, 9.06739, -8.06739, 0.00000, 0.00000
4.37124, -1.70460, -1.50894, 4.92852, -0.37182, 1.88196, 2.00000, 208589.00000, 194527.00000, 201558.00000, 49434961.00000, 7031.00000, 0.91102, 3.63662, -1.43665, -1.19997, 0.00000
4.45876, -0.43315, -2.05481, 4.92853, -0.09684, 2.00085, 3.00000, 408312.00000, 334243.00000, 373602.00000, 925176060.66667, 30416.70693, 0.90081, 2.22389, -0.24359, -0.98030, 0.66667
4.85499, -0.43811, -0.72621, 4.92852, -0.09000, 1.71868, 5.00000, 449625.00000, 133696.00000, 239498.80000, 12150722971.76000, 110230.31784, 0.91102, 1.31474, -0.13162, -0.18312, 0.40000
4.62611, -0.87126, -1.44936, 4.92550, -0.18616, 1.86947, 1.00000, 163175.00000, 163175.00000, 163175.00000, 0.00000, 0.00000, 0.94766, 2.02881, -0.36416, -0.66465, 1.00000
4.37124, -1.70460, 1.50894, 4.92852, -0.37182, 1.25963, 1.00000, 346686.00000, 346686.00000, 346686.00000, 0.00000, 0.00000, 0.91102, 1.06961, -0.42255, 0.35294, 1.00000
4.85499, -0.43811, 0.72621, 4.92852, -0.09000, 1.42291, 5.00000, 496656.00000, 191515.00000, 324919.60000, 10963844169.04000, 104708.37679, 0.91102, 0.96230, -0.09634, 0.13403, 0.00000
4.45876, -0.43315, 2.05481, 4.92853, -0.09684, 1.14074, 2.00000, 339870.00000, 170968.00000, 255419.00000, 7131971401.00000, 84451.00000, 0.90081, 0.75116, -0.08228, 0.33112, 0.00000
4.62611, -0.87126, 1.44936, 4.92550, -0.18616, 1.27212, 8.00000, 499877.00000, 68174.00000, 263842.12500, 24187247970.85938, 155522.49989, 0.94766, 0.87099, -0.15634, 0.28534, 0.00000
4.35121, -2.14766, -0.78579, 4.91558, -0.45850, 1.73134, 2.00000, 358571.00000, 340067.00000, 349319.00000, 85599504.00000, 9252.00000, 1.08598, 2.99442, -1.46868, -0.52573, 0.00000
4.83686, -0.87622, 0.00000, 4.91558, -0.17921, 1.57080, 3.00000, 445988.00000, 384377.00000, 410116.00000, 683991398.00000, 26153.22921, 1.08598, 1.22879, -0.22879, 0.00000, 0.00000
4.35121, -2.14766, 0.78579, 4.91558, -0.45850, 1.41025, 1.00000, 257192.00000, 257192.00000, 257192.00000, 0.00000, 0.00000, 1.08598, 1.45965, -0.71592, 0.25627, 0.00000
4.58794, -1.75244, 0.00000, 4.91123, -0.36486, 1.57080, 0.00000, 0.00000, 0.00000, 0.00000, 0.00000, 0.00000, 1.14286, 1.61803, -0.61803, 0.00000, 0.00000
0.43315, -2.05481, 4.45876, 4.92853, -1.36304, 0.44016, 7.00000, 353657.00000, 72430.00000, 213354.42857, 10230126771.38776, 101144.08916, 0.90081, 0.16379, -0.65917, 1.49537, 0.14286
1.70460, -1.50894, 4.37124, 4.92852, -0.72459, 0.48015, 16.00000, 488012.00000, 64315.00000, 238464.00000, 13844795856.50000, 117663.91059, 0.91102, 0.37091, -0.30980, 0.93889, 0.06250
0.43811, -0.72621, 4.85499, 4.92852, -1.02797, 0.17295, 20.00000, 484123.00000, 55352.00000, 213565.00000, 11499776958.50000, 107237.01301, 0.91102, 0.10419, -0.14496, 1.04077, 0.05000
0.87126, -1.44936, 4.62611, 4.92550, -1.02954, 0.35046, 6.00000, 430918.00000, 125219.00000, 274341.66667, 16290274262.55556, 127633.35874, 0.94766, 0.21070, -0.38457, 1.17386, 0.16667
2.87963, -0.78273, 3.92241, 4.92852, -0.26540, 0.65037, 13.00000, 475444.00000, 72281.00000, 257844.23077, 18074519256.48521, 134441.50868, 0.91102, 0.46938, -0.12779, 0.65841, 0.15385
3.75791, 0.00000, 3.18882, 4.92853, 0.00000, 0.86714, 11.00000, 440515.00000, 70569.00000, 204777.72727, 15256182868.92562, 123515.92152, 0.90081, 0.53070, -0.00000, 0.46930, 0.00000
2.87963, 0.78273, 3.92241, 4.92852, 0.26540, 0.65037, 37.00000, 466735.00000, 44255.00000, 202882.78378, 12666917611.89920, 112547.40162, 0.91102, 0.37383, 0.10178, 0.52439, 0.05405
3.21637, 0.00000, 3.73035, 4.92550, 0.00000, 0.71154, 7.00000, 467427.00000, 60312.00000, 251692.00000, 22420349310.28571, 149734.26231, 0.94766, 0.47082, -0.00000, 0.52918, 0.00000
0.43811, 0.72621, 4.85499, 4.92852, 1.02797, 0.17295, 42.00000, 368451.00000, 51380.00000, 177516.54762, 8520201764.43821, 92304.93900, 0.91102, 0.08077, 0.11238, 0.80685, 0.02381
1.70460, 1.50894, 4.37124, 4.92852, 0.72459, 0.48015, 46.00000, 463150.00000, 30468.00000, 190113.80435, 16003584895.41825, 126505.27616, 0.91102, 0.22901, 0.19128, 0.57970, 0.00000
0.43315, 2.05481, 4.45876, 4.92853, 1.36304, 0.44016, 45.00000, 344077.00000, 30921.00000, 137561.06667, 6622503726.72889, 81378.76705, 0.90081, 0.07065, 0.28433, 0.64502, 0.02222
0.87126, 1.44936, 4.62611, 4.92550, 1.02954, 0.35046, 40.00000, 471915.00000, 19949.00000, 187290.87500, 14648402017.75937, 121030.58299, 0.94766, 0.11910, 0.21738, 0.66353, 0.05000
2.14766, -0.78579, 4.35121, 4.91558, -0.35075, 0.48390, 17.00000, 439382.00000, 51882.00000, 212160.23529, 11378322551.59170, 106669.22026, 1.08598, 0.37301, -0.13352, 0.76051, 0.00000
2.14766, 0.78579, 4.35121, 4.91558, 0.35075, 0.48390, 14.00000, 488701.00000, 44650.00000, 204735.57143, 19104642009.24490, 138219.54279, 1.08598, 0.29439, 0.10538, 0.60022, 0.07143
0.87622, 0.00000, 4.83686, 4.91558, 0.00000, 0.17921, 9.00000, 326561.00000, 22689.00000, 165986.88889, 10879016050.98765, 104302.52179, 1.08598, 0.15697, -0.00000, 0.84303, 0.11111
1.75244, 0.00000, 4.58794, 4.91123, 0.00000, 0.36486, 16.00000, 475539.00000, 62089.00000, 179204.37500, 11873226833.10938, 108964.33744, 1.14286, 0.27639, 0.00000, 0.72361, 0.00000
-2.75567, -4.02561, 0.70086, 4.92853, -2.17107, 1.42811, 0.00000, 0.00000, 0.00000, 0.00000, 0.00000, 0.00000, 0.90081, 0.46424, 0.66888, -0.13313, 0.00000
-2.21782, -3.93313, 1.97536, 4.92852, -2.08423, 1.15840, 2.00000, 300994.00000, 271927.00000, 286460.50000, 211222622.25000, 14533.50000, 0.91102, 0.54500, 0.95092, -0.49591, 0.50000
-3.48430, -3.15040, 1.49161, 4.92852, -2.40648, 1.26333, 6.00000, 419411.00000, 197696.00000, 321337.00000, 4780361511.00000, 69140.15845, 0.91102, 0.68893, 0.61936, -0.30829, 0.33333
-2.85909, -3.75484, 1.40973, 4.92550, -2.22158, 1.28053, 0.00000, 0.00000, 0.00000, 0.00000, 0.00000, 0.00000, 0.94766, 0.53830, 0.71466, -0.25296, 0.00000
-1.49161, -3.48430, 3.15040, 4.92852, -1.97528, 0.87732, 4.00000, 359137.00000, 148943.00000, 250111.25000, 6189856137.18750, 78675.63878, 0.91102, 0.81587, 1.82322, -1.63909, 0.00000
-0.70086, -2.75567, 4.02561, 4.92853, -1.81985, 0.61496, 6.00000, 462372.00000, 184351.00000, 301995.66667, 8637706591.88889, 92939.26292, 0.90081, -1.86160, -6.49176, 9.35336, 0.00000
-1.97536, -2.21782, 3.93313, 4.92852, -2.29844, 0.64677, 4.00000, 257323.00000, 112616.00000, 193508.75000, 2690463776.18750, 51869.68070, 0.91102, 5.51065, 6.05607, -10.56672, 0.00000
-1.40973, -2.85909, 3.75484, 4.92550, -2.02888, 0.70390, 5.00000, 459915.00000, 157872.00000, 342790.00000, 11570609110.00000, 107566.76582, 0.94766, 3.30198, 7.02665, -9.32863, 0.00000
-3.93313, -1.97536, 2.21782, 4.92852, -2.67616, 1.10403, 7.00000, 438909.00000, 80735.00000, 284260.14286, 13859497058.12245, 117726.36518, 0.91102, 1.05443, 0.54989, -0.60432, 0.85714
-3.15040, -1.49161, 3.48430, 4.92852, -2.69940, 0.78559, 8.00000, 463099.00000, 60163.00000, 294560.62500, 15107882416.48438, 122914.12619, 0.91102, 2.59457, 1.29147, -2.88604, 0.12500
-4.02561, -0.70086, 2.75567, 4.92853, -2.96922, 0.97747, 3.00000, 458710.00000, 123732.00000, 302250.33333, 18945002468.22223, 137640.84593, 0.90081, 1.98030, 0.39414, -1.37444, 0.33333
-3.75484, -1.40973, 2.85909, 4.92550, -2.78243, 0.95149, 3.00000, 365892.00000, 75584.00000, 183076.33333, 16883258082.88889, 129935.59206, 0.94766, 1.66465, 0.58922, -1.25387, 1.00000
-2.20355, -3.47499, 2.68919, 4.91558, -2.13592, 0.99193, 3.00000, 445737.00000, 269291.00000, 383909.00000, 6582257202.66667, 81131.11119, 1.08598, 0.74373, 1.15838, -0.90211, 0.00000
-2.68919, -2.20355, 3.47499, 4.91558, -2.45513, 0.78564, 5.00000, 474846.00000, 192690.00000, 305336.20000, 10917128645.36000, 104485.06422, 1.08598, 1.85065, 1.52573, -2.37638, 0.00000
-3.47499, -2.68919, 2.20355, 4.91558, -2.48299, 1.10596, 3.00000, 247136.00000, 110424.00000, 201397.00000, 4138085868.66667, 64327.95558, 1.08598, 0.87972, 0.68510, -0.56481, 0.66667
-2.83550, -2.83550, 2.83550, 4.91123, -2.35619, 0.95532, 4.00000, 416982.00000, 218836.00000, 348364.25000, 6386720572.18750, 79916.96048, 1.14286, 1.00000, 1.00000, -1.00000, 0.25000
-0.70086, -2.75567, -4.02561, 4.92853, -1.81985, 2.52663, 3.00000, 411916.00000, 167806.00000, 252362.00000, 12743965352.00000, 112889.17287, 0.90081, 0.10514, 0.36663, 0.52824, 1.00000
-1.49161, -3.48430, -3.15040, 4.92852, -1.97528, 2.26428, 2.00000, 150175.00000, 128724.00000, 139449.50000, 115036350.25000, 10725.50000, 0.91102, 0.19070, 0.42617, 0.38313, 1.00000
-1.97536, -2.21782, -3.93313, 4.92852, -2.29844, 2.49482, 4.00000, 439733.00000, 73022.00000, 298506.50000, 18970405984.25000, 137733.09691, 0.91102, 0.24897, 0.27362, 0.47741, 1.00000
-1.40973, -2.85909, -3.75484, 4.92550, -2.02888, 2.43770, 1.00000, 405494.00000, 405494.00000, 405494.00000, 0.00000, 0.00000, 0.94766, 0.16798, 0.35746, 0.47456, 1.00000
-2.21782, -3.93313, -1.97536, 4.92852, -2.08423, 1.98319, 3.00000, 454626.00000, 300160.00000, 388265.33333, 4213039456.88889, 64907.93062, 0.91102, 0.27362, 0.47741, 0.24897, 1.00000
-2.75567, -4.02561, -0.70086, 4.92853, -2.17107, 1.71348, 3.00000, 277069.00000, 139773.00000, 209254.33333, 3143087491.55556, 56063.24546, 0.90081, 0.36663, 0.52824, 0.10514, 1.00000
-3.48430, -3.15040, -1.49161, 4.92852, -2.40648, 1.87827, 3.00000, 491646.00000, 219293.00000, 339397.00000, 12879343280.66667, 113487.19435, 0.91102, 0.42617, 0.38313, 0.19070, 1.00000
-2.85909, -3.75484, -1.40973, 4.92550, -2.22158, 1.86107, 0.00000, 0.00000, 0.00000, 0.00000, 0.00000, 0.00000, 0.94766, 0.35746, 0.47456, 0.16798, 0.00000
-3.15040, -1.49161, -3.48430, 4.92852, -2.69940, 2.35600, 11.00000, 425653.00000, 94867.00000, 229558.45455, 7640306081.15702, 87408.84441, 0.91102, 0.38313, 0.19070, 0.42617, 0.90909
-3.93313, -1.97536, -2.21782, 4.92852, -2.67616, 2.03756, 11.00000, 355149.00000, 86303.00000, 203674.00000, 5388601709.09091, 73407.09577, 0.91102, 0.47741, 0.24897, 0.27362, 1.00000
-4.02561, -0.70086, -2.75567, 4.92853, -2.96922, 2.16413, 11.00000, 322972.00000, 62486.00000, 167846.27273, 8298799470.38016, 91097.74679, 0.90081, 0.52824, 0.10514, 0.36663, 1.00000
-3.75484, -1.40973, -2.85909, 4.92550, -2.78243, 2.19010, 15.00000, 482236.00000, 66041.00000, 191972.13333, 15310001961.04889, 123733.59269, 0.94766, 0.47456, 0.16798, 0.35746, 1.00000
-2.20355, -3.47499, -2.68919, 4.91558, -2.13592, 2.14966, 1.00000, 436164.00000, 436164.00000, 436164.00000, 0.00000, 0.00000, 1.08598, 0.26522, 0.41309, 0.32170, 1.00000
-3.47499, -2.68919, -2.20355, 4.91558, -2.48299, 2.03563, 2.00000, 313135.00000, 80059.00000, 196597.00000, 13581105444.00000, 116538.00000, 1.08598, 0.41309, 0.32170, 0.26522, 1.00000
-2.68919, -2.20355, -3.47499, 4.91558, -2.45513, 2.35595, 3.00000, 141560.00000, 128273.00000, 136483.33333, 34333994.88889, 5859.52173, 1.08598, 0.32170, 0.26522, 0.41309, 1.00000
-2.83550, -2.83550, -2.83550, 4.91123, -2.35619, 2.18628, 2.00000, 294355.00000, 66460.00000, 180407.50000, 12984032756.25000, 113947.50000, 1.14286, 0.33333, 0.33333, 0.33333, 1.00000
3.75791, 0.00000, -3.18882, 4.92853, 0.00000, 2.27446, 0.00000, 0.00000, 0.00000, 0.00000, 0.00000, 0.00000, 0.90081, 8.64229, 0.00000, -7.64229, 0.00000
2.87963, -0.78273, -3.92241, 4.92852, -0.26540, 2.49122, 2.00000, 244339.00000, 201054.00000, 222696.50000, 468397806.25000, 21642.50000, 0.91102, -1.48153, 0.40335, 2.07817, 1.00000
2.87963, 0.78273, -3.92241, 4.92852, 0.26540, 2.49122, 1.00000, 386778.00000, 386778.00000, 386778.00000, 0.00000, 0.00000, 0.91102, -7.66476, -2.08678, 10.75154, 0.00000
3.21637, 0.00000, -3.73035, 4.92550, 0.00000, 2.43005, 0.00000, 0.00000, 0.00000, 0.00000, 0.00000, 0.00000, 0.94766, -8.06739, -0.00000, 9.06739, 0.00000
1.70460, -1.50894, -4.37124, 4.92852, -0.72459, 2.66145, 1.00000, 482712.00000, 482712.00000, 482712.00000, 0.00000, 0.00000, 0.91102, -0.42255, 0.35294, 1.06961, 1.00000
0.43315, -2.05481, -4.45876, 4.92853, -1.36304, 2.70143, 3.00000, 440582.00000, 253618.00000, 338849.33333, 5962069883.55555, 77214.44090, 0.90081, -0.08228, 0.33112, 0.75116, 1.00000
0.43811, -0.72621, -4.85499, 4.92852, -1.02797, 2.96865, 6.00000, 406438.00000, 66800.00000, 304445.66667, 13146867346.88889, 114659.78958, 0.91102, -0.09634, 0.13403, 0.96230, 1.00000
0.87126, -1.44936, -4.62611, 4.92550, -1.02954, 2.79113, 2.00000, 370557.00000, 231570.00000, 301063.50000, 4829346542.25000, 69493.50000, 0.94766, -0.15634, 0.28534, 0.87099, 1.00000
1.70460, 1.50894, -4.37124, 4.92852, 0.72459, 2.66145, 4.00000, 416647.00000, 73563.00000, 245938.50000, 22441506166.25000, 149804.89367, 0.91102, -1.43665, -1.19997, 3.63662, 1.00000
0.43811, 0.72621, -4.85499, 4.92852, 1.02797, 2.96865, 9.00000, 252376.00000, 44685.00000, 151163.33333, 4385638692.22222, 66224.15490, 0.91102, -0.13162, -0.18312, 1.31474, 1.00000
0.43315, 2.05481, -4.45876, 4.92853, 1.36304, 2.70143, 10.00000, 485350.00000, 33228.00000, 175005.90000, 17234365826.09000, 131279.72359, 0.90081, -0.24359, -0.98030, 2.22389, 1.00000
0.87126, 1.44936, -4.62611, 4.92550, 1.02954, 2.79113, 8.00000, 451720.00000, 46438.00000, 165791.50000, 14148133579.75000, 118945.92713, 0.94766, -0.36416, -0.66465, 2.02881, 0.87500
2.14766, -0.78579, -4.35121, 4.91558, -0.35075, 2.65769, 2.00000, 450966.00000, 347032.00000, 398999.00000, 2700569089.00000, 51967.00000, 1.08598, -0.71592, 0.25627, 1.45965, 1.00000
0.87622, 0.00000, -4.83686, 4.91558, 0.00000, 2.96238, 2.00000, 483379.00000, 192304.00000, 337841.50000, 21181163906.25000, 145537.50000, 1.08598, -0.22879, -0.00000, 1.22879, 1.00000
2.14766, 0.78579, -4.35121, 4.91558, 0.35075, 2.65769, 3.00000, 459355.00000, 236543.00000, 379937.00000, 10320662178.66667, 101590.65990, 1.08598, -1.46868, -0.52573, 2.99442, 0.66667
1.75244, 0.00000, -4.58794, 4.91123, 0.00000, 2.77673, 2.00000, 450270.00000, 115413.00000, 282841.50000, 28032302612.25000, 167428.50000, 1.14286, -0.61803, -0.00000, 1.61803, 1.00000
4.45876, 0.43315, 2.05481, 4.92853, 0.09684, 1.14074, 6.00000, 427753.00000, 153878.00000, 275528.00000, 9464797515.66667, 97287.19091, 0.90081, 0.64502, 0.07065, 0.28433, 0.16667
4.85499, 0.43811, 0.72621, 4.92852, 0.09000, 1.42291, 4.00000, 405900.00000, 286835.00000, 343578.25000, 1782709601.68750, 42222.14587, 0.91102, 0.80685, 0.08077, 0.11238, 0.25000
4.37124, 1.70460, 1.50894, 4.92852, 0.37182, 1.25963, 10.00000, 485072.00000, 117404.00000, 230415.00000, 14932925224.40000, 122200.34871, 0.91102, 0.57970, 0.22901, 0.19128, 0.20000
4.62611, 0.87126, 1.44936, 4.92550, 0.18616, 1.27212, 9.00000, 450696.00000, 95543.00000, 291610.77778, 12731484220.39506, 112833.87887, 0.94766, 0.66353, 0.11910, 0.21738, 0.00000
4.85499, 0.43811, -0.72621, 4.92852, 0.09000, 1.71868, 2.00000, 250490.00000, 247840.00000, 249165.00000, 1755625.00000, 1325.00000, 0.91102, 1.04077, 0.10419, -0.14496, 0.00000
4.45876, 0.43315, -2.05481, 4.92853, 0.09684, 2.00085, 2.00000, 464109.00000, 348617.00000, 406363.00000, 3334600516.00000, 57746.00000, 0.90081, 1.49537, 0.16379, -0.65917, 0.50000
4.37124, 1.70460, -1.50894, 4.92852, 0.37182, 1.88196, 5.00000, 365763.00000, 120964.00000, 193686.60000, 7709973640.24000, 87806.45557, 0.91102, 0.93889, 0.37091, -0.30980, 0.60000
4.62611, 0.87126, -1.44936, 4.92550, 0.18616, 1.86947, 1.00000, 286149.00000, 286149.00000, 286149.00000, 0.00000, 0.00000, 0.94766, 1.17386, 0.21070, -0.38457, 0.00000
3.92241, 2.87963, 0.78273, 4.92852, 0.63328, 1.41130, 16.00000, 464002.00000, 108641.00000, 292875.93750, 12582652572.30859, 112172.42340, 0.91102, 0.52439, 0.37383, 0.10178, 0.06250
3.92241, 2.87963, -0.78273, 4.92852, 0.63328, 1.73029, 7.00000, 439436.00000, 87506.00000, 222751.28571, 12697105159.34694, 112681.43219, 0.91102, 0.65841, 0.46938, -0.12779, 0.14286
3.18882, 3.75791, 0.00000, 4.92853, 0.86714, 1.57080, 4.00000, 293616.00000, 82430.00000, 159018.50000, 6718068865.25000, 81963.82657, 0.90081, 0.46930, 0.53070, 0.00000, 0.50000
3.73035, 3.21637, 0.00000, 4.92550, 0.71154, 1.57080, 10.00000, 431300.00000, 87762.00000, 218451.60000, 10052436275.64000, 100261.83858, 0.94766, 0.52918, 0.47082, 0.00000, 0.70000
4.83686, 0.87622, 0.00000, 4.91558, 0.17921, 1.57080, 8.00000, 492575.00000, 119669.00000, 293658.12500, 15198064708.85938, 123280.43117, 1.08598, 0.84303, 0.15697, 0.00000, 0.00000
4.35121, 2.14766, -0.78579, 4.91558, 0.45850, 1.73134, 1.00000, 327995.00000, 327995.00000, 327995.00000, 0.00000, 0.00000, 1.08598, 0.76051, 0.37301, -0.13352, 0.00000
4.35121, 2.14766, 0.78579, 4.91558, 0.45850, 1.41025, 7.00000, 452966.00000, 149719.00000, 289492.28571, 11785885448.48980, 108562.81798, 1.08598, 0.60022, 0.29439, 0.10538, 0.28571
4.58794, 1.75244, 0.00000, 4.91123, 0.36486, 1.57080, 4.00000, 454460.00000, 108971.00000, 291056.00000, 23019140733.50000, 151720.60089, 1.14286, 0.72361, 0.27639, -0.00000, 0.25000
