-2.75567, 4.02561, 0.70086, 4.92853, 2.17107, 1.42811, 41.00000, 481697.00000, 14866.00000, 140522.70732, 19860192754.25580, 140926.19612, 0.90081, -1.37444, 1.98030, 0.39414, 0.02439
-3.48430, 3.15040, 1.49161, 4.92852, 2.40648, 1.26333, 157.00000, 444708.00000, 6462.00000, 85043.01911, 8480774567.44550, 92091.12100, 0.91102, -2.88604, 2.59457, 1.29147, 0.07643
-2.21782, 3.93313, 1.97536, 4.92852, 2.08423, 1.15840, 63.00000, 268942.00000, 10916.00000, 94312.01587, 4805358008.96800, 69320.68962, 0.91102, -0.60432, 1.05443, 0.54989, 0.06349
-2.85909, 3.75484, 1.40973, 4.92550, 2.22158, 1.28053, 75.00000, 476432.00000, 10720.00000, 73750.42667, 5506687282.13796, 74207.05682, 0.94766, -1.25387, 1.66465, 0.58922, 0.05333
-3.93313, 1.97536, 2.21782, 4.92852, 2.67616, 1.10403, 237.00000, 480479.00000, 5231.00000, 69415.79325, 6973576532.12181, 83507.94293, 0.91102, -10.56672, 5.51065, 6.05607, 0.05485
-4.02561, 0.70086, 2.75567, 4.92853, 2.96922, 0.97747, 149.00000, 483269.00000, 6503.00000, 84757.02685, 7447292186.91203, 86297.69514, 0.90081, 9.35336, -1.86160, -6.49176, 0.20805
-3.15040, 1.49161, 3.48430, 4.92852, 2.69940, 0.78559, 154.00000, 481472.00000, 6801.00000, 85140.35065, 11105149108.51341, 105380.97128, 0.91102, -1.63909, 0.81587, 1.82322, 0.11039
-3.75484, 1.40973, 2.85909, 4.92550, 2.78243, 0.95149, 169.00000, 444801.00000, 7248.00000, 72707.79882, 6982511399.67550, 83561.42292, 0.94766, -9.32863, 3.30198, 7.02665, 0.10651
-1.49161, 3.48430, 3.15040, 4.92852, 1.97528, 0.87732, 57.00000, 423419.00000, 15989.00000, 153412.52632, 10512689476.56510, 102531.40727, 0.91102, -0.30829, 0.68893, 0.61936, 0.17544
-1.97536, 2.21782, 3.93313, 4.92852, 2.29844, 0.64677, 104.00000, 474384.00000, 13766.00000, 118620.00000, 13052044181.28846, 114245.54338, 0.91102, -0.49591, 0.54500, 0.95092, 0.18269
-0.70086, 2.75567, 4.02561, 4.92853, 1.81985, 0.61496, 32.00000, 426239.00000, 25405.00000, 112065.50000, 7379944190.43750, 85906.60155, 0.90081, -0.13313, 0.46424, 0.66888, 0.00000
-1.40973, 2.85909, 3.75484, 4.92550, 2.02888, 0.70390, 45.00000, 496026.00000, 17990.00000, 120448.24444, 15842152218.49580, 125865.61174, 0.94766, -0.25296, 0.53830, 0.71466, 0.15556
-3.47499, 2.68919, 2.20355, 4.91558, 2.48299, 1.10596, 145.00000, 453278.00000, 7289.00000, 66338.03448, 6126021765.06778, 78268.90676, 1.08598, -2.37638, 1.85065, 1.52573, 0.06897
-2.68919, 2.20355, 3.47499, 4.91558, 2.45513, 0.78564, 125.00000, 483922.00000, 7669.00000, 91684.93600, 13802373194.55591, 117483.50180, 1.08598, -0.90211, 0.74373, 1.15838, 0.04000
-2.20355, 3.47499, 2.68919, 4.91558, 2.13592, 0.99193, 68.00000, 370897.00000, 17844.00000, 100155.82353, 7375240183.52768, 85879.21858, 1.08598, -0.56481, 0.87972, 0.68510, 0.07353
-2.83550, 2.83550, 2.83550, 4.91123, 2.35619, 0.95532, 137.00000, 487531.00000, 5813.00000, 87602.89051, 11759271139.16319, 108440.17309, 1.14286, -1.00000, 1.00000, 1.00000, 0.02920
-2.05481, 4.45876, 0.43315, 4.92853, 2.00263, 1.48280, 22.00000, 484399.00000, 26868.00000, 149444.77273, 15268014560.99380, 123563.80765, 0.90081, -0.65917, 1.49537, 0.16379, 0.04545
-1.50894, 4.37124, 1.70460, 4.92852, 1.90319, 1.21764, 35.00000, 498648.00000, 24027.00000, 172176.71429, 18185754657.51837, 134854.56855, 0.91102, -0.30980, 0.93889, 0.37091, 0.14286
-0.72621, 4.85499, 0.43811, 4.92852, 1.71928, 1.48179, 15.00000, 472512.00000, 17628.00000, 180276.20000, 21444580889.89333, 146439.68345, 0.91102, -0.14496, 1.04077, 0.10419, 0.06667
-1.44936, 4.62611, 0.87126, 4.92550, 1.87441, 1.39297, 24.00000, 452476.00000, 53521.00000, 191048.54167, 9754312508.99826, 98763.92311, 0.94766, -0.38457, 1.17386, 0.21070, 0.12500
-0.78273, 3.92241, 2.87963, 4.92852, 1.76776, 0.94680, 45.00000, 451570.00000, 19527.00000, 156300.93333, 16397119205.39555, 128051.23664, 0.91102, -0.12779, 0.65841, 0.46938, 0.02222
0.00000, 3.18882, 3.75791, 4.92853, 1.57080, 0.70366, 22.00000, 461218.00000, 30974.00000, 201955.77273, 14936413693.17562, 122214.62144, 0.90081, -0.00000, 0.46930, 0.53070, 0.13636
0.78273, 3.92241, 2.87963, 4.92852, 1.37383, 0.94680, 16.00000, 467464.00000, 49958.00000, 234931.25000, 23726142893.56250, 154032.92795, 0.91102, 0.10178, 0.52439, 0.37383, 0.12500
0.00000, 3.73035, 3.21637, 4.92550, 1.57080, 0.85925, 13.00000, 484185.00000, 26908.00000, 222697.53846, 21519249241.63314, 146694.40767, 0.94766, -0.00000, 0.52918, 0.47082, 0.07692
0.72621, 4.85499, 0.43811, 4.92852, 1.42232, 1.48179, 13.00000, 462546.00000, 85312.00000, 235043.84615, 18843760877.66864, 137272.57875, 0.91102, 0.11238, 0.80685, 0.08077, 0.15385
1.50894, 4.37124, 1.70460, 4.92852, 1.23841, 1.21764, 6.00000, 265612.00000, 34868.00000, 160856.83333, 5206891393.13889, 72158.79290, 0.91102, 0.19128, 0.57970, 0.22901, 0.16667
2.05481, 4.45876, 0.43315, 4.92853, 1.13896, 1.48280, 4.00000, 316191.00000, 156021.00000, 249275.25000, 3381231749.18750, 58148.35982, 0.90081, 0.28433, 0.64502, 0.07065, 0.00000
1.44936, 4.62611, 0.87126, 4.92550, 1.26718, 1.39297, 5.00000, 278534.00000, 82213.00000, 164475.80000, 4687081330.56000, 68462.26209, 0.94766, 0.21738, 0.66353, 0.11910, 0.00000
-0.78579, 4.35121, 2.14766, 4.91558, 1.74946, 1.11864, 24.00000, 443988.00000, 28229.00000, 179966.08333, 15640752777.99306, 125062.99524, 1.08598, -0.13352, 0.76051, 0.37301, 0.12500
0.78579, 4.35121, 2.14766, 4.91558, 1.39213, 1.11864, 8.00000, 294209.00000, 77834.00000, 183776.00000, 4581913148.25000, 67689.83046, 1.08598, 0.10538, 0.60022, 0.29439, 0.00000
0.00000, 4.83686, 0.87622, 4.91558, 1.57080, 1.39159, 8.00000, 491970.00000, 89285.00000, 264486.25000, 21111929947.43750, 145299.44923, 1.08598, -0.00000, 0.84303, 0.15697, 0.00000
0.00000, 4.58794, 1.75244, 4.91123, 1.57080, 1.20593, 15.00000, 334535.00000, 54902.00000, 141465.40000, 9005101792.37333, 94895.21480, 1.14286, 0.00000, 0.72361, 0.27639, 0.00000
-2.05481, 4.45876, -0.43315, 4.92853, 2.00263, 1.65880, 17.00000, 355754.00000, 40666.00000, 145314.64706, 7110316057.87543, 84322.69005, 0.90081, -0.98030, 2.22389, -0.24359, 0.05882
-0.72621, 4.85499, -0.43811, 4.92852, 1.71928, 1.65981, 13.00000, 461421.00000, 30180.00000, 172328.92308, 15267712815.76331, 123562.58663, 0.91102, -0.18312, 1.31474, -0.13162, 0.00000
-1.50894, 4.37124, -1.70460, 4.92852, 1.90319, 1.92396, 5.00000, 181793.00000, 91502.00000, 133990.20000, 1438770931.76000, 37931.13407, 0.91102, -1.19997, 3.63662, -1.43665, 0.20000
-1.44936, 4.62611, -0.87126, 4.92550, 1.87441, 1.74862, 9.00000, 435371.00000, 48309.00000, 231544.00000, 15033023201.77778, 122609.22968, 0.94766, -0.66465, 2.02881, -0.36416, 0.00000
0.72621, 4.85499, -0.43811, 4.92852, 1.42232, 1.65981, 4.00000, 367604.00000, 137491.00000, 232224.25000, 7042849487.18750, 83921.68663, 0.91102, 0.13403, 0.96230, -0.09634, 0.00000
2.05481, 4.45876, -0.43315, 4.92853, 1.13896, 1.65880, 4.00000, 487296.00000, 97594.00000, 292097.25000, 36595937433.68750, 191300.64672, 0.90081, 0.33112, 0.75116, -0.08228, 0.00000
1.50894, 4.37124, -1.70460, 4.92852, 1.23841, 1.92396, 3.00000, 457278.00000, 72689.00000, 273748.66667, 24805106113.55556, 157496.36857, 0.91102, 0.35294, 1.06961, -0.42255, 0.00000
1.44936, 4.62611, -0.87126, 4.92550, 1.26718, 1.74862, 6.00000, 457705.00000, 185560.00000, 316470.50000, 8903799330.58333, 94359.94558, 0.94766, 0.28534, 0.87099, -0.15634, 0.33333
-0.78273, 3.92241, -2.87963, 4.92852, 1.76776, 2.19479, 6.00000, 477845.00000, 168004.00000, 319042.83333, 14735238647.13889, 121388.79127, 0.91102, -2.08678, 10.75154, -7.66476, 0.50000
0.78273, 3.92241, -2.87963, 4.92852, 1.37383, 2.19479, 1.00000, 477882.00000, 477882.00000, 477882.00000, 0.00000, 0.00000, 0.91102, 0.40335, 2.07817, -1.48153, 0.00000
0.00000, 3.18882, -3.75791, 4.92853, 1.57080, 2.43793, 0.00000, 0.00000, 0.00000, 0.00000, 0.00000, 0.00000, 0.90081, -0.00000, -7.64229, 8.64229, 0.00000
0.00000, 3.73035, -3.21637, 4.92550, 1.57080, 2.28234, 3.00000, 300835.00000, 101598.00000, 196271.33333, 6664806374.88889, 81638.26538, 0.94766, 0.00000, 9.06739, -8.06739, 0.00000
0.00000, 4.83686, -0.87622, 4.91558, 1.57080, 1.75001, 7.00000, 405482.00000, 81668.00000, 266947.28571, 14509526207.63265, 120455.49472, 1.08598, 0.00000, 1.22879, -0.22879, 0.00000
0.78579, 4.35121, -2.14766, 4.91558, 1.39213, 2.02296, 1.00000, 473279.00000, 473279.00000, 473279.00000, 0.00000, 0.00000, 1.08598, 0.25627, 1.45965, -0.71592, 0.00000
-0.78579, 4.35121, -2.14766, 4.91558, 1.74946, 2.02296, 4.00000, 423771.00000, 97834.00000, 223085.75000, 14802285338.68750, 121664.64293, 1.08598, -0.52573, 2.99442, -1.46868, 0.00000
0.00000, 4.58794, -1.75244, 4.91123, 1.57080, 1.93566, 3.00000, 469526.00000, 198535.00000, 342327.33333, 12377028566.88889, 111252.09466, 1.14286, 0.00000, 1.61803, -0.61803, 0.00000
-2.75567, 4.02561, -0.70086, 4.92853, 2.17107, 1.71348, 28.00000, 483714.00000, 17418.00000, 183089.32143, 19320401907.93240, 138997.84857, 0.90081, -6.49176, 9.35336, -1.86160, 0.07143
-2.21782, 3.93313, -1.97536, 4.92852, 2.08423, 1.98319, 12.00000, 439106.00000, 57359.00000, 229116.83333, 19480540657.13889, 139572.70742, 0.91102, 6.05607, -10.56672, 5.51065, 0.08333
-3.48430, 3.15040, -1.49161, 4.92852, 2.40648, 1.87827, 32.00000, 488176.00000, 24106.00000, 152162.84375, 13450842491.06934, 115977.76723, 0.91102, 1.82322, -1.63909, 0.81587, 0.12500
-2.85909, 3.75484, -1.40973, 4.92550, 2.22158, 1.86107, 15.00000, 470797.00000, 26142.00000, 195229.20000, 18767532815.49333, 136994.64521, 0.94766, 7.02665, -9.32863, 3.30198, 0.06667
-1.49161, 3.48430, -3.15040, 4.92852, 1.97528, 2.26428, 7.00000, 398276.00000, 105234.00000, 247855.42857, 10157632530.24490, 100785.08089, 0.91102, 1.29147, -2.88604, 2.59457, 0.00000
-0.70086, 2.75567, -4.02561, 4.92853, 1.81985, 2.52663, 4.00000, 337103.00000, 159615.00000, 268614.25000, 4457684565.68750, 66765.89373, 0.90081, 0.39414, -1.37444, 1.98030, 0.00000
-1.97536, 2.21782, -3.93313, 4.92852, 2.29844, 2.49482, 6.00000, 402957.00000, 110618.00000, 220797.50000, 7982278229.91667, 89343.59647, 0.91102, 0.54989, -0.60432, 1.05443, 0.33333
-1.40973, 2.85909, -3.75484, 4.92550, 2.02888, 2.43770, 6.00000, 405121.00000, 134429.00000, 259655.00000, 6962586437.66667, 83442.11429, 0.94766, 0.58922, -1.25387, 1.66465, 0.00000
-3.93313, 1.97536, -2.21782, 4.92852, 2.67616, 2.03756, 14.00000, 410345.00000, 36210.00000, 217550.92857, 17899418207.35204, 133788.70732, 0.91102, 0.95092, -0.49591, 0.54500, 0.14286
-3.15040, 1.49161, -3.48430, 4.92852, 2.69940, 2.35600, 5.00000, 441202.00000, 134861.00000, 269773.80000, 9973743217.76000, 99868.62980, 0.91102, 0.61936, -0.30829, 0.68893, 0.60000
-4.02561, 0.70086, -2.75567, 4.92853, 2.96922, 2.16413, 8.00000, 311942.00000, 61123.00000, 185650.62500, 6046920413.73438, 77761.94708, 0.90081, 0.66888, -0.13313, 0.46424, 0.62500
-3.75484, 1.40973, -2.85909, 4.92550, 2.78243, 2.19010, 8.00000, 267881.00000, 130338.00000, 181519.12500, 2783667688.85938, 52760.47468, 0.94766, 0.71466, -0.25296, 0.53830, 0.25000
-2.20355, 3.47499, -2.68919, 4.91558, 2.13592, 2.14966, 4.00000, 143860.00000, 94158.00000, 117640.75000, 390587254.68750, 19763.28046, 1.08598, 1.52573, -2.37638, 1.85065, 0.00000
-2.68919, 2.20355, -3.47499, 4.91558, 2.45513, 2.35595, 6.00000, 424110.00000, 70490.00000, 247880.66667, 19971120939.88889, 141319.21646, 1.08598, 0.68510, -0.56481, 0.87972, 0.50000
-3.47499, 2.68919, -2.20355, 4.91558, 2.48299, 2.03563, 13.00000, 423114.00000, 32255.00000, 210527.84615, 19998541241.97633, 141416.19865, 1.08598, 1.15838, -0.90211, 0.74373, 0.00000
-2.83550, 2.83550, -2.83550, 4.91123, 2.35619, 2.18628, 11.00000, 468800.00000, 57664.00000, 212264.90909, 26316546443.71901, 162223.75425, 1.14286, 1.00000, -1.00000, 1.00000, 0.18182
-3.18882, 3.75791, 0.00000, 4.92853, 2.27446, 1.57080, 36.00000, 462544.00000, 22691.00000, 125209.75000, 11584258416.85417, 107630.19287, 0.90081, -7.64229, 8.64229, 0.00000, 0.08333
-3.92241, 2.87963, -0.78273, 4.92852, 2.50831, 1.73029, 34.00000, 401152.00000, 21086.00000, 137361.23529, 7264110021.17993, 85229.74845, 0.91102, 2.07817, -1.48153, 0.40335, 0.11765
-3.92241, 2.87963, 0.78273, 4.92852, 2.50831, 1.41130, 103.00000, 444596.00000, 7504.00000, 89322.96117, 11075422006.11500, 105239.83089, 0.91102, 10.75154, -7.66476, -2.08678, 0.03883
-3.73035, 3.21637, 0.00000, 4.92550, 2.43005, 1.57080, 44.00000, 353784.00000, 12919.00000, 100959.63636, 6106850557.95868, 78146.34066, 0.94766, 9.06739, -8.06739, -0.00000, 0.06818
-4.37124, 1.70460, -1.50894, 4.92852, 2.76977, 1.88196, 31.00000, 482000.00000, 27440.00000, 201849.70968, 14963921142.72216, 122327.10715, 0.91102, 1.06961, -0.42255, 0.35294, 0.38710
-4.45876, 0.43315, -2.05481, 4.92853, 3.04475, 2.00085, 23.00000, 441821.00000, 48157.00000, 161333.21739, 12605959838.95274, 112276.26570, 0.90081, 0.75116, -0.08228, 0.33112, 0.34783
-4.85499, 0.43811, -0.72621, 4.92852, 3.05160, 1.71868, 50.00000, 401298.00000, 25756.00000, 142208.76000, 9768569844.30240, 98836.07562, 0.91102, 0.96230, -0.09634, 0.13403, 0.34000
-4.62611, 0.87126, -1.44936, 4.92550, 2.95544, 1.86947, 28.00000, 421591.00000, 23702.00000, 197711.64286, 11985346785.58673, 109477.60860, 0.94766, 0.87099, -0.15634, 0.28534, 0.32143
-4.37124, 1.70460, 1.50894, 4.92852, 2.76977, 1.25963, 185.00000, 493020.00000, 5949.00000, 92577.65946, 11009160242.78674, 104924.54547, 0.91102, 3.63662, -1.43665, -1.19997, 0.11892
-4.85499, 0.43811, 0.72621, 4.92852, 3.05160, 1.42291, 103.00000, 460020.00000, 11604.00000, 113230.84466, 8932253965.27684, 94510.60240, 0.91102, 1.31474, -0.13162, -0.18312, 0.35922
-4.45876, 0.43315, 2.05481, 4.92853, 3.04475, 1.14074, 163.00000, 457491.00000, 7276.00000, 105010.17791, 11109267092.08491, 105400.50803, 0.90081, 2.22389, -0.24359, -0.98030, 0.34969
-4.62611, 0.87126, 1.44936, 4.92550, 2.95544, 1.27212, 116.00000, 497214.00000, 7161.00000, 85285.47414, 10572436707.23209, 102822.35509, 0.94766, 2.02881, -0.36416, -0.66465, 0.13793
-4.35121, 2.14766, -0.78579, 4.91558, 2.68310, 1.73134, 28.00000, 474657.00000, 29318.00000, 125536.71429, 15273218872.77551, 123584.86506, 1.08598, 1.45965, -0.71592, 0.25627, 0.10714
-4.83686, 0.87622, 0.00000, 4.91558, 2.96238, 1.57080, 49.00000, 483171.00000, 12968.00000, 148914.55102, 16054555245.71678, 126706.57144, 1.08598, 1.22879, -0.22879, -0.00000, 0.34694
-4.35121, 2.14766, 0.78579, 4.91558, 2.68310, 1.41025, 92.00000, 495387.00000, 9624.00000, 93732.76087, 10260222583.96456, 101292.75682, 1.08598, 2.99442, -1.46868, -0.52573, 0.11957
-4.58794, 1.75244, 0.00000, 4.91123, 2.77673, 1.57080, 66.00000, 423571.00000, 12667.00000, 118083.00000, 9186976138.90909, 95848.71485, 1.14286, 1.61803, -0.61803, -0.00000, 0.15152
2.75567, 4.02561, 0.70086, 4.92853, 0.97053, 1.42811, 2.00000, 493220.00000, 271518.00000, 382369.00000, 12287944201.00000, 110851.00000, 0.90081, 0.36663, 0.52824, 0.10514, 0.50000
2.21782, 3.93313, 1.97536, 4.92852, 1.05736, 1.15840, 7.00000, 309396.00000, 72071.00000, 202258.42857, 6634265651.95918, 81451.00154, 0.91102, 0.27362, 0.47741, 0.24897, 0.28571
3.48430, 3.15040, 1.49161, 4.92852, 0.73511, 1.26333, 4.00000, 439372.00000, 193173.00000, 352750.75000, 8935779217.68750, 94529.25059, 0.91102, 0.42617, 0.38313, 0.19070, 0.25000
2.85909, 3.75484, 1.40973, 4.92550, 0.92001, 1.28053, 4.00000, 396403.00000, 109767.00000, 248797.25000, 15285159890.18750, 123633.16663, 0.94766, 0.35746, 0.47456, 0.16798, 0.25000
1.49161, 3.48430, 3.15040, 4.92852, 1.16631, 0.87732, 14.00000, 431183.00000, 59918.00000, 215294.64286, 11733831023.94388, 108322.80934, 0.91102, 0.19070, 0.42617, 0.38313, 0.14286
0.70086, 2.75567, 4.02561, 4.92853, 1.32174, 0.61496, 20.00000, 462822.00000, 47568.00000, 180378.85000, 13679968250.12750, 116961.39641, 0.90081, 0.10514, 0.36663, 0.52824, 0.20000
1.97536, 2.21782, 3.93313, 4.92852, 0.84316, 0.64677, 10.00000, 349418.00000, 88331.00000, 187615.50000, 9816012056.25000, 99075.78946, 0.91102, 0.24897, 0.27362, 0.47741, 0.30000
1.40973, 2.85909, 3.75484, 4.92550, 1.11271, 0.70390, 4.00000, 473958.00000, 102570.00000, 302155.00000, 19181855263.50000, 138498.57495, 0.94766, 0.16798, 0.35746, 0.47456, 0.25000
3.93313, 1.97536, 2.21782, 4.92852, 0.46544, 1.10403, 5.00000, 285624.00000, 134879.00000, 198720.40000, 3521511908.24000, 59342.32813, 0.91102, 0.47741, 0.24897, 0.27362, 0.00000
3.15040, 1.49161, 3.48430, 4.92852, 0.44220, 0.78559, 4.00000, 407767.00000, 225434.00000, 311272.50000, 5000072346.25000, 70711.18968, 0.91102, 0.38313, 0.19070, 0.42617, 0.00000
4.02561, 0.70086, 2.75567, 4.92853, 0.17237, 0.97747, 0.00000, 0.00000, 0.00000, 0.00000, 0.00000, 0.00000, 0.90081, 0.52824, 0.10514, 0.36663, 0.00000
3.75484, 1.40973, 2.85909, 4.92550, 0.35916, 0.95149, 5.00000, 494607.00000, 172750.00000, 333624.00000, 11507290742.80000, 107272.04083, 0.94766, 0.47456, 0.16798, 0.35746, 0.40000
2.20355, 3.47499, 2.68919, 4.91558, 1.00567, 0.99193, 6.00000, 338266.00000, 89991.00000, 210550.16667, 6162147927.80556, 78499.34986, 1.08598, 0.26522, 0.41309, 0.32170, 0.00000
2.68919, 2.20355, 3.47499, 4.91558, 0.68646, 0.78564, 6.00000, 375211.00000, 112936.00000, 234120.00000, 7595692849.33333, 87153.27217, 1.08598, 0.32170, 0.26522, 0.41309, 0.16667
3.47499, 2.68919, 2.20355, 4.91558, 0.65860, 1.10596, 0.00000, 0.00000, 0.00000, 0.00000, 0.00000, 0.00000, 1.08598, 0.41309, 0.32170, 0.26522, 0.00000
2.83550, 2.83550, 2.83550, 4.91123, 0.78540, 0.95532, 6.00000, 456842.00000, 130787.00000, 320606.83333, 17173540359.80556, 131047.85523, 1.14286, 0.33333, 0.33333, 0.33333, 0.50000
-0.43315, 2.05481, 4.45876, 4.92853, 1.77855, 0.44016, 32.00000, 434315.00000, 26544.00000, 128485.00000, 10147895056.87500, 100736.76120, 0.90081, -0.08228, 0.33112, 0.75116, 0.09375
-1.70460, 1.50894, 4.37124, 4.92852, 2.41700, 0.48015, 71.00000, 440432.00000, 10617.00000, 127000.87324, 11853169551.51914, 108872.26254, 0.91102, -0.42255, 0.35294, 1.06961, 0.22535
-0.43811, 0.72621, 4.85499, 4.92852, 2.11363, 0.17295, 30.00000, 497184.00000, 42815.00000, 200915.93333, 15458521379.86222, 124332.30224, 0.91102, -0.09634, 0.13403, 0.96230, 0.36667
-0.87126, 1.44936, 4.62611, 4.92550, 2.11205, 0.35046, 31.00000, 469457.00000, 30616.00000, 162189.03226, 13427385165.19251, 115876.59455, 0.94766, -0.15634, 0.28534, 0.87099, 0.22581
-2.87963, 0.78273, 3.92241, 4.92852, 2.87619, 0.65037, 126.00000, 441677.00000, 10403.00000, 98198.07143, 7487153489.49490, 86528.33923, 0.91102, -1.48153, 0.40335, 2.07817, 0.22222
-3.75791, 0.00000, 3.18882, 4.92853, 3.14159, 0.86714, 127.00000, 482460.00000, 6238.00000, 104985.35433, 9306768013.18941, 96471.59174, 0.90081, 8.64229, -0.00000, -7.64229, 0.39370
-2.87963, -0.78273, 3.92241, 4.92852, -2.87619, 0.65037, 107.00000, 491809.00000, 16025.00000, 126634.80374, 12204153788.79326, 110472.41189, 0.91102, -7.66476, -2.08678, 10.75154, 0.64486
-3.21637, 0.00000, 3.73035, 4.92550, 3.14159, 0.71154, 80.00000, 433598.00000, 14961.00000, 103116.95000, 9448028895.54750, 97200.97168, 0.94766, -8.06739, 0.00000, 9.06739, 0.52500
-0.43811, -0.72621, 4.85499, 4.92852, -2.11363, 0.17295, 40.00000, 478393.00000, 22669.00000, 173771.47500, 13074318892.84938, 114342.98795, 0.91102, -0.13162, -0.18312, 1.31474, 0.67500
-1.70460, -1.50894, 4.37124, 4.92852, -2.41700, 0.48015, 56.00000, 494174.00000, 10236.00000, 160699.60714, 16070746929.02423, 126770.44975, 0.91102, -1.43665, -1.19997, 3.63662, 0.82143
-0.43315, -2.05481, 4.45876, 4.92853, -1.77855, 0.44016, 32.00000, 458980.00000, 19724.00000, 166124.50000, 18532767623.31250, 136135.10797, 0.90081, -0.24359, -0.98030, 2.22389, 0.81250
-0.87126, -1.44936, 4.62611, 4.92550, -2.11205, 0.35046, 45.00000, 466912.00000, 16937.00000, 158709.75556, 14256188626.31803, 119399.28235, 0.94766, -0.36416, -0.66465, 2.02881, 0.64444
-2.14766, 0.78579, 4.35121, 4.91558, 2.79084, 0.48390, 55.00000, 479465.00000, 14707.00000, 138861.23636, 16889351436.65323, 129959.03753, 1.08598, -0.71592, 0.25627, 1.45965, 0.16364
-2.14766, -0.78579, 4.35121, 4.91558, -2.79084, 0.48390, 77.00000, 460446.00000, 17817.00000, 127884.74026, 9384453109.93254, 96873.38701, 1.08598, -1.46868, -0.52573, 2.99442, 0.57143
-0.87622, 0.00000, 4.83686, 4.91558, 3.14159, 0.17921, 32.00000, 448018.00000, 29533.00000, 157635.75000, 11237970054.81250, 106009.29230, 1.08598, -0.22879, 0.00000, 1.22879, 0.37500
-1.75244, 0.00000, 4.58794, 4.91123, 3.14159, 0.36486, 61.00000, 421248.00000, 11662.00000, 135988.59016, 10001178971.15990, 100005.89468, 1.14286, -0.61803, 0.00000, 1.61803, 0.47541
-4.45876, -0.43315, 2.05481, 4.92853, -3.04475, 1.14074, 119.00000, 455771.00000, 8206.00000, 111271.25210, 9674077656.99527, 98356.88922, 0.90081, 1.49537, 0.16379, -0.65917, 0.43697
-4.85499, -0.43811, 0.72621, 4.92852, -3.05160, 1.42291, 98.00000, 459332.00000, 18599.00000, 126207.97959, 10067951932.50978, 100339.18443, 0.91102, 1.04077, 0.10419, -0.14496, 0.44898
-4.37124, -1.70460, 1.50894, 4.92852, -2.76977, 1.25963, 126.00000, 492925.00000, 11552.00000, 115971.78571, 11024318678.72392, 104996.75556, 0.91102, 0.93889, 0.37091, -0.30980, 0.81746
-4.62611, -0.87126, 1.44936, 4.92550, -2.95544, 1.27212, 84.00000, 499110.00000, 14225.00000, 118713.57143, 10269671533.62585, 101339.38787, 0.94766, 1.17386, 0.21070, -0.38457, 0.63095
-4.85499, -0.43811, -0.72621, 4.92852, -3.05160, 1.71868, 48.00000, 383929.00000, 29932.00000, 172110.83333, 12815739166.13889, 113206.62156, 0.91102, 0.80685, 0.08077, 0.11238, 0.50000
-4.45876, -0.43315, -2.05481, 4.92853, -3.04475, 2.00085, 17.00000, 364214.00000, 56658.00000, 172509.00000, 8048016904.94118, 89710.74019, 0.90081, 0.64502, 0.07065, 0.28433, 0.52941
-4.37124, -1.70460, -1.50894, 4.92852, -2.76977, 1.88196, 36.00000, 480695.00000, 37137.00000, 173310.86111, 14533144934.28626, 120553.49408, 0.91102, 0.57970, 0.22901, 0.19128, 0.72222
-4.62611, -0.87126, -1.44936, 4.92550, -2.95544, 1.86947, 30.00000, 450461.00000, 56745.00000, 167533.50000, 9608061044.38333, 98020.71742, 0.94766, 0.66353, 0.11910, 0.21738, 0.43333
-3.92241, -2.87963, 0.78273, 4.92852, -2.50831, 1.41130, 93.00000, 486595.00000, 13747.00000, 119301.68817, 12957491206.66620, 113830.97648, 0.91102, 0.65841, 0.46938, -0.12779, 0.86022
-3.92241, -2.87963, -0.78273, 4.92852, -2.50831, 1.73029, 40.00000, 459910.00000, 23373.00000, 187165.65000, 17158299543.37750, 130989.69251, 0.91102, 0.52439, 0.37383, 0.10178, 0.82500
-3.18882, -3.75791, 0.00000, 4.92853, -2.27446, 1.57080, 38.00000, 455577.00000, 18184.00000, 151716.50000, 9546962352.19737, 97708.55823, 0.90081, 0.46930, 0.53070, 0.00000, 0.86842
-3.73035, -3.21637, 0.00000, 4.92550, -2.43005, 1.57080, 47.00000, 395541.00000, 15411.00000, 136937.61702, 11257937104.10865, 106103.42645, 0.94766, 0.52918, 0.47082, -0.00000, 0.87234
-4.83686, -0.87622, 0.00000, 4.91558, -2.96238, 1.57080, 52.00000, 467768.00000, 18666.00000, 164232.63462, 13130099932.65496, 114586.64814, 1.08598, 0.84303, 0.15697, -0.00000, 0.63462
-4.35121, -2.14766, -0.78579, 4.91558, -2.68310, 1.73134, 24.00000, 463124.00000, 18709.00000, 146509.41667, 9680608681.32639, 98390.08426, 1.08598, 0.60022, 0.29439, 0.10538, 0.87500
-4.35121, -2.14766, 0.78579, 4.91558, -2.68310, 1.41025, 71.00000, 456263.00000, 16488.00000, 133705.78873, 14326865587.54692, 119694.88539, 1.08598, 0.76051, 0.37301, -0.13352, 0.81690
-4.58794, -1.75244, 0.00000, 4.91123, -2.77673, 1.57080, 60.00000, 407415.00000, 18249.00000, 129169.50000, 8383889822.05000, 91563.58349, 1.14286, 0.72361, 0.27639, -0.00000, 0.81667
-3.75791, 0.00000, -3.18882, 4.92853, 3.14159, 2.27446, 8.00000, 299411.00000, 66088.00000, 183022.00000, 4237580794.25000, 65096.70341, 0.90081, 0.53070, -0.00000, 0.46930, 0.50000
-2.87963, 0.78273, -3.92241, 4.92852, 2.87619, 2.49122, 12.00000, 402857.00000, 142860.00000, 249385.58333, 6007884417.40972, 77510.54391, 0.91102, 0.46938, -0.12779, 0.65841, 0.41667
-2.87963, -0.78273, -3.92241, 4.92852, -2.87619, 2.49122, 6.00000, 460089.00000, 79987.00000, 203901.33333, 17054388720.88889, 130592.45277, 0.91102, 0.37383, 0.10178, 0.52439, 0.66667
-3.21637, 0.00000, -3.73035, 4.92550, 3.14159, 2.43005, 5.00000, 290132.00000, 170591.00000, 234300.00000, 2789564226.00000, 52816.32537, 0.94766, 0.47082, 0.00000, 0.52918, 0.40000
-1.70460, 1.50894, -4.37124, 4.92852, 2.41700, 2.66145, 3.00000, 282966.00000, 78127.00000, 193965.66667, 7353317388.22222, 85751.48622, 0.91102, 0.37091, -0.30980, 0.93889, 0.33333
-0.43315, 2.05481, -4.45876, 4.92853, 1.77855, 2.70143, 2.00000, 433913.00000, 257475.00000, 345694.00000, 7782591961.00000, 88219.00000, 0.90081, 0.16379, -0.65917, 1.49537, 0.00000
-0.43811, 0.72621, -4.85499, 4.92852, 2.11363, 2.96865, 0.00000, 0.00000, 0.00000, 0.00000, 0.00000, 0.00000, 0.91102, 0.10419, -0.14496, 1.04077, 0.00000
-0.87126, 1.44936, -4.62611, 4.92550, 2.11205, 2.79113, 1.00000, 96107.00000, 96107.00000, 96107.00000, 0.00000, 0.00000, 0.94766, 0.21070, -0.38457, 1.17386, 0.00000
-1.70460, -1.50894, -4.37124, 4.92852, -2.41700, 2.66145, 2.00000, 341997.00000, 294257.00000, 318127.00000, 569776900.00000, 23870.00000, 0.91102, 0.22901, 0.19128, 0.57970, 0.50000
-0.43811, -0.72621, -4.85499, 4.92852, -2.11363, 2.96865, 5.00000, 463136.00000, 213180.00000, 330692.20000, 9021231440.96000, 94980.16341, 0.91102, 0.08077, 0.11238, 0.80685, 0.40000
-0.43315, -2.05481, -4.45876, 4.92853, -1.77855, 2.70143, 4.00000, 436033.00000, 162375.00000, 320008.00000, 11302216924.50000, 106311.88515, 0.90081, 0.07065, 0.28433, 0.64502, 0.75000
-0.87126, -1.44936, -4.62611, 4.92550, -2.11205, 2.79113, 1.00000, 418602.00000, 418602.00000, 418602.00000, 0.00000, 0.00000, 0.94766, 0.11910, 0.21738, 0.66353, 1.00000
-2.14766, 0.78579, -4.35121, 4.91558, 2.79084, 2.65769, 4.00000, 439179.00000, 167286.00000, 299432.25000, 10150193071.68750, 100748.16659, 1.08598, 0.37301, -0.13352, 0.76051, 0.25000
-0.87622, 0.00000, -4.83686, 4.91558, 3.14159, 2.96238, 1.00000, 262449.00000, 262449.00000, 262449.00000, 0.00000, 0.00000, 1.08598, 0.15697, 0.00000, 0.84303, 0.00000
-2.14766, -0.78579, -4.35121, 4.91558, -2.79084, 2.65769, 2.00000, 371777.00000, 114437.00000, 243107.00000, 16555968900.00000, 128670.00000, 1.08598, 0.29439, 0.10538, 0.60022, 1.00000
-1.75244, 0.00000, -4.58794, 4.91123, 3.14159, 2.77673, 4.00000, 484956.00000, 249696.00000, 403103.75000, 8736851550.18750, 93471.12683, 1.14286, 0.27639, 0.00000, 0.72361, 0.25000
0.70086, 2.75567, -4.02561, 4.92853, 1.32174, 2.52663, 0.00000, 0.00000, 0.00000, 0.00000, 0.00000, 0.00000, 0.90081, -1.86160, -6.49176, 9.35336, 0.00000
1.49161, 3.48430, -3.15040, 4.92852, 1.16631, 2.26428, 1.00000, 316259.00000, 316259.00000, 316259.00000, 0.00000, 0.00000, 0.91102, 0.81587, 1.82322, -1.63909, 0.00000
1.97536, 2.21782, -3.93313, 4.92852, 0.84316, 2.49482, 2.00000, 434626.00000, 358656.00000, 396641.00000, 1442860225.00000, 37985.00000, 0.91102, 5.51065, 6.05607, -10.56672, 0.00000
1.40973, 2.85909, -3.75484, 4.92550, 1.11271, 2.43770, 0.00000, 0.00000, 0.00000, 0.00000, 0.00000, 0.00000, 0.94766, 3.30198, 7.02665, -9.32863, 0.00000
2.21782, 3.93313, -1.97536, 4.92852, 1.05736, 1.98319, 3.00000, 414935.00000, 262507.00000, 328096.66667, 4098135448.22222, 64016.68102, 0.91102, 0.54500, 0.95092, -0.49591, 0.00000
2.75567, 4.02561, -0.70086, 4.92853, 0.97053, 1.71348, 0.00000, 0.00000, 0.00000, 0.00000, 0.00000, 0.00000, 0.90081, 0.46424, 0.66888, -0.13313, 0.00000
3.48430, 3.15040, -1.49161, 4.92852, 0.73511, 1.87827, 0.00000, 0.00000, 0.00000, 0.00000, 0.00000, 0.00000, 0.91102, 0.68893, 0.61936, -0.30829, 0.00000
2.85909, 3.75484, -1.40973, 4.92550, 0.92001, 1.86107, 0.00000, 0.00000, 0.00000, 0.00000, 0.00000, 0.00000, 0.94766, 0.53830, 0.71466, -0.25296, 0.00000
3.15040, 1.49161, -3.48430, 4.92852, 0.44220, 2.35600, 1.00000, 427210.00000, 427210.00000, 427210.00000, 0.00000, 0.00000, 0.91102, 2.59457, 1.29147, -2.88604, 1.00000
3.93313, 1.97536, -2.21782, 4.92852, 0.46544, 2.03756, 0.00000, 0.00000, 0.00000, 0.00000, 0.00000, 0.00000, 0.91102, 1.05443, 0.54989, -0.60432, 0.00000
4.02561, 0.70086, -2.75567, 4.92853, 0.17237, 2.16413, 0.00000, 0.00000, 0.00000, 0.00000, 0.00000, 0.00000, 0.90081, 1.98030, 0.39414, -1.37444, 0.00000
3.75484, 1.40973, -2.85909, 4.92550, 0.35916, 2.19010, 0.00000, 0.00000, 0.00000, 0.00000, 0.00000, 0.00000, 0.94766, 1.66465, 0.58922, -1.25387, 0.00000
2.20355, 3.47499, -2.68919, 4.91558, 1.00567, 2.14966, 3.00000, 464291.00000, 220348.00000, 305932.00000, 12566131520.66667, 112098.75789, 1.08598, 0.74373, 1.15838, -0.90211, 0.00000
3.47499, 2.68919, -2.20355, 4.91558, 0.65860, 2.03563, 0.00000, 0.00000, 0.00000, 0.00000, 0.00000, 0.00000, 1.08598, 0.87972, 0.68510, -0.56481, 0.00000
2.68919, 2.20355, -3.47499, 4.91558, 0.68646, 2.35595, 1.00000, 239153.00000, 239153.00000, 239153.00000, 0.00000, 0.00000, 1.08598, 1.85065, 1.52573, -2.37638, 0.00000
2.83550, 2.83550, -2.83550, 4.91123, 0.78540, 2.18628, 1.00000, 268870.00000, 268870.00000, 268870.00000, 0.00000, 0.00000, 1.14286, 1.00000, 1.00000, -1.00000, 0.00000
2.75567, -4.02561, 0.70086, 4.92853, -0.97053, 1.42811, 5.00000, 418191.00000, 106592.00000, 306392.60000, 16699257385.04000, 129225.60654, 0.90081, -6.49176, 9.35336, -1.86160, 0.80000
3.48430, -3.15040, 1.49161, 4.92852, -0.73511, 1.26333, 5.00000, 425653.00000, 119487.00000, 241983.20000, 11152677760.16000, 105606.23921, 0.91102, 1.82322, -1.63909, 0.81587, 1.00000
2.21782, -3.93313, 1.97536, 4.92852, -1.05736, 1.15840, 4.00000, 414062.00000, 74679.00000, 293047.50000, 18307760720.25000, 135306.17399, 0.91102, 6.05607, -10.56672, 5.51065, 1.00000
2.85909, -3.75484, 1.40973, 4.92550, -0.92001, 1.28053, 5.00000, 455754.00000, 255744.00000, 349864.00000, 5828086034.80000, 76341.90222, 0.94766, 7.02665, -9.32863, 3.30198, 0.80000
3.93313, -1.97536, 2.21782, 4.92852, -0.46544, 1.10403, 4.00000, 399406.00000, 76724.00000, 252435.75000, 16143629057.18750, 127057.58166, 0.91102, 0.95092, -0.49591, 0.54500, 0.50000
4.02561, -0.70086, 2.75567, 4.92853, -0.17237, 0.97747, 1.00000, 336693.00000, 336693.00000, 336693.00000, 0.00000, 0.00000, 0.90081, 0.66888, -0.13313, 0.46424, 1.00000
3.15040, -1.49161, 3.48430, 4.92852, -0.44220, 0.78559, 6.00000, 452707.00000, 274138.00000, 347462.16667, 4716681421.80556, 68678.10002, 0.91102, 0.61936, -0.30829, 0.68893, 0.66667
3.75484, -1.40973, 2.85909, 4.92550, -0.35916, 0.95149, 2.00000, 389515.00000, 127058.00000, 258286.50000, 17220919212.25000, 131228.50000, 0.94766, 0.71466, -0.25296, 0.53830, 0.50000
1.49161, -3.48430, 3.15040, 4.92852, -1.16631, 0.87732, 16.00000, 409917.00000, 40798.00000, 214840.06250, 11393098192.80859, 106738.45695, 0.91102, 1.29147, -2.88604, 2.59457, 0.93750
1.97536, -2.21782, 3.93313, 4.92852, -0.84316, 0.64677, 8.00000, 332593.00000, 73646.00000, 200310.37500, 8237792646.73438, 90762.28648, 0.91102, 0.54989, -0.60432, 1.05443, 0.75000
0.70086, -2.75567, 4.02561, 4.92853, -1.32174, 0.61496, 20.00000, 391679.00000, 46357.00000, 167506.75000, 9599131796.38750, 97975.15908, 0.90081, 0.39414, -1.37444, 1.98030, 0.90000
1.40973, -2.85909, 3.75484, 4.92550, -1.11271, 0.70390, 11.00000, 329849.00000, 51364.00000, 211409.27273, 8071463531.47107, 89841.32419, 0.94766, 0.58922, -1.25387, 1.66465, 0.81818
3.47499, -2.68919, 2.20355, 4.91558, -0.65860, 1.10596, 3.00000, 436289.00000, 101838.00000, 256418.00000, 18962729240.66667, 137705.22590, 1.08598, 1.15838, -0.90211, 0.74373, 0.66667
2.68919, -2.20355, 3.47499, 4.91558, -0.68646, 0.78564, 4.00000, 354827.00000, 190354.00000, 255788.00000, 4801795458.50000, 69294.98870, 1.08598, 0.68510, -0.56481, 0.87972, 1.00000
2.20355, -3.47499, 2.68919, 4.91558, -1.00567, 0.99193, 3.00000, 385750.00000, 212327.00000, 270253.00000, 6669799508.66667, 81668.84050, 1.08598, 1.52573, -2.37638, 1.85065, 1.00000
2.83550, -2.83550, 2.83550, 4.91123, -0.78540, 0.95532, 4.00000, 443798.00000, 182120.00000, 294728.50000, 9305198103.25000, 96463.45475, 1.14286, 1.00000, -1.00000, 1.00000, 1.00000
2.05481, -4.45876, 0.43315, 4.92853, -1.13896, 1.48280, 5.00000, 493998.00000, 220290.00000, 339544.80000, 11959643938.96000, 109360.15700, 0.90081, -0.98030, 2.22389, -0.24359, 1.00000
1.50894, -4.37124, 1.70460, 4.92852, -1.23841, 1.21764, 9.00000, 269778.00000, 47369.00000, 132276.88889, 6285234268.98765, 79279.46940, 0.91102, -1.19997, 3.63662, -1.43665, 0.88889
0.72621, -4.85499, 0.43811, 4.92852, -1.42232, 1.48179, 8.00000, 498238.00000, 62722.00000, 291867.87500, 22005237647.10938, 148341.62480, 0.91102, -0.18312, 1.31474, -0.13162, 1.00000
1.44936, -4.62611, 0.87126, 4.92550, -1.26718, 1.39297, 5.00000, 412496.00000, 94420.00000, 188214.00000, 13119625318.00000, 114540.93294, 0.94766, -0.66465, 2.02881, -0.36416, 1.00000
0.78273, -3.92241, 2.87963, 4.92852, -1.37383, 0.94680, 20.00000, 441181.00000, 41061.00000, 217813.90000, 15508420307.79000, 124532.80816, 0.91102, -2.08678, 10.75154, -7.66476, 1.00000
0.00000, -3.18882, 3.75791, 4.92853, -1.57080, 0.70366, 27.00000, 413021.00000, 36425.00000, 180654.92593, 10496440261.03155, 102452.13644, 0.90081, 0.00000, -7.64229, 8.64229, 0.88889
-0.78273, -3.92241, 2.87963, 4.92852, -1.76776, 0.94680, 41.00000, 454403.00000, 23710.00000, 134265.00000, 12341076712.87805, 111090.39883, 0.91102, 0.40335, 2.07817, -1.48153, 0.97561
0.00000, -3.73035, 3.21637, 4.92550, -1.57080, 0.85925, 26.00000, 422591.00000, 22748.00000, 181280.38462, 13024809639.69823, 114126.28812, 0.94766, -0.00000, 9.06739, -8.06739, 0.84615
-0.72621, -4.85499, 0.43811, 4.92852, -1.71928, 1.48179, 27.00000, 446366.00000, 20949.00000, 174821.66667, 13703161043.77777, 117060.50164, 0.91102, 0.13403, 0.96230, -0.09634, 0.96296
-1.50894, -4.37124, 1.70460, 4.92852, -1.90319, 1.21764, 57.00000, 485663.00000, 22320.00000, 143610.21053, 12610278075.99077, 112295.49446, 0.91102, 0.35294, 1.06961, -0.42255, 0.92982
-2.05481, -4.45876, 0.43315, 4.92853, -2.00263, 1.48280, 29.00000, 484439.00000, 25479.00000, 147153.03448, 11735082944.03329, 108328.58784, 0.90081, 0.33112, 0.75116, -0.08228, 0.89655
-1.44936, -4.62611, 0.87126, 4.92550, -1.87441, 1.39297, 21.00000, 472750.00000, 48804.00000, 215106.85714, 19962418211.93198, 141288.42207, 0.94766, 0.28534, 0.87099, -0.15634, 0.80952
0.78579, -4.35121, 2.14766, 4.91558, -1.39213, 1.11864, 18.00000, 487699.00000, 51496.00000, 213683.33333, 17795626029.44444, 133400.24749, 1.08598, -0.52573, 2.99442, -1.46868, 0.94444
-0.78579, -4.35121, 2.14766, 4.91558, -1.74946, 1.11864, 25.00000, 387036.00000, 20740.00000, 127766.60000, 7602870728.80000, 87194.44208, 1.08598, 0.25627, 1.45965, -0.71592, 0.92000
0.00000, -4.83686, 0.87622, 4.91558, -1.57080, 1.39159, 14.00000, 446783.00000, 71421.00000, 208562.28571, 19069564581.63265, 138092.59423, 1.08598, -0.00000, 1.22879, -0.22879, 0.85714
0.00000, -4.58794, 1.75244, 4.91123, -1.57080, 1.20593, 16.00000, 459942.00000, 39571.00000, 182149.31250, 13396723121.08984, 115744.21420, 1.14286, -0.00000, 1.61803, -0.61803, 1.00000
2.05481, -4.45876, -0.43315, 4.92853, -1.13896, 1.65880, 5.00000, 441731.00000, 165186.00000, 299107.60000, 11684144687.84000, 108093.22221, 0.90081, -0.65917, 1.49537, 0.16379, 0.80000
0.72621, -4.85499, -0.43811, 4.92852, -1.42232, 1.65981, 10.00000, 478391.00000, 69179.00000, 289608.00000, 16815634466.60000, 129675.11121, 0.91102, -0.14496, 1.04077, 0.10419, 1.00000
1.50894, -4.37124, -1.70460, 4.92852, -1.23841, 1.92396, 3.00000, 416411.00000, 222140.00000, 306485.00000, 6617397354.00000, 81347.38689, 0.91102, -0.30980, 0.93889, 0.37091, 0.66667
1.44936, -4.62611, -0.87126, 4.92550, -1.26718, 1.74862, 2.00000, 139055.00000, 106135.00000, 122595.00000, 270931600.00000, 16460.00000, 0.94766, -0.38457, 1.17386, 0.21070, 1.00000
-0.72621, -4.85499, -0.43811, 4.92852, -1.71928, 1.65981, 14.00000, 497369.00000, 91669.00000, 236696.00000, 13197510794.28572, 114880.41954, 0.91102, 0.11238, 0.80685, 0.08077, 0.92857
-2.05481, -4.45876, -0.43315, 4.92853, -2.00263, 1.65880, 18.00000, 335769.00000, 43967.00000, 169352.88889, 8100313994.09877, 90001.74439, 0.90081, 0.28433, 0.64502, 0.07065, 0.83333
-1.50894, -4.37124, -1.70460, 4.92852, -1.90319, 1.92396, 11.00000, 261022.00000, 67218.00000, 158429.54545, 4865755012.61157, 69754.96407, 0.91102, 0.19128, 0.57970, 0.22901, 1.00000
-1.44936, -4.62611, -0.87126, 4.92550, -1.87441, 1.74862, 13.00000, 438747.00000, 42572.00000, 214814.76923, 14818982268.17751, 121733.24225, 0.94766, 0.21738, 0.66353, 0.11910, 0.92308
0.78273, -3.92241, -2.87963, 4.92852, -1.37383, 2.19479, 7.00000, 435277.00000, 119378.00000, 302395.00000, 10919041132.00000, 104494.21578, 0.91102, -0.12779, 0.65841, 0.46938, 0.71429
-0.78273, -3.92241, -2.87963, 4.92852, -1.76776, 2.19479, 3.00000, 393802.00000, 361092.00000, 374792.33333, 192418526.88889, 13871.50053, 0.91102, 0.10178, 0.52439, 0.37383, 1.00000
0.00000, -3.18882, -3.75791, 4.92853, -1.57080, 2.43793, 2.00000, 455077.00000, 130432.00000, 292754.50000, 26348594006.25000, 162322.50000, 0.90081, 0.00000, 0.46930, 0.53070, 0.50000
0.00000, -3.73035, -3.21637, 4.92550, -1.57080, 2.28234, 1.00000, 494690.00000, 494690.00000, 494690.00000, 0.00000, 0.00000, 0.94766, -0.00000, 0.52918, 0.47082, 1.00000
0.00000, -4.83686, -0.87622, 4.91558, -1.57080, 1.75001, 6.00000, 494144.00000, 110796.00000, 287600.66667, 25008104896.88889, 158139.51087, 1.08598, -0.00000, 0.84303, 0.15697, 0.83333
-0.78579, -4.35121, -2.14766, 4.91558, -1.74946, 2.02296, 6.00000, 412538.00000, 123174.00000, 241620.83333, 9377853752.47222, 96839.31925, 1.08598, 0.10538, 0.60022, 0.29439, 0.83333
0.78579, -4.35121, -2.14766, 4.91558, -1.39213, 2.02296, 2.00000, 111863.00000, 105607.00000, 108735.00000, 9784384.00000, 3128.00000, 1.08598, -0.13352, 0.76051, 0.37301, 1.00000
0.00000, -4.58794, -1.75244, 4.91123, -1.57080, 1.93566, 7.00000, 464560.00000, 144661.00000, 276228.00000, 10223346512.00000, 101110.56578, 1.14286, -0.00000, 0.72361, 0.27639, 1.00000
2.75567, -4.02561, -0.70086, 4.92853, -0.97053, 1.71348, 3.00000, 342761.00000, 133502.00000, 252295.66667, 7699468748.22222, 87746.61673, 0.90081, -1.37444, 1.98030, 0.39414, 0.66667
2.21782, -3.93313, -1.97536, 4.92852, -1.05736, 1.98319, 1.00000, 200610.00000, 200610.00000, 200610.00000, 0.00000, 0.00000, 0.91102, -0.60432, 1.05443, 0.54989, 1.00000
3.48430, -3.15040, -1.49161, 4.92852, -0.73511, 1.87827, 2.00000, 387304.00000, 221153.00000, 304228.50000, 6901538700.25000, 83075.50000, 0.91102, -2.88604, 2.59457, 1.29147, 1.00000
2.85909, -3.75484, -1.40973, 4.92550, -0.92001, 1.86107, 2.00000, 480355.00000, 233515.00000, 356935.00000, 15232496400.00000, 123420.00000, 0.94766, -1.25387, 1.66465, 0.58922, 1.00000
1.49161, -3.48430, -3.15040, 4.92852, -1.16631, 2.26428, 0.00000, 0.00000, 0.00000, 0.00000, 0.00000, 0.00000, 0.91102, -0.30829, 0.68893, 0.61936, 0.00000
0.70086, -2.75567, -4.02561, 4.92853, -1.32174, 2.52663, 2.00000, 458115.00000, 170274.00000, 314194.50000, 20713110320.25000, 143920.50000, 0.90081, -0.13313, 0.46424, 0.66888, 1.00000
1.97536, -2.21782, -3.93313, 4.92852, -0.84316, 2.49482, 0.00000, 0.00000, 0.00000, 0.00000, 0.00000, 0.00000, 0.91102, -0.49591, 0.54500, 0.95092, 0.00000
1.40973, -2.85909, -3.75484, 4.92550, -1.11271, 2.43770, 1.00000, 350511.00000, 350511.00000, 350511.00000, 0.00000, 0.00000, 0.94766, -0.25296, 0.53830, 0.71466, 1.00000
3.93313, -1.97536, -2.21782, 4.92852, -0.46544, 2.03756, 2.00000, 460410.00000, 439276.00000, 449843.00000, 111661489.00000, 10567.00000, 0.91102, -10.56672, 5.51065, 6.05607, 1.00000
3.15040, -1.49161, -3.48430, 4.92852, -0.44220, 2.35600, 0.00000, 0.00000, 0.00000, 0.00000, 0.00000, 0.00000, 0.91102, -1.63909, 0.81587, 1.82322, 0.00000
4.02561, -0.70086, -2.75567, 4.92853, -0.17237, 2.16413, 0.00000, 0.00000, 0.00000, 0.00000, 0.00000, 0.00000, 0.90081, 9.35336, -1.86160, -6.49176, 0.00000
3.75484, -1.40973, -2.85909, 4.92550, -0.35916, 2.19010, 2.00000, 348064.00000, 299131.00000, 323597.50000, 598609622.25000, 24466.50000, 0.94766, -9.32863, 3.30198, 7.02665, 1.00000
2.20355, -3.47499, -2.68919, 4.91558, -1.00567, 2.14966, 3.00000, 407264.00000, 249723.00000, 345034.33333, 4683726114.88889, 68437.75358, 1.08598, -0.56481, 0.87972, 0.68510, 1.00000
2.68919, -2.20355, -3.47499, 4.91558, -0.68646, 2.35595, 1.00000, 361194.00000, 361194.00000, 361194.00000, 0.00000, 0.00000, 1.08598, -0.90211, 0.74373, 1.15838, 1.00000
3.47499, -2.68919, -2.20355, 4.91558, -0.65860, 2.03563, 1.00000, 386824.00000, 386824.00000, 386824.00000, 0.00000, 0.00000, 1.08598, -2.37638, 1.85065, 1.52573, 1.00000
2.83550, -2.83550, -2.83550, 4.91123, -0.78540, 2.18628, 0.00000, 0.00000, 0.00000, 0.00000, 0.00000, 0.00000, 1.14286, -1.00000, 1.00000, 1.00000, 0.00000
3.18882, -3.75791, 0.00000, 4.92853, -0.86714, 1.57080, 3.00000, 372324.00000, 192593.00000, 281639.00000, 5385215220.66667, 73384.02565, 0.90081, -7.64229, 8.64229, -0.00000, 0.33333
3.92241, -2.87963, -0.78273, 4.92852, -0.63328, 1.73029, 0.00000, 0.00000, 0.00000, 0.00000, 0.00000, 0.00000, 0.91102, 10.75154, -7.66476, -2.08678, 0.00000
3.92241, -2.87963, 0.78273, 4.92852, -0.63328, 1.41130, 1.00000, 446455.00000, 446455.00000, 446455.00000, 0.00000, 0.00000, 0.91102, 2.07817, -1.48153, 0.40335, 1.00000
3.73035, -3.21637, 0.00000, 4.92550, -0.71154, 1.57080, 1.00000, 470451.00000, 470451.00000, 470451.00000, 0.00000, 0.00000, 0.94766, 9.06739, -8.06739, 0.00000, 1.00000
4.37124, -1.70460, -1.50894, 4.92852, -0.37182, 1.88196, 0.00000, 0.00000, 0.00000, 0.00000, 0.00000, 0.00000, 0.91102, 3.63662, -1.43665, -1.19997, 0.00000
4.45876, -0.43315, -2.05481, 4.92853, -0.09684, 2.00085, 1.00000, 309589.00000, 309589.00000, 309589.00000, 0.00000, 0.00000, 0.90081, 2.22389, -0.24359, -0.98030, 1.00000
4.85499, -0.43811, -0.72621, 4.92852, -0.09000, 1.71868, 1.00000, 394760.00000, 394760.00000, 394760.00000, 0.00000, 0.00000, 0.91102, 1.31474, -0.13162, -0.18312, 0.00000
4.62611, -0.87126, -1.44936, 4.92550, -0.18616, 1.86947, 0.00000, 0.00000, 0.00000, 0.00000, 0.00000, 0.00000, 0.94766, 2.02881, -0.36416, -0.66465, 0.00000
4.37124, -1.70460, 1.50894, 4.92852, -0.37182, 1.25963, 2.00000, 431060.00000, 398468.00000, 414764.00000, 265559616.00000, 16296.00000, 0.91102, 1.06961, -0.42255, 0.35294, 0.00000
4.85499, -0.43811, 0.72621, 4.92852, -0.09000, 1.42291, 1.00000, 197181.00000, 197181.00000, 197181.00000, 0.00000, 0.00000, 0.91102, 0.96230, -0.09634, 0.13403, 0.00000
4.45876, -0.43315, 2.05481, 4.92853, -0.09684, 1.14074, 1.00000, 492554.00000, 492554.00000, 492554.00000, 0.00000, 0.00000, 0.90081, 0.75116, -0.08228, 0.33112, 1.00000
4.62611, -0.87126, 1.44936, 4.92550, -0.18616, 1.27212, 0.00000, 0.00000, 0.00000, 0.00000, 0.00000, 0.00000, 0.94766, 0.87099, -0.15634, 0.28534, 0.00000
4.35121, -2.14766, -0.78579, 4.91558, -0.45850, 1.73134, 0.00000, 0.00000, 0.00000, 0.00000, 0.00000, 0.00000, 1.08598, 2.99442, -1.46868, -0.52573, 0.00000
4.83686, -0.87622, 0.00000, 4.91558, -0.17921, 1.57080, 0.00000, 0.00000, 0.00000, 0.00000, 0.00000, 0.00000, 1.08598, 1.22879, -0.22879, 0.00000, 0.00000
4.35121, -2.14766, 0.78579, 4.91558, -0.45850, 1.41025, 1.00000, 94381.00000, 94381.00000, 94381.00000, 0.00000, 0.00000, 1.08598, 1.45965, -0.71592, 0.25627, 1.00000
4.58794, -1.75244, 0.00000, 4.91123, -0.36486, 1.57080, 0.00000, 0.00000, 0.00000, 0.00000, 0.00000, 0.00000, 1.14286, 1.61803, -0.61803, 0.00000, 0.00000
0.43315, -2.05481, 4.45876, 4.92853, -1.36304, 0.44016, 18.00000, 460628.00000, 55373.00000, 200648.27778, 12372385009.42284, 111231.22318, 0.90081, 0.16379, -0.65917, 1.49537, 0.77778
1.70460, -1.50894, 4.37124, 4.92852, -0.72459, 0.48015, 16.00000, 484693.00000, 59992.00000, 251828.56250, 16970562574.74609, 130271.11182, 0.91102, 0.37091, -0.30980, 0.93889, 0.68750
0.43811, -0.72621, 4.85499, 4.92852, -1.02797, 0.17295, 22.00000, 481334.00000, 33353.00000, 198317.22727, 18167751333.44835, 134787.80113, 0.91102, 0.10419, -0.14496, 1.04077, 0.54545
0.87126, -1.44936, 4.62611, 4.92550, -1.02954, 0.35046, 11.00000, 422438.00000, 58695.00000, 229484.45455, 16324399156.61157, 127766.97209, 0.94766, 0.21070, -0.38457, 1.17386, 0.54545
2.87963, -0.78273, 3.92241, 4.92852, -0.26540, 0.65037, 2.00000, 450332.00000, 447095.00000, 448713.50000, 2619542.25000, 1618.50000, 0.91102, 0.46938, -0.12779, 0.65841, 0.50000
3.75791, 0.00000, 3.18882, 4.92853, 0.00000, 0.86714, 1.00000, 489606.00000, 489606.00000, 489606.00000, 0.00000, 0.00000, 0.90081, 0.53070, -0.00000, 0.46930, 0.00000
2.87963, 0.78273, 3.92241, 4.92852, 0.26540, 0.65037, 11.00000, 449432.00000, 127780.00000, 229634.27273, 8105210235.83471, 90028.94110, 0.91102, 0.37383, 0.10178, 0.52439, 0.36364
3.21637, 0.00000, 3.73035, 4.92550, 0.00000, 0.71154, 2.00000, 397248.00000, 268366.00000, 332807.00000, 4152642481.00000, 64441.00000, 0.94766, 0.47082, -0.00000, 0.52918, 0.50000
0.43811, 0.72621, 4.85499, 4.92852, 1.02797, 0.17295, 18.00000, 492144.00000, 35354.00000, 202579.38889, 16051280155.34877, 126693.64686, 0.91102, 0.08077, 0.11238, 0.80685, 0.27778
1.70460, 1.50894, 4.37124, 4.92852, 0.72459, 0.48015, 11.00000, 493489.00000, 76168.00000, 244813.00000, 19463853317.45454, 139512.91452, 0.91102, 0.22901, 0.19128, 0.57970, 0.09091
0.43315, 2.05481, 4.45876, 4.92853, 1.36304, 0.44016, 17.00000, 482690.00000, 71317.00000, 213098.58824, 14597615930.24222, 120820.59398, 0.90081, 0.07065, 0.28433, 0.64502, 0.23529
0.87126, 1.44936, 4.62611, 4.92550, 1.02954, 0.35046, 17.00000, 440202.00000, 49284.00000, 222969.11765, 11365142414.33910, 106607.42195, 0.94766, 0.11910, 0.21738, 0.66353, 0.17647
2.14766, -0.78579, 4.35121, 4.91558, -0.35075, 0.48390, 4.00000, 285993.00000, 74866.00000, 205119.00000, 6401656242.50000, 80010.35085, 1.08598, 0.37301, -0.13352, 0.76051, 1.00000
2.14766, 0.78579, 4.35121, 4.91558, 0.35075, 0.48390, 4.00000, 426427.00000, 160297.00000, 241386.25000, 11632220353.68750, 107852.77166, 1.08598, 0.29439, 0.10538, 0.60022, 0.75000
0.87622, 0.00000, 4.83686, 4.91558, 0.00000, 0.17921, 9.00000, 494797.00000, 107503.00000, 258422.11111, 23139372618.09876, 152116.31279, 1.08598, 0.15697, -0.00000, 0.84303, 0.44444
1.75244, 0.00000, 4.58794, 4.91123, 0.00000, 0.36486, 6.00000, 390996.00000, 39963.00000, 220713.66667, 16471951861.55556, 128343.10212, 1.14286, 0.27639, 0.00000, 0.72361, 0.83333
-2.75567, -4.02561, 0.70086, 4.92853, -2.17107, 1.42811, 37.00000, 339019.00000, 20731.00000, 89935.89189, 3936165299.23156, 62738.86594, 0.90081, 0.46424, 0.66888, -0.13313, 0.97297
-2.21782, -3.93313, 1.97536, 4.92852, -2.08423, 1.15840, 82.00000, 457117.00000, 12436.00000, 106192.47561, 8458666792.76160, 91971.01061, 0.91102, 0.54500, 0.95092, -0.49591, 0.95122
-3.48430, -3.15040, 1.49161, 4.92852, -2.40648, 1.26333, 119.00000, 405173.00000, 5745.00000, 83933.83193, 5915714654.99696, 76913.68315, 0.91102, 0.68893, 0.61936, -0.30829, 0.89076
-2.85909, -3.75484, 1.40973, 4.92550, -2.22158, 1.28053, 57.00000, 485578.00000, 14990.00000, 100640.07018, 11594811179.81964, 107679.20496, 0.94766, 0.53830, 0.71466, -0.25296, 0.94737
-1.49161, -3.48430, 3.15040, 4.92852, -1.97528, 0.87732, 85.00000, 455325.00000, 14687.00000, 96181.90588, 7158946137.54408, 84610.55571, 0.91102, 0.81587, 1.82322, -1.63909, 0.94118
-0.70086, -2.75567, 4.02561, 4.92853, -1.81985, 0.61496, 47.00000, 447842.00000, 18907.00000, 161893.68085, 15057404134.77048, 122708.61475, 0.90081, -1.86160, -6.49176, 9.35336, 0.85106
-1.97536, -2.21782, 3.93313, 4.92852, -2.29844, 0.64677, 81.00000, 489715.00000, 18790.00000, 154030.79012, 16575483629.84484, 128745.81014, 0.91102, 5.51065, 6.05607, -10.56672, 0.77778
-1.40973, -2.85909, 3.75484, 4.92550, -2.02888, 0.70390, 53.00000, 459801.00000, 11720.00000, 94933.75472, 6588061921.16625, 81166.87700, 0.94766, 3.30198, 7.02665, -9.32863, 0.92453
-3.93313, -1.97536, 2.21782, 4.92852, -2.67616, 1.10403, 176.00000, 497481.00000, 9755.00000, 87186.67614, 7988177779.25307, 89376.60644, 0.91102, 1.05443, 0.54989, -0.60432, 0.88068
-3.15040, -1.49161, 3.48430, 4.92852, -2.69940, 0.78559, 120.00000, 479844.00000, 12028.00000, 95400.00833, 10140499773.04160, 100700.04853, 0.91102, 2.59457, 1.29147, -2.88604, 0.80000
-4.02561, -0.70086, 2.75567, 4.92853, -2.96922, 0.97747, 135.00000, 493809.00000, 12206.00000, 125462.26667, 13102242587.30667, 114465.02779, 0.90081, 1.98030, 0.39414, -1.37444, 0.60741
-3.75484, -1.40973, 2.85909, 4.92550, -2.78243, 0.95149, 127.00000, 490104.00000, 9713.00000, 106040.90551, 12933141087.94383, 113723.96884, 0.94766, 1.66465, 0.58922, -1.25387, 0.77165
-2.20355, -3.47499, 2.68919, 4.91558, -2.13592, 0.99193, 81.00000, 376631.00000, 10767.00000, 89254.65432, 7572621871.97927, 87020.81287, 1.08598, 0.74373, 1.15838, -0.90211, 0.92593
-2.68919, -2.20355, 3.47499, 4.91558, -2.45513, 0.78564, 128.00000, 442915.00000, 9117.00000, 90114.61719, 7458297615.36127, 86361.43593, 1.08598, 1.85065, 1.52573, -2.37638, 0.89062
-3.47499, -2.68919, 2.20355, 4.91558, -2.48299, 1.10596, 104.00000, 462816.00000, 12046.00000, 96481.06731, 9510778312.21662, 97523.21935, 1.08598, 0.87972, 0.68510, -0.56481, 0.93269
-2.83550, -2.83550, 2.83550, 4.91123, -2.35619, 0.95532, 118.00000, 449613.00000, 9733.00000, 95396.00847, 8859057322.12704, 94122.56542, 1.14286, 1.00000, 1.00000, -1.00000, 0.91525
-0.70086, -2.75567, -4.02561, 4.92853, -1.81985, 2.52663, 2.00000, 478693.00000, 214408.00000, 346550.50000, 17461640306.25000, 132142.50000, 0.90081, 0.10514, 0.36663, 0.52824, 1.00000
-1.49161, -3.48430, -3.15040, 4.92852, -1.97528, 2.26428, 5.00000, 401578.00000, 166120.00000, 327578.80000, 6860835524.56000, 82830.16072, 0.91102, 0.19070, 0.42617, 0.38313, 1.00000
-1.97536, -2.21782, -3.93313, 4.92852, -2.29844, 2.49482, 8.00000, 424818.00000, 92383.00000, 254646.00000, 11607531743.00000, 107738.25571, 0.91102, 0.24897, 0.27362, 0.47741, 0.62500
-1.40973, -2.85909, -3.75484, 4.92550, -2.02888, 2.43770, 2.00000, 299287.00000, 91926.00000, 195606.50000, 10749646080.25000, 103680.50000, 0.94766, 0.16798, 0.35746, 0.47456, 1.00000
-2.21782, -3.93313, -1.97536, 4.92852, -2.08423, 1.98319, 19.00000, 497562.00000, 42848.00000, 236822.84211, 17509114908.44876, 132322.01218, 0.91102, 0.27362, 0.47741, 0.24897, 0.84211
-2.75567, -4.02561, -0.70086, 4.92853, -2.17107, 1.71348, 20.00000, 418605.00000, 28301.00000, 168296.60000, 14826277062.14000, 121763.20077, 0.90081, 0.36663, 0.52824, 0.10514, 1.00000
-3.48430, -3.15040, -1.49161, 4.92852, -2.40648, 1.87827, 27.00000, 425786.00000, 36718.00000, 160813.55556, 12445009204.54321, 111557.20149, 0.91102, 0.42617, 0.38313, 0.19070, 0.92593
-2.85909, -3.75484, -1.40973, 4.92550, -2.22158, 1.86107, 18.00000, 492521.00000, 31122.00000, 233724.77778, 16165199261.72840, 127142.43690, 0.94766, 0.35746, 0.47456, 0.16798, 0.88889
-3.15040, -1.49161, -3.48430, 4.92852, -2.69940, 2.35600, 7.00000, 455252.00000, 205247.00000, 313029.85714, 6892273310.40816, 83019.71640, 0.91102, 0.38313, 0.19070, 0.42617, 0.85714
-3.93313, -1.97536, -2.21782, 4.92852, -2.67616, 2.03756, 16.00000, 372544.00000, 68018.00000, 203754.87500, 11109219246.23438, 105400.28105, 0.91102, 0.47741, 0.24897, 0.27362, 0.68750
-4.02561, -0.70086, -2.75567, 4.92853, -2.96922, 2.16413, 12.00000, 491831.00000, 98088.00000, 279108.58333, 16593144596.90972, 128814.38040, 0.90081, 0.52824, 0.10514, 0.36663, 0.50000
-3.75484, -1.40973, -2.85909, 4.92550, -2.78243, 2.19010, 7.00000, 440856.00000, 174277.00000, 292468.00000, 6420643253.71429, 80128.91646, 0.94766, 0.47456, 0.16798, 0.35746, 0.71429
-2.20355, -3.47499, -2.68919, 4.91558, -2.13592, 2.14966, 8.00000, 460088.00000, 108800.00000, 197236.62500, 12395434663.48438, 111334.78640, 1.08598, 0.26522, 0.41309, 0.32170, 0.75000
-3.47499, -2.68919, -2.20355, 4.91558, -2.48299, 2.03563, 13.00000, 387161.00000, 42991.00000, 213260.23077, 15142524347.86982, 123054.96474, 1.08598, 0.41309, 0.32170, 0.26522, 0.76923
-2.68919, -2.20355, -3.47499, 4.91558, -2.45513, 2.35595, 6.00000, 338454.00000, 72847.00000, 197103.33333, 9987328957.88889, 99936.62471, 1.08598, 0.32170, 0.26522, 0.41309, 0.83333
-2.83550, -2.83550, -2.83550, 4.91123, -2.35619, 2.18628, 14.00000, 336509.00000, 66228.00000, 215891.35714, 7639505575.22959, 87404.26520, 1.14286, 0.33333, 0.33333, 0.33333, 0.78571
3.75791, 0.00000, -3.18882, 4.92853, 0.00000, 2.27446, 0.00000, 0.00000, 0.00000, 0.00000, 0.00000, 0.00000, 0.90081, 8.64229, 0.00000, -7.64229, 0.00000
2.87963, -0.78273, -3.92241, 4.92852, -0.26540, 2.49122, 1.00000, 327703.00000, 327703.00000, 327703.00000, 0.00000, 0.00000, 0.91102, -1.48153, 0.40335, 2.07817, 1.00000
2.87963, 0.78273, -3.92241, 4.92852, 0.26540, 2.49122, 0.00000, 0.00000, 0.00000, 0.00000, 0.00000, 0.00000, 0.91102, -7.66476, -2.08678, 10.75154, 0.00000
3.21637, 0.00000, -3.73035, 4.92550, 0.00000, 2.43005, 0.00000, 0.00000, 0.00000, 0.00000, 0.00000, 0.00000, 0.94766, -8.06739, -0.00000, 9.06739, 0.00000
1.70460, -1.50894, -4.37124, 4.92852, -0.72459, 2.66145, 1.00000, 208507.00000, 208507.00000, 208507.00000, 0.00000, 0.00000, 0.91102, -0.42255, 0.35294, 1.06961, 1.00000
0.43315, -2.05481, -4.45876, 4.92853, -1.36304, 2.70143, 0.00000, 0.00000, 0.00000, 0.00000, 0.00000, 0.00000, 0.90081, -0.08228, 0.33112, 0.75116, 0.00000
0.43811, -0.72621, -4.85499, 4.92852, -1.02797, 2.96865, 2.00000, 441523.00000, 315131.00000, 378327.00000, 3993734416.00000, 63196.00000, 0.91102, -0.09634, 0.13403, 0.96230, 0.50000
0.87126, -1.44936, -4.62611, 4.92550, -1.02954, 2.79113, 1.00000, 405948.00000, 405948.00000, 405948.00000, 0.00000, 0.00000, 0.94766, -0.15634, 0.28534, 0.87099, 0.00000
1.70460, 1.50894, -4.37124, 4.92852, 0.72459, 2.66145, 1.00000, 294479.00000, 294479.00000, 294479.00000, 0.00000, 0.00000, 0.91102, -1.43665, -1.19997, 3.63662, 1.00000
0.43811, 0.72621, -4.85499, 4.92852, 1.02797, 2.96865, 1.00000, 247918.00000, 247918.00000, 247918.00000, 0.00000, 0.00000, 0.91102, -0.13162, -0.18312, 1.31474, 0.00000
0.43315, 2.05481, -4.45876, 4.92853, 1.36304, 2.70143, 1.00000, 148602.00000, 148602.00000, 148602.00000, 0.00000, 0.00000, 0.90081, -0.24359, -0.98030, 2.22389, 0.00000
0.87126, 1.44936, -4.62611, 4.92550, 1.02954, 2.79113, 0.00000, 0.00000, 0.00000, 0.00000, 0.00000, 0.00000, 0.94766, -0.36416, -0.66465, 2.02881, 0.00000
2.14766, -0.78579, -4.35121, 4.91558, -0.35075, 2.65769, 1.00000, 319119.00000, 319119.00000, 319119.00000, 0.00000, 0.00000, 1.08598, -0.71592, 0.25627, 1.45965, 0.00000
0.87622, 0.00000, -4.83686, 4.91558, 0.00000, 2.96238, 0.00000, 0.00000, 0.00000, 0.00000, 0.00000, 0.00000, 1.08598, -0.22879, -0.00000, 1.22879, 0.00000
2.14766, 0.78579, -4.35121, 4.91558, 0.35075, 2.65769, 0.00000, 0.00000, 0.00000, 0.00000, 0.00000, 0.00000, 1.08598, -1.46868, -0.52573, 2.99442, 0.00000
1.75244, 0.00000, -4.58794, 4.91123, 0.00000, 2.77673, 0.00000, 0.00000, 0.00000, 0.00000, 0.00000, 0.00000, 1.14286, -0.61803, -0.00000, 1.61803, 0.00000
4.45876, 0.43315, 2.05481, 4.92853, 0.09684, 1.14074, 0.00000, 0.00000, 0.00000, 0.00000, 0.00000, 0.00000, 0.90081, 0.64502, 0.07065, 0.28433, 0.00000
4.85499, 0.43811, 0.72621, 4.92852, 0.09000, 1.42291, 2.00000, 368544.00000, 176624.00000, 272584.00000, 9208321600.00000, 95960.00000, 0.91102, 0.80685, 0.08077, 0.11238, 0.00000
4.37124, 1.70460, 1.50894, 4.92852, 0.37182, 1.25963, 0.00000, 0.00000, 0.00000, 0.00000, 0.00000, 0.00000, 0.91102, 0.57970, 0.22901, 0.19128, 0.00000
4.62611, 0.87126, 1.44936, 4.92550, 0.18616, 1.27212, 1.00000, 238677.00000, 238677.00000, 238677.00000, 0.00000, 0.00000, 0.94766, 0.66353, 0.11910, 0.21738, 1.00000
4.85499, 0.43811, -0.72621, 4.92852, 0.09000, 1.71868, 0.00000, 0.00000, 0.00000, 0.00000, 0.00000, 0.00000, 0.91102, 1.04077, 0.10419, -0.14496, 0.00000
4.45876, 0.43315, -2.05481, 4.92853, 0.09684, 2.00085, 1.00000, 396259.00000, 396259.00000, 396259.00000, 0.00000, 0.00000, 0.90081, 1.49537, 0.16379, -0.65917, 0.00000
4.37124, 1.70460, -1.50894, 4.92852, 0.37182, 1.88196, 1.00000, 321564.00000, 321564.00000, 321564.00000, 0.00000, 0.00000, 0.91102, 0.93889, 0.37091, -0.30980, 0.00000
4.62611, 0.87126, -1.44936, 4.92550, 0.18616, 1.86947, 0.00000, 0.00000, 0.00000, 0.00000, 0.00000, 0.00000, 0.94766, 1.17386, 0.21070, -0.38457, 0.00000
3.92241, 2.87963, 0.78273, 4.92852, 0.63328, 1.41130, 2.00000, 350429.00000, 273606.00000, 312017.50000, 1475443332.25000, 38411.50000, 0.91102, 0.52439, 0.37383, 0.10178, 0.00000
3.92241, 2.87963, -0.78273, 4.92852, 0.63328, 1.73029, 1.00000, 207690.00000, 207690.00000, 207690.00000, 0.00000, 0.00000, 0.91102, 0.65841, 0.46938, -0.12779, 0.00000
3.18882, 3.75791, 0.00000, 4.92853, 0.86714, 1.57080, 2.00000, 380022.00000, 301198.00000, 340610.00000, 1553305744.00000, 39412.00000, 0.90081, 0.46930, 0.53070, 0.00000, 0.50000
3.73035, 3.21637, 0.00000, 4.92550, 0.71154, 1.57080, 1.00000, 184926.00000, 184926.00000, 184926.00000, 0.00000, 0.00000, 0.94766, 0.52918, 0.47082, 0.00000, 0.00000
4.83686, 0.87622, 0.00000, 4.91558, 0.17921, 1.57080, 0.00000, 0.00000, 0.00000, 0.00000, 0.00000, 0.00000, 1.08598, 0.84303, 0.15697, 0.00000, 0.00000
4.35121, 2.14766, -0.78579, 4.91558, 0.45850, 1.73134, 1.00000, 316604.00000, 316604.00000, 316604.00000, 0.00000, 0.00000, 1.08598, 0.76051, 0.37301, -0.13352, 1.00000
4.35121, 2.14766, 0.78579, 4.91558, 0.45850, 1.41025, 1.00000, 259802.00000, 259802.00000, 259802.00000, 0.00000, 0.00000, 1.08598, 0.60022, 0.29439, 0.10538, 0.00000
4.58794, 1.75244, 0.00000, 4.91123, 0.36486, 1.57080, 1.00000, 224052.00000, 224052.00000, 224052.00000, 0.00000, 0.00000, 1.14286, 0.72361, 0.27639, -0.00000, 0.00000
