-2.75567, 4.02561, 0.70086, 4.92853, 2.17107, 1.42811, 40.00000, 406703.00000, 43147.00000, 158754.10000, 10863821863.24000, 104229.65923, 0.90081, -1.37444, 1.98030, 0.39414, 1.00000
-3.48430, 3.15040, 1.49161, 4.92852, 2.40648, 1.26333, 52.00000, 489195.00000, 34051.00000, 160473.48077, 12882509989.82656, 113501.14532, 0.91102, -2.88604, 2.59457, 1.29147, 1.00000
-2.21782, 3.93313, 1.97536, 4.92852, 2.08423, 1.15840, 55.00000, 427309.00000, 25762.00000, 135440.03636, 10093178473.05322, 100464.81211, 0.91102, -0.60432, 1.05443, 0.54989, 0.98182
-2.85909, 3.75484, 1.40973, 4.92550, 2.22158, 1.28053, 37.00000, 478634.00000, 24750.00000, 134203.02703, 12927036923.21549, 113697.12803, 0.94766, -1.25387, 1.66465, 0.58922, 1.00000
-3.93313, 1.97536, 2.21782, 4.92852, 2.67616, 1.10403, 40.00000, 390758.00000, 41227.00000, 179636.77500, 12060071555.77437, 109818.35710, 0.91102, -10.56672, 5.51065, 6.05607, 0.95000
-4.02561, 0.70086, 2.75567, 4.92853, 2.96922, 0.97747, 23.00000, 488901.00000, 48067.00000, 173168.08696, 12681715583.90548, 112613.12350, 0.90081, 9.35336, -1.86160, -6.49176, 0.82609
-3.15040, 1.49161, 3.48430, 4.92852, 2.69940, 0.78559, 36.00000, 457182.00000, 32254.00000, 186392.72222, 13597198232.92284, 116607.02480, 0.91102, -1.63909, 0.81587, 1.82322, 0.86111
-3.75484, 1.40973, 2.85909, 4.92550, 2.78243, 0.95149, 30.00000, 492217.00000, 43492.00000, 194995.33333, 17283639139.75555, 131467.25501, 0.94766, -9.32863, 3.30198, 7.02665, 0.93333
-1.49161, 3.48430, 3.15040, 4.92852, 1.97528, 0.87732, 65.00000, 423110.00000, 13461.00000, 129016.83077, 9132169311.67905, 95562.38440, 0.91102, -0.30829, 0.68893, 0.61936, 0.98462
-1.97536, 2.21782, 3.93313, 4.92852, 2.29844, 0.64677, 32.00000, 373862.00000, 36115.00000, 168588.31250, 9122634702.71484, 95512.48454, 0.91102, -0.49591, 0.54500, 0.95092, 0.84375
-0.70086, 2.75567, 4.02561, 4.92853, 1.81985, 0.61496, 39.00000, 460210.00000, 28864.00000, 153997.66667, 11319814881.04274, 106394.61867, 0.90081, -0.13313, 0.46424, 0.66888, 0.97436
-1.40973, 2.85909, 3.75484, 4.92550, 2.02888, 0.70390, 37.00000, 493063.00000, 25739.00000, 150940.78378, 14217084906.22352, 119235.41800, 0.94766, -0.25296, 0.53830, 0.71466, 0.89189
-3.47499, 2.68919, 2.20355, 4.91558, 2.48299, 1.10596, 51.00000, 385291.00000, 27892.00000, 127660.90196, 9029272163.14725, 95022.48241, 1.08598, -2.37638, 1.85065, 1.52573, 1.00000
-2.68919, 2.20355, 3.47499, 4.91558, 2.45513, 0.78564, 40.00000, 446931.00000, 18272.00000, 151371.77500, 10509834347.12437, 102517.48313, 1.08598, -0.90211, 0.74373, 1.15838, 0.95000
-2.20355, 3.47499, 2.68919, 4.91558, 2.13592, 0.99193, 43.00000, 498660.00000, 19700.00000, 168485.93023, 23083656070.01838, 151933.06444, 1.08598, -0.56481, 0.87972, 0.68510, 0.93023
-2.83550, 2.83550, 2.83550, 4.91123, 2.35619, 0.95532, 58.00000, 494979.00000, 21965.00000, 162437.12069, 17397083155.20957, 131898.00285, 1.14286, -1.00000, 1.00000, 1.00000, 0.98276
-2.05481, 4.45876, 0.43315, 4.92853, 2.00263, 1.48280, 29.00000, 435627.00000, 32281.00000, 184185.79310, 13259339311.54340, 115149.20456, 0.90081, -0.65917, 1.49537, 0.16379, 1.00000
-1.50894, 4.37124, 1.70460, 4.92852, 1.90319, 1.21764, 58.00000, 427623.00000, 20158.00000, 146138.00000, 9663612697.96552, 98303.67591, 0.91102, -0.30980, 0.93889, 0.37091, 0.98276
-0.72621, 4.85499, 0.43811, 4.92852, 1.71928, 1.48179, 33.00000, 489503.00000, 25255.00000, 174746.84848, 16405034792.49220, 128082.14080, 0.91102, -0.14496, 1.04077, 0.10419, 1.00000
-1.44936, 4.62611, 0.87126, 4.92550, 1.87441, 1.39297, 34.00000, 445993.00000, 40950.00000, 165825.35294, 14200151795.16955, 119164.38979, 0.94766, -0.38457, 1.17386, 0.21070, 1.00000
-0.78273, 3.92241, 2.87963, 4.92852, 1.76776, 0.94680, 68.00000, 476201.00000, 23992.00000, 164255.10294, 16882008866.12175, 129930.78491, 0.91102, -0.12779, 0.65841, 0.46938, 0.97059
0.00000, 3.18882, 3.75791, 4.92853, 1.57080, 0.70366, 33.00000, 492571.00000, 37259.00000, 157824.75758, 10335526465.27456, 101663.79132, 0.90081, -0.00000, 0.46930, 0.53070, 1.00000
0.78273, 3.92241, 2.87963, 4.92852, 1.37383, 0.94680, 29.00000, 499465.00000, 39829.00000, 188474.13793, 17006096521.98097, 130407.42510, 0.91102, 0.10178, 0.52439, 0.37383, 0.89655
0.00000, 3.73035, 3.21637, 4.92550, 1.57080, 0.85925, 32.00000, 454230.00000, 55368.00000, 176117.59375, 17109889770.86621, 130804.77732, 0.94766, -0.00000, 0.52918, 0.47082, 0.96875
0.72621, 4.85499, 0.43811, 4.92852, 1.42232, 1.48179, 20.00000, 459010.00000, 51852.00000, 207773.90000, 12425881594.49000, 111471.43847, 0.91102, 0.11238, 0.80685, 0.08077, 1.00000
1.50894, 4.37124, 1.70460, 4.92852, 1.23841, 1.21764, 18.00000, 451484.00000, 43260.00000, 185458.38889, 12797192724.79321, 113124.67779, 0.91102, 0.19128, 0.57970, 0.22901, 1.00000
2.05481, 4.45876, 0.43315, 4.92853, 1.13896, 1.48280, 8.00000, 452759.00000, 46024.00000, 236632.37500, 19029010579.73438, 137945.67982, 0.90081, 0.28433, 0.64502, 0.07065, 1.00000
1.44936, 4.62611, 0.87126, 4.92550, 1.26718, 1.39297, 14.00000, 390879.00000, 67458.00000, 214108.78571, 11660103089.45408, 107981.95724, 0.94766, 0.21738, 0.66353, 0.11910, 1.00000
-0.78579, 4.35121, 2.14766, 4.91558, 1.74946, 1.11864, 33.00000, 416783.00000, 26238.00000, 144381.57576, 8708301734.72911, 93318.28189, 1.08598, -0.13352, 0.76051, 0.37301, 1.00000
0.78579, 4.35121, 2.14766, 4.91558, 1.39213, 1.11864, 18.00000, 445491.00000, 50192.00000, 236228.61111, 17404721961.34877, 131926.95692, 1.08598, 0.10538, 0.60022, 0.29439, 0.94444
0.00000, 4.83686, 0.87622, 4.91558, 1.57080, 1.39159, 21.00000, 301901.00000, 32346.00000, 179618.66667, 7226930121.65079, 85011.35290, 1.08598, -0.00000, 0.84303, 0.15697, 1.00000
0.00000, 4.58794, 1.75244, 4.91123, 1.57080, 1.20593, 33.00000, 496371.00000, 24713.00000, 205575.36364, 21314375294.65565, 145994.43583, 1.14286, 0.00000, 0.72361, 0.27639, 1.00000
-2.05481, 4.45876, -0.43315, 4.92853, 2.00263, 1.65880, 24.00000, 399084.00000, 50463.00000, 212052.50000, 10254876837.33333, 101266.36578, 0.90081, -0.98030, 2.22389, -0.24359, 1.00000
-0.72621, 4.85499, -0.43811, 4.92852, 1.71928, 1.65981, 18.00000, 425890.00000, 77616.00000, 236359.27778, 10021508064.97840, 100107.48256, 0.91102, -0.18312, 1.31474, -0.13162, 0.94444
-1.50894, 4.37124, -1.70460, 4.92852, 1.90319, 1.92396, 16.00000, 461805.00000, 43308.00000, 210922.68750, 15710157090.46484, 125340.16551, 0.91102, -1.19997, 3.63662, -1.43665, 1.00000
-1.44936, 4.62611, -0.87126, 4.92550, 1.87441, 1.74862, 12.00000, 483306.00000, 55929.00000, 265431.41667, 24546561919.74306, 156673.42442, 0.94766, -0.66465, 2.02881, -0.36416, 1.00000
0.72621, 4.85499, -0.43811, 4.92852, 1.42232, 1.65981, 17.00000, 447479.00000, 48564.00000, 255025.35294, 13768403404.46367, 117338.84014, 0.91102, 0.13403, 0.96230, -0.09634, 1.00000
2.05481, 4.45876, -0.43315, 4.92853, 1.13896, 1.65880, 7.00000, 382150.00000, 185321.00000, 245832.57143, 4580657398.24490, 67680.55406, 0.90081, 0.33112, 0.75116, -0.08228, 1.00000
1.50894, 4.37124, -1.70460, 4.92852, 1.23841, 1.92396, 8.00000, 488028.00000, 86832.00000, 220400.00000, 18501687261.75000, 136020.90744, 0.91102, 0.35294, 1.06961, -0.42255, 1.00000
1.44936, 4.62611, -0.87126, 4.92550, 1.26718, 1.74862, 7.00000, 439882.00000, 91313.00000, 278412.85714, 11189904612.97959, 105782.34547, 0.94766, 0.28534, 0.87099, -0.15634, 1.00000
-0.78273, 3.92241, -2.87963, 4.92852, 1.76776, 2.19479, 12.00000, 417411.00000, 107745.00000, 233345.91667, 7050264517.24305, 83965.85328, 0.91102, -2.08678, 10.75154, -7.66476, 1.00000
0.78273, 3.92241, -2.87963, 4.92852, 1.37383, 2.19479, 2.00000, 172222.00000, 54751.00000, 113486.50000, 3449858960.25000, 58735.50000, 0.91102, 0.40335, 2.07817, -1.48153, 1.00000
0.00000, 3.18882, -3.75791, 4.92853, 1.57080, 2.43793, 4.00000, 438320.00000, 128347.00000, 235001.25000, 15556586385.68750, 124726.04534, 0.90081, -0.00000, -7.64229, 8.64229, 1.00000
0.00000, 3.73035, -3.21637, 4.92550, 1.57080, 2.28234, 1.00000, 231013.00000, 231013.00000, 231013.00000, 0.00000, 0.00000, 0.94766, 0.00000, 9.06739, -8.06739, 1.00000
0.00000, 4.83686, -0.87622, 4.91558, 1.57080, 1.75001, 8.00000, 263609.00000, 61107.00000, 168544.37500, 5407196745.98438, 73533.64363, 1.08598, 0.00000, 1.22879, -0.22879, 1.00000
0.78579, 4.35121, -2.14766, 4.91558, 1.39213, 2.02296, 6.00000, 409876.00000, 134281.00000, 227470.50000, 8438383309.58333, 91860.67336, 1.08598, 0.25627, 1.45965, -0.71592, 1.00000
-0.78579, 4.35121, -2.14766, 4.91558, 1.74946, 2.02296, 9.00000, 468877.00000, 160968.00000, 295873.00000, 10359312979.55556, 101780.71025, 1.08598, -0.52573, 2.99442, -1.46868, 1.00000
0.00000, 4.58794, -1.75244, 4.91123, 1.57080, 1.93566, 6.00000, 318301.00000, 91969.00000, 190824.16667, 6436685111.80555, 80228.95432, 1.14286, 0.00000, 1.61803, -0.61803, 1.00000
-2.75567, 4.02561, -0.70086, 4.92853, 2.17107, 1.71348, 19.00000, 423768.00000, 61797.00000, 195696.31579, 12518610542.84764, 111886.59680, 0.90081, -6.49176, 9.35336, -1.86160, 1.00000
-2.21782, 3.93313, -1.97536, 4.92852, 2.08423, 1.98319, 13.00000, 377197.00000, 51613.00000, 203644.00000, 10721686525.84615, 103545.57705, 0.91102, 6.05607, -10.56672, 5.51065, 1.00000
-3.48430, 3.15040, -1.49161, 4.92852, 2.40648, 1.87827, 16.00000, 425045.00000, 73924.00000, 181109.68750, 9234914149.08984, 96098.46070, 0.91102, 1.82322, -1.63909, 0.81587, 1.00000
-2.85909, 3.75484, -1.40973, 4.92550, 2.22158, 1.86107, 13.00000, 426875.00000, 51985.00000, 214339.84615, 15117802588.59172, 122954.47364, 0.94766, 7.02665, -9.32863, 3.30198, 1.00000
-1.49161, 3.48430, -3.15040, 4.92852, 1.97528, 2.26428, 6.00000, 463499.00000, 115224.00000, 296794.00000, 14553760621.33333, 120638.96809, 0.91102, 1.29147, -2.88604, 2.59457, 1.00000
-0.70086, 2.75567, -4.02561, 4.92853, 1.81985, 2.52663, 3.00000, 456927.00000, 163604.00000, 293169.33333, 14924288217.55556, 122165.00406, 0.90081, 0.39414, -1.37444, 1.98030, 1.00000
-1.97536, 2.21782, -3.93313, 4.92852, 2.29844, 2.49482, 2.00000, 375385.00000, 235844.00000, 305614.50000, 4867922670.25000, 69770.50000, 0.91102, 0.54989, -0.60432, 1.05443, 1.00000
-1.40973, 2.85909, -3.75484, 4.92550, 2.02888, 2.43770, 2.00000, 457601.00000, 313222.00000, 385411.50000, 5211323910.25000, 72189.50000, 0.94766, 0.58922, -1.25387, 1.66465, 1.00000
-3.93313, 1.97536, -2.21782, 4.92852, 2.67616, 2.03756, 9.00000, 400723.00000, 110390.00000, 246105.00000, 8466973103.11111, 92016.15675, 0.91102, 0.95092, -0.49591, 0.54500, 1.00000
-3.15040, 1.49161, -3.48430, 4.92852, 2.69940, 2.35600, 7.00000, 395007.00000, 235720.00000, 294961.71429, 3622342895.34694, 60185.90280, 0.91102, 0.61936, -0.30829, 0.68893, 1.00000
-4.02561, 0.70086, -2.75567, 4.92853, 2.96922, 2.16413, 6.00000, 463681.00000, 207807.00000, 340727.33333, 6947141260.88889, 83349.51266, 0.90081, 0.66888, -0.13313, 0.46424, 1.00000
-3.75484, 1.40973, -2.85909, 4.92550, 2.78243, 2.19010, 2.00000, 388757.00000, 166034.00000, 277395.50000, 12401383682.25000, 111361.50000, 0.94766, 0.71466, -0.25296, 0.53830, 1.00000
-2.20355, 3.47499, -2.68919, 4.91558, 2.13592, 2.14966, 3.00000, 296911.00000, 277039.00000, 288393.66667, 69841294.22222, 8357.11040, 1.08598, 1.52573, -2.37638, 1.85065, 1.00000
-2.68919, 2.20355, -3.47499, 4.91558, 2.45513, 2.35595, 1.00000, 475080.00000, 475080.00000, 475080.00000, 0.00000, 0.00000, 1.08598, 0.68510, -0.56481, 0.87972, 1.00000
-3.47499, 2.68919, -2.20355, 4.91558, 2.48299, 2.03563, 5.00000, 478860.00000, 117465.00000, 371489.40000, 16874704994.64000, 129902.67509, 1.08598, 1.15838, -0.90211, 0.74373, 0.80000
-2.83550, 2.83550, -2.83550, 4.91123, 2.35619, 2.18628, 4.00000, 339030.00000, 156094.00000, 246752.50000, 5373109252.25000, 73301.49557, 1.14286, 1.00000, -1.00000, 1.00000, 1.00000
-3.18882, 3.75791, 0.00000, 4.92853, 2.27446, 1.57080, 25.00000, 447552.00000, 18537.00000, 188006.48000, 16923251069.92960, 130089.39645, 0.90081, -7.64229, 8.64229, 0.00000, 0.96000
-3.92241, 2.87963, -0.78273, 4.92852, 2.50831, 1.73029, 16.00000, 430720.00000, 30795.00000, 179686.93750, 12869531771.68359, 113443.95873, 0.91102, 2.07817, -1.48153, 0.40335, 1.00000
-3.92241, 2.87963, 0.78273, 4.92852, 2.50831, 1.41130, 30.00000, 479015.00000, 43425.00000, 201717.16667, 14602604655.53889, 120841.23740, 0.91102, 10.75154, -7.66476, -2.08678, 0.93333
-3.73035, 3.21637, 0.00000, 4.92550, 2.43005, 1.57080, 15.00000, 464661.00000, 45198.00000, 154841.40000, 10308160120.77333, 101529.10972, 0.94766, 9.06739, -8.06739, -0.00000, 1.00000
-4.37124, 1.70460, -1.50894, 4.92852, 2.76977, 1.88196, 10.00000, 495537.00000, 78168.00000, 249485.20000, 15299965501.36000, 123693.02932, 0.91102, 1.06961, -0.42255, 0.35294, 1.00000
-4.45876, 0.43315, -2.05481, 4.92853, 3.04475, 2.00085, 1.00000, 412662.00000, 412662.00000, 412662.00000, 0.00000, 0.00000, 0.90081, 0.75116, -0.08228, 0.33112, 0.00000
-4.85499, 0.43811, -0.72621, 4.92852, 3.05160, 1.71868, 6.00000, 279426.00000, 146313.00000, 205356.83333, 2000947875.13889, 44731.95586, 0.91102, 0.96230, -0.09634, 0.13403, 0.83333
-4.62611, 0.87126, -1.44936, 4.92550, 2.95544, 1.86947, 7.00000, 471255.00000, 49819.00000, 295826.57143, 25584558863.67347, 159951.73917, 0.94766, 0.87099, -0.15634, 0.28534, 0.85714
-4.37124, 1.70460, 1.50894, 4.92852, 2.76977, 1.25963, 32.00000, 471605.00000, 33336.00000, 206816.68750, 12453241724.02734, 111594.09359, 0.91102, 3.63662, -1.43665, -1.19997, 0.96875
-4.85499, 0.43811, 0.72621, 4.92852, 3.05160, 1.42291, 13.00000, 464734.00000, 82030.00000, 229741.00000, 9386892966.15385, 96885.97920, 0.91102, 1.31474, -0.13162, -0.18312, 0.92308
-4.45876, 0.43315, 2.05481, 4.92853, 3.04475, 1.14074, 21.00000, 479091.00000, 37666.00000, 213105.95238, 17928747274.42631, 133898.27211, 0.90081, 2.22389, -0.24359, -0.98030, 0.76190
-4.62611, 0.87126, 1.44936, 4.92550, 2.95544, 1.27212, 16.00000, 487028.00000, 75455.00000, 252644.50000, 19168822452.00000, 138451.51661, 0.94766, 2.02881, -0.36416, -0.66465, 0.87500
-4.35121, 2.14766, -0.78579, 4.91558, 2.68310, 1.73134, 12.00000, 362670.00000, 67038.00000, 208416.41667, 9574169260.74306, 97847.68398, 1.08598, 1.45965, -0.71592, 0.25627, 0.83333
-4.83686, 0.87622, 0.00000, 4.91558, 2.96238, 1.57080, 8.00000, 491132.00000, 82127.00000, 275791.12500, 18983468008.85938, 137780.50664, 1.08598, 1.22879, -0.22879, -0.00000, 0.87500
-4.35121, 2.14766, 0.78579, 4.91558, 2.68310, 1.41025, 17.00000, 466635.00000, 40667.00000, 183156.23529, 19026002040.88581, 137934.77459, 1.08598, 2.99442, -1.46868, -0.52573, 1.00000
-4.58794, 1.75244, 0.00000, 4.91123, 2.77673, 1.57080, 17.00000, 444216.00000, 84186.00000, 249683.17647, 12914514515.91003, 113642.04555, 1.14286, 1.61803, -0.61803, -0.00000, 0.88235
2.75567, 4.02561, 0.70086, 4.92853, 0.97053, 1.42811, 5.00000, 464869.00000, 72656.00000, 295700.40000, 22548894229.04000, 150162.89232, 0.90081, 0.36663, 0.52824, 0.10514, 0.80000
2.21782, 3.93313, 1.97536, 4.92852, 1.05736, 1.15840, 11.00000, 475374.00000, 153790.00000, 308725.81818, 16428988497.60330, 128175.61585, 0.91102, 0.27362, 0.47741, 0.24897, 0.81818
3.48430, 3.15040, 1.49161, 4.92852, 0.73511, 1.26333, 8.00000, 295512.00000, 76530.00000, 181376.50000, 6794367094.25000, 82427.95093, 0.91102, 0.42617, 0.38313, 0.19070, 0.75000
2.85909, 3.75484, 1.40973, 4.92550, 0.92001, 1.28053, 5.00000, 480615.00000, 127060.00000, 233516.40000, 17223094496.24000, 131236.78789, 0.94766, 0.35746, 0.47456, 0.16798, 1.00000
1.49161, 3.48430, 3.15040, 4.92852, 1.16631, 0.87732, 16.00000, 472123.00000, 65408.00000, 273249.31250, 12885269616.08984, 113513.30149, 0.91102, 0.19070, 0.42617, 0.38313, 0.87500
0.70086, 2.75567, 4.02561, 4.92853, 1.32174, 0.61496, 20.00000, 488205.00000, 55864.00000, 235307.20000, 19254289308.06000, 138759.82599, 0.90081, 0.10514, 0.36663, 0.52824, 0.95000
1.97536, 2.21782, 3.93313, 4.92852, 0.84316, 0.64677, 15.00000, 495800.00000, 80776.00000, 239281.26667, 20097631059.66222, 141766.11393, 0.91102, 0.24897, 0.27362, 0.47741, 0.60000
1.40973, 2.85909, 3.75484, 4.92550, 1.11271, 0.70390, 10.00000, 486912.00000, 72978.00000, 253126.50000, 19760456814.65000, 140571.89198, 0.94766, 0.16798, 0.35746, 0.47456, 0.80000
3.93313, 1.97536, 2.21782, 4.92852, 0.46544, 1.10403, 12.00000, 456465.00000, 175871.00000, 280084.08333, 5972519927.24305, 77282.08025, 0.91102, 0.47741, 0.24897, 0.27362, 0.58333
3.15040, 1.49161, 3.48430, 4.92852, 0.44220, 0.78559, 8.00000, 459356.00000, 121706.00000, 278340.37500, 16799478747.73438, 129612.80318, 0.91102, 0.38313, 0.19070, 0.42617, 0.62500
4.02561, 0.70086, 2.75567, 4.92853, 0.17237, 0.97747, 6.00000, 286298.00000, 161339.00000, 214875.50000, 2459119403.58333, 49589.50901, 0.90081, 0.52824, 0.10514, 0.36663, 0.00000
3.75484, 1.40973, 2.85909, 4.92550, 0.35916, 0.95149, 3.00000, 425341.00000, 98683.00000, 259018.66667, 17802161582.88889, 133424.74127, 0.94766, 0.47456, 0.16798, 0.35746, 0.66667
2.20355, 3.47499, 2.68919, 4.91558, 1.00567, 0.99193, 5.00000, 389314.00000, 87353.00000, 238304.60000, 11810401037.04000, 108675.66902, 1.08598, 0.26522, 0.41309, 0.32170, 0.80000
2.68919, 2.20355, 3.47499, 4.91558, 0.68646, 0.78564, 11.00000, 497893.00000, 96113.00000, 262615.63636, 15617044223.32231, 124968.17284, 1.08598, 0.32170, 0.26522, 0.41309, 0.81818
3.47499, 2.68919, 2.20355, 4.91558, 0.65860, 1.10596, 7.00000, 443914.00000, 138031.00000, 224524.00000, 9142644280.28572, 95617.17566, 1.08598, 0.41309, 0.32170, 0.26522, 1.00000
2.83550, 2.83550, 2.83550, 4.91123, 0.78540, 0.95532, 8.00000, 498398.00000, 175819.00000, 331123.62500, 16801822806.48438, 129621.84541, 1.14286, 0.33333, 0.33333, 0.33333, 0.87500
-0.43315, 2.05481, 4.45876, 4.92853, 1.77855, 0.44016, 27.00000, 456391.00000, 30301.00000, 187956.62963, 15216190153.86283, 123353.92233, 0.90081, -0.08228, 0.33112, 0.75116, 0.92593
-1.70460, 1.50894, 4.37124, 4.92852, 2.41700, 0.48015, 36.00000, 497652.00000, 49647.00000, 166387.36111, 12530620442.39738, 111940.25390, 0.91102, -0.42255, 0.35294, 1.06961, 0.91667
-0.43811, 0.72621, 4.85499, 4.92852, 2.11363, 0.17295, 25.00000, 482424.00000, 52948.00000, 250810.28000, 15245573958.36160, 123472.96853, 0.91102, -0.09634, 0.13403, 0.96230, 0.64000
-0.87126, 1.44936, 4.62611, 4.92550, 2.11205, 0.35046, 20.00000, 439485.00000, 30086.00000, 185628.75000, 12557187803.38750, 112058.85866, 0.94766, -0.15634, 0.28534, 0.87099, 0.85000
-2.87963, 0.78273, 3.92241, 4.92852, 2.87619, 0.65037, 30.00000, 411373.00000, 44709.00000, 189670.20000, 14832742554.36000, 121789.74733, 0.91102, -1.48153, 0.40335, 2.07817, 0.90000
-3.75791, 0.00000, 3.18882, 4.92853, 3.14159, 0.86714, 25.00000, 479843.00000, 55307.00000, 197770.40000, 11005416438.72000, 104906.70350, 0.90081, 8.64229, -0.00000, -7.64229, 0.80000
-2.87963, -0.78273, 3.92241, 4.92852, -2.87619, 0.65037, 29.00000, 433948.00000, 50352.00000, 196760.58621, 10712308894.31153, 103500.28451, 0.91102, -7.66476, -2.08678, 10.75154, 0.51724
-3.21637, 0.00000, 3.73035, 4.92550, 3.14159, 0.71154, 15.00000, 483158.00000, 70312.00000, 219636.33333, 11477363092.35555, 107132.45583, 0.94766, -8.06739, 0.00000, 9.06739, 0.66667
-0.43811, -0.72621, 4.85499, 4.92852, -2.11363, 0.17295, 28.00000, 453396.00000, 29491.00000, 168052.82143, 11469645816.93240, 107096.43233, 0.91102, -0.13162, -0.18312, 1.31474, 0.21429
-1.70460, -1.50894, 4.37124, 4.92852, -2.41700, 0.48015, 47.00000, 492829.00000, 7895.00000, 199306.80851, 20234389682.02716, 142247.63507, 0.91102, -1.43665, -1.19997, 3.63662, 0.17021
-0.43315, -2.05481, 4.45876, 4.92853, -1.77855, 0.44016, 42.00000, 478772.00000, 17204.00000, 141528.26190, 13280156040.19331, 115239.55935, 0.90081, -0.24359, -0.98030, 2.22389, 0.07143
-0.87126, -1.44936, 4.62611, 4.92550, -2.11205, 0.35046, 35.00000, 475436.00000, 23739.00000, 209537.57143, 21472284128.70204, 146534.24217, 0.94766, -0.36416, -0.66465, 2.02881, 0.22857
-2.14766, 0.78579, 4.35121, 4.91558, 2.79084, 0.48390, 19.00000, 449854.00000, 42812.00000, 198784.42105, 12566307696.66482, 112099.54370, 1.08598, -0.71592, 0.25627, 1.45965, 0.84211
-2.14766, -0.78579, 4.35121, 4.91558, -2.79084, 0.48390, 17.00000, 482892.00000, 40649.00000, 256683.76471, 19773987594.29758, 140620.01136, 1.08598, -1.46868, -0.52573, 2.99442, 0.47059
-0.87622, 0.00000, 4.83686, 4.91558, 3.14159, 0.17921, 24.00000, 464818.00000, 32821.00000, 186888.87500, 15614053947.35938, 124956.20812, 1.08598, -0.22879, 0.00000, 1.22879, 0.58333
-1.75244, 0.00000, 4.58794, 4.91123, 3.14159, 0.36486, 31.00000, 493314.00000, 47890.00000, 213837.45161, 18964502892.69927, 137711.66578, 1.14286, -0.61803, 0.00000, 1.61803, 0.58065
-4.45876, -0.43315, 2.05481, 4.92853, -3.04475, 1.14074, 12.00000, 385922.00000, 72433.00000, 205279.66667, 13652069869.72222, 116842.07234, 0.90081, 1.49537, 0.16379, -0.65917, 0.83333
-4.85499, -0.43811, 0.72621, 4.92852, -3.05160, 1.42291, 10.00000, 383389.00000, 74745.00000, 200099.50000, 11278622635.05000, 106200.85986, 0.91102, 1.04077, 0.10419, -0.14496, 0.80000
-4.37124, -1.70460, 1.50894, 4.92852, -2.76977, 1.25963, 20.00000, 476643.00000, 69012.00000, 220545.30000, 14523012906.91000, 120511.46380, 0.91102, 0.93889, 0.37091, -0.30980, 0.35000
-4.62611, -0.87126, 1.44936, 4.92550, -2.95544, 1.27212, 9.00000, 462116.00000, 100208.00000, 335810.33333, 12531376837.77778, 111943.63241, 0.94766, 1.17386, 0.21070, -0.38457, 0.33333
-4.85499, -0.43811, -0.72621, 4.92852, -3.05160, 1.71868, 4.00000, 358211.00000, 80097.00000, 198016.25000, 10179283320.68750, 100892.43441, 0.91102, 0.80685, 0.08077, 0.11238, 0.75000
-4.45876, -0.43315, -2.05481, 4.92853, -3.04475, 2.00085, 0.00000, 0.00000, 0.00000, 0.00000, 0.00000, 0.00000, 0.90081, 0.64502, 0.07065, 0.28433, 0.00000
-4.37124, -1.70460, -1.50894, 4.92852, -2.76977, 1.88196, 5.00000, 391050.00000, 163007.00000, 289498.40000, 7488619901.84000, 86536.81241, 0.91102, 0.57970, 0.22901, 0.19128, 0.40000
-4.62611, -0.87126, -1.44936, 4.92550, -2.95544, 1.86947, 5.00000, 490951.00000, 69445.00000, 269216.00000, 21367911008.80000, 146177.66932, 0.94766, 0.66353, 0.11910, 0.21738, 0.00000
-3.92241, -2.87963, 0.78273, 4.92852, -2.50831, 1.41130, 19.00000, 457609.00000, 34268.00000, 220595.89474, 16821893217.25208, 129699.24139, 0.91102, 0.65841, 0.46938, -0.12779, 0.05263
-3.92241, -2.87963, -0.78273, 4.92852, -2.50831, 1.73029, 8.00000, 373403.00000, 48080.00000, 186881.87500, 11869855408.35938, 108948.86603, 0.91102, 0.52439, 0.37383, 0.10178, 0.12500
-3.18882, -3.75791, 0.00000, 4.92853, -2.27446, 1.57080, 17.00000, 456411.00000, 66837.00000, 199217.35294, 12246261388.22837, 110662.82749, 0.90081, 0.46930, 0.53070, 0.00000, 0.05882
-3.73035, -3.21637, 0.00000, 4.92550, -2.43005, 1.57080, 12.00000, 472973.00000, 86587.00000, 301623.25000, 15703651208.68750, 125314.20992, 0.94766, 0.52918, 0.47082, -0.00000, 0.08333
-4.83686, -0.87622, 0.00000, 4.91558, -2.96238, 1.57080, 6.00000, 470386.00000, 131089.00000, 290699.00000, 16376432295.00000, 127970.43524, 1.08598, 0.84303, 0.15697, -0.00000, 0.66667
-4.35121, -2.14766, -0.78579, 4.91558, -2.68310, 1.73134, 3.00000, 419380.00000, 95206.00000, 247817.33333, 17694373563.55556, 133020.19983, 1.08598, 0.60022, 0.29439, 0.10538, 0.33333
-4.35121, -2.14766, 0.78579, 4.91558, -2.68310, 1.41025, 7.00000, 448916.00000, 90054.00000, 225303.00000, 11529950222.28572, 107377.60578, 1.08598, 0.76051, 0.37301, -0.13352, 0.14286
-4.58794, -1.75244, 0.00000, 4.91123, -2.77673, 1.57080, 11.00000, 443620.00000, 76205.00000, 215433.18182, 16218480575.96694, 127351.79848, 1.14286, 0.72361, 0.27639, -0.00000, 0.36364
-3.75791, 0.00000, -3.18882, 4.92853, 3.14159, 2.27446, 2.00000, 474405.00000, 242889.00000, 358647.00000, 13399914564.00000, 115758.00000, 0.90081, 0.53070, -0.00000, 0.46930, 0.00000
-2.87963, 0.78273, -3.92241, 4.92852, 2.87619, 2.49122, 4.00000, 345586.00000, 232915.00000, 295500.25000, 2184251599.68750, 46735.97757, 0.91102, 0.46938, -0.12779, 0.65841, 1.00000
-2.87963, -0.78273, -3.92241, 4.92852, -2.87619, 2.49122, 1.00000, 309113.00000, 309113.00000, 309113.00000, 0.00000, 0.00000, 0.91102, 0.37383, 0.10178, 0.52439, 0.00000
-3.21637, 0.00000, -3.73035, 4.92550, 3.14159, 2.43005, 2.00000, 455067.00000, 322068.00000, 388567.50000, 4422183500.25000, 66499.50000, 0.94766, 0.47082, 0.00000, 0.52918, 0.00000
-1.70460, 1.50894, -4.37124, 4.92852, 2.41700, 2.66145, 3.00000, 475611.00000, 285578.00000, 397693.66667, 6603519849.55556, 81262.04434, 0.91102, 0.37091, -0.30980, 0.93889, 1.00000
-0.43315, 2.05481, -4.45876, 4.92853, 1.77855, 2.70143, 3.00000, 333643.00000, 245088.00000, 296412.33333, 1406313724.22222, 37500.84965, 0.90081, 0.16379, -0.65917, 1.49537, 0.66667
-0.43811, 0.72621, -4.85499, 4.92852, 2.11363, 2.96865, 3.00000, 380048.00000, 226406.00000, 297091.66667, 4009595324.22222, 63321.36546, 0.91102, 0.10419, -0.14496, 1.04077, 0.66667
-0.87126, 1.44936, -4.62611, 4.92550, 2.11205, 2.79113, 1.00000, 209007.00000, 209007.00000, 209007.00000, 0.00000, 0.00000, 0.94766, 0.21070, -0.38457, 1.17386, 1.00000
-1.70460, -1.50894, -4.37124, 4.92852, -2.41700, 2.66145, 0.00000, 0.00000, 0.00000, 0.00000, 0.00000, 0.00000, 0.91102, 0.22901, 0.19128, 0.57970, 0.00000
-0.43811, -0.72621, -4.85499, 4.92852, -2.11363, 2.96865, 1.00000, 246876.00000, 246876.00000, 246876.00000, 0.00000, 0.00000, 0.91102, 0.08077, 0.11238, 0.80685, 0.00000
-0.43315, -2.05481, -4.45876, 4.92853, -1.77855, 2.70143, 5.00000, 469714.00000, 198396.00000, 325565.80000, 13261676051.36000, 115159.35069, 0.90081, 0.07065, 0.28433, 0.64502, 0.20000
-0.87126, -1.44936, -4.62611, 4.92550, -2.11205, 2.79113, 1.00000, 256709.00000, 256709.00000, 256709.00000, 0.00000, 0.00000, 0.94766, 0.11910, 0.21738, 0.66353, 1.00000
-2.14766, 0.78579, -4.35121, 4.91558, 2.79084, 2.65769, 0.00000, 0.00000, 0.00000, 0.00000, 0.00000, 0.00000, 1.08598, 0.37301, -0.13352, 0.76051, 0.00000
-0.87622, 0.00000, -4.83686, 4.91558, 3.14159, 2.96238, 2.00000, 359114.00000, 177531.00000, 268322.50000, 8243096472.25000, 90791.50000, 1.08598, 0.15697, 0.00000, 0.84303, 1.00000
-2.14766, -0.78579, -4.35121, 4.91558, -2.79084, 2.65769, 0.00000, 0.00000, 0.00000, 0.00000, 0.00000, 0.00000, 1.08598, 0.29439, 0.10538, 0.60022, 0.00000
-1.75244, 0.00000, -4.58794, 4.91123, 3.14159, 2.77673, 0.00000, 0.00000, 0.00000, 0.00000, 0.00000, 0.00000, 1.14286, 0.27639, 0.00000, 0.72361, 0.00000
0.70086, 2.75567, -4.02561, 4.92853, 1.32174, 2.52663, 4.00000, 411275.00000, 196809.00000, 313646.50000, 5978225852.75000, 77318.98766, 0.90081, -1.86160, -6.49176, 9.35336, 1.00000
1.49161, 3.48430, -3.15040, 4.92852, 1.16631, 2.26428, 4.00000, 452061.00000, 160505.00000, 317356.50000, 10990059076.25000, 104833.48261, 0.91102, 0.81587, 1.82322, -1.63909, 1.00000
1.97536, 2.21782, -3.93313, 4.92852, 0.84316, 2.49482, 1.00000, 330696.00000, 330696.00000, 330696.00000, 0.00000, 0.00000, 0.91102, 5.51065, 6.05607, -10.56672, 1.00000
1.40973, 2.85909, -3.75484, 4.92550, 1.11271, 2.43770, 2.00000, 214397.00000, 208007.00000, 211202.00000, 10208025.00000, 3195.00000, 0.94766, 3.30198, 7.02665, -9.32863, 1.00000
2.21782, 3.93313, -1.97536, 4.92852, 1.05736, 1.98319, 6.00000, 351542.00000, 92212.00000, 240954.50000, 9896985521.91667, 99483.59424, 0.91102, 0.54500, 0.95092, -0.49591, 0.83333
2.75567, 4.02561, -0.70086, 4.92853, 0.97053, 1.71348, 6.00000, 399961.00000, 101418.00000, 229443.00000, 9748545859.33333, 98734.72469, 0.90081, 0.46424, 0.66888, -0.13313, 1.00000
3.48430, 3.15040, -1.49161, 4.92852, 0.73511, 1.87827, 2.00000, 223353.00000, 165073.00000, 194213.00000, 849139600.00000, 29140.00000, 0.91102, 0.68893, 0.61936, -0.30829, 1.00000
2.85909, 3.75484, -1.40973, 4.92550, 0.92001, 1.86107, 0.00000, 0.00000, 0.00000, 0.00000, 0.00000, 0.00000, 0.94766, 0.53830, 0.71466, -0.25296, 0.00000
3.15040, 1.49161, -3.48430, 4.92852, 0.44220, 2.35600, 2.00000, 403594.00000, 351081.00000, 377337.50000, 689403792.25000, 26256.50000, 0.91102, 2.59457, 1.29147, -2.88604, 0.50000
3.93313, 1.97536, -2.21782, 4.92852, 0.46544, 2.03756, 2.00000, 229243.00000, 227743.00000, 228493.00000, 562500.00000, 750.00000, 0.91102, 1.05443, 0.54989, -0.60432, 1.00000
4.02561, 0.70086, -2.75567, 4.92853, 0.17237, 2.16413, 1.00000, 426105.00000, 426105.00000, 426105.00000, 0.00000, 0.00000, 0.90081, 1.98030, 0.39414, -1.37444, 1.00000
3.75484, 1.40973, -2.85909, 4.92550, 0.35916, 2.19010, 1.00000, 255667.00000, 255667.00000, 255667.00000, 0.00000, 0.00000, 0.94766, 1.66465, 0.58922, -1.25387, 0.00000
2.20355, 3.47499, -2.68919, 4.91558, 1.00567, 2.14966, 2.00000, 351604.00000, 268507.00000, 310055.50000, 1726277852.25000, 41548.50000, 1.08598, 0.74373, 1.15838, -0.90211, 1.00000
3.47499, 2.68919, -2.20355, 4.91558, 0.65860, 2.03563, 0.00000, 0.00000, 0.00000, 0.00000, 0.00000, 0.00000, 1.08598, 0.87972, 0.68510, -0.56481, 0.00000
2.68919, 2.20355, -3.47499, 4.91558, 0.68646, 2.35595, 1.00000, 146892.00000, 146892.00000, 146892.00000, 0.00000, 0.00000, 1.08598, 1.85065, 1.52573, -2.37638, 1.00000
2.83550, 2.83550, -2.83550, 4.91123, 0.78540, 2.18628, 3.00000, 458243.00000, 278908.00000, 346403.00000, 6343413216.66667, 79645.54738, 1.14286, 1.00000, 1.00000, -1.00000, 1.00000
2.75567, -4.02561, 0.70086, 4.92853, -0.97053, 1.42811, 41.00000, 464219.00000, 16354.00000, 119720.70732, 9651276145.08507, 98240.90871, 0.90081, -6.49176, 9.35336, -1.86160, 0.00000
3.48430, -3.15040, 1.49161, 4.92852, -0.73511, 1.26333, 34.00000, 438752.00000, 14729.00000, 130712.70588, 13577823695.14879, 116523.91898, 0.91102, 1.82322, -1.63909, 0.81587, 0.00000
2.21782, -3.93313, 1.97536, 4.92852, -1.05736, 1.15840, 106.00000, 488709.00000, 6455.00000, 94623.66038, 10504705383.88466, 102492.46501, 0.91102, 6.05607, -10.56672, 5.51065, 0.00000
2.85909, -3.75484, 1.40973, 4.92550, -0.92001, 1.28053, 42.00000, 423452.00000, 13813.00000, 111009.04762, 7559200409.37868, 86943.66227, 0.94766, 7.02665, -9.32863, 3.30198, 0.00000
3.93313, -1.97536, 2.21782, 4.92852, -0.46544, 1.10403, 21.00000, 435209.00000, 23495.00000, 171413.66667, 15909743703.07936, 126133.83251, 0.91102, 0.95092, -0.49591, 0.54500, 0.09524
4.02561, -0.70086, 2.75567, 4.92853, -0.17237, 0.97747, 21.00000, 464578.00000, 53065.00000, 242604.66667, 17476005645.07936, 132196.84431, 0.90081, 0.66888, -0.13313, 0.46424, 0.19048
3.15040, -1.49161, 3.48430, 4.92852, -0.44220, 0.78559, 29.00000, 454952.00000, 28731.00000, 202859.00000, 16962012485.58621, 130238.29117, 0.91102, 0.61936, -0.30829, 0.68893, 0.03448
3.75484, -1.40973, 2.85909, 4.92550, -0.35916, 0.95149, 20.00000, 409171.00000, 78520.00000, 187690.60000, 10513418651.04000, 102534.96307, 0.94766, 0.71466, -0.25296, 0.53830, 0.00000
1.49161, -3.48430, 3.15040, 4.92852, -1.16631, 0.87732, 95.00000, 383789.00000, 11796.00000, 87665.85263, 5867938102.39934, 76602.46799, 0.91102, 1.29147, -2.88604, 2.59457, 0.00000
1.97536, -2.21782, 3.93313, 4.92852, -0.84316, 0.64677, 38.00000, 470818.00000, 13852.00000, 148323.89474, 19771689990.19945, 140611.84157, 0.91102, 0.54989, -0.60432, 1.05443, 0.02632
0.70086, -2.75567, 4.02561, 4.92853, -1.32174, 0.61496, 63.00000, 498304.00000, 12707.00000, 109440.66667, 12506286779.77778, 111831.51067, 0.90081, 0.39414, -1.37444, 1.98030, 0.04762
1.40973, -2.85909, 3.75484, 4.92550, -1.11271, 0.70390, 62.00000, 425813.00000, 13344.00000, 99469.53226, 7511479315.89412, 86668.79090, 0.94766, 0.58922, -1.25387, 1.66465, 0.01613
3.47499, -2.68919, 2.20355, 4.91558, -0.65860, 1.10596, 22.00000, 494762.00000, 47032.00000, 193415.00000, 17983401220.27273, 134102.20438, 1.08598, 1.15838, -0.90211, 0.74373, 0.00000
2.68919, -2.20355, 3.47499, 4.91558, -0.68646, 0.78564, 32.00000, 446299.00000, 30171.00000, 164073.43750, 15567263916.37109, 124768.84193, 1.08598, 0.68510, -0.56481, 0.87972, 0.00000
2.20355, -3.47499, 2.68919, 4.91558, -1.00567, 0.99193, 53.00000, 409909.00000, 13063.00000, 102010.67925, 7663440481.84051, 87541.07882, 1.08598, 1.52573, -2.37638, 1.85065, 0.00000
2.83550, -2.83550, 2.83550, 4.91123, -0.78540, 0.95532, 41.00000, 401388.00000, 13204.00000, 142640.26829, 8805591944.00119, 93838.11562, 1.14286, 1.00000, -1.00000, 1.00000, 0.02439
2.05481, -4.45876, 0.43315, 4.92853, -1.13896, 1.48280, 38.00000, 344737.00000, 27494.00000, 119244.86842, 8205613679.32479, 90584.84244, 0.90081, -0.98030, 2.22389, -0.24359, 0.00000
1.50894, -4.37124, 1.70460, 4.92852, -1.23841, 1.21764, 111.00000, 487850.00000, 10087.00000, 91321.90991, 11311153505.12702, 106353.90686, 0.91102, -1.19997, 3.63662, -1.43665, 0.00000
0.72621, -4.85499, 0.43811, 4.92852, -1.42232, 1.48179, 57.00000, 483435.00000, 16891.00000, 111511.24561, 10510087325.16775, 102518.71695, 0.91102, -0.18312, 1.31474, -0.13162, 0.00000
1.44936, -4.62611, 0.87126, 4.92550, -1.26718, 1.39297, 60.00000, 497627.00000, 11394.00000, 94062.88333, 10630210705.23639, 103102.91318, 0.94766, -0.66465, 2.02881, -0.36416, 0.00000
0.78273, -3.92241, 2.87963, 4.92852, -1.37383, 0.94680, 168.00000, 462286.00000, 9053.00000, 75641.00000, 6373916192.38095, 79836.80976, 0.91102, -2.08678, 10.75154, -7.66476, 0.00595
0.00000, -3.18882, 3.75791, 4.92853, -1.57080, 0.70366, 91.00000, 440583.00000, 11081.00000, 85389.02198, 6568742072.63688, 81047.77648, 0.90081, 0.00000, -7.64229, 8.64229, 0.00000
-0.78273, -3.92241, 2.87963, 4.92852, -1.76776, 0.94680, 140.00000, 399760.00000, 7247.00000, 80974.83571, 5939403687.48015, 77067.52680, 0.91102, 0.40335, 2.07817, -1.48153, 0.01429
0.00000, -3.73035, 3.21637, 4.92550, -1.57080, 0.85925, 103.00000, 405479.00000, 7912.00000, 63925.65049, 4652313245.19823, 68207.86791, 0.94766, -0.00000, 9.06739, -8.06739, 0.00000
-0.72621, -4.85499, 0.43811, 4.92852, -1.71928, 1.48179, 56.00000, 499897.00000, 15351.00000, 126616.60714, 15391135140.41709, 124061.01378, 0.91102, 0.13403, 0.96230, -0.09634, 0.00000
-1.50894, -4.37124, 1.70460, 4.92852, -1.90319, 1.21764, 65.00000, 410817.00000, 9157.00000, 106053.06154, 10764794632.11929, 103753.52829, 0.91102, 0.35294, 1.06961, -0.42255, 0.06154
-2.05481, -4.45876, 0.43315, 4.92853, -2.00263, 1.48280, 32.00000, 406656.00000, 30555.00000, 175391.71875, 13421510766.45215, 115851.24413, 0.90081, 0.33112, 0.75116, -0.08228, 0.00000
-1.44936, -4.62611, 0.87126, 4.92550, -1.87441, 1.39297, 62.00000, 394104.00000, 13639.00000, 117591.46774, 9606342220.79735, 98011.94938, 0.94766, 0.28534, 0.87099, -0.15634, 0.00000
0.78579, -4.35121, 2.14766, 4.91558, -1.39213, 1.11864, 112.00000, 382273.00000, 7022.00000, 72199.12500, 6153067315.87723, 78441.48976, 1.08598, -0.52573, 2.99442, -1.46868, 0.00893
-0.78579, -4.35121, 2.14766, 4.91558, -1.74946, 1.11864, 118.00000, 489811.00000, 7513.00000, 92748.10169, 11747245969.10830, 108384.71280, 1.08598, 0.25627, 1.45965, -0.71592, 0.00000
0.00000, -4.83686, 0.87622, 4.91558, -1.57080, 1.39159, 85.00000, 472967.00000, 8929.00000, 102058.28235, 10399577407.14381, 101978.31832, 1.08598, -0.00000, 1.22879, -0.22879, 0.00000
0.00000, -4.58794, 1.75244, 4.91123, -1.57080, 1.20593, 116.00000, 389344.00000, 9265.00000, 83741.88793, 6945908630.61675, 83342.11799, 1.14286, -0.00000, 1.61803, -0.61803, 0.00000
2.05481, -4.45876, -0.43315, 4.92853, -1.13896, 1.65880, 30.00000, 398291.00000, 24885.00000, 146727.06667, 9668729278.46222, 98329.69683, 0.90081, -0.65917, 1.49537, 0.16379, 0.00000
0.72621, -4.85499, -0.43811, 4.92852, -1.42232, 1.65981, 41.00000, 380691.00000, 15209.00000, 125434.34146, 11134628655.00535, 105520.74988, 0.91102, -0.14496, 1.04077, 0.10419, 0.00000
1.50894, -4.37124, -1.70460, 4.92852, -1.23841, 1.92396, 18.00000, 424756.00000, 39668.00000, 173656.05556, 11267298221.60802, 106147.53045, 0.91102, -0.30980, 0.93889, 0.37091, 0.00000
1.44936, -4.62611, -0.87126, 4.92550, -1.26718, 1.74862, 23.00000, 465732.00000, 37627.00000, 169289.52174, 13193745704.77127, 114864.03138, 0.94766, -0.38457, 1.17386, 0.21070, 0.00000
-0.72621, -4.85499, -0.43811, 4.92852, -1.71928, 1.65981, 42.00000, 496295.00000, 15533.00000, 138528.66667, 12638401354.26984, 112420.64470, 0.91102, 0.11238, 0.80685, 0.08077, 0.00000
-2.05481, -4.45876, -0.43315, 4.92853, -2.00263, 1.65880, 27.00000, 484262.00000, 39656.00000, 162224.66667, 15395843983.92593, 124079.99026, 0.90081, 0.28433, 0.64502, 0.07065, 0.00000
-1.50894, -4.37124, -1.70460, 4.92852, -1.90319, 1.92396, 13.00000, 457460.00000, 63545.00000, 220379.84615, 13887347902.89941, 117844.59217, 0.91102, 0.19128, 0.57970, 0.22901, 0.00000
-1.44936, -4.62611, -0.87126, 4.92550, -1.87441, 1.74862, 15.00000, 337980.00000, 49354.00000, 163082.60000, 7951337593.44000, 89170.27304, 0.94766, 0.21738, 0.66353, 0.11910, 0.00000
0.78273, -3.92241, -2.87963, 4.92852, -1.37383, 2.19479, 2.00000, 249286.00000, 231891.00000, 240588.50000, 75646506.25000, 8697.50000, 0.91102, -0.12779, 0.65841, 0.46938, 0.00000
-0.78273, -3.92241, -2.87963, 4.92852, -1.76776, 2.19479, 6.00000, 465886.00000, 86905.00000, 233522.83333, 18762196529.13889, 136975.16756, 0.91102, 0.10178, 0.52439, 0.37383, 0.00000
0.00000, -3.18882, -3.75791, 4.92853, -1.57080, 2.43793, 2.00000, 320386.00000, 201028.00000, 260707.00000, 3561583041.00000, 59679.00000, 0.90081, 0.00000, 0.46930, 0.53070, 0.50000
0.00000, -3.73035, -3.21637, 4.92550, -1.57080, 2.28234, 6.00000, 332023.00000, 113836.00000, 207752.83333, 7230958301.80555, 85035.04161, 0.94766, -0.00000, 0.52918, 0.47082, 0.00000
0.00000, -4.83686, -0.87622, 4.91558, -1.57080, 1.75001, 27.00000, 426025.00000, 26207.00000, 153326.74074, 13342069744.71056, 115507.87741, 1.08598, -0.00000, 0.84303, 0.15697, 0.00000
-0.78579, -4.35121, -2.14766, 4.91558, -1.74946, 2.02296, 11.00000, 424984.00000, 55234.00000, 200800.90909, 13923827398.08264, 117999.26863, 1.08598, 0.10538, 0.60022, 0.29439, 0.00000
0.78579, -4.35121, -2.14766, 4.91558, -1.39213, 2.02296, 11.00000, 432675.00000, 26714.00000, 180657.45455, 14891382225.52066, 122030.25127, 1.08598, -0.13352, 0.76051, 0.37301, 0.00000
0.00000, -4.58794, -1.75244, 4.91123, -1.57080, 1.93566, 18.00000, 373351.00000, 35631.00000, 176184.00000, 9531396741.55556, 97628.87248, 1.14286, -0.00000, 0.72361, 0.27639, 0.00000
2.75567, -4.02561, -0.70086, 4.92853, -0.97053, 1.71348, 19.00000, 418531.00000, 43844.00000, 171767.05263, 12698385614.68144, 112687.11379, 0.90081, -1.37444, 1.98030, 0.39414, 0.00000
2.21782, -3.93313, -1.97536, 4.92852, -1.05736, 1.98319, 18.00000, 456332.00000, 52764.00000, 272310.61111, 14495112021.12654, 120395.64785, 0.91102, -0.60432, 1.05443, 0.54989, 0.05556
3.48430, -3.15040, -1.49161, 4.92852, -0.73511, 1.87827, 7.00000, 418479.00000, 114579.00000, 263160.14286, 11351411512.69388, 106543.00311, 0.91102, -2.88604, 2.59457, 1.29147, 0.00000
2.85909, -3.75484, -1.40973, 4.92550, -0.92001, 1.86107, 5.00000, 469764.00000, 119517.00000, 259937.20000, 15812738184.56000, 125748.71047, 0.94766, -1.25387, 1.66465, 0.58922, 0.00000
1.49161, -3.48430, -3.15040, 4.92852, -1.16631, 2.26428, 6.00000, 482857.00000, 98448.00000, 271596.16667, 24436874973.13889, 156322.98287, 0.91102, -0.30829, 0.68893, 0.61936, 0.00000
0.70086, -2.75567, -4.02561, 4.92853, -1.32174, 2.52663, 3.00000, 187574.00000, 112102.00000, 151886.00000, 957725738.66667, 30947.14427, 0.90081, -0.13313, 0.46424, 0.66888, 0.00000
1.97536, -2.21782, -3.93313, 4.92852, -0.84316, 2.49482, 2.00000, 391297.00000, 238891.00000, 315094.00000, 5806897209.00000, 76203.00000, 0.91102, -0.49591, 0.54500, 0.95092, 0.50000
1.40973, -2.85909, -3.75484, 4.92550, -1.11271, 2.43770, 1.00000, 296781.00000, 296781.00000, 296781.00000, 0.00000, 0.00000, 0.94766, -0.25296, 0.53830, 0.71466, 0.00000
3.93313, -1.97536, -2.21782, 4.92852, -0.46544, 2.03756, 3.00000, 453321.00000, 240657.00000, 347623.00000, 7538466728.00000, 86824.34410, 0.91102, -10.56672, 5.51065, 6.05607, 0.33333
3.15040, -1.49161, -3.48430, 4.92852, -0.44220, 2.35600, 3.00000, 183796.00000, 160530.00000, 172697.33333, 90788816.88889, 9528.31658, 0.91102, -1.63909, 0.81587, 1.82322, 0.00000
4.02561, -0.70086, -2.75567, 4.92853, -0.17237, 2.16413, 2.00000, 395574.00000, 224192.00000, 309883.00000, 7342947481.00000, 85691.00000, 0.90081, 9.35336, -1.86160, -6.49176, 1.00000
3.75484, -1.40973, -2.85909, 4.92550, -0.35916, 2.19010, 3.00000, 382691.00000, 296072.00000, 325654.00000, 1627363706.00000, 40340.59625, 0.94766, -9.32863, 3.30198, 7.02665, 0.33333
2.20355, -3.47499, -2.68919, 4.91558, -1.00567, 2.14966, 4.00000, 264960.00000, 85717.00000, 215086.25000, 5596085573.68750, 74806.98880, 1.08598, -0.56481, 0.87972, 0.68510, 0.00000
2.68919, -2.20355, -3.47499, 4.91558, -0.68646, 2.35595, 2.00000, 280053.00000, 269025.00000, 274539.00000, 30404196.00000, 5514.00000, 1.08598, -0.90211, 0.74373, 1.15838, 0.00000
3.47499, -2.68919, -2.20355, 4.91558, -0.65860, 2.03563, 5.00000, 244993.00000, 68734.00000, 145895.80000, 4244030000.56000, 65146.22016, 1.08598, -2.37638, 1.85065, 1.52573, 0.00000
2.83550, -2.83550, -2.83550, 4.91123, -0.78540, 2.18628, 5.00000, 418129.00000, 107131.00000, 209145.00000, 13178150139.20000, 114796.12423, 1.14286, -1.00000, 1.00000, 1.00000, 0.00000
3.18882, -3.75791, 0.00000, 4.92853, -0.86714, 1.57080, 21.00000, 379463.00000, 34859.00000, 161257.09524, 9831001087.80045, 99151.40487, 0.90081, -7.64229, 8.64229, -0.00000, 0.00000
3.92241, -2.87963, -0.78273, 4.92852, -0.63328, 1.73029, 8.00000, 359929.00000, 52139.00000, 205133.62500, 8012366777.23438, 89511.82479, 0.91102, 10.75154, -7.66476, -2.08678, 0.00000
3.92241, -2.87963, 0.78273, 4.92852, -0.63328, 1.41130, 21.00000, 491885.00000, 36305.00000, 220536.80952, 17649068716.15419, 132849.79758, 0.91102, 2.07817, -1.48153, 0.40335, 0.00000
3.73035, -3.21637, 0.00000, 4.92550, -0.71154, 1.57080, 10.00000, 410015.00000, 38412.00000, 177337.50000, 17180902581.65000, 131075.94204, 0.94766, 9.06739, -8.06739, 0.00000, 0.10000
4.37124, -1.70460, -1.50894, 4.92852, -0.37182, 1.88196, 5.00000, 413644.00000, 137603.00000, 256900.20000, 8837541398.96000, 94008.19857, 0.91102, 3.63662, -1.43665, -1.19997, 0.00000
4.45876, -0.43315, -2.05481, 4.92853, -0.09684, 2.00085, 5.00000, 495954.00000, 150049.00000, 299112.00000, 12613000241.20000, 112307.61435, 0.90081, 2.22389, -0.24359, -0.98030, 0.00000
4.85499, -0.43811, -0.72621, 4.92852, -0.09000, 1.71868, 1.00000, 191125.00000, 191125.00000, 191125.00000, 0.00000, 0.00000, 0.91102, 1.31474, -0.13162, -0.18312, 0.00000
4.62611, -0.87126, -1.44936, 4.92550, -0.18616, 1.86947, 4.00000, 436512.00000, 236961.00000, 358624.25000, 5956561000.18750, 77178.76003, 0.94766, 2.02881, -0.36416, -0.66465, 0.00000
4.37124, -1.70460, 1.50894, 4.92852, -0.37182, 1.25963, 11.00000, 475325.00000, 74128.00000, 247188.36364, 17874564574.59504, 133695.79116, 0.91102, 1.06961, -0.42255, 0.35294, 0.00000
4.85499, -0.43811, 0.72621, 4.92852, -0.09000, 1.42291, 9.00000, 360921.00000, 106477.00000, 221171.22222, 7227807708.83951, 85016.51433, 0.91102, 0.96230, -0.09634, 0.13403, 0.11111
4.45876, -0.43315, 2.05481, 4.92853, -0.09684, 1.14074, 6.00000, 432040.00000, 70953.00000, 294706.50000, 21362673562.91667, 146159.75357, 0.90081, 0.75116, -0.08228, 0.33112, 0.00000
4.62611, -0.87126, 1.44936, 4.92550, -0.18616, 1.27212, 5.00000, 351569.00000, 101202.00000, 214464.00000, 7832727226.00000, 88502.69615, 0.94766, 0.87099, -0.15634, 0.28534, 0.00000
4.35121, -2.14766, -0.78579, 4.91558, -0.45850, 1.73134, 5.00000, 394255.00000, 96009.00000, 246172.40000, 15073052423.84000, 122772.36018, 1.08598, 2.99442, -1.46868, -0.52573, 0.00000
4.83686, -0.87622, 0.00000, 4.91558, -0.17921, 1.57080, 3.00000, 424207.00000, 176120.00000, 288268.33333, 10540849908.22222, 102668.64131, 1.08598, 1.22879, -0.22879, 0.00000, 0.00000
4.35121, -2.14766, 0.78579, 4.91558, -0.45850, 1.41025, 13.00000, 447956.00000, 63858.00000, 249503.30769, 19089587358.67456, 138165.07286, 1.08598, 1.45965, -0.71592, 0.25627, 0.07692
4.58794, -1.75244, 0.00000, 4.91123, -0.36486, 1.57080, 7.00000, 289679.00000, 83899.00000, 138517.00000, 4365584807.71429, 66072.57228, 1.14286, 1.61803, -0.61803, 0.00000, 0.00000
0.43315, -2.05481, 4.45876, 4.92853, -1.36304, 0.44016, 39.00000, 454782.00000, 14917.00000, 130436.76923, 13823956797.86982, 117575.32393, 0.90081, 0.16379, -0.65917, 1.49537, 0.05128
1.70460, -1.50894, 4.37124, 4.92852, -0.72459, 0.48015, 42.00000, 468402.00000, 27362.00000, 157422.30952, 14104965308.49943, 118764.32675, 0.91102, 0.37091, -0.30980, 0.93889, 0.09524
0.43811, -0.72621, 4.85499, 4.92852, -1.02797, 0.17295, 25.00000, 465622.00000, 32566.00000, 202679.08000, 19690878475.91360, 140324.19063, 0.91102, 0.10419, -0.14496, 1.04077, 0.20000
0.87126, -1.44936, 4.62611, 4.92550, -1.02954, 0.35046, 34.00000, 471604.00000, 31530.00000, 176743.17647, 17963366744.26297, 134027.48503, 0.94766, 0.21070, -0.38457, 1.17386, 0.00000
2.87963, -0.78273, 3.92241, 4.92852, -0.26540, 0.65037, 22.00000, 486417.00000, 73472.00000, 181829.09091, 9650618611.99174, 98237.56212, 0.91102, 0.46938, -0.12779, 0.65841, 0.09091
3.75791, 0.00000, 3.18882, 4.92853, 0.00000, 0.86714, 9.00000, 355632.00000, 69481.00000, 170783.55556, 11826237284.24691, 108748.50474, 0.90081, 0.53070, -0.00000, 0.46930, 0.55556
2.87963, 0.78273, 3.92241, 4.92852, 0.26540, 0.65037, 13.00000, 389496.00000, 73129.00000, 211242.00000, 9608347095.53846, 98022.17655, 0.91102, 0.37383, 0.10178, 0.52439, 0.53846
3.21637, 0.00000, 3.73035, 4.92550, 0.00000, 0.71154, 14.00000, 460923.00000, 76562.00000, 208531.07143, 14236092217.63776, 119315.09635, 0.94766, 0.47082, -0.00000, 0.52918, 0.14286
0.43811, 0.72621, 4.85499, 4.92852, 1.02797, 0.17295, 16.00000, 435633.00000, 80256.00000, 210837.62500, 9190761012.98438, 95868.45682, 0.91102, 0.08077, 0.11238, 0.80685, 0.62500
1.70460, 1.50894, 4.37124, 4.92852, 0.72459, 0.48015, 13.00000, 439132.00000, 57569.00000, 220166.76923, 15209120468.79290, 123325.26290, 0.91102, 0.22901, 0.19128, 0.57970, 0.69231
0.43315, 2.05481, 4.45876, 4.92853, 1.36304, 0.44016, 23.00000, 441128.00000, 51776.00000, 185323.34783, 12557462700.83554, 112060.08523, 0.90081, 0.07065, 0.28433, 0.64502, 0.60870
0.87126, 1.44936, 4.62611, 4.92550, 1.02954, 0.35046, 17.00000, 499676.00000, 60241.00000, 209687.23529, 16770284622.41523, 129500.13368, 0.94766, 0.11910, 0.21738, 0.66353, 0.76471
2.14766, -0.78579, 4.35121, 4.91558, -0.35075, 0.48390, 17.00000, 344838.00000, 31421.00000, 148685.41176, 8017795296.24221, 89542.14257, 1.08598, 0.37301, -0.13352, 0.76051, 0.17647
2.14766, 0.78579, 4.35121, 4.91558, 0.35075, 0.48390, 12.00000, 478779.00000, 64761.00000, 245999.83333, 17602166755.97222, 132673.15763, 1.08598, 0.29439, 0.10538, 0.60022, 0.25000
0.87622, 0.00000, 4.83686, 4.91558, 0.00000, 0.17921, 17.00000, 488017.00000, 43589.00000, 215420.82353, 15929328300.85121, 126211.44283, 1.08598, 0.15697, -0.00000, 0.84303, 0.29412
1.75244, 0.00000, 4.58794, 4.91123, 0.00000, 0.36486, 18.00000, 499646.00000, 45909.00000, 176216.33333, 15052425479.77778, 122688.32658, 1.14286, 0.27639, 0.00000, 0.72361, 0.11111
-2.75567, -4.02561, 0.70086, 4.92853, -2.17107, 1.42811, 29.00000, 475825.00000, 16636.00000, 132445.58621, 13369312994.58739, 115625.74538, 0.90081, 0.46424, 0.66888, -0.13313, 0.00000
-2.21782, -3.93313, 1.97536, 4.92852, -2.08423, 1.15840, 57.00000, 487022.00000, 15380.00000, 124414.70175, 15134200705.61281, 123021.13926, 0.91102, 0.54500, 0.95092, -0.49591, 0.05263
-3.48430, -3.15040, 1.49161, 4.92852, -2.40648, 1.26333, 24.00000, 388958.00000, 29761.00000, 184254.50000, 6591057843.41667, 81185.33022, 0.91102, 0.68893, 0.61936, -0.30829, 0.12500
-2.85909, -3.75484, 1.40973, 4.92550, -2.22158, 1.28053, 36.00000, 289721.00000, 29072.00000, 112280.00000, 5671437136.44444, 75308.94460, 0.94766, 0.53830, 0.71466, -0.25296, 0.02778
-1.49161, -3.48430, 3.15040, 4.92852, -1.97528, 0.87732, 108.00000, 492644.00000, 12693.00000, 88456.40741, 6510791798.44513, 80689.47762, 0.91102, 0.81587, 1.82322, -1.63909, 0.01852
-0.70086, -2.75567, 4.02561, 4.92853, -1.81985, 0.61496, 67.00000, 493636.00000, 11279.00000, 94541.31343, 10207704317.70773, 101033.18424, 0.90081, -1.86160, -6.49176, 9.35336, 0.00000
-1.97536, -2.21782, 3.93313, 4.92852, -2.29844, 0.64677, 45.00000, 450377.00000, 13117.00000, 152610.84444, 16505696280.79803, 128474.49662, 0.91102, 5.51065, 6.05607, -10.56672, 0.08889
-1.40973, -2.85909, 3.75484, 4.92550, -2.02888, 0.70390, 56.00000, 476772.00000, 14496.00000, 107700.96429, 10713439625.28444, 103505.74682, 0.94766, 3.30198, 7.02665, -9.32863, 0.03571
-3.93313, -1.97536, 2.21782, 4.92852, -2.67616, 1.10403, 21.00000, 495530.00000, 32937.00000, 220029.85714, 18504911763.55102, 136032.75989, 0.91102, 1.05443, 0.54989, -0.60432, 0.23810
-3.15040, -1.49161, 3.48430, 4.92852, -2.69940, 0.78559, 14.00000, 490479.00000, 37516.00000, 219818.64286, 20210646078.37245, 142164.15188, 0.91102, 2.59457, 1.29147, -2.88604, 0.14286
-4.02561, -0.70086, 2.75567, 4.92853, -2.96922, 0.97747, 22.00000, 475292.00000, 59579.00000, 249083.18182, 16133124041.05785, 127016.23534, 0.90081, 1.98030, 0.39414, -1.37444, 0.68182
-3.75484, -1.40973, 2.85909, 4.92550, -2.78243, 0.95149, 17.00000, 367293.00000, 36711.00000, 191015.29412, 8949774679.97232, 94603.24878, 0.94766, 1.66465, 0.58922, -1.25387, 0.52941
-2.20355, -3.47499, 2.68919, 4.91558, -2.13592, 0.99193, 55.00000, 371488.00000, 15910.00000, 109934.12727, 7361528724.80198, 85799.35154, 1.08598, 0.74373, 1.15838, -0.90211, 0.01818
-2.68919, -2.20355, 3.47499, 4.91558, -2.45513, 0.78564, 22.00000, 460242.00000, 20841.00000, 151239.50000, 13503282891.52273, 116203.62684, 1.08598, 1.85065, 1.52573, -2.37638, 0.04545
-3.47499, -2.68919, 2.20355, 4.91558, -2.48299, 1.10596, 18.00000, 419943.00000, 28170.00000, 172684.11111, 10454516999.20988, 102247.33248, 1.08598, 0.87972, 0.68510, -0.56481, 0.16667
-2.83550, -2.83550, 2.83550, 4.91123, -2.35619, 0.95532, 37.00000, 450055.00000, 35892.00000, 140687.02703, 12808415189.59386, 113174.26911, 1.14286, 1.00000, 1.00000, -1.00000, 0.08108
-0.70086, -2.75567, -4.02561, 4.92853, -1.81985, 2.52663, 4.00000, 487525.00000, 88957.00000, 242957.50000, 24817962624.75000, 157537.17855, 0.90081, 0.10514, 0.36663, 0.52824, 0.25000
-1.49161, -3.48430, -3.15040, 4.92852, -1.97528, 2.26428, 8.00000, 480637.00000, 105069.00000, 269482.12500, 16251224943.60938, 127480.29237, 0.91102, 0.19070, 0.42617, 0.38313, 0.00000
-1.97536, -2.21782, -3.93313, 4.92852, -2.29844, 2.49482, 2.00000, 260383.00000, 151183.00000, 205783.00000, 2981160000.00000, 54600.00000, 0.91102, 0.24897, 0.27362, 0.47741, 0.00000
-1.40973, -2.85909, -3.75484, 4.92550, -2.02888, 2.43770, 3.00000, 349239.00000, 130603.00000, 275187.33333, 10454378616.22222, 102246.65577, 0.94766, 0.16798, 0.35746, 0.47456, 0.00000
-2.21782, -3.93313, -1.97536, 4.92852, -2.08423, 1.98319, 8.00000, 379325.00000, 36887.00000, 189582.75000, 13034151386.93750, 114167.20802, 0.91102, 0.27362, 0.47741, 0.24897, 0.12500
-2.75567, -4.02561, -0.70086, 4.92853, -2.17107, 1.71348, 26.00000, 493360.00000, 33691.00000, 223677.92308, 21376017468.14793, 146205.39480, 0.90081, 0.36663, 0.52824, 0.10514, 0.03846
-3.48430, -3.15040, -1.49161, 4.92852, -2.40648, 1.87827, 9.00000, 471530.00000, 87946.00000, 237301.22222, 11323195032.39506, 106410.50245, 0.91102, 0.42617, 0.38313, 0.19070, 0.00000
-2.85909, -3.75484, -1.40973, 4.92550, -2.22158, 1.86107, 7.00000, 300803.00000, 59528.00000, 178442.00000, 7382679556.00000, 85922.52066, 0.94766, 0.35746, 0.47456, 0.16798, 0.00000
-3.15040, -1.49161, -3.48430, 4.92852, -2.69940, 2.35600, 1.00000, 405512.00000, 405512.00000, 405512.00000, 0.00000, 0.00000, 0.91102, 0.38313, 0.19070, 0.42617, 1.00000
-3.93313, -1.97536, -2.21782, 4.92852, -2.67616, 2.03756, 8.00000, 466232.00000, 109039.00000, 312763.12500, 12380687321.60938, 111268.53698, 0.91102, 0.47741, 0.24897, 0.27362, 0.25000
-4.02561, -0.70086, -2.75567, 4.92853, -2.96922, 2.16413, 4.00000, 488118.00000, 252391.00000, 402612.75000, 8046488863.68750, 89702.22329, 0.90081, 0.52824, 0.10514, 0.36663, 0.25000
-3.75484, -1.40973, -2.85909, 4.92550, -2.78243, 2.19010, 2.00000, 401622.00000, 337046.00000, 369334.00000, 1042514944.00000, 32288.00000, 0.94766, 0.47456, 0.16798, 0.35746, 0.00000
-2.20355, -3.47499, -2.68919, 4.91558, -2.13592, 2.14966, 3.00000, 444563.00000, 212754.00000, 294460.66667, 11294885689.55556, 106277.39971, 1.08598, 0.26522, 0.41309, 0.32170, 0.00000
-3.47499, -2.68919, -2.20355, 4.91558, -2.48299, 2.03563, 3.00000, 459140.00000, 36250.00000, 257262.66667, 29989072507.55555, 173173.53293, 1.08598, 0.41309, 0.32170, 0.26522, 0.00000
-2.68919, -2.20355, -3.47499, 4.91558, -2.45513, 2.35595, 1.00000, 464273.00000, 464273.00000, 464273.00000, 0.00000, 0.00000, 1.08598, 0.32170, 0.26522, 0.41309, 0.00000
-2.83550, -2.83550, -2.83550, 4.91123, -2.35619, 2.18628, 4.00000, 446112.00000, 198444.00000, 269847.00000, 10429419051.50000, 102124.52718, 1.14286, 0.33333, 0.33333, 0.33333, 0.00000
3.75791, 0.00000, -3.18882, 4.92853, 0.00000, 2.27446, 2.00000, 448369.00000, 169475.00000, 308922.00000, 19445465809.00000, 139447.00000, 0.90081, 8.64229, 0.00000, -7.64229, 0.50000
2.87963, -0.78273, -3.92241, 4.92852, -0.26540, 2.49122, 1.00000, 395763.00000, 395763.00000, 395763.00000, 0.00000, 0.00000, 0.91102, -1.48153, 0.40335, 2.07817, 1.00000
2.87963, 0.78273, -3.92241, 4.92852, 0.26540, 2.49122, 2.00000, 460077.00000, 336045.00000, 398061.00000, 3845984256.00000, 62016.00000, 0.91102, -7.66476, -2.08678, 10.75154, 0.00000
3.21637, 0.00000, -3.73035, 4.92550, 0.00000, 2.43005, 1.00000, 483634.00000, 483634.00000, 483634.00000, 0.00000, 0.00000, 0.94766, -8.06739, -0.00000, 9.06739, 0.00000
1.70460, -1.50894, -4.37124, 4.92852, -0.72459, 2.66145, 1.00000, 402976.00000, 402976.00000, 402976.00000, 0.00000, 0.00000, 0.91102, -0.42255, 0.35294, 1.06961, 0.00000
0.43315, -2.05481, -4.45876, 4.92853, -1.36304, 2.70143, 1.00000, 473312.00000, 473312.00000, 473312.00000, 0.00000, 0.00000, 0.90081, -0.08228, 0.33112, 0.75116, 0.00000
0.43811, -0.72621, -4.85499, 4.92852, -1.02797, 2.96865, 2.00000, 313730.00000, 309481.00000, 311605.50000, 4513500.25000, 2124.50000, 0.91102, -0.09634, 0.13403, 0.96230, 0.50000
0.87126, -1.44936, -4.62611, 4.92550, -1.02954, 2.79113, 2.00000, 455037.00000, 389945.00000, 422491.00000, 1059242116.00000, 32546.00000, 0.94766, -0.15634, 0.28534, 0.87099, 0.00000
1.70460, 1.50894, -4.37124, 4.92852, 0.72459, 2.66145, 1.00000, 227203.00000, 227203.00000, 227203.00000, 0.00000, 0.00000, 0.91102, -1.43665, -1.19997, 3.63662, 1.00000
0.43811, 0.72621, -4.85499, 4.92852, 1.02797, 2.96865, 1.00000, 357074.00000, 357074.00000, 357074.00000, 0.00000, 0.00000, 0.91102, -0.13162, -0.18312, 1.31474, 0.00000
0.43315, 2.05481, -4.45876, 4.92853, 1.36304, 2.70143, 1.00000, 478822.00000, 478822.00000, 478822.00000, 0.00000, 0.00000, 0.90081, -0.24359, -0.98030, 2.22389, 1.00000
0.87126, 1.44936, -4.62611, 4.92550, 1.02954, 2.79113, 0.00000, 0.00000, 0.00000, 0.00000, 0.00000, 0.00000, 0.94766, -0.36416, -0.66465, 2.02881, 0.00000
2.14766, -0.78579, -4.35121, 4.91558, -0.35075, 2.65769, 3.00000, 273464.00000, 149992.00000, 215262.66667, 2565876867.55556, 50654.48517, 1.08598, -0.71592, 0.25627, 1.45965, 0.33333
0.87622, 0.00000, -4.83686, 4.91558, 0.00000, 2.96238, 0.00000, 0.00000, 0.00000, 0.00000, 0.00000, 0.00000, 1.08598, -0.22879, -0.00000, 1.22879, 0.00000
2.14766, 0.78579, -4.35121, 4.91558, 0.35075, 2.65769, 0.00000, 0.00000, 0.00000, 0.00000, 0.00000, 0.00000, 1.08598, -1.46868, -0.52573, 2.99442, 0.00000
1.75244, 0.00000, -4.58794, 4.91123, 0.00000, 2.77673, 1.00000, 316446.00000, 316446.00000, 316446.00000, 0.00000, 0.00000, 1.14286, -0.61803, -0.00000, 1.61803, 1.00000
4.45876, 0.43315, 2.05481, 4.92853, 0.09684, 1.14074, 6.00000, 488363.00000, 187435.00000, 336427.50000, 9838848690.58333, 99190.97081, 0.90081, 0.64502, 0.07065, 0.28433, 0.16667
4.85499, 0.43811, 0.72621, 4.92852, 0.09000, 1.42291, 3.00000, 202795.00000, 110497.00000, 167854.00000, 1671058662.00000, 40878.58439, 0.91102, 0.80685, 0.08077, 0.11238, 0.33333
4.37124, 1.70460, 1.50894, 4.92852, 0.37182, 1.25963, 9.00000, 498910.00000, 169225.00000, 315196.00000, 12231611671.77778, 110596.61691, 0.91102, 0.57970, 0.22901, 0.19128, 0.66667
4.62611, 0.87126, 1.44936, 4.92550, 0.18616, 1.27212, 6.00000, 424254.00000, 131266.00000, 305826.00000, 9321604481.66667, 96548.45665, 0.94766, 0.66353, 0.11910, 0.21738, 0.00000
4.85499, 0.43811, -0.72621, 4.92852, 0.09000, 1.71868, 4.00000, 295205.00000, 167012.00000, 228150.50000, 3041497100.25000, 55149.76972, 0.91102, 1.04077, 0.10419, -0.14496, 0.25000
4.45876, 0.43315, -2.05481, 4.92853, 0.09684, 2.00085, 2.00000, 346209.00000, 261458.00000, 303833.50000, 1795683000.25000, 42375.50000, 0.90081, 1.49537, 0.16379, -0.65917, 0.00000
4.37124, 1.70460, -1.50894, 4.92852, 0.37182, 1.88196, 0.00000, 0.00000, 0.00000, 0.00000, 0.00000, 0.00000, 0.91102, 0.93889, 0.37091, -0.30980, 0.00000
4.62611, 0.87126, -1.44936, 4.92550, 0.18616, 1.86947, 2.00000, 382227.00000, 359249.00000, 370738.00000, 131997121.00000, 11489.00000, 0.94766, 1.17386, 0.21070, -0.38457, 1.00000
3.92241, 2.87963, 0.78273, 4.92852, 0.63328, 1.41130, 0.00000, 0.00000, 0.00000, 0.00000, 0.00000, 0.00000, 0.91102, 0.52439, 0.37383, 0.10178, 0.00000
3.92241, 2.87963, -0.78273, 4.92852, 0.63328, 1.73029, 3.00000, 399679.00000, 129637.00000, 223162.33333, 15597560998.22222, 124890.19577, 0.91102, 0.65841, 0.46938, -0.12779, 0.66667
3.18882, 3.75791, 0.00000, 4.92853, 0.86714, 1.57080, 6.00000, 392571.00000, 163082.00000, 237893.16667, 5925722478.47222, 76978.71445, 0.90081, 0.46930, 0.53070, 0.00000, 1.00000
3.73035, 3.21637, 0.00000, 4.92550, 0.71154, 1.57080, 3.00000, 452617.00000, 208084.00000, 297603.00000, 12110862194.00000, 110049.36253, 0.94766, 0.52918, 0.47082, 0.00000, 1.00000
4.83686, 0.87622, 0.00000, 4.91558, 0.17921, 1.57080, 4.00000, 409805.00000, 260611.00000, 323465.00000, 4213776638.00000, 64913.60904, 1.08598, 0.84303, 0.15697, 0.00000, 0.50000
4.35121, 2.14766, -0.78579, 4.91558, 0.45850, 1.73134, 0.00000, 0.00000, 0.00000, 0.00000, 0.00000, 0.00000, 1.08598, 0.76051, 0.37301, -0.13352, 0.00000
4.35121, 2.14766, 0.78579, 4.91558, 0.45850, 1.41025, 3.00000, 434382.00000, 271864.00000, 327715.33333, 5693115771.55556, 75452.73866, 1.08598, 0.60022, 0.29439, 0.10538, 1.00000
4.58794, 1.75244, 0.00000, 4.91123, 0.36486, 1.57080, 3.00000, 287907.00000, 140753.00000, 202677.00000, 3880634770.66667, 62294.74112, 1.14286, 0.72361, 0.27639, -0.00000, 0.66667
