-2.75567, 4.02561, 0.70086, 4.92853, 2.17107, 1.42811, 0.00000, 0.00000, 0.00000, 0.00000, 0.00000, 0.00000, 0.90081, -1.37444, 1.98030, 0.39414, 0.00000
-3.48430, 3.15040, 1.49161, 4.92852, 2.40648, 1.26333, 1.00000, 451608.00000, 451608.00000, 451608.00000, 0.00000, 0.00000, 0.91102, -2.88604, 2.59457, 1.29147, 0.00000
-2.21782, 3.93313, 1.97536, 4.92852, 2.08423, 1.15840, 1.00000, 296013.00000, 296013.00000, 296013.00000, 0.00000, 0.00000, 0.91102, -0.60432, 1.05443, 0.54989, 1.00000
-2.85909, 3.75484, 1.40973, 4.92550, 2.22158, 1.28053, 0.00000, 0.00000, 0.00000, 0.00000, 0.00000, 0.00000, 0.94766, -1.25387, 1.66465, 0.58922, 0.00000
-3.93313, 1.97536, 2.21782, 4.92852, 2.67616, 1.10403, 1.00000, 119787.00000, 119787.00000, 119787.00000, 0.00000, 0.00000, 0.91102, -10.56672, 5.51065, 6.05607, 0.00000
-4.02561, 0.70086, 2.75567, 4.92853, 2.96922, 0.97747, 1.00000, 196271.00000, 196271.00000, 196271.00000, 0.00000, 0.00000, 0.90081, 9.35336, -1.86160, -6.49176, 0.00000
-3.15040, 1.49161, 3.48430, 4.92852, 2.69940, 0.78559, 4.00000, 490143.00000, 148044.00000, 335882.00000, 15340167013.50000, 123855.42787, 0.91102, -1.63909, 0.81587, 1.82322, 0.00000
-3.75484, 1.40973, 2.85909, 4.92550, 2.78243, 0.95149, 3.00000, 493540.00000, 178124.00000, 347676.33333, 16861785306.88889, 129852.93723, 0.94766, -9.32863, 3.30198, 7.02665, 0.00000
-1.49161, 3.48430, 3.15040, 4.92852, 1.97528, 0.87732, 2.00000, 397565.00000, 362778.00000, 380171.50000, 302533842.25000, 17393.50000, 0.91102, -0.30829, 0.68893, 0.61936, 0.00000
-1.97536, 2.21782, 3.93313, 4.92852, 2.29844, 0.64677, 1.00000, 315507.00000, 315507.00000, 315507.00000, 0.00000, 0.00000, 0.91102, -0.49591, 0.54500, 0.95092, 0.00000
-0.70086, 2.75567, 4.02561, 4.92853, 1.81985, 0.61496, 0.00000, 0.00000, 0.00000, 0.00000, 0.00000, 0.00000, 0.90081, -0.13313, 0.46424, 0.66888, 0.00000
-1.40973, 2.85909, 3.75484, 4.92550, 2.02888, 0.70390, 0.00000, 0.00000, 0.00000, 0.00000, 0.00000, 0.00000, 0.94766, -0.25296, 0.53830, 0.71466, 0.00000
-3.47499, 2.68919, 2.20355, 4.91558, 2.48299, 1.10596, 1.00000, 363465.00000, 363465.00000, 363465.00000, 0.00000, 0.00000, 1.08598, -2.37638, 1.85065, 1.52573, 0.00000
-2.68919, 2.20355, 3.47499, 4.91558, 2.45513, 0.78564, 0.00000, 0.00000, 0.00000, 0.00000, 0.00000, 0.00000, 1.08598, -0.90211, 0.74373, 1.15838, 0.00000
-2.20355, 3.47499, 2.68919, 4.91558, 2.13592, 0.99193, 0.00000, 0.00000, 0.00000, 0.00000, 0.00000, 0.00000, 1.08598, -0.56481, 0.87972, 0.68510, 0.00000
-2.83550, 2.83550, 2.83550, 4.91123, 2.35619, 0.95532, 0.00000, 0.00000, 0.00000, 0.00000, 0.00000, 0.00000, 1.14286, -1.00000, 1.00000, 1.00000, 0.00000
-2.05481, 4.45876, 0.43315, 4.92853, 2.00263, 1.48280, 1.00000, 347122.00000, 347122.00000, 347122.00000, 0.00000, 0.00000, 0.90081, -0.65917, 1.49537, 0.16379, 1.00000
-1.50894, 4.37124, 1.70460, 4.92852, 1.90319, 1.21764, 0.00000, 0.00000, 0.00000, 0.00000, 0.00000, 0.00000, 0.91102, -0.30980, 0.93889, 0.37091, 0.00000
-0.72621, 4.85499, 0.43811, 4.92852, 1.71928, 1.48179, 1.00000, 244533.00000, 244533.00000, 244533.00000, 0.00000, 0.00000, 0.91102, -0.14496, 1.04077, 0.10419, 1.00000
-1.44936, 4.62611, 0.87126, 4.92550, 1.87441, 1.39297, 1.00000, 274427.00000, 274427.00000, 274427.00000, 0.00000, 0.00000, 0.94766, -0.38457, 1.17386, 0.21070, 1.00000
-0.78273, 3.92241, 2.87963, 4.92852, 1.76776, 0.94680, 1.00000, 457027.00000, 457027.00000, 457027.00000, 0.00000, 0.00000, 0.91102, -0.12779, 0.65841, 0.46938, 1.00000
0.00000, 3.18882, 3.75791, 4.92853, 1.57080, 0.70366, 1.00000, 266041.00000, 266041.00000, 266041.00000, 0.00000, 0.00000, 0.90081, -0.00000, 0.46930, 0.53070, 1.00000
0.78273, 3.92241, 2.87963, 4.92852, 1.37383, 0.94680, 1.00000, 198405.00000, 198405.00000, 198405.00000, 0.00000, 0.00000, 0.91102, 0.10178, 0.52439, 0.37383, 1.00000
0.00000, 3.73035, 3.21637, 4.92550, 1.57080, 0.85925, 0.00000, 0.00000, 0.00000, 0.00000, 0.00000, 0.00000, 0.94766, -0.00000, 0.52918, 0.47082, 0.00000
0.72621, 4.85499, 0.43811, 4.92852, 1.42232, 1.48179, 1.00000, 414605.00000, 414605.00000, 414605.00000, 0.00000, 0.00000, 0.91102, 0.11238, 0.80685, 0.08077, 1.00000
1.50894, 4.37124, 1.70460, 4.92852, 1.23841, 1.21764, 3.00000, 395282.00000, 249438.00000, 300480.66667, 4502489176.88889, 67100.58999, 0.91102, 0.19128, 0.57970, 0.22901, 1.00000
2.05481, 4.45876, 0.43315, 4.92853, 1.13896, 1.48280, 3.00000, 397606.00000, 268443.00000, 333360.00000, 2780738548.66667, 52732.70853, 0.90081, 0.28433, 0.64502, 0.07065, 1.00000
1.44936, 4.62611, 0.87126, 4.92550, 1.26718, 1.39297, 1.00000, 235408.00000, 235408.00000, 235408.00000, 0.00000, 0.00000, 0.94766, 0.21738, 0.66353, 0.11910, 1.00000
-0.78579, 4.35121, 2.14766, 4.91558, 1.74946, 1.11864, 0.00000, 0.00000, 0.00000, 0.00000, 0.00000, 0.00000, 1.08598, -0.13352, 0.76051, 0.37301, 0.00000
0.78579, 4.35121, 2.14766, 4.91558, 1.39213, 1.11864, 1.00000, 252139.00000, 252139.00000, 252139.00000, 0.00000, 0.00000, 1.08598, 0.10538, 0.60022, 0.29439, 1.00000
0.00000, 4.83686, 0.87622, 4.91558, 1.57080, 1.39159, 1.00000, 304153.00000, 304153.00000, 304153.00000, 0.00000, 0.00000, 1.08598, -0.00000, 0.84303, 0.15697, 1.00000
0.00000, 4.58794, 1.75244, 4.91123, 1.57080, 1.20593, 1.00000, 188245.00000, 188245.00000, 188245.00000, 0.00000, 0.00000, 1.14286, 0.00000, 0.72361, 0.27639, 1.00000
-2.05481, 4.45876, -0.43315, 4.92853, 2.00263, 1.65880, 2.00000, 421035.00000, 259219.00000, 340127.00000, 6546104464.00000, 80908.00000, 0.90081, -0.98030, 2.22389, -0.24359, 1.00000
-0.72621, 4.85499, -0.43811, 4.92852, 1.71928, 1.65981, 3.00000, 448637.00000, 169688.00000, 349754.00000, 16264097178.00000, 127530.76953, 0.91102, -0.18312, 1.31474, -0.13162, 1.00000
-1.50894, 4.37124, -1.70460, 4.92852, 1.90319, 1.92396, 1.00000, 477748.00000, 477748.00000, 477748.00000, 0.00000, 0.00000, 0.91102, -1.19997, 3.63662, -1.43665, 1.00000
-1.44936, 4.62611, -0.87126, 4.92550, 1.87441, 1.74862, 2.00000, 269846.00000, 152662.00000, 211254.00000, 3433022464.00000, 58592.00000, 0.94766, -0.66465, 2.02881, -0.36416, 1.00000
0.72621, 4.85499, -0.43811, 4.92852, 1.42232, 1.65981, 5.00000, 471541.00000, 162394.00000, 323374.00000, 10395105775.60000, 101956.39154, 0.91102, 0.13403, 0.96230, -0.09634, 1.00000
2.05481, 4.45876, -0.43315, 4.92853, 1.13896, 1.65880, 2.00000, 286291.00000, 118077.00000, 202184.00000, 7073987449.00000, 84107.00000, 0.90081, 0.33112, 0.75116, -0.08228, 1.00000
1.50894, 4.37124, -1.70460, 4.92852, 1.23841, 1.92396, 7.00000, 363187.00000, 96678.00000, 232296.85714, 7012408429.55102, 83740.12437, 0.91102, 0.35294, 1.06961, -0.42255, 0.85714
1.44936, 4.62611, -0.87126, 4.92550, 1.26718, 1.74862, 2.00000, 287965.00000, 218523.00000, 253244.00000, 1205547841.00000, 34721.00000, 0.94766, 0.28534, 0.87099, -0.15634, 1.00000
-0.78273, 3.92241, -2.87963, 4.92852, 1.76776, 2.19479, 4.00000, 374727.00000, 341374.00000, 356901.50000, 140432023.25000, 11850.40182, 0.91102, -2.08678, 10.75154, -7.66476, 1.00000
0.78273, 3.92241, -2.87963, 4.92852, 1.37383, 2.19479, 11.00000, 445827.00000, 70272.00000, 256424.27273, 16161072244.56198, 127126.20597, 0.91102, 0.40335, 2.07817, -1.48153, 1.00000
0.00000, 3.18882, -3.75791, 4.92853, 1.57080, 2.43793, 9.00000, 476513.00000, 75947.00000, 266033.33333, 15931575411.55556, 126220.34468, 0.90081, -0.00000, -7.64229, 8.64229, 1.00000
0.00000, 3.73035, -3.21637, 4.92550, 1.57080, 2.28234, 9.00000, 455751.00000, 61520.00000, 252558.22222, 24211845278.83951, 155601.55937, 0.94766, 0.00000, 9.06739, -8.06739, 1.00000
0.00000, 4.83686, -0.87622, 4.91558, 1.57080, 1.75001, 0.00000, 0.00000, 0.00000, 0.00000, 0.00000, 0.00000, 1.08598, 0.00000, 1.22879, -0.22879, 0.00000
0.78579, 4.35121, -2.14766, 4.91558, 1.39213, 2.02296, 3.00000, 414272.00000, 266765.00000, 323299.33333, 4219385242.88889, 64956.79520, 1.08598, 0.25627, 1.45965, -0.71592, 1.00000
-0.78579, 4.35121, -2.14766, 4.91558, 1.74946, 2.02296, 2.00000, 363481.00000, 252394.00000, 307937.50000, 3085080392.25000, 55543.50000, 1.08598, -0.52573, 2.99442, -1.46868, 1.00000
0.00000, 4.58794, -1.75244, 4.91123, 1.57080, 1.93566, 1.00000, 362416.00000, 362416.00000, 362416.00000, 0.00000, 0.00000, 1.14286, 0.00000, 1.61803, -0.61803, 1.00000
-2.75567, 4.02561, -0.70086, 4.92853, 2.17107, 1.71348, 1.00000, 381890.00000, 381890.00000, 381890.00000, 0.00000, 0.00000, 0.90081, -6.49176, 9.35336, -1.86160, 1.00000
-2.21782, 3.93313, -1.97536, 4.92852, 2.08423, 1.98319, 2.00000, 464553.00000, 380769.00000, 422661.00000, 1754939664.00000, 41892.00000, 0.91102, 6.05607, -10.56672, 5.51065, 0.00000
-3.48430, 3.15040, -1.49161, 4.92852, 2.40648, 1.87827, 3.00000, 481850.00000, 197754.00000, 375150.33333, 15950765541.55556, 126296.34017, 0.91102, 1.82322, -1.63909, 0.81587, 0.00000
-2.85909, 3.75484, -1.40973, 4.92550, 2.22158, 1.86107, 1.00000, 485938.00000, 485938.00000, 485938.00000, 0.00000, 0.00000, 0.94766, 7.02665, -9.32863, 3.30198, 0.00000
-1.49161, 3.48430, -3.15040, 4.92852, 1.97528, 2.26428, 7.00000, 433696.00000, 121625.00000, 250652.71429, 10608204210.48980, 102996.13687, 0.91102, 1.29147, -2.88604, 2.59457, 1.00000
-0.70086, 2.75567, -4.02561, 4.92853, 1.81985, 2.52663, 14.00000, 419401.00000, 118583.00000, 253542.78571, 9400859966.45408, 96958.03199, 0.90081, 0.39414, -1.37444, 1.98030, 0.92857
-1.97536, 2.21782, -3.93313, 4.92852, 2.29844, 2.49482, 7.00000, 486976.00000, 140307.00000, 312841.14286, 13863569999.26531, 117743.66225, 0.91102, 0.54989, -0.60432, 1.05443, 0.85714
-1.40973, 2.85909, -3.75484, 4.92550, 2.02888, 2.43770, 8.00000, 406699.00000, 97851.00000, 285981.12500, 14041342529.85938, 118496.17095, 0.94766, 0.58922, -1.25387, 1.66465, 1.00000
-3.93313, 1.97536, -2.21782, 4.92852, 2.67616, 2.03756, 16.00000, 444194.00000, 156744.00000, 285152.75000, 11659664613.18750, 107979.92690, 0.91102, 0.95092, -0.49591, 0.54500, 0.50000
-3.15040, 1.49161, -3.48430, 4.92852, 2.69940, 2.35600, 9.00000, 478133.00000, 74622.00000, 296931.55556, 14058526695.80247, 118568.65815, 0.91102, 0.61936, -0.30829, 0.68893, 0.88889
-4.02561, 0.70086, -2.75567, 4.92853, 2.96922, 2.16413, 9.00000, 317803.00000, 74040.00000, 189221.00000, 6225175324.44444, 78899.78026, 0.90081, 0.66888, -0.13313, 0.46424, 0.11111
-3.75484, 1.40973, -2.85909, 4.92550, 2.78243, 2.19010, 9.00000, 332992.00000, 173224.00000, 239895.66667, 2546816436.22222, 50465.99287, 0.94766, 0.71466, -0.25296, 0.53830, 0.33333
-2.20355, 3.47499, -2.68919, 4.91558, 2.13592, 2.14966, 7.00000, 480843.00000, 162493.00000, 340326.00000, 17051327610.28572, 130580.73216, 1.08598, 1.52573, -2.37638, 1.85065, 0.57143
-2.68919, 2.20355, -3.47499, 4.91558, 2.45513, 2.35595, 6.00000, 347666.00000, 87167.00000, 221876.66667, 6903208641.55555, 83085.55014, 1.08598, 0.68510, -0.56481, 0.87972, 0.50000
-3.47499, 2.68919, -2.20355, 4.91558, 2.48299, 2.03563, 6.00000, 370820.00000, 137981.00000, 259240.66667, 6743233032.55555, 82117.19085, 1.08598, 1.15838, -0.90211, 0.74373, 0.16667
-2.83550, 2.83550, -2.83550, 4.91123, 2.35619, 2.18628, 1.00000, 287654.00000, 287654.00000, 287654.00000, 0.00000, 0.00000, 1.14286, 1.00000, -1.00000, 1.00000, 0.00000
-3.18882, 3.75791, 0.00000, 4.92853, 2.27446, 1.57080, 0.00000, 0.00000, 0.00000, 0.00000, 0.00000, 0.00000, 0.90081, -7.64229, 8.64229, 0.00000, 0.00000
-3.92241, 2.87963, -0.78273, 4.92852, 2.50831, 1.73029, 4.00000, 484798.00000, 149170.00000, 341088.75000, 17171209016.68750, 131038.95992, 0.91102, 2.07817, -1.48153, 0.40335, 0.25000
-3.92241, 2.87963, 0.78273, 4.92852, 2.50831, 1.41130, 0.00000, 0.00000, 0.00000, 0.00000, 0.00000, 0.00000, 0.91102, 10.75154, -7.66476, -2.08678, 0.00000
-3.73035, 3.21637, 0.00000, 4.92550, 2.43005, 1.57080, 3.00000, 282337.00000, 234312.00000, 264640.00000, 464171184.66667, 21544.63239, 0.94766, 9.06739, -8.06739, -0.00000, 0.00000
-4.37124, 1.70460, -1.50894, 4.92852, 2.76977, 1.88196, 5.00000, 433117.00000, 123054.00000, 253831.20000, 12822604820.16000, 113236.94106, 0.91102, 1.06961, -0.42255, 0.35294, 0.40000
-4.45876, 0.43315, -2.05481, 4.92853, 3.04475, 2.00085, 11.00000, 489094.00000, 69114.00000, 274485.45455, 14288570492.97521, 119534.80871, 0.90081, 0.75116, -0.08228, 0.33112, 0.09091
-4.85499, 0.43811, -0.72621, 4.92852, 3.05160, 1.71868, 6.00000, 408347.00000, 104283.00000, 245764.33333, 9043767768.22222, 95098.72643, 0.91102, 0.96230, -0.09634, 0.13403, 0.33333
-4.62611, 0.87126, -1.44936, 4.92550, 2.95544, 1.86947, 6.00000, 397344.00000, 222106.00000, 282847.66667, 3794584636.55556, 61600.19997, 0.94766, 0.87099, -0.15634, 0.28534, 0.16667
-4.37124, 1.70460, 1.50894, 4.92852, 2.76977, 1.25963, 2.00000, 368346.00000, 196678.00000, 282512.00000, 7367475556.00000, 85834.00000, 0.91102, 3.63662, -1.43665, -1.19997, 0.00000
-4.85499, 0.43811, 0.72621, 4.92852, 3.05160, 1.42291, 5.00000, 460029.00000, 102589.00000, 213601.00000, 17573582716.40000, 132565.39034, 0.91102, 1.31474, -0.13162, -0.18312, 0.20000
-4.45876, 0.43315, 2.05481, 4.92853, 3.04475, 1.14074, 8.00000, 333773.00000, 76966.00000, 210397.25000, 8208816292.93750, 90602.51814, 0.90081, 2.22389, -0.24359, -0.98030, 0.00000
-4.62611, 0.87126, 1.44936, 4.92550, 2.95544, 1.27212, 9.00000, 469058.00000, 64822.00000, 322734.77778, 17700980994.83951, 133045.03371, 0.94766, 2.02881, -0.36416, -0.66465, 0.00000
-4.35121, 2.14766, -0.78579, 4.91558, 2.68310, 1.73134, 2.00000, 193311.00000, 149815.00000, 171563.00000, 472975504.00000, 21748.00000, 1.08598, 1.45965, -0.71592, 0.25627, 0.00000
-4.83686, 0.87622, 0.00000, 4.91558, 2.96238, 1.57080, 6.00000, 446072.00000, 142172.00000, 315056.33333, 10828567312.88889, 104060.40223, 1.08598, 1.22879, -0.22879, -0.00000, 0.00000
-4.35121, 2.14766, 0.78579, 4.91558, 2.68310, 1.41025, 2.00000, 420928.00000, 404910.00000, 412919.00000, 64144081.00000, 8009.00000, 1.08598, 2.99442, -1.46868, -0.52573, 0.00000
-4.58794, 1.75244, 0.00000, 4.91123, 2.77673, 1.57080, 4.00000, 476753.00000, 123760.00000, 289053.75000, 26114129848.18750, 161598.66908, 1.14286, 1.61803, -0.61803, -0.00000, 0.00000
2.75567, 4.02561, 0.70086, 4.92853, 0.97053, 1.42811, 1.00000, 335097.00000, 335097.00000, 335097.00000, 0.00000, 0.00000, 0.90081, 0.36663, 0.52824, 0.10514, 1.00000
2.21782, 3.93313, 1.97536, 4.92852, 1.05736, 1.15840, 1.00000, 325173.00000, 325173.00000, 325173.00000, 0.00000, 0.00000, 0.91102, 0.27362, 0.47741, 0.24897, 1.00000
3.48430, 3.15040, 1.49161, 4.92852, 0.73511, 1.26333, 1.00000, 244288.00000, 244288.00000, 244288.00000, 0.00000, 0.00000, 0.91102, 0.42617, 0.38313, 0.19070, 1.00000
2.85909, 3.75484, 1.40973, 4.92550, 0.92001, 1.28053, 0.00000, 0.00000, 0.00000, 0.00000, 0.00000, 0.00000, 0.94766, 0.35746, 0.47456, 0.16798, 0.00000
1.49161, 3.48430, 3.15040, 4.92852, 1.16631, 0.87732, 1.00000, 484449.00000, 484449.00000, 484449.00000, 0.00000, 0.00000, 0.91102, 0.19070, 0.42617, 0.38313, 1.00000
0.70086, 2.75567, 4.02561, 4.92853, 1.32174, 0.61496, 0.00000, 0.00000, 0.00000, 0.00000, 0.00000, 0.00000, 0.90081, 0.10514, 0.36663, 0.52824, 0.00000
1.97536, 2.21782, 3.93313, 4.92852, 0.84316, 0.64677, 1.00000, 400702.00000, 400702.00000, 400702.00000, 0.00000, 0.00000, 0.91102, 0.24897, 0.27362, 0.47741, 1.00000
1.40973, 2.85909, 3.75484, 4.92550, 1.11271, 0.70390, 0.00000, 0.00000, 0.00000, 0.00000, 0.00000, 0.00000, 0.94766, 0.16798, 0.35746, 0.47456, 0.00000
3.93313, 1.97536, 2.21782, 4.92852, 0.46544, 1.10403, 3.00000, 471605.00000, 273785.00000, 344700.33333, 8089528123.55555, 89941.80409, 0.91102, 0.47741, 0.24897, 0.27362, 1.00000
3.15040, 1.49161, 3.48430, 4.92852, 0.44220, 0.78559, 1.00000, 364887.00000, 364887.00000, 364887.00000, 0.00000, 0.00000, 0.91102, 0.38313, 0.19070, 0.42617, 0.00000
4.02561, 0.70086, 2.75567, 4.92853, 0.17237, 0.97747, 1.00000, 191686.00000, 191686.00000, 191686.00000, 0.00000, 0.00000, 0.90081, 0.52824, 0.10514, 0.36663, 1.00000
3.75484, 1.40973, 2.85909, 4.92550, 0.35916, 0.95149, 1.00000, 391138.00000, 391138.00000, 391138.00000, 0.00000, 0.00000, 0.94766, 0.47456, 0.16798, 0.35746, 1.00000
2.20355, 3.47499, 2.68919, 4.91558, 1.00567, 0.99193, 1.00000, 151992.00000, 151992.00000, 151992.00000, 0.00000, 0.00000, 1.08598, 0.26522, 0.41309, 0.32170, 1.00000
2.68919, 2.20355, 3.47499, 4.91558, 0.68646, 0.78564, 0.00000, 0.00000, 0.00000, 0.00000, 0.00000, 0.00000, 1.08598, 0.32170, 0.26522, 0.41309, 0.00000
3.47499, 2.68919, 2.20355, 4.91558, 0.65860, 1.10596, 0.00000, 0.00000, 0.00000, 0.00000, 0.00000, 0.00000, 1.08598, 0.41309, 0.32170, 0.26522, 0.00000
2.83550, 2.83550, 2.83550, 4.91123, 0.78540, 0.95532, 1.00000, 457727.00000, 457727.00000, 457727.00000, 0.00000, 0.00000, 1.14286, 0.33333, 0.33333, 0.33333, 1.00000
-0.43315, 2.05481, 4.45876, 4.92853, 1.77855, 0.44016, 2.00000, 359871.00000, 356616.00000, 358243.50000, 2648756.25000, 1627.50000, 0.90081, -0.08228, 0.33112, 0.75116, 0.00000
-1.70460, 1.50894, 4.37124, 4.92852, 2.41700, 0.48015, 0.00000, 0.00000, 0.00000, 0.00000, 0.00000, 0.00000, 0.91102, -0.42255, 0.35294, 1.06961, 0.00000
-0.43811, 0.72621, 4.85499, 4.92852, 2.11363, 0.17295, 0.00000, 0.00000, 0.00000, 0.00000, 0.00000, 0.00000, 0.91102, -0.09634, 0.13403, 0.96230, 0.00000
-0.87126, 1.44936, 4.62611, 4.92550, 2.11205, 0.35046, 0.00000, 0.00000, 0.00000, 0.00000, 0.00000, 0.00000, 0.94766, -0.15634, 0.28534, 0.87099, 0.00000
-2.87963, 0.78273, 3.92241, 4.92852, 2.87619, 0.65037, 3.00000, 386438.00000, 169849.00000, 293230.33333, 8273690900.22222, 90959.83125, 0.91102, -1.48153, 0.40335, 2.07817, 0.00000
-3.75791, 0.00000, 3.18882, 4.92853, 3.14159, 0.86714, 2.00000, 113885.00000, 53891.00000, 83888.00000, 899820009.00000, 29997.00000, 0.90081, 8.64229, -0.00000, -7.64229, 0.00000
-2.87963, -0.78273, 3.92241, 4.92852, -2.87619, 0.65037, 5.00000, 269242.00000, 92030.00000, 163311.00000, 3414389208.80000, 58432.77512, 0.91102, -7.66476, -2.08678, 10.75154, 0.00000
-3.21637, 0.00000, 3.73035, 4.92550, 3.14159, 0.71154, 0.00000, 0.00000, 0.00000, 0.00000, 0.00000, 0.00000, 0.94766, -8.06739, 0.00000, 9.06739, 0.00000
-0.43811, -0.72621, 4.85499, 4.92852, -2.11363, 0.17295, 4.00000, 459112.00000, 179380.00000, 311358.00000, 10689307972.00000, 103389.10954, 0.91102, -0.13162, -0.18312, 1.31474, 0.00000
-1.70460, -1.50894, 4.37124, 4.92852, -2.41700, 0.48015, 7.00000, 463414.00000, 136597.00000, 300650.14286, 15279387278.69388, 123609.81870, 0.91102, -1.43665, -1.19997, 3.63662, 0.28571
-0.43315, -2.05481, 4.45876, 4.92853, -1.77855, 0.44016, 3.00000, 246252.00000, 87773.00000, 146442.00000, 5032223180.66667, 70938.16449, 0.90081, -0.24359, -0.98030, 2.22389, 0.00000
-0.87126, -1.44936, 4.62611, 4.92550, -2.11205, 0.35046, 5.00000, 381325.00000, 173194.00000, 278414.60000, 5531603962.64000, 74374.75353, 0.94766, -0.36416, -0.66465, 2.02881, 0.20000
-2.14766, 0.78579, 4.35121, 4.91558, 2.79084, 0.48390, 1.00000, 456496.00000, 456496.00000, 456496.00000, 0.00000, 0.00000, 1.08598, -0.71592, 0.25627, 1.45965, 0.00000
-2.14766, -0.78579, 4.35121, 4.91558, -2.79084, 0.48390, 3.00000, 211453.00000, 128723.00000, 162312.66667, 1261620433.55556, 35519.29664, 1.08598, -1.46868, -0.52573, 2.99442, 0.00000
-0.87622, 0.00000, 4.83686, 4.91558, 3.14159, 0.17921, 1.00000, 246478.00000, 246478.00000, 246478.00000, 0.00000, 0.00000, 1.08598, -0.22879, 0.00000, 1.22879, 0.00000
-1.75244, 0.00000, 4.58794, 4.91123, 3.14159, 0.36486, 3.00000, 447260.00000, 271699.00000, 338123.66667, 6049087354.88889, 77775.87900, 1.14286, -0.61803, 0.00000, 1.61803, 0.00000
-4.45876, -0.43315, 2.05481, 4.92853, -3.04475, 1.14074, 5.00000, 434502.00000, 57333.00000, 210324.40000, 21230585575.44000, 145707.19123, 0.90081, 1.49537, 0.16379, -0.65917, 0.00000
-4.85499, -0.43811, 0.72621, 4.92852, -3.05160, 1.42291, 17.00000, 497471.00000, 96131.00000, 303266.23529, 12445149573.00346, 111557.83062, 0.91102, 1.04077, 0.10419, -0.14496, 0.00000
-4.37124, -1.70460, 1.50894, 4.92852, -2.76977, 1.25963, 19.00000, 458974.00000, 82753.00000, 205995.36842, 14976333863.81163, 122377.83240, 0.91102, 0.93889, 0.37091, -0.30980, 0.00000
-4.62611, -0.87126, 1.44936, 4.92550, -2.95544, 1.27212, 10.00000, 488650.00000, 41717.00000, 203952.80000, 17475596521.16000, 132195.29690, 0.94766, 1.17386, 0.21070, -0.38457, 0.00000
-4.85499, -0.43811, -0.72621, 4.92852, -3.05160, 1.71868, 15.00000, 321548.00000, 106619.00000, 169541.66667, 4131384869.42222, 64275.84981, 0.91102, 0.80685, 0.08077, 0.11238, 0.06667
-4.45876, -0.43315, -2.05481, 4.92853, -3.04475, 2.00085, 17.00000, 470614.00000, 77736.00000, 204019.58824, 14030983987.06574, 118452.45454, 0.90081, 0.64502, 0.07065, 0.28433, 0.11765
-4.37124, -1.70460, -1.50894, 4.92852, -2.76977, 1.88196, 19.00000, 353350.00000, 30772.00000, 161655.52632, 8490133143.09141, 92141.91849, 0.91102, 0.57970, 0.22901, 0.19128, 0.00000
-4.62611, -0.87126, -1.44936, 4.92550, -2.95544, 1.86947, 11.00000, 369293.00000, 47777.00000, 187187.27273, 8229811869.65289, 90718.31055, 0.94766, 0.66353, 0.11910, 0.21738, 0.00000
-3.92241, -2.87963, 0.78273, 4.92852, -2.50831, 1.41130, 46.00000, 461147.00000, 33973.00000, 169675.17391, 12689282663.92628, 112646.71617, 0.91102, 0.65841, 0.46938, -0.12779, 0.04348
-3.92241, -2.87963, -0.78273, 4.92852, -2.50831, 1.73029, 49.00000, 391718.00000, 23668.00000, 135891.06122, 8455434596.30237, 91953.43711, 0.91102, 0.52439, 0.37383, 0.10178, 0.06122
-3.18882, -3.75791, 0.00000, 4.92853, -2.27446, 1.57080, 57.00000, 386754.00000, 13678.00000, 136137.94737, 10610850365.34811, 103008.98196, 0.90081, 0.46930, 0.53070, 0.00000, 0.05263
-3.73035, -3.21637, 0.00000, 4.92550, -2.43005, 1.57080, 43.00000, 498486.00000, 31080.00000, 215773.44186, 19730787973.78150, 140466.32327, 0.94766, 0.52918, 0.47082, -0.00000, 0.02326
-4.83686, -0.87622, 0.00000, 4.91558, -2.96238, 1.57080, 8.00000, 342607.00000, 76640.00000, 160238.62500, 5995457601.98438, 77430.34032, 1.08598, 0.84303, 0.15697, -0.00000, 0.00000
-4.35121, -2.14766, -0.78579, 4.91558, -2.68310, 1.73134, 19.00000, 478756.00000, 26790.00000, 169957.36842, 15191325907.07479, 123253.09695, 1.08598, 0.60022, 0.29439, 0.10538, 0.05263
-4.35121, -2.14766, 0.78579, 4.91558, -2.68310, 1.41025, 24.00000, 496592.00000, 26347.00000, 240823.20833, 26071476685.91493, 161466.64264, 1.08598, 0.76051, 0.37301, -0.13352, 0.08333
-4.58794, -1.75244, 0.00000, 4.91123, -2.77673, 1.57080, 28.00000, 265339.00000, 55489.00000, 151008.89286, 4423717546.09566, 66511.03327, 1.14286, 0.72361, 0.27639, -0.00000, 0.03571
-3.75791, 0.00000, -3.18882, 4.92853, 3.14159, 2.27446, 17.00000, 443897.00000, 80415.00000, 239147.35294, 11934891215.87543, 109246.92772, 0.90081, 0.53070, -0.00000, 0.46930, 0.23529
-2.87963, 0.78273, -3.92241, 4.92852, 2.87619, 2.49122, 16.00000, 394669.00000, 105525.00000, 240526.50000, 8818331709.12500, 93905.97270, 0.91102, 0.46938, -0.12779, 0.65841, 0.68750
-2.87963, -0.78273, -3.92241, 4.92852, -2.87619, 2.49122, 17.00000, 492015.00000, 56558.00000, 251354.05882, 19599958834.17301, 139999.85298, 0.91102, 0.37383, 0.10178, 0.52439, 0.47059
-3.21637, 0.00000, -3.73035, 4.92550, 3.14159, 2.43005, 11.00000, 430625.00000, 63885.00000, 230722.09091, 13109719589.17355, 114497.68377, 0.94766, 0.47082, 0.00000, 0.52918, 0.45455
-1.70460, 1.50894, -4.37124, 4.92852, 2.41700, 2.66145, 18.00000, 440874.00000, 79120.00000, 285646.94444, 14303180097.27469, 119595.90335, 0.91102, 0.37091, -0.30980, 0.93889, 0.66667
-0.43315, 2.05481, -4.45876, 4.92853, 1.77855, 2.70143, 16.00000, 478260.00000, 34761.00000, 202570.12500, 20935644704.35938, 144691.55022, 0.90081, 0.16379, -0.65917, 1.49537, 0.87500
-0.43811, 0.72621, -4.85499, 4.92852, 2.11363, 2.96865, 50.00000, 499525.00000, 18061.00000, 176229.14000, 14397511950.28040, 119989.63268, 0.91102, 0.10419, -0.14496, 1.04077, 0.88000
-0.87126, 1.44936, -4.62611, 4.92550, 2.11205, 2.79113, 19.00000, 411223.00000, 46976.00000, 162140.36842, 11205304167.70637, 105855.10931, 0.94766, 0.21070, -0.38457, 1.17386, 0.94737
-1.70460, -1.50894, -4.37124, 4.92852, -2.41700, 2.66145, 24.00000, 481779.00000, 41354.00000, 207631.75000, 11901624238.68750, 109094.56558, 0.91102, 0.22901, 0.19128, 0.57970, 0.50000
-0.43811, -0.72621, -4.85499, 4.92852, -2.11363, 2.96865, 41.00000, 483845.00000, 22003.00000, 180397.73171, 13408755426.58656, 115796.18054, 0.91102, 0.08077, 0.11238, 0.80685, 0.70732
-0.43315, -2.05481, -4.45876, 4.92853, -1.77855, 2.70143, 46.00000, 490320.00000, 31004.00000, 191271.56522, 16642190081.20227, 129004.61264, 0.90081, 0.07065, 0.28433, 0.64502, 0.73913
-0.87126, -1.44936, -4.62611, 4.92550, -2.11205, 2.79113, 40.00000, 427988.00000, 25269.00000, 171759.75000, 11675351401.18750, 108052.54000, 0.94766, 0.11910, 0.21738, 0.66353, 0.72500
-2.14766, 0.78579, -4.35121, 4.91558, 2.79084, 2.65769, 17.00000, 493457.00000, 101492.00000, 233098.23529, 18619611173.70934, 136453.69608, 1.08598, 0.37301, -0.13352, 0.76051, 0.88235
-0.87622, 0.00000, -4.83686, 4.91558, 3.14159, 2.96238, 26.00000, 487494.00000, 33524.00000, 211507.88462, 19404624151.79438, 139300.48152, 1.08598, 0.15697, 0.00000, 0.84303, 0.80769
-2.14766, -0.78579, -4.35121, 4.91558, -2.79084, 2.65769, 20.00000, 441609.00000, 60591.00000, 190813.35000, 11484575110.12750, 107166.10990, 1.08598, 0.29439, 0.10538, 0.60022, 0.55000
-1.75244, 0.00000, -4.58794, 4.91123, 3.14159, 2.77673, 31.00000, 475254.00000, 41616.00000, 200539.32258, 12120266386.47659, 110092.08140, 1.14286, 0.27639, 0.00000, 0.72361, 0.58065
0.70086, 2.75567, -4.02561, 4.92853, 1.32174, 2.52663, 25.00000, 494066.00000, 31653.00000, 213719.60000, 17327341515.92000, 131633.36019, 0.90081, -1.86160, -6.49176, 9.35336, 0.96000
1.49161, 3.48430, -3.15040, 4.92852, 1.16631, 2.26428, 12.00000, 462015.00000, 39174.00000, 207562.00000, 17254517923.50000, 131356.45368, 0.91102, 0.81587, 1.82322, -1.63909, 0.83333
1.97536, 2.21782, -3.93313, 4.92852, 0.84316, 2.49482, 40.00000, 440904.00000, 13906.00000, 139507.65000, 11056190724.07750, 105148.42236, 0.91102, 5.51065, 6.05607, -10.56672, 1.00000
1.40973, 2.85909, -3.75484, 4.92550, 1.11271, 2.43770, 16.00000, 450037.00000, 25111.00000, 158655.37500, 13601775944.23438, 116626.65195, 0.94766, 3.30198, 7.02665, -9.32863, 1.00000
2.21782, 3.93313, -1.97536, 4.92852, 1.05736, 1.98319, 7.00000, 446411.00000, 75187.00000, 290159.71429, 17920820360.77551, 133868.66833, 0.91102, 0.54500, 0.95092, -0.49591, 1.00000
2.75567, 4.02561, -0.70086, 4.92853, 0.97053, 1.71348, 5.00000, 427699.00000, 89555.00000, 277123.40000, 15542206937.84000, 124668.38788, 0.90081, 0.46424, 0.66888, -0.13313, 1.00000
3.48430, 3.15040, -1.49161, 4.92852, 0.73511, 1.87827, 10.00000, 497563.00000, 110758.00000, 255886.00000, 17286945985.60000, 131479.83110, 0.91102, 0.68893, 0.61936, -0.30829, 0.90000
2.85909, 3.75484, -1.40973, 4.92550, 0.92001, 1.86107, 10.00000, 475944.00000, 168679.00000, 321243.50000, 9721087367.65000, 98595.57479, 0.94766, 0.53830, 0.71466, -0.25296, 1.00000
3.15040, 1.49161, -3.48430, 4.92852, 0.44220, 2.35600, 39.00000, 481259.00000, 24787.00000, 161390.15385, 16093098670.69428, 126858.57744, 0.91102, 2.59457, 1.29147, -2.88604, 1.00000
3.93313, 1.97536, -2.21782, 4.92852, 0.46544, 2.03756, 20.00000, 451750.00000, 22576.00000, 166546.55000, 16490631323.04750, 128415.85308, 0.91102, 1.05443, 0.54989, -0.60432, 1.00000
4.02561, 0.70086, -2.75567, 4.92853, 0.17237, 2.16413, 38.00000, 420918.00000, 29290.00000, 149571.68421, 9142425120.21607, 95616.02962, 0.90081, 1.98030, 0.39414, -1.37444, 0.97368
3.75484, 1.40973, -2.85909, 4.92550, 0.35916, 2.19010, 26.00000, 466211.00000, 33348.00000, 153900.50000, 16241315507.78846, 127441.41991, 0.94766, 1.66465, 0.58922, -1.25387, 1.00000
2.20355, 3.47499, -2.68919, 4.91558, 1.00567, 2.14966, 13.00000, 453527.00000, 46013.00000, 205984.38462, 17333652414.85207, 131657.32951, 1.08598, 0.74373, 1.15838, -0.90211, 0.92308
3.47499, 2.68919, -2.20355, 4.91558, 0.65860, 2.03563, 14.00000, 354137.00000, 34565.00000, 187191.07143, 7346517872.63776, 85711.83041, 1.08598, 0.87972, 0.68510, -0.56481, 1.00000
2.68919, 2.20355, -3.47499, 4.91558, 0.68646, 2.35595, 26.00000, 442999.00000, 42048.00000, 199664.46154, 13496949285.55621, 116176.37146, 1.08598, 1.85065, 1.52573, -2.37638, 1.00000
2.83550, 2.83550, -2.83550, 4.91123, 0.78540, 2.18628, 25.00000, 341598.00000, 33592.00000, 159502.00000, 6937444577.04000, 83291.32354, 1.14286, 1.00000, 1.00000, -1.00000, 1.00000
2.75567, -4.02561, 0.70086, 4.92853, -0.97053, 1.42811, 10.00000, 312171.00000, 76292.00000, 202850.60000, 4657353854.84000, 68244.80826, 0.90081, -6.49176, 9.35336, -1.86160, 0.30000
3.48430, -3.15040, 1.49161, 4.92852, -0.73511, 1.26333, 7.00000, 459312.00000, 126159.00000, 239394.85714, 17770931963.83673, 133307.65906, 0.91102, 1.82322, -1.63909, 0.81587, 0.57143
2.21782, -3.93313, 1.97536, 4.92852, -1.05736, 1.15840, 13.00000, 313982.00000, 111237.00000, 216918.30769, 3887246747.44379, 62347.78863, 0.91102, 6.05607, -10.56672, 5.51065, 0.53846
2.85909, -3.75484, 1.40973, 4.92550, -0.92001, 1.28053, 7.00000, 470787.00000, 92484.00000, 293922.00000, 18903615399.42857, 137490.41930, 0.94766, 7.02665, -9.32863, 3.30198, 0.28571
3.93313, -1.97536, 2.21782, 4.92852, -0.46544, 1.10403, 4.00000, 444181.00000, 130772.00000, 302462.50000, 14969734759.25000, 122350.86742, 0.91102, 0.95092, -0.49591, 0.54500, 1.00000
4.02561, -0.70086, 2.75567, 4.92853, -0.17237, 0.97747, 2.00000, 278032.00000, 221288.00000, 249660.00000, 804970384.00000, 28372.00000, 0.90081, 0.66888, -0.13313, 0.46424, 0.00000
3.15040, -1.49161, 3.48430, 4.92852, -0.44220, 0.78559, 0.00000, 0.00000, 0.00000, 0.00000, 0.00000, 0.00000, 0.91102, 0.61936, -0.30829, 0.68893, 0.00000
3.75484, -1.40973, 2.85909, 4.92550, -0.35916, 0.95149, 2.00000, 384169.00000, 267781.00000, 325975.00000, 3386541636.00000, 58194.00000, 0.94766, 0.71466, -0.25296, 0.53830, 0.50000
1.49161, -3.48430, 3.15040, 4.92852, -1.16631, 0.87732, 9.00000, 443587.00000, 68013.00000, 242414.11111, 16523445412.98765, 128543.55454, 0.91102, 1.29147, -2.88604, 2.59457, 0.11111
1.97536, -2.21782, 3.93313, 4.92852, -0.84316, 0.64677, 3.00000, 486679.00000, 165180.00000, 340655.66667, 17660654469.55555, 132893.39513, 0.91102, 0.54989, -0.60432, 1.05443, 0.00000
0.70086, -2.75567, 4.02561, 4.92853, -1.32174, 0.61496, 3.00000, 428212.00000, 150417.00000, 330627.00000, 16275122316.66667, 127573.98762, 0.90081, 0.39414, -1.37444, 1.98030, 0.00000
1.40973, -2.85909, 3.75484, 4.92550, -1.11271, 0.70390, 5.00000, 421569.00000, 237574.00000, 348357.00000, 4763447706.80000, 69017.73473, 0.94766, 0.58922, -1.25387, 1.66465, 0.40000
3.47499, -2.68919, 2.20355, 4.91558, -0.65860, 1.10596, 8.00000, 476998.00000, 249739.00000, 363784.75000, 7355148879.43750, 85762.16461, 1.08598, 1.15838, -0.90211, 0.74373, 0.12500
2.68919, -2.20355, 3.47499, 4.91558, -0.68646, 0.78564, 2.00000, 400470.00000, 321675.00000, 361072.50000, 1552163006.25000, 39397.50000, 1.08598, 0.68510, -0.56481, 0.87972, 0.50000
2.20355, -3.47499, 2.68919, 4.91558, -1.00567, 0.99193, 7.00000, 422768.00000, 96900.00000, 276919.57143, 12169476034.81633, 110315.34814, 1.08598, 1.52573, -2.37638, 1.85065, 0.57143
2.83550, -2.83550, 2.83550, 4.91123, -0.78540, 0.95532, 11.00000, 367591.00000, 103476.00000, 263312.81818, 5216185767.42149, 72223.16642, 1.14286, 1.00000, -1.00000, 1.00000, 0.63636
2.05481, -4.45876, 0.43315, 4.92853, -1.13896, 1.48280, 16.00000, 372059.00000, 38463.00000, 210110.43750, 9174108954.99609, 95781.56897, 0.90081, -0.98030, 2.22389, -0.24359, 0.00000
1.50894, -4.37124, 1.70460, 4.92852, -1.23841, 1.21764, 10.00000, 458493.00000, 93836.00000, 267766.00000, 18818680566.40000, 137181.19611, 0.91102, -1.19997, 3.63662, -1.43665, 0.10000
0.72621, -4.85499, 0.43811, 4.92852, -1.42232, 1.48179, 35.00000, 471680.00000, 41965.00000, 172800.28571, 12270990404.20408, 110774.50250, 0.91102, -0.18312, 1.31474, -0.13162, 0.11429
1.44936, -4.62611, 0.87126, 4.92550, -1.26718, 1.39297, 12.00000, 426977.00000, 66770.00000, 201698.91667, 10422365732.57639, 102089.98841, 0.94766, -0.66465, 2.02881, -0.36416, 0.00000
0.78273, -3.92241, 2.87963, 4.92852, -1.37383, 0.94680, 15.00000, 498868.00000, 123974.00000, 302726.93333, 11992194928.32889, 109508.88059, 0.91102, -2.08678, 10.75154, -7.66476, 0.06667
0.00000, -3.18882, 3.75791, 4.92853, -1.57080, 0.70366, 5.00000, 453622.00000, 85467.00000, 222897.60000, 19916075390.64000, 141124.32601, 0.90081, 0.00000, -7.64229, 8.64229, 0.00000
-0.78273, -3.92241, 2.87963, 4.92852, -1.76776, 0.94680, 17.00000, 489513.00000, 60776.00000, 224160.35294, 16759129002.46367, 129457.05466, 0.91102, 0.40335, 2.07817, -1.48153, 0.05882
0.00000, -3.73035, 3.21637, 4.92550, -1.57080, 0.85925, 9.00000, 292358.00000, 142429.00000, 199953.22222, 2585393386.39506, 50846.76378, 0.94766, -0.00000, 9.06739, -8.06739, 0.11111
-0.72621, -4.85499, 0.43811, 4.92852, -1.71928, 1.48179, 52.00000, 495367.00000, 22357.00000, 146891.32692, 16978876614.22004, 130303.01844, 0.91102, 0.13403, 0.96230, -0.09634, 0.03846
-1.50894, -4.37124, 1.70460, 4.92852, -1.90319, 1.21764, 39.00000, 434641.00000, 23393.00000, 170020.58974, 13829531852.49836, 117599.02998, 0.91102, 0.35294, 1.06961, -0.42255, 0.15385
-2.05481, -4.45876, 0.43315, 4.92853, -2.00263, 1.48280, 69.00000, 493106.00000, 18301.00000, 139086.62319, 14080255210.26381, 118660.25118, 0.90081, 0.33112, 0.75116, -0.08228, 0.08696
-1.44936, -4.62611, 0.87126, 4.92550, -1.87441, 1.39297, 40.00000, 340410.00000, 19483.00000, 117038.77500, 5841141332.72437, 76427.35984, 0.94766, 0.28534, 0.87099, -0.15634, 0.05000
0.78579, -4.35121, 2.14766, 4.91558, -1.39213, 1.11864, 14.00000, 499247.00000, 89300.00000, 297387.85714, 15744307398.40816, 125476.32206, 1.08598, -0.52573, 2.99442, -1.46868, 0.07143
-0.78579, -4.35121, 2.14766, 4.91558, -1.74946, 1.11864, 15.00000, 403916.00000, 46141.00000, 190460.66667, 10330811401.95555, 101640.59918, 1.08598, 0.25627, 1.45965, -0.71592, 0.06667
0.00000, -4.83686, 0.87622, 4.91558, -1.57080, 1.39159, 21.00000, 375788.00000, 43794.00000, 150158.61905, 8447368864.14059, 91909.56895, 1.08598, -0.00000, 1.22879, -0.22879, 0.09524
0.00000, -4.58794, 1.75244, 4.91123, -1.57080, 1.20593, 22.00000, 498201.00000, 36203.00000, 213715.18182, 15958347743.42149, 126326.35411, 1.14286, -0.00000, 1.61803, -0.61803, 0.09091
2.05481, -4.45876, -0.43315, 4.92853, -1.13896, 1.65880, 19.00000, 412406.00000, 59534.00000, 199497.00000, 11548741338.21053, 107465.07032, 0.90081, -0.65917, 1.49537, 0.16379, 0.47368
0.72621, -4.85499, -0.43811, 4.92852, -1.42232, 1.65981, 51.00000, 453430.00000, 32480.00000, 191862.92157, 15824150801.32718, 125794.08095, 0.91102, -0.14496, 1.04077, 0.10419, 0.25490
1.50894, -4.37124, -1.70460, 4.92852, -1.23841, 1.92396, 39.00000, 498730.00000, 24190.00000, 206862.05128, 15890571010.71532, 126057.80821, 0.91102, -0.30980, 0.93889, 0.37091, 0.71795
1.44936, -4.62611, -0.87126, 4.92550, -1.26718, 1.74862, 25.00000, 414616.00000, 30774.00000, 196210.76000, 13929045619.70240, 118021.37781, 0.94766, -0.38457, 1.17386, 0.21070, 0.36000
-0.72621, -4.85499, -0.43811, 4.92852, -1.71928, 1.65981, 70.00000, 468176.00000, 18561.00000, 149000.64286, 13185242419.45816, 114827.01084, 0.91102, 0.11238, 0.80685, 0.08077, 0.05714
-2.05481, -4.45876, -0.43315, 4.92853, -2.00263, 1.65880, 64.00000, 438450.00000, 16280.00000, 136695.07812, 12871563448.41577, 113452.91291, 0.90081, 0.28433, 0.64502, 0.07065, 0.03125
-1.50894, -4.37124, -1.70460, 4.92852, -1.90319, 1.92396, 81.00000, 491288.00000, 23097.00000, 155222.49383, 15444397556.37342, 124275.49057, 0.91102, 0.19128, 0.57970, 0.22901, 0.06173
-1.44936, -4.62611, -0.87126, 4.92550, -1.87441, 1.74862, 57.00000, 468758.00000, 12319.00000, 154218.61404, 15809306749.39489, 125735.06571, 0.94766, 0.21738, 0.66353, 0.11910, 0.05263
0.78273, -3.92241, -2.87963, 4.92852, -1.37383, 2.19479, 68.00000, 477998.00000, 29646.00000, 191029.70588, 12810310667.06055, 113182.64296, 0.91102, -0.12779, 0.65841, 0.46938, 0.52941
-0.78273, -3.92241, -2.87963, 4.92852, -1.76776, 2.19479, 63.00000, 433262.00000, 23473.00000, 156598.80952, 8914255573.80499, 94415.33548, 0.91102, 0.10178, 0.52439, 0.37383, 0.25397
0.00000, -3.18882, -3.75791, 4.92853, -1.57080, 2.43793, 43.00000, 498046.00000, 29927.00000, 182158.97674, 16174955222.39481, 127180.79738, 0.90081, 0.00000, 0.46930, 0.53070, 0.53488
0.00000, -3.73035, -3.21637, 4.92550, -1.57080, 2.28234, 43.00000, 477642.00000, 41144.00000, 169147.58140, 13521037526.15035, 116279.99624, 0.94766, -0.00000, 0.52918, 0.47082, 0.58140
0.00000, -4.83686, -0.87622, 4.91558, -1.57080, 1.75001, 35.00000, 413994.00000, 28830.00000, 159792.51429, 10592699954.93551, 102920.84315, 1.08598, -0.00000, 0.84303, 0.15697, 0.11429
-0.78579, -4.35121, -2.14766, 4.91558, -1.74946, 2.02296, 47.00000, 458601.00000, 23188.00000, 175756.10638, 17937353491.41422, 133930.40540, 1.08598, 0.10538, 0.60022, 0.29439, 0.19149
0.78579, -4.35121, -2.14766, 4.91558, -1.39213, 2.02296, 37.00000, 453503.00000, 35823.00000, 200475.91892, 16767014430.39883, 129487.50685, 1.08598, -0.13352, 0.76051, 0.37301, 0.37838
0.00000, -4.58794, -1.75244, 4.91123, -1.57080, 1.93566, 64.00000, 476320.00000, 26643.00000, 151398.01562, 11059528096.14038, 105164.29097, 1.14286, -0.00000, 0.72361, 0.27639, 0.21875
2.75567, -4.02561, -0.70086, 4.92853, -0.97053, 1.71348, 22.00000, 436947.00000, 75924.00000, 218975.59091, 12091035409.69628, 109959.24431, 0.90081, -1.37444, 1.98030, 0.39414, 0.45455
2.21782, -3.93313, -1.97536, 4.92852, -1.05736, 1.98319, 38.00000, 484371.00000, 34721.00000, 205621.68421, 19785620503.53186, 140661.36820, 0.91102, -0.60432, 1.05443, 0.54989, 0.60526
3.48430, -3.15040, -1.49161, 4.92852, -0.73511, 1.87827, 37.00000, 493199.00000, 27781.00000, 172774.35135, 14343971317.84953, 119766.31963, 0.91102, -2.88604, 2.59457, 1.29147, 0.86486
2.85909, -3.75484, -1.40973, 4.92550, -0.92001, 1.86107, 25.00000, 366886.00000, 70648.00000, 186222.44000, 8085140265.92640, 89917.40802, 0.94766, -1.25387, 1.66465, 0.58922, 0.76000
1.49161, -3.48430, -3.15040, 4.92852, -1.16631, 2.26428, 74.00000, 494339.00000, 26069.00000, 173011.98649, 15099588136.74306, 122880.38142, 0.91102, -0.30829, 0.68893, 0.61936, 0.70270
0.70086, -2.75567, -4.02561, 4.92853, -1.32174, 2.52663, 54.00000, 498662.00000, 22473.00000, 162513.48148, 17953879531.43484, 133992.08757, 0.90081, -0.13313, 0.46424, 0.66888, 0.79630
1.97536, -2.21782, -3.93313, 4.92852, -0.84316, 2.49482, 104.00000, 468008.00000, 12808.00000, 112291.18269, 11398972243.18778, 106765.96950, 0.91102, -0.49591, 0.54500, 0.95092, 0.93269
1.40973, -2.85909, -3.75484, 4.92550, -1.11271, 2.43770, 55.00000, 421041.00000, 22431.00000, 148770.72727, 11881109768.45289, 109000.50352, 0.94766, -0.25296, 0.53830, 0.71466, 0.78182
3.93313, -1.97536, -2.21782, 4.92852, -0.46544, 2.03756, 56.00000, 494886.00000, 15011.00000, 150324.30357, 15434556089.28285, 124235.88889, 0.91102, -10.56672, 5.51065, 6.05607, 0.89286
3.15040, -1.49161, -3.48430, 4.92852, -0.44220, 2.35600, 109.00000, 408801.00000, 12714.00000, 99560.55046, 7439351006.54103, 86251.67249, 0.91102, -1.63909, 0.81587, 1.82322, 0.99083
4.02561, -0.70086, -2.75567, 4.92853, -0.17237, 2.16413, 62.00000, 478505.00000, 23136.00000, 124202.16129, 10505206720.07076, 102494.91070, 0.90081, 9.35336, -1.86160, -6.49176, 0.96774
3.75484, -1.40973, -2.85909, 4.92550, -0.35916, 2.19010, 55.00000, 483823.00000, 17205.00000, 132072.50909, 12881802768.46810, 113498.02980, 0.94766, -9.32863, 3.30198, 7.02665, 0.94545
2.20355, -3.47499, -2.68919, 4.91558, -1.00567, 2.14966, 30.00000, 400823.00000, 24900.00000, 173406.53333, 14274044850.91556, 119474.03421, 1.08598, -0.56481, 0.87972, 0.68510, 0.83333
2.68919, -2.20355, -3.47499, 4.91558, -0.68646, 2.35595, 73.00000, 497831.00000, 10403.00000, 146320.32877, 16754641073.34397, 129439.71984, 1.08598, -0.90211, 0.74373, 1.15838, 0.93151
3.47499, -2.68919, -2.20355, 4.91558, -0.65860, 2.03563, 39.00000, 442203.00000, 14476.00000, 133129.89744, 12848886311.11769, 113352.92811, 1.08598, -2.37638, 1.85065, 1.52573, 0.97436
2.83550, -2.83550, -2.83550, 4.91123, -0.78540, 2.18628, 58.00000, 490810.00000, 15390.00000, 142917.62069, 14504730852.95957, 120435.58798, 1.14286, -1.00000, 1.00000, 1.00000, 0.89655
3.18882, -3.75791, 0.00000, 4.92853, -0.86714, 1.57080, 8.00000, 464320.00000, 44550.00000, 187536.00000, 21697299369.00000, 147300.03180, 0.90081, -7.64229, 8.64229, -0.00000, 0.87500
3.92241, -2.87963, -0.78273, 4.92852, -0.63328, 1.73029, 26.00000, 399675.00000, 50207.00000, 211378.76923, 12297054579.40828, 110892.08529, 0.91102, 10.75154, -7.66476, -2.08678, 0.80769
3.92241, -2.87963, 0.78273, 4.92852, -0.63328, 1.41130, 13.00000, 397056.00000, 89945.00000, 234593.46154, 13020066970.55621, 114105.50806, 0.91102, 2.07817, -1.48153, 0.40335, 0.69231
3.73035, -3.21637, 0.00000, 4.92550, -0.71154, 1.57080, 11.00000, 453038.00000, 79499.00000, 242995.18182, 9549439779.78512, 97721.23505, 0.94766, 9.06739, -8.06739, 0.00000, 0.81818
4.37124, -1.70460, -1.50894, 4.92852, -0.37182, 1.88196, 37.00000, 458778.00000, 28724.00000, 158452.70270, 14138598785.39810, 118905.84000, 0.91102, 3.63662, -1.43665, -1.19997, 0.97297
4.45876, -0.43315, -2.05481, 4.92853, -0.09684, 2.00085, 34.00000, 496225.00000, 20026.00000, 141694.00000, 13839476473.82353, 117641.30428, 0.90081, 2.22389, -0.24359, -0.98030, 1.00000
4.85499, -0.43811, -0.72621, 4.92852, -0.09000, 1.71868, 23.00000, 481685.00000, 54241.00000, 200670.17391, 13922890233.36106, 117995.29751, 0.91102, 1.31474, -0.13162, -0.18312, 1.00000
4.62611, -0.87126, -1.44936, 4.92550, -0.18616, 1.86947, 25.00000, 485735.00000, 41039.00000, 188826.80000, 14933503282.88000, 122202.71389, 0.94766, 2.02881, -0.36416, -0.66465, 1.00000
4.37124, -1.70460, 1.50894, 4.92852, -0.37182, 1.25963, 10.00000, 347864.00000, 130068.00000, 214387.80000, 5123949521.16000, 71581.76808, 0.91102, 1.06961, -0.42255, 0.35294, 1.00000
4.85499, -0.43811, 0.72621, 4.92852, -0.09000, 1.42291, 8.00000, 434001.00000, 102541.00000, 246938.75000, 14353642541.43750, 119806.68822, 0.91102, 0.96230, -0.09634, 0.13403, 0.87500
4.45876, -0.43315, 2.05481, 4.92853, -0.09684, 1.14074, 2.00000, 396991.00000, 155168.00000, 276079.50000, 14619590832.25000, 120911.50000, 0.90081, 0.75116, -0.08228, 0.33112, 1.00000
4.62611, -0.87126, 1.44936, 4.92550, -0.18616, 1.27212, 8.00000, 485232.00000, 234477.00000, 351028.37500, 6247524101.73438, 79041.28100, 0.94766, 0.87099, -0.15634, 0.28534, 0.87500
4.35121, -2.14766, -0.78579, 4.91558, -0.45850, 1.73134, 13.00000, 317282.00000, 63754.00000, 161906.46154, 4149467093.47929, 64416.35734, 1.08598, 2.99442, -1.46868, -0.52573, 0.84615
4.83686, -0.87622, 0.00000, 4.91558, -0.17921, 1.57080, 11.00000, 492267.00000, 88856.00000, 268890.72727, 14771349981.83471, 121537.44272, 1.08598, 1.22879, -0.22879, 0.00000, 1.00000
4.35121, -2.14766, 0.78579, 4.91558, -0.45850, 1.41025, 3.00000, 267804.00000, 175421.00000, 212105.00000, 1603221560.66667, 40040.24926, 1.08598, 1.45965, -0.71592, 0.25627, 1.00000
4.58794, -1.75244, 0.00000, 4.91123, -0.36486, 1.57080, 7.00000, 375735.00000, 102507.00000, 231814.28571, 7181299951.91837, 84742.55101, 1.14286, 1.61803, -0.61803, 0.00000, 0.85714
0.43315, -2.05481, 4.45876, 4.92853, -1.36304, 0.44016, 1.00000, 355329.00000, 355329.00000, 355329.00000, 0.00000, 0.00000, 0.90081, 0.16379, -0.65917, 1.49537, 1.00000
1.70460, -1.50894, 4.37124, 4.92852, -0.72459, 0.48015, 4.00000, 466973.00000, 334537.00000, 403736.50000, 3762644184.75000, 61340.39603, 0.91102, 0.37091, -0.30980, 0.93889, 0.00000
0.43811, -0.72621, 4.85499, 4.92852, -1.02797, 0.17295, 5.00000, 439298.00000, 218733.00000, 311472.40000, 5629526337.44000, 75030.16951, 0.91102, 0.10419, -0.14496, 1.04077, 0.00000
0.87126, -1.44936, 4.62611, 4.92550, -1.02954, 0.35046, 3.00000, 487716.00000, 355789.00000, 424625.66667, 2917299061.55556, 54012.02701, 0.94766, 0.21070, -0.38457, 1.17386, 0.00000
2.87963, -0.78273, 3.92241, 4.92852, -0.26540, 0.65037, 4.00000, 485947.00000, 208290.00000, 337111.00000, 9839651232.50000, 99195.01617, 0.91102, 0.46938, -0.12779, 0.65841, 1.00000
3.75791, 0.00000, 3.18882, 4.92853, 0.00000, 0.86714, 2.00000, 395522.00000, 280487.00000, 338004.50000, 3308262806.25000, 57517.50000, 0.90081, 0.53070, -0.00000, 0.46930, 0.50000
2.87963, 0.78273, 3.92241, 4.92852, 0.26540, 0.65037, 2.00000, 410262.00000, 349361.00000, 379811.50000, 927232950.25000, 30450.50000, 0.91102, 0.37383, 0.10178, 0.52439, 0.50000
3.21637, 0.00000, 3.73035, 4.92550, 0.00000, 0.71154, 1.00000, 495729.00000, 495729.00000, 495729.00000, 0.00000, 0.00000, 0.94766, 0.47082, -0.00000, 0.52918, 0.00000
0.43811, 0.72621, 4.85499, 4.92852, 1.02797, 0.17295, 2.00000, 391097.00000, 333746.00000, 362421.50000, 822284300.25000, 28675.50000, 0.91102, 0.08077, 0.11238, 0.80685, 0.00000
1.70460, 1.50894, 4.37124, 4.92852, 0.72459, 0.48015, 0.00000, 0.00000, 0.00000, 0.00000, 0.00000, 0.00000, 0.91102, 0.22901, 0.19128, 0.57970, 0.00000
0.43315, 2.05481, 4.45876, 4.92853, 1.36304, 0.44016, 0.00000, 0.00000, 0.00000, 0.00000, 0.00000, 0.00000, 0.90081, 0.07065, 0.28433, 0.64502, 0.00000
0.87126, 1.44936, 4.62611, 4.92550, 1.02954, 0.35046, 0.00000, 0.00000, 0.00000, 0.00000, 0.00000, 0.00000, 0.94766, 0.11910, 0.21738, 0.66353, 0.00000
2.14766, -0.78579, 4.35121, 4.91558, -0.35075, 0.48390, 2.00000, 354374.00000, 313291.00000, 333832.50000, 421953222.25000, 20541.50000, 1.08598, 0.37301, -0.13352, 0.76051, 0.50000
2.14766, 0.78579, 4.35121, 4.91558, 0.35075, 0.48390, 1.00000, 459316.00000, 459316.00000, 459316.00000, 0.00000, 0.00000, 1.08598, 0.29439, 0.10538, 0.60022, 1.00000
0.87622, 0.00000, 4.83686, 4.91558, 0.00000, 0.17921, 1.00000, 318046.00000, 318046.00000, 318046.00000, 0.00000, 0.00000, 1.08598, 0.15697, -0.00000, 0.84303, 0.00000
1.75244, 0.00000, 4.58794, 4.91123, 0.00000, 0.36486, 2.00000, 388104.00000, 223931.00000, 306017.50000, 6738193482.25000, 82086.50000, 1.14286, 0.27639, 0.00000, 0.72361, 0.50000
-2.75567, -4.02561, 0.70086, 4.92853, -2.17107, 1.42811, 49.00000, 445900.00000, 35892.00000, 155920.67347, 14034683289.19950, 118468.06865, 0.90081, 0.46424, 0.66888, -0.13313, 0.04082
-2.21782, -3.93313, 1.97536, 4.92852, -2.08423, 1.15840, 29.00000, 443305.00000, 41456.00000, 173517.68966, 14532117462.48989, 120549.23253, 0.91102, 0.54500, 0.95092, -0.49591, 0.03448
-3.48430, -3.15040, 1.49161, 4.92852, -2.40648, 1.26333, 35.00000, 487883.00000, 27021.00000, 174974.02857, 16407792900.31347, 128092.90730, 0.91102, 0.68893, 0.61936, -0.30829, 0.00000
-2.85909, -3.75484, 1.40973, 4.92550, -2.22158, 1.28053, 32.00000, 338762.00000, 24081.00000, 142549.65625, 6867366568.28809, 82869.57565, 0.94766, 0.53830, 0.71466, -0.25296, 0.03125
-1.49161, -3.48430, 3.15040, 4.92852, -1.97528, 0.87732, 10.00000, 381706.00000, 45025.00000, 184351.40000, 11828682602.24000, 108759.74716, 0.91102, 0.81587, 1.82322, -1.63909, 0.00000
-0.70086, -2.75567, 4.02561, 4.92853, -1.81985, 0.61496, 8.00000, 489630.00000, 154372.00000, 292587.25000, 10737895676.18750, 103623.81809, 0.90081, -1.86160, -6.49176, 9.35336, 0.00000
-1.97536, -2.21782, 3.93313, 4.92852, -2.29844, 0.64677, 11.00000, 469947.00000, 43481.00000, 300638.36364, 16222074358.77686, 127365.90736, 0.91102, 5.51065, 6.05607, -10.56672, 0.00000
-1.40973, -2.85909, 3.75484, 4.92550, -2.02888, 0.70390, 9.00000, 383107.00000, 85439.00000, 228398.44444, 6895569385.35802, 83039.56518, 0.94766, 3.30198, 7.02665, -9.32863, 0.00000
-3.93313, -1.97536, 2.21782, 4.92852, -2.67616, 1.10403, 18.00000, 494025.00000, 48732.00000, 217153.11111, 17941294682.65432, 133945.11817, 0.91102, 1.05443, 0.54989, -0.60432, 0.00000
-3.15040, -1.49161, 3.48430, 4.92852, -2.69940, 0.78559, 5.00000, 379567.00000, 98709.00000, 259946.80000, 8520168680.16000, 92304.75979, 0.91102, 2.59457, 1.29147, -2.88604, 0.00000
-4.02561, -0.70086, 2.75567, 4.92853, -2.96922, 0.97747, 8.00000, 488013.00000, 189736.00000, 318767.50000, 8272829694.00000, 90955.09713, 0.90081, 1.98030, 0.39414, -1.37444, 0.00000
-3.75484, -1.40973, 2.85909, 4.92550, -2.78243, 0.95149, 9.00000, 374419.00000, 87088.00000, 209395.66667, 9850534265.77778, 99249.85776, 0.94766, 1.66465, 0.58922, -1.25387, 0.00000
-2.20355, -3.47499, 2.68919, 4.91558, -2.13592, 0.99193, 21.00000, 456767.00000, 62382.00000, 208439.42857, 12024764239.10204, 109657.48601, 1.08598, 0.74373, 1.15838, -0.90211, 0.04762
-2.68919, -2.20355, 3.47499, 4.91558, -2.45513, 0.78564, 8.00000, 401288.00000, 82115.00000, 237557.87500, 15597185070.85938, 124888.69072, 1.08598, 1.85065, 1.52573, -2.37638, 0.00000
-3.47499, -2.68919, 2.20355, 4.91558, -2.48299, 1.10596, 19.00000, 484246.00000, 36518.00000, 195293.36842, 14456239715.28532, 120234.10379, 1.08598, 0.87972, 0.68510, -0.56481, 0.00000
-2.83550, -2.83550, 2.83550, 4.91123, -2.35619, 0.95532, 14.00000, 397192.00000, 37904.00000, 156443.21429, 8142973376.88265, 90238.42517, 1.14286, 1.00000, 1.00000, -1.00000, 0.14286
-0.70086, -2.75567, -4.02561, 4.92853, -1.81985, 2.52663, 38.00000, 463610.00000, 44829.00000, 160952.07895, 13008655101.75693, 114055.49133, 0.90081, 0.10514, 0.36663, 0.52824, 0.34211
-1.49161, -3.48430, -3.15040, 4.92852, -1.97528, 2.26428, 57.00000, 481437.00000, 43493.00000, 167572.42105, 9473196475.54201, 97330.34715, 0.91102, 0.19070, 0.42617, 0.38313, 0.14035
-1.97536, -2.21782, -3.93313, 4.92852, -2.29844, 2.49482, 33.00000, 448118.00000, 28087.00000, 170645.30303, 9447331266.69605, 97197.38302, 0.91102, 0.24897, 0.27362, 0.47741, 0.39394
-1.40973, -2.85909, -3.75484, 4.92550, -2.02888, 2.43770, 32.00000, 491209.00000, 45731.00000, 218652.34375, 16554868978.97559, 128665.72574, 0.94766, 0.16798, 0.35746, 0.47456, 0.43750
-2.21782, -3.93313, -1.97536, 4.92852, -2.08423, 1.98319, 87.00000, 487160.00000, 14240.00000, 126621.35632, 11976127518.27533, 109435.49478, 0.91102, 0.27362, 0.47741, 0.24897, 0.06897
-2.75567, -4.02561, -0.70086, 4.92853, -2.17107, 1.71348, 60.00000, 392098.00000, 10973.00000, 120466.16667, 8575797010.57222, 92605.59924, 0.90081, 0.36663, 0.52824, 0.10514, 0.01667
-3.48430, -3.15040, -1.49161, 4.92852, -2.40648, 1.87827, 55.00000, 438279.00000, 26078.00000, 128606.87273, 10838968321.82016, 104110.36606, 0.91102, 0.42617, 0.38313, 0.19070, 0.03636
-2.85909, -3.75484, -1.40973, 4.92550, -2.22158, 1.86107, 66.00000, 442248.00000, 18499.00000, 117758.03030, 10395183311.08999, 101956.77178, 0.94766, 0.35746, 0.47456, 0.16798, 0.06061
-3.15040, -1.49161, -3.48430, 4.92852, -2.69940, 2.35600, 25.00000, 476418.00000, 40434.00000, 206205.48000, 19256694865.68960, 138768.49378, 0.91102, 0.38313, 0.19070, 0.42617, 0.12000
-3.93313, -1.97536, -2.21782, 4.92852, -2.67616, 2.03756, 40.00000, 476893.00000, 27424.00000, 131534.22500, 10267515853.82438, 101328.75137, 0.91102, 0.47741, 0.24897, 0.27362, 0.10000
-4.02561, -0.70086, -2.75567, 4.92853, -2.96922, 2.16413, 11.00000, 395846.00000, 50987.00000, 170222.45455, 11374028048.61157, 106649.08836, 0.90081, 0.52824, 0.10514, 0.36663, 0.36364
-3.75484, -1.40973, -2.85909, 4.92550, -2.78243, 2.19010, 21.00000, 485841.00000, 33379.00000, 221458.33333, 10681233564.50794, 103350.05353, 0.94766, 0.47456, 0.16798, 0.35746, 0.09524
-2.20355, -3.47499, -2.68919, 4.91558, -2.13592, 2.14966, 50.00000, 474442.00000, 25100.00000, 195083.92000, 17460424526.67360, 132137.89966, 1.08598, 0.26522, 0.41309, 0.32170, 0.14000
-3.47499, -2.68919, -2.20355, 4.91558, -2.48299, 2.03563, 42.00000, 360445.00000, 34657.00000, 137636.78571, 7477299525.78741, 86471.37981, 1.08598, 0.41309, 0.32170, 0.26522, 0.04762
-2.68919, -2.20355, -3.47499, 4.91558, -2.45513, 2.35595, 27.00000, 462017.00000, 44854.00000, 209352.74074, 14612204690.26612, 120880.95255, 1.08598, 0.32170, 0.26522, 0.41309, 0.29630
-2.83550, -2.83550, -2.83550, 4.91123, -2.35619, 2.18628, 50.00000, 427077.00000, 25544.00000, 151965.28000, 10166287230.52160, 100828.00817, 1.14286, 0.33333, 0.33333, 0.33333, 0.16000
3.75791, 0.00000, -3.18882, 4.92853, 0.00000, 2.27446, 52.00000, 489836.00000, 13531.00000, 114221.92308, 12917718261.41716, 113656.14045, 0.90081, 8.64229, 0.00000, -7.64229, 1.00000
2.87963, -0.78273, -3.92241, 4.92852, -0.26540, 2.49122, 118.00000, 494738.00000, 9031.00000, 89887.05085, 9926393747.09911, 99631.28900, 0.91102, -1.48153, 0.40335, 2.07817, 0.94068
2.87963, 0.78273, -3.92241, 4.92852, 0.26540, 2.49122, 74.00000, 487263.00000, 16035.00000, 109943.22973, 9994367615.09587, 99971.83411, 0.91102, -7.66476, -2.08678, 10.75154, 1.00000
3.21637, 0.00000, -3.73035, 4.92550, 0.00000, 2.43005, 82.00000, 443944.00000, 13207.00000, 89689.93902, 6870673329.66701, 82889.52485, 0.94766, -8.06739, -0.00000, 9.06739, 0.98780
1.70460, -1.50894, -4.37124, 4.92852, -0.72459, 2.66145, 98.00000, 486178.00000, 8473.00000, 115052.68367, 11259654659.97136, 106111.51992, 0.91102, -0.42255, 0.35294, 1.06961, 0.93878
0.43315, -2.05481, -4.45876, 4.92853, -1.36304, 2.70143, 68.00000, 491883.00000, 17083.00000, 122615.79412, 8556194056.25173, 92499.69760, 0.90081, -0.08228, 0.33112, 0.75116, 0.82353
0.43811, -0.72621, -4.85499, 4.92852, -1.02797, 2.96865, 94.00000, 452403.00000, 14717.00000, 125915.61702, 9976168970.81077, 99880.77378, 0.91102, -0.09634, 0.13403, 0.96230, 0.96809
0.87126, -1.44936, -4.62611, 4.92550, -1.02954, 2.79113, 71.00000, 485317.00000, 8915.00000, 116487.09859, 11882793329.97619, 109008.22597, 0.94766, -0.15634, 0.28534, 0.87099, 0.90141
1.70460, 1.50894, -4.37124, 4.92852, 0.72459, 2.66145, 63.00000, 453328.00000, 13930.00000, 130603.50794, 12410822046.12295, 111403.86908, 0.91102, -1.43665, -1.19997, 3.63662, 0.96825
0.43811, 0.72621, -4.85499, 4.92852, 1.02797, 2.96865, 55.00000, 459222.00000, 18237.00000, 122890.05455, 11146550106.34248, 105577.22343, 0.91102, -0.13162, -0.18312, 1.31474, 0.90909
0.43315, 2.05481, -4.45876, 4.92853, 1.36304, 2.70143, 28.00000, 470501.00000, 40947.00000, 173913.82143, 14179506955.50383, 119077.73493, 0.90081, -0.24359, -0.98030, 2.22389, 1.00000
0.87126, 1.44936, -4.62611, 4.92550, 1.02954, 2.79113, 36.00000, 478178.00000, 15925.00000, 158759.36111, 15781908853.06404, 125626.06757, 0.94766, -0.36416, -0.66465, 2.02881, 1.00000
2.14766, -0.78579, -4.35121, 4.91558, -0.35075, 2.65769, 99.00000, 466942.00000, 11051.00000, 87874.02020, 7041797667.19151, 83915.41972, 1.08598, -0.71592, 0.25627, 1.45965, 0.94949
0.87622, 0.00000, -4.83686, 4.91558, 0.00000, 2.96238, 47.00000, 425506.00000, 13150.00000, 126043.48936, 12681512646.54776, 112612.22246, 1.08598, -0.22879, -0.00000, 1.22879, 0.97872
2.14766, 0.78579, -4.35121, 4.91558, 0.35075, 2.65769, 45.00000, 304648.00000, 14493.00000, 114063.57778, 8250713007.48839, 90833.43552, 1.08598, -1.46868, -0.52573, 2.99442, 0.97778
1.75244, 0.00000, -4.58794, 4.91123, 0.00000, 2.77673, 83.00000, 498449.00000, 13672.00000, 119512.34940, 11520236759.91407, 107332.36585, 1.14286, -0.61803, -0.00000, 1.61803, 0.95181
4.45876, 0.43315, 2.05481, 4.92853, 0.09684, 1.14074, 3.00000, 378770.00000, 194199.00000, 305964.66667, 6436696126.88889, 80229.02297, 0.90081, 0.64502, 0.07065, 0.28433, 1.00000
4.85499, 0.43811, 0.72621, 4.92852, 0.09000, 1.42291, 8.00000, 443821.00000, 67199.00000, 216519.87500, 12138390083.10938, 110174.36219, 0.91102, 0.80685, 0.08077, 0.11238, 1.00000
4.37124, 1.70460, 1.50894, 4.92852, 0.37182, 1.25963, 2.00000, 443821.00000, 315416.00000, 379618.50000, 4121961006.25000, 64202.50000, 0.91102, 0.57970, 0.22901, 0.19128, 1.00000
4.62611, 0.87126, 1.44936, 4.92550, 0.18616, 1.27212, 3.00000, 451422.00000, 227141.00000, 373996.00000, 10793854180.66667, 103893.47516, 0.94766, 0.66353, 0.11910, 0.21738, 1.00000
4.85499, 0.43811, -0.72621, 4.92852, 0.09000, 1.71868, 17.00000, 460562.00000, 51681.00000, 174146.70588, 11624067036.91350, 107814.96666, 0.91102, 1.04077, 0.10419, -0.14496, 1.00000
4.45876, 0.43315, -2.05481, 4.92853, 0.09684, 2.00085, 26.00000, 471805.00000, 44522.00000, 147508.38462, 9855428905.85207, 99274.51287, 0.90081, 1.49537, 0.16379, -0.65917, 1.00000
4.37124, 1.70460, -1.50894, 4.92852, 0.37182, 1.88196, 22.00000, 468533.00000, 19825.00000, 194095.36364, 15981928785.23140, 126419.65348, 0.91102, 0.93889, 0.37091, -0.30980, 1.00000
4.62611, 0.87126, -1.44936, 4.92550, 0.18616, 1.86947, 14.00000, 415737.00000, 49663.00000, 168311.57143, 13414312296.67347, 115820.17224, 0.94766, 1.17386, 0.21070, -0.38457, 1.00000
3.92241, 2.87963, 0.78273, 4.92852, 0.63328, 1.41130, 6.00000, 425298.00000, 109116.00000, 269312.33333, 13347328881.55556, 115530.64044, 0.91102, 0.52439, 0.37383, 0.10178, 1.00000
3.92241, 2.87963, -0.78273, 4.92852, 0.63328, 1.73029, 8.00000, 443531.00000, 58386.00000, 227925.87500, 18406203117.10938, 135669.46273, 0.91102, 0.65841, 0.46938, -0.12779, 0.87500
3.18882, 3.75791, 0.00000, 4.92853, 0.86714, 1.57080, 3.00000, 317667.00000, 272869.00000, 293223.00000, 342840850.66667, 18515.96205, 0.90081, 0.46930, 0.53070, 0.00000, 1.00000
3.73035, 3.21637, 0.00000, 4.92550, 0.71154, 1.57080, 6.00000, 409414.00000, 71067.00000, 245644.33333, 15324439713.22222, 123791.92103, 0.94766, 0.52918, 0.47082, 0.00000, 1.00000
4.83686, 0.87622, 0.00000, 4.91558, 0.17921, 1.57080, 12.00000, 466480.00000, 64887.00000, 230685.33333, 18474863463.88889, 135922.26993, 1.08598, 0.84303, 0.15697, 0.00000, 0.91667
4.35121, 2.14766, -0.78579, 4.91558, 0.45850, 1.73134, 5.00000, 310218.00000, 24634.00000, 148280.00000, 8782871529.20000, 93716.97567, 1.08598, 0.76051, 0.37301, -0.13352, 1.00000
4.35121, 2.14766, 0.78579, 4.91558, 0.45850, 1.41025, 2.00000, 348486.00000, 256684.00000, 302585.00000, 2106901801.00000, 45901.00000, 1.08598, 0.60022, 0.29439, 0.10538, 1.00000
4.58794, 1.75244, 0.00000, 4.91123, 0.36486, 1.57080, 7.00000, 474588.00000, 90309.00000, 253697.85714, 18418052578.69388, 135713.12604, 1.14286, 0.72361, 0.27639, -0.00000, 1.00000
