-2.75567, 4.02561, 0.70086, 4.92853, 2.17107, 1.42811, 0.00000, 0.00000, 0.00000, 0.00000, 0.00000, 0.00000, 0.90081, -1.37444, 1.98030, 0.39414, 0.00000
-3.48430, 3.15040, 1.49161, 4.92852, 2.40648, 1.26333, 0.00000, 0.00000, 0.00000, 0.00000, 0.00000, 0.00000, 0.91102, -2.88604, 2.59457, 1.29147, 0.00000
-2.21782, 3.93313, 1.97536, 4.92852, 2.08423, 1.15840, 1.00000, 402096.00000, 402096.00000, 402096.00000, 0.00000, 0.00000, 0.91102, -0.60432, 1.05443, 0.54989, 0.00000
-2.85909, 3.75484, 1.40973, 4.92550, 2.22158, 1.28053, 1.00000, 365383.00000, 365383.00000, 365383.00000, 0.00000, 0.00000, 0.94766, -1.25387, 1.66465, 0.58922, 1.00000
-3.93313, 1.97536, 2.21782, 4.92852, 2.67616, 1.10403, 1.00000, 103692.00000, 103692.00000, 103692.00000, 0.00000, 0.00000, 0.91102, -10.56672, 5.51065, 6.05607, 1.00000
-4.02561, 0.70086, 2.75567, 4.92853, 2.96922, 0.97747, 2.00000, 379515.00000, 129761.00000, 254638.00000, 15594265129.00000, 124877.00000, 0.90081, 9.35336, -1.86160, -6.49176, 1.00000
-3.15040, 1.49161, 3.48430, 4.92852, 2.69940, 0.78559, 0.00000, 0.00000, 0.00000, 0.00000, 0.00000, 0.00000, 0.91102, -1.63909, 0.81587, 1.82322, 0.00000
-3.75484, 1.40973, 2.85909, 4.92550, 2.78243, 0.95149, 0.00000, 0.00000, 0.00000, 0.00000, 0.00000, 0.00000, 0.94766, -9.32863, 3.30198, 7.02665, 0.00000
-1.49161, 3.48430, 3.15040, 4.92852, 1.97528, 0.87732, 0.00000, 0.00000, 0.00000, 0.00000, 0.00000, 0.00000, 0.91102, -0.30829, 0.68893, 0.61936, 0.00000
-1.97536, 2.21782, 3.93313, 4.92852, 2.29844, 0.64677, 0.00000, 0.00000, 0.00000, 0.00000, 0.00000, 0.00000, 0.91102, -0.49591, 0.54500, 0.95092, 0.00000
-0.70086, 2.75567, 4.02561, 4.92853, 1.81985, 0.61496, 0.00000, 0.00000, 0.00000, 0.00000, 0.00000, 0.00000, 0.90081, -0.13313, 0.46424, 0.66888, 0.00000
-1.40973, 2.85909, 3.75484, 4.92550, 2.02888, 0.70390, 0.00000, 0.00000, 0.00000, 0.00000, 0.00000, 0.00000, 0.94766, -0.25296, 0.53830, 0.71466, 0.00000
-3.47499, 2.68919, 2.20355, 4.91558, 2.48299, 1.10596, 0.00000, 0.00000, 0.00000, 0.00000, 0.00000, 0.00000, 1.08598, -2.37638, 1.85065, 1.52573, 0.00000
-2.68919, 2.20355, 3.47499, 4.91558, 2.45513, 0.78564, 2.00000, 360944.00000, 331855.00000, 346399.50000, 211542480.25000, 14544.50000, 1.08598, -0.90211, 0.74373, 1.15838, 0.50000
-2.20355, 3.47499, 2.68919, 4.91558, 2.13592, 0.99193, 0.00000, 0.00000, 0.00000, 0.00000, 0.00000, 0.00000, 1.08598, -0.56481, 0.87972, 0.68510, 0.00000
-2.83550, 2.83550, 2.83550, 4.91123, 2.35619, 0.95532, 0.00000, 0.00000, 0.00000, 0.00000, 0.00000, 0.00000, 1.14286, -1.00000, 1.00000, 1.00000, 0.00000
-2.05481, 4.45876, 0.43315, 4.92853, 2.00263, 1.48280, 2.00000, 334947.00000, 253284.00000, 294115.50000, 1667211392.25000, 40831.50000, 0.90081, -0.65917, 1.49537, 0.16379, 0.50000
-1.50894, 4.37124, 1.70460, 4.92852, 1.90319, 1.21764, 1.00000, 440821.00000, 440821.00000, 440821.00000, 0.00000, 0.00000, 0.91102, -0.30980, 0.93889, 0.37091, 0.00000
-0.72621, 4.85499, 0.43811, 4.92852, 1.71928, 1.48179, 3.00000, 462401.00000, 328674.00000, 410255.33333, 3413714324.22222, 58426.99996, 0.91102, -0.14496, 1.04077, 0.10419, 0.00000
-1.44936, 4.62611, 0.87126, 4.92550, 1.87441, 1.39297, 1.00000, 306806.00000, 306806.00000, 306806.00000, 0.00000, 0.00000, 0.94766, -0.38457, 1.17386, 0.21070, 1.00000
-0.78273, 3.92241, 2.87963, 4.92852, 1.76776, 0.94680, 0.00000, 0.00000, 0.00000, 0.00000, 0.00000, 0.00000, 0.91102, -0.12779, 0.65841, 0.46938, 0.00000
0.00000, 3.18882, 3.75791, 4.92853, 1.57080, 0.70366, 0.00000, 0.00000, 0.00000, 0.00000, 0.00000, 0.00000, 0.90081, -0.00000, 0.46930, 0.53070, 0.00000
0.78273, 3.92241, 2.87963, 4.92852, 1.37383, 0.94680, 0.00000, 0.00000, 0.00000, 0.00000, 0.00000, 0.00000, 0.91102, 0.10178, 0.52439, 0.37383, 0.00000
0.00000, 3.73035, 3.21637, 4.92550, 1.57080, 0.85925, 1.00000, 417617.00000, 417617.00000, 417617.00000, 0.00000, 0.00000, 0.94766, -0.00000, 0.52918, 0.47082, 0.00000
0.72621, 4.85499, 0.43811, 4.92852, 1.42232, 1.48179, 2.00000, 450367.00000, 424995.00000, 437681.00000, 160934596.00000, 12686.00000, 0.91102, 0.11238, 0.80685, 0.08077, 0.00000
1.50894, 4.37124, 1.70460, 4.92852, 1.23841, 1.21764, 1.00000, 431908.00000, 431908.00000, 431908.00000, 0.00000, 0.00000, 0.91102, 0.19128, 0.57970, 0.22901, 1.00000
2.05481, 4.45876, 0.43315, 4.92853, 1.13896, 1.48280, 1.00000, 295513.00000, 295513.00000, 295513.00000, 0.00000, 0.00000, 0.90081, 0.28433, 0.64502, 0.07065, 0.00000
1.44936, 4.62611, 0.87126, 4.92550, 1.26718, 1.39297, 2.00000, 488839.00000, 288052.00000, 388445.50000, 10078854842.25000, 100393.50000, 0.94766, 0.21738, 0.66353, 0.11910, 0.00000
-0.78579, 4.35121, 2.14766, 4.91558, 1.74946, 1.11864, 1.00000, 478577.00000, 478577.00000, 478577.00000, 0.00000, 0.00000, 1.08598, -0.13352, 0.76051, 0.37301, 0.00000
0.78579, 4.35121, 2.14766, 4.91558, 1.39213, 1.11864, 0.00000, 0.00000, 0.00000, 0.00000, 0.00000, 0.00000, 1.08598, 0.10538, 0.60022, 0.29439, 0.00000
0.00000, 4.83686, 0.87622, 4.91558, 1.57080, 1.39159, 1.00000, 489539.00000, 489539.00000, 489539.00000, 0.00000, 0.00000, 1.08598, -0.00000, 0.84303, 0.15697, 0.00000
0.00000, 4.58794, 1.75244, 4.91123, 1.57080, 1.20593, 0.00000, 0.00000, 0.00000, 0.00000, 0.00000, 0.00000, 1.14286, 0.00000, 0.72361, 0.27639, 0.00000
-2.05481, 4.45876, -0.43315, 4.92853, 2.00263, 1.65880, 3.00000, 465695.00000, 291530.00000, 351159.66667, 6562890653.55555, 81011.66986, 0.90081, -0.98030, 2.22389, -0.24359, 0.00000
-0.72621, 4.85499, -0.43811, 4.92852, 1.71928, 1.65981, 5.00000, 484299.00000, 214670.00000, 363900.80000, 10388836872.96000, 101925.64384, 0.91102, -0.18312, 1.31474, -0.13162, 0.40000
-1.50894, 4.37124, -1.70460, 4.92852, 1.90319, 1.92396, 4.00000, 389734.00000, 318209.00000, 355558.25000, 1144187410.68750, 33825.83939, 0.91102, -1.19997, 3.63662, -1.43665, 0.50000
-1.44936, 4.62611, -0.87126, 4.92550, 1.87441, 1.74862, 1.00000, 288159.00000, 288159.00000, 288159.00000, 0.00000, 0.00000, 0.94766, -0.66465, 2.02881, -0.36416, 1.00000
0.72621, 4.85499, -0.43811, 4.92852, 1.42232, 1.65981, 4.00000, 354478.00000, 183052.00000, 249258.25000, 4868518910.18750, 69774.77273, 0.91102, 0.13403, 0.96230, -0.09634, 0.00000
2.05481, 4.45876, -0.43315, 4.92853, 1.13896, 1.65880, 2.00000, 331512.00000, 220916.00000, 276214.00000, 3057868804.00000, 55298.00000, 0.90081, 0.33112, 0.75116, -0.08228, 0.50000
1.50894, 4.37124, -1.70460, 4.92852, 1.23841, 1.92396, 10.00000, 436844.00000, 68536.00000, 202870.90000, 14718996300.69000, 121321.87066, 0.91102, 0.35294, 1.06961, -0.42255, 0.10000
1.44936, 4.62611, -0.87126, 4.92550, 1.26718, 1.74862, 5.00000, 455947.00000, 271645.00000, 372462.80000, 4385155078.56000, 66220.50346, 0.94766, 0.28534, 0.87099, -0.15634, 0.00000
-0.78273, 3.92241, -2.87963, 4.92852, 1.76776, 2.19479, 12.00000, 466905.00000, 77156.00000, 280377.66667, 23275090557.38889, 152561.75981, 0.91102, -2.08678, 10.75154, -7.66476, 0.00000
0.78273, 3.92241, -2.87963, 4.92852, 1.37383, 2.19479, 18.00000, 337408.00000, 47950.00000, 191940.44444, 8239836438.91358, 90773.54482, 0.91102, 0.40335, 2.07817, -1.48153, 0.05556
0.00000, 3.18882, -3.75791, 4.92853, 1.57080, 2.43793, 27.00000, 464831.00000, 42702.00000, 217220.59259, 19294619029.64883, 138905.07201, 0.90081, -0.00000, -7.64229, 8.64229, 0.18519
0.00000, 3.73035, -3.21637, 4.92550, 1.57080, 2.28234, 11.00000, 436031.00000, 50867.00000, 218199.18182, 16029099949.78512, 126606.08180, 0.94766, 0.00000, 9.06739, -8.06739, 0.00000
0.00000, 4.83686, -0.87622, 4.91558, 1.57080, 1.75001, 5.00000, 396423.00000, 93174.00000, 183296.60000, 12473681771.44000, 111685.63816, 1.08598, 0.00000, 1.22879, -0.22879, 0.40000
0.78579, 4.35121, -2.14766, 4.91558, 1.39213, 2.02296, 10.00000, 485190.00000, 148201.00000, 309390.90000, 14928300586.89000, 122181.42488, 1.08598, 0.25627, 1.45965, -0.71592, 0.20000
-0.78579, 4.35121, -2.14766, 4.91558, 1.74946, 2.02296, 6.00000, 424718.00000, 51964.00000, 236997.66667, 21076828758.55555, 145178.60985, 1.08598, -0.52573, 2.99442, -1.46868, 0.00000
0.00000, 4.58794, -1.75244, 4.91123, 1.57080, 1.93566, 5.00000, 477556.00000, 159634.00000, 284587.40000, 14137870947.04000, 118902.77939, 1.14286, 0.00000, 1.61803, -0.61803, 0.00000
-2.75567, 4.02561, -0.70086, 4.92853, 2.17107, 1.71348, 4.00000, 276391.00000, 246899.00000, 262552.25000, 143588986.68750, 11982.86221, 0.90081, -6.49176, 9.35336, -1.86160, 0.75000
-2.21782, 3.93313, -1.97536, 4.92852, 2.08423, 1.98319, 8.00000, 465725.00000, 147133.00000, 272268.62500, 12154916778.23438, 110249.33913, 0.91102, 6.05607, -10.56672, 5.51065, 0.37500
-3.48430, 3.15040, -1.49161, 4.92852, 2.40648, 1.87827, 5.00000, 448718.00000, 195599.00000, 296859.20000, 8830481976.96000, 93970.64423, 0.91102, 1.82322, -1.63909, 0.81587, 0.40000
-2.85909, 3.75484, -1.40973, 4.92550, 2.22158, 1.86107, 3.00000, 430652.00000, 123382.00000, 316220.33333, 18809611505.55555, 137148.13708, 0.94766, 7.02665, -9.32863, 3.30198, 0.00000
-1.49161, 3.48430, -3.15040, 4.92852, 1.97528, 2.26428, 17.00000, 488875.00000, 72454.00000, 261586.76471, 17629556554.88581, 132776.34034, 0.91102, 1.29147, -2.88604, 2.59457, 0.11765
-0.70086, 2.75567, -4.02561, 4.92853, 1.81985, 2.52663, 28.00000, 447846.00000, 23876.00000, 199866.42857, 14213505536.53061, 119220.40738, 0.90081, 0.39414, -1.37444, 1.98030, 0.25000
-1.97536, 2.21782, -3.93313, 4.92852, 2.29844, 2.49482, 34.00000, 486722.00000, 45067.00000, 205839.85294, 12045705408.36073, 109752.92893, 0.91102, 0.54989, -0.60432, 1.05443, 0.23529
-1.40973, 2.85909, -3.75484, 4.92550, 2.02888, 2.43770, 23.00000, 455170.00000, 67357.00000, 217094.52174, 12919327198.24953, 113663.21832, 0.94766, 0.58922, -1.25387, 1.66465, 0.17391
-3.93313, 1.97536, -2.21782, 4.92852, 2.67616, 2.03756, 13.00000, 473236.00000, 61582.00000, 253329.84615, 17093451991.51479, 130741.92897, 0.91102, 0.95092, -0.49591, 0.54500, 0.46154
-3.15040, 1.49161, -3.48430, 4.92852, 2.69940, 2.35600, 33.00000, 497560.00000, 41994.00000, 229365.96970, 14699641612.02938, 121242.07855, 0.91102, 0.61936, -0.30829, 0.68893, 0.42424
-4.02561, 0.70086, -2.75567, 4.92853, 2.96922, 2.16413, 25.00000, 415545.00000, 51417.00000, 204334.68000, 11236583317.49760, 106002.75146, 0.90081, 0.66888, -0.13313, 0.46424, 0.64000
-3.75484, 1.40973, -2.85909, 4.92550, 2.78243, 2.19010, 20.00000, 471358.00000, 118272.00000, 267185.75000, 12316197655.18750, 110978.36571, 0.94766, 0.71466, -0.25296, 0.53830, 0.50000
-2.20355, 3.47499, -2.68919, 4.91558, 2.13592, 2.14966, 7.00000, 466703.00000, 95069.00000, 277733.14286, 18363690692.97959, 135512.69569, 1.08598, 1.52573, -2.37638, 1.85065, 0.42857
-2.68919, 2.20355, -3.47499, 4.91558, 2.45513, 2.35595, 10.00000, 460548.00000, 59095.00000, 245014.90000, 15963326595.89000, 126346.05889, 1.08598, 0.68510, -0.56481, 0.87972, 0.40000
-3.47499, 2.68919, -2.20355, 4.91558, 2.48299, 2.03563, 13.00000, 439467.00000, 73485.00000, 175331.23077, 8267963643.40829, 90928.34345, 1.08598, 1.15838, -0.90211, 0.74373, 0.30769
-2.83550, 2.83550, -2.83550, 4.91123, 2.35619, 2.18628, 11.00000, 465491.00000, 96781.00000, 292800.72727, 11289744311.47108, 106253.20848, 1.14286, 1.00000, -1.00000, 1.00000, 0.36364
-3.18882, 3.75791, 0.00000, 4.92853, 2.27446, 1.57080, 6.00000, 438287.00000, 94432.00000, 334103.00000, 13249316153.66667, 115105.67386, 0.90081, -7.64229, 8.64229, 0.00000, 0.33333
-3.92241, 2.87963, -0.78273, 4.92852, 2.50831, 1.73029, 11.00000, 464020.00000, 101503.00000, 244308.36364, 15933622071.50413, 126228.45191, 0.91102, 2.07817, -1.48153, 0.40335, 0.54545
-3.92241, 2.87963, 0.78273, 4.92852, 2.50831, 1.41130, 2.00000, 296813.00000, 266438.00000, 281625.50000, 230660156.25000, 15187.50000, 0.91102, 10.75154, -7.66476, -2.08678, 0.00000
-3.73035, 3.21637, 0.00000, 4.92550, 2.43005, 1.57080, 3.00000, 378732.00000, 187448.00000, 269106.33333, 6489347309.55555, 80556.48521, 0.94766, 9.06739, -8.06739, -0.00000, 1.00000
-4.37124, 1.70460, -1.50894, 4.92852, 2.76977, 1.88196, 9.00000, 363276.00000, 96471.00000, 231700.77778, 7827666919.72840, 88474.10310, 0.91102, 1.06961, -0.42255, 0.35294, 0.55556
-4.45876, 0.43315, -2.05481, 4.92853, 3.04475, 2.00085, 12.00000, 425122.00000, 48339.00000, 213649.91667, 15954087643.57639, 126309.49150, 0.90081, 0.75116, -0.08228, 0.33112, 0.83333
-4.85499, 0.43811, -0.72621, 4.92852, 3.05160, 1.71868, 15.00000, 458103.00000, 90727.00000, 281829.00000, 18383241768.26667, 135584.81393, 0.91102, 0.96230, -0.09634, 0.13403, 0.86667
-4.62611, 0.87126, -1.44936, 4.92550, 2.95544, 1.86947, 12.00000, 358232.00000, 74096.00000, 204956.00000, 6928712862.66667, 83238.89033, 0.94766, 0.87099, -0.15634, 0.28534, 0.66667
-4.37124, 1.70460, 1.50894, 4.92852, 2.76977, 1.25963, 7.00000, 298373.00000, 174674.00000, 232116.71429, 1631168468.20408, 40387.72670, 0.91102, 3.63662, -1.43665, -1.19997, 0.71429
-4.85499, 0.43811, 0.72621, 4.92852, 3.05160, 1.42291, 4.00000, 346431.00000, 108275.00000, 224076.25000, 7140363333.68750, 84500.67061, 0.91102, 1.31474, -0.13162, -0.18312, 1.00000
-4.45876, 0.43315, 2.05481, 4.92853, 3.04475, 1.14074, 2.00000, 410012.00000, 160885.00000, 285448.50000, 15516065532.25000, 124563.50000, 0.90081, 2.22389, -0.24359, -0.98030, 1.00000
-4.62611, 0.87126, 1.44936, 4.92550, 2.95544, 1.27212, 5.00000, 453251.00000, 118709.00000, 273356.00000, 16510412875.60000, 128492.85146, 0.94766, 2.02881, -0.36416, -0.66465, 0.80000
-4.35121, 2.14766, -0.78579, 4.91558, 2.68310, 1.73134, 4.00000, 404605.00000, 117247.00000, 229369.75000, 11565567480.68750, 107543.32839, 1.08598, 1.45965, -0.71592, 0.25627, 1.00000
-4.83686, 0.87622, 0.00000, 4.91558, 2.96238, 1.57080, 8.00000, 269499.00000, 110469.00000, 181569.25000, 3167263395.93750, 56278.44522, 1.08598, 1.22879, -0.22879, -0.00000, 0.62500
-4.35121, 2.14766, 0.78579, 4.91558, 2.68310, 1.41025, 1.00000, 186549.00000, 186549.00000, 186549.00000, 0.00000, 0.00000, 1.08598, 2.99442, -1.46868, -0.52573, 1.00000
-4.58794, 1.75244, 0.00000, 4.91123, 2.77673, 1.57080, 2.00000, 480059.00000, 330937.00000, 405498.00000, 5559342721.00000, 74561.00000, 1.14286, 1.61803, -0.61803, -0.00000, 1.00000
2.75567, 4.02561, 0.70086, 4.92853, 0.97053, 1.42811, 1.00000, 164774.00000, 164774.00000, 164774.00000, 0.00000, 0.00000, 0.90081, 0.36663, 0.52824, 0.10514, 0.00000
2.21782, 3.93313, 1.97536, 4.92852, 1.05736, 1.15840, 1.00000, 279341.00000, 279341.00000, 279341.00000, 0.00000, 0.00000, 0.91102, 0.27362, 0.47741, 0.24897, 0.00000
3.48430, 3.15040, 1.49161, 4.92852, 0.73511, 1.26333, 0.00000, 0.00000, 0.00000, 0.00000, 0.00000, 0.00000, 0.91102, 0.42617, 0.38313, 0.19070, 0.00000
2.85909, 3.75484, 1.40973, 4.92550, 0.92001, 1.28053, 2.00000, 416928.00000, 415548.00000, 416238.00000, 476100.00000, 690.00000, 0.94766, 0.35746, 0.47456, 0.16798, 0.00000
1.49161, 3.48430, 3.15040, 4.92852, 1.16631, 0.87732, 1.00000, 241023.00000, 241023.00000, 241023.00000, 0.00000, 0.00000, 0.91102, 0.19070, 0.42617, 0.38313, 0.00000
0.70086, 2.75567, 4.02561, 4.92853, 1.32174, 0.61496, 1.00000, 330147.00000, 330147.00000, 330147.00000, 0.00000, 0.00000, 0.90081, 0.10514, 0.36663, 0.52824, 0.00000
1.97536, 2.21782, 3.93313, 4.92852, 0.84316, 0.64677, 0.00000, 0.00000, 0.00000, 0.00000, 0.00000, 0.00000, 0.91102, 0.24897, 0.27362, 0.47741, 0.00000
1.40973, 2.85909, 3.75484, 4.92550, 1.11271, 0.70390, 0.00000, 0.00000, 0.00000, 0.00000, 0.00000, 0.00000, 0.94766, 0.16798, 0.35746, 0.47456, 0.00000
3.93313, 1.97536, 2.21782, 4.92852, 0.46544, 1.10403, 1.00000, 417170.00000, 417170.00000, 417170.00000, 0.00000, 0.00000, 0.91102, 0.47741, 0.24897, 0.27362, 0.00000
3.15040, 1.49161, 3.48430, 4.92852, 0.44220, 0.78559, 2.00000, 357188.00000, 353552.00000, 355370.00000, 3305124.00000, 1818.00000, 0.91102, 0.38313, 0.19070, 0.42617, 0.50000
4.02561, 0.70086, 2.75567, 4.92853, 0.17237, 0.97747, 2.00000, 346266.00000, 211419.00000, 278842.50000, 4545928352.25000, 67423.50000, 0.90081, 0.52824, 0.10514, 0.36663, 0.50000
3.75484, 1.40973, 2.85909, 4.92550, 0.35916, 0.95149, 1.00000, 493515.00000, 493515.00000, 493515.00000, 0.00000, 0.00000, 0.94766, 0.47456, 0.16798, 0.35746, 0.00000
2.20355, 3.47499, 2.68919, 4.91558, 1.00567, 0.99193, 0.00000, 0.00000, 0.00000, 0.00000, 0.00000, 0.00000, 1.08598, 0.26522, 0.41309, 0.32170, 0.00000
2.68919, 2.20355, 3.47499, 4.91558, 0.68646, 0.78564, 0.00000, 0.00000, 0.00000, 0.00000, 0.00000, 0.00000, 1.08598, 0.32170, 0.26522, 0.41309, 0.00000
3.47499, 2.68919, 2.20355, 4.91558, 0.65860, 1.10596, 0.00000, 0.00000, 0.00000, 0.00000, 0.00000, 0.00000, 1.08598, 0.41309, 0.32170, 0.26522, 0.00000
2.83550, 2.83550, 2.83550, 4.91123, 0.78540, 0.95532, 0.00000, 0.00000, 0.00000, 0.00000, 0.00000, 0.00000, 1.14286, 0.33333, 0.33333, 0.33333, 0.00000
-0.43315, 2.05481, 4.45876, 4.92853, 1.77855, 0.44016, 0.00000, 0.00000, 0.00000, 0.00000, 0.00000, 0.00000, 0.90081, -0.08228, 0.33112, 0.75116, 0.00000
-1.70460, 1.50894, 4.37124, 4.92852, 2.41700, 0.48015, 0.00000, 0.00000, 0.00000, 0.00000, 0.00000, 0.00000, 0.91102, -0.42255, 0.35294, 1.06961, 0.00000
-0.43811, 0.72621, 4.85499, 4.92852, 2.11363, 0.17295, 0.00000, 0.00000, 0.00000, 0.00000, 0.00000, 0.00000, 0.91102, -0.09634, 0.13403, 0.96230, 0.00000
-0.87126, 1.44936, 4.62611, 4.92550, 2.11205, 0.35046, 0.00000, 0.00000, 0.00000, 0.00000, 0.00000, 0.00000, 0.94766, -0.15634, 0.28534, 0.87099, 0.00000
-2.87963, 0.78273, 3.92241, 4.92852, 2.87619, 0.65037, 2.00000, 209244.00000, 209099.00000, 209171.50000, 5256.25000, 72.50000, 0.91102, -1.48153, 0.40335, 2.07817, 1.00000
-3.75791, 0.00000, 3.18882, 4.92853, 3.14159, 0.86714, 1.00000, 499709.00000, 499709.00000, 499709.00000, 0.00000, 0.00000, 0.90081, 8.64229, -0.00000, -7.64229, 1.00000
-2.87963, -0.78273, 3.92241, 4.92852, -2.87619, 0.65037, 1.00000, 433320.00000, 433320.00000, 433320.00000, 0.00000, 0.00000, 0.91102, -7.66476, -2.08678, 10.75154, 1.00000
-3.21637, 0.00000, 3.73035, 4.92550, 3.14159, 0.71154, 0.00000, 0.00000, 0.00000, 0.00000, 0.00000, 0.00000, 0.94766, -8.06739, 0.00000, 9.06739, 0.00000
-0.43811, -0.72621, 4.85499, 4.92852, -2.11363, 0.17295, 0.00000, 0.00000, 0.00000, 0.00000, 0.00000, 0.00000, 0.91102, -0.13162, -0.18312, 1.31474, 0.00000
-1.70460, -1.50894, 4.37124, 4.92852, -2.41700, 0.48015, 2.00000, 469930.00000, 336227.00000, 403078.50000, 4469123052.25000, 66851.50000, 0.91102, -1.43665, -1.19997, 3.63662, 1.00000
-0.43315, -2.05481, 4.45876, 4.92853, -1.77855, 0.44016, 0.00000, 0.00000, 0.00000, 0.00000, 0.00000, 0.00000, 0.90081, -0.24359, -0.98030, 2.22389, 0.00000
-0.87126, -1.44936, 4.62611, 4.92550, -2.11205, 0.35046, 1.00000, 443660.00000, 443660.00000, 443660.00000, 0.00000, 0.00000, 0.94766, -0.36416, -0.66465, 2.02881, 1.00000
-2.14766, 0.78579, 4.35121, 4.91558, 2.79084, 0.48390, 0.00000, 0.00000, 0.00000, 0.00000, 0.00000, 0.00000, 1.08598, -0.71592, 0.25627, 1.45965, 0.00000
-2.14766, -0.78579, 4.35121, 4.91558, -2.79084, 0.48390, 0.00000, 0.00000, 0.00000, 0.00000, 0.00000, 0.00000, 1.08598, -1.46868, -0.52573, 2.99442, 0.00000
-0.87622, 0.00000, 4.83686, 4.91558, 3.14159, 0.17921, 1.00000, 437382.00000, 437382.00000, 437382.00000, 0.00000, 0.00000, 1.08598, -0.22879, 0.00000, 1.22879, 1.00000
-1.75244, 0.00000, 4.58794, 4.91123, 3.14159, 0.36486, 0.00000, 0.00000, 0.00000, 0.00000, 0.00000, 0.00000, 1.14286, -0.61803, 0.00000, 1.61803, 0.00000
-4.45876, -0.43315, 2.05481, 4.92853, -3.04475, 1.14074, 6.00000, 254694.00000, 77098.00000, 208148.16667, 3836615608.47222, 61940.41983, 0.90081, 1.49537, 0.16379, -0.65917, 1.00000
-4.85499, -0.43811, 0.72621, 4.92852, -3.05160, 1.42291, 9.00000, 378997.00000, 101450.00000, 217456.44444, 8763015494.02469, 93610.97956, 0.91102, 1.04077, 0.10419, -0.14496, 1.00000
-4.37124, -1.70460, 1.50894, 4.92852, -2.76977, 1.25963, 14.00000, 490652.00000, 78508.00000, 247354.00000, 12445679693.85714, 111560.20659, 0.91102, 0.93889, 0.37091, -0.30980, 1.00000
-4.62611, -0.87126, 1.44936, 4.92550, -2.95544, 1.27212, 7.00000, 471786.00000, 139789.00000, 244540.57143, 12610305345.10204, 112295.61588, 0.94766, 1.17386, 0.21070, -0.38457, 1.00000
-4.85499, -0.43811, -0.72621, 4.92852, -3.05160, 1.71868, 17.00000, 496685.00000, 47886.00000, 180582.35294, 17804267737.16955, 133432.63370, 0.91102, 0.80685, 0.08077, 0.11238, 1.00000
-4.45876, -0.43315, -2.05481, 4.92853, -3.04475, 2.00085, 27.00000, 426698.00000, 24230.00000, 168889.14815, 14691736044.79287, 121209.47176, 0.90081, 0.64502, 0.07065, 0.28433, 0.85185
-4.37124, -1.70460, -1.50894, 4.92852, -2.76977, 1.88196, 39.00000, 490405.00000, 26345.00000, 170854.84615, 22103162346.54044, 148671.32322, 0.91102, 0.57970, 0.22901, 0.19128, 0.87179
-4.62611, -0.87126, -1.44936, 4.92550, -2.95544, 1.86947, 22.00000, 440929.00000, 52270.00000, 176076.59091, 15047460157.60537, 122668.08940, 0.94766, 0.66353, 0.11910, 0.21738, 0.90909
-3.92241, -2.87963, 0.78273, 4.92852, -2.50831, 1.41130, 19.00000, 467372.00000, 93955.00000, 274946.57895, 12752946411.19114, 112928.94408, 0.91102, 0.65841, 0.46938, -0.12779, 0.84211
-3.92241, -2.87963, -0.78273, 4.92852, -2.50831, 1.73029, 55.00000, 364154.00000, 21246.00000, 119699.81818, 8073517806.47604, 89852.75625, 0.91102, 0.52439, 0.37383, 0.10178, 0.98182
-3.18882, -3.75791, 0.00000, 4.92853, -2.27446, 1.57080, 27.00000, 469245.00000, 24457.00000, 172408.18519, 15600086434.59534, 124900.30598, 0.90081, 0.46930, 0.53070, 0.00000, 1.00000
-3.73035, -3.21637, 0.00000, 4.92550, -2.43005, 1.57080, 27.00000, 376235.00000, 43526.00000, 146765.77778, 8567996038.76543, 92563.47033, 0.94766, 0.52918, 0.47082, -0.00000, 1.00000
-4.83686, -0.87622, 0.00000, 4.91558, -2.96238, 1.57080, 12.00000, 398882.00000, 55273.00000, 198034.66667, 12411422082.22222, 111406.56211, 1.08598, 0.84303, 0.15697, -0.00000, 0.91667
-4.35121, -2.14766, -0.78579, 4.91558, -2.68310, 1.73134, 38.00000, 492133.00000, 22770.00000, 135167.76316, 10777630350.12812, 103815.36664, 1.08598, 0.60022, 0.29439, 0.10538, 0.89474
-4.35121, -2.14766, 0.78579, 4.91558, -2.68310, 1.41025, 19.00000, 492169.00000, 33751.00000, 240814.47368, 19828671059.72299, 140814.31412, 1.08598, 0.76051, 0.37301, -0.13352, 0.94737
-4.58794, -1.75244, 0.00000, 4.91123, -2.77673, 1.57080, 20.00000, 490252.00000, 60797.00000, 242425.45000, 15462475137.44750, 124348.20118, 1.14286, 0.72361, 0.27639, -0.00000, 0.90000
-3.75791, 0.00000, -3.18882, 4.92853, 3.14159, 2.27446, 35.00000, 429182.00000, 30452.00000, 200773.57143, 15248132094.24490, 123483.32719, 0.90081, 0.53070, -0.00000, 0.46930, 0.77143
-2.87963, 0.78273, -3.92241, 4.92852, 2.87619, 2.49122, 38.00000, 454983.00000, 51460.00000, 203894.23684, 14434910238.23338, 120145.37127, 0.91102, 0.46938, -0.12779, 0.65841, 0.36842
-2.87963, -0.78273, -3.92241, 4.92852, -2.87619, 2.49122, 67.00000, 496346.00000, 23368.00000, 191966.10448, 19881785880.24282, 141002.78678, 0.91102, 0.37383, 0.10178, 0.52439, 0.68657
-3.21637, 0.00000, -3.73035, 4.92550, 3.14159, 2.43005, 33.00000, 488979.00000, 32797.00000, 173358.87879, 16144222257.25803, 127059.91601, 0.94766, 0.47082, 0.00000, 0.52918, 0.69697
-1.70460, 1.50894, -4.37124, 4.92852, 2.41700, 2.66145, 50.00000, 481690.00000, 28422.00000, 179286.40000, 13453538015.60000, 115989.38751, 0.91102, 0.37091, -0.30980, 0.93889, 0.24000
-0.43315, 2.05481, -4.45876, 4.92853, 1.77855, 2.70143, 36.00000, 486187.00000, 37866.00000, 167377.88889, 13530069743.09876, 116318.82798, 0.90081, 0.16379, -0.65917, 1.49537, 0.16667
-0.43811, 0.72621, -4.85499, 4.92852, 2.11363, 2.96865, 80.00000, 463842.00000, 12822.00000, 129914.10000, 9324933389.14000, 96565.69468, 0.91102, 0.10419, -0.14496, 1.04077, 0.16250
-0.87126, 1.44936, -4.62611, 4.92550, 2.11205, 2.79113, 51.00000, 378453.00000, 19482.00000, 139817.66667, 8088474292.92811, 89935.94550, 0.94766, 0.21070, -0.38457, 1.17386, 0.09804
-1.70460, -1.50894, -4.37124, 4.92852, -2.41700, 2.66145, 88.00000, 466963.00000, 19574.00000, 150333.93182, 12840033157.31353, 113313.87010, 0.91102, 0.22901, 0.19128, 0.57970, 0.59091
-0.43811, -0.72621, -4.85499, 4.92852, -2.11363, 2.96865, 76.00000, 435626.00000, 19442.00000, 141552.93421, 13057702619.79830, 114270.30507, 0.91102, 0.08077, 0.11238, 0.80685, 0.27632
-0.43315, -2.05481, -4.45876, 4.92853, -1.77855, 2.70143, 78.00000, 489224.00000, 22981.00000, 161198.42308, 14259105376.37229, 119411.49600, 0.90081, 0.07065, 0.28433, 0.64502, 0.41026
-0.87126, -1.44936, -4.62611, 4.92550, -2.11205, 2.79113, 66.00000, 440162.00000, 16137.00000, 132870.96970, 12773496352.87787, 113019.89362, 0.94766, 0.11910, 0.21738, 0.66353, 0.43939
-2.14766, 0.78579, -4.35121, 4.91558, 2.79084, 2.65769, 35.00000, 485774.00000, 23842.00000, 192287.80000, 14364598589.24572, 119852.40335, 1.08598, 0.37301, -0.13352, 0.76051, 0.22857
-0.87622, 0.00000, -4.83686, 4.91558, 3.14159, 2.96238, 50.00000, 457395.00000, 39330.00000, 200097.44000, 16761877303.36640, 129467.66895, 1.08598, 0.15697, 0.00000, 0.84303, 0.26000
-2.14766, -0.78579, -4.35121, 4.91558, -2.79084, 2.65769, 51.00000, 482021.00000, 22170.00000, 167757.98039, 16257627175.31334, 127505.40057, 1.08598, 0.29439, 0.10538, 0.60022, 0.54902
-1.75244, 0.00000, -4.58794, 4.91123, 3.14159, 2.77673, 45.00000, 457866.00000, 37524.00000, 173919.62222, 14487236890.10173, 120362.93819, 1.14286, 0.27639, 0.00000, 0.72361, 0.33333
0.70086, 2.75567, -4.02561, 4.92853, 1.32174, 2.52663, 25.00000, 468360.00000, 26030.00000, 198370.00000, 21890520088.64000, 147954.45275, 0.90081, -1.86160, -6.49176, 9.35336, 0.20000
1.49161, 3.48430, -3.15040, 4.92852, 1.16631, 2.26428, 18.00000, 485835.00000, 61942.00000, 210907.77778, 14941619196.61729, 122235.91615, 0.91102, 0.81587, 1.82322, -1.63909, 0.11111
1.97536, 2.21782, -3.93313, 4.92852, 0.84316, 2.49482, 26.00000, 415610.00000, 33211.00000, 121458.92308, 9686850518.45562, 98421.79900, 0.91102, 5.51065, 6.05607, -10.56672, 0.03846
1.40973, 2.85909, -3.75484, 4.92550, 1.11271, 2.43770, 28.00000, 421192.00000, 29200.00000, 155790.10714, 12088838229.59566, 109949.25297, 0.94766, 3.30198, 7.02665, -9.32863, 0.00000
2.21782, 3.93313, -1.97536, 4.92852, 1.05736, 1.98319, 19.00000, 469567.00000, 77292.00000, 226913.05263, 14636519568.68144, 120981.48440, 0.91102, 0.54500, 0.95092, -0.49591, 0.00000
2.75567, 4.02561, -0.70086, 4.92853, 0.97053, 1.71348, 7.00000, 497205.00000, 191594.00000, 301251.14286, 8602129204.40816, 92747.66415, 0.90081, 0.46424, 0.66888, -0.13313, 0.00000
3.48430, 3.15040, -1.49161, 4.92852, 0.73511, 1.87827, 7.00000, 376485.00000, 50955.00000, 214839.71429, 14815090223.34694, 121717.25524, 0.91102, 0.68893, 0.61936, -0.30829, 0.00000
2.85909, 3.75484, -1.40973, 4.92550, 0.92001, 1.86107, 3.00000, 355489.00000, 82157.00000, 244764.66667, 13797670509.55556, 117463.48586, 0.94766, 0.53830, 0.71466, -0.25296, 0.00000
3.15040, 1.49161, -3.48430, 4.92852, 0.44220, 2.35600, 34.00000, 428153.00000, 32684.00000, 180209.35294, 9819905146.16955, 99095.43454, 0.91102, 2.59457, 1.29147, -2.88604, 0.14706
3.93313, 1.97536, -2.21782, 4.92852, 0.46544, 2.03756, 24.00000, 487179.00000, 74673.00000, 296526.79167, 15171222790.83160, 123171.51777, 0.91102, 1.05443, 0.54989, -0.60432, 0.08333
4.02561, 0.70086, -2.75567, 4.92853, 0.17237, 2.16413, 17.00000, 499622.00000, 32305.00000, 226063.70588, 19710228619.38408, 140393.12170, 0.90081, 1.98030, 0.39414, -1.37444, 0.05882
3.75484, 1.40973, -2.85909, 4.92550, 0.35916, 2.19010, 22.00000, 494744.00000, 56604.00000, 191040.04545, 13665805053.58884, 116900.83427, 0.94766, 1.66465, 0.58922, -1.25387, 0.00000
2.20355, 3.47499, -2.68919, 4.91558, 1.00567, 2.14966, 6.00000, 493475.00000, 49237.00000, 330222.16667, 28148037456.13889, 167773.76868, 1.08598, 0.74373, 1.15838, -0.90211, 0.16667
3.47499, 2.68919, -2.20355, 4.91558, 0.65860, 2.03563, 10.00000, 485017.00000, 63984.00000, 254828.70000, 12222265749.61000, 110554.35654, 1.08598, 0.87972, 0.68510, -0.56481, 0.00000
2.68919, 2.20355, -3.47499, 4.91558, 0.68646, 2.35595, 20.00000, 453930.00000, 48149.00000, 186215.85000, 15389055420.52750, 124052.63165, 1.08598, 1.85065, 1.52573, -2.37638, 0.00000
2.83550, 2.83550, -2.83550, 4.91123, 0.78540, 2.18628, 14.00000, 496704.00000, 94610.00000, 240665.71429, 12757375441.63265, 112948.55219, 1.14286, 1.00000, 1.00000, -1.00000, 0.00000
2.75567, -4.02561, 0.70086, 4.92853, -0.97053, 1.42811, 5.00000, 421083.00000, 350926.00000, 378830.60000, 658211252.24000, 25655.62808, 0.90081, -6.49176, 9.35336, -1.86160, 0.80000
3.48430, -3.15040, 1.49161, 4.92852, -0.73511, 1.26333, 5.00000, 474129.00000, 178275.00000, 318650.00000, 11550778658.00000, 107474.54888, 0.91102, 1.82322, -1.63909, 0.81587, 1.00000
2.21782, -3.93313, 1.97536, 4.92852, -1.05736, 1.15840, 2.00000, 423663.00000, 324141.00000, 373902.00000, 2476157121.00000, 49761.00000, 0.91102, 6.05607, -10.56672, 5.51065, 0.50000
2.85909, -3.75484, 1.40973, 4.92550, -0.92001, 1.28053, 5.00000, 449190.00000, 214986.00000, 319614.80000, 9496429345.36000, 97449.62465, 0.94766, 7.02665, -9.32863, 3.30198, 0.60000
3.93313, -1.97536, 2.21782, 4.92852, -0.46544, 1.10403, 2.00000, 282090.00000, 186367.00000, 234228.50000, 2290723182.25000, 47861.50000, 0.91102, 0.95092, -0.49591, 0.54500, 0.50000
4.02561, -0.70086, 2.75567, 4.92853, -0.17237, 0.97747, 0.00000, 0.00000, 0.00000, 0.00000, 0.00000, 0.00000, 0.90081, 0.66888, -0.13313, 0.46424, 0.00000
3.15040, -1.49161, 3.48430, 4.92852, -0.44220, 0.78559, 1.00000, 489001.00000, 489001.00000, 489001.00000, 0.00000, 0.00000, 0.91102, 0.61936, -0.30829, 0.68893, 1.00000
3.75484, -1.40973, 2.85909, 4.92550, -0.35916, 0.95149, 1.00000, 295845.00000, 295845.00000, 295845.00000, 0.00000, 0.00000, 0.94766, 0.71466, -0.25296, 0.53830, 1.00000
1.49161, -3.48430, 3.15040, 4.92852, -1.16631, 0.87732, 1.00000, 432502.00000, 432502.00000, 432502.00000, 0.00000, 0.00000, 0.91102, 1.29147, -2.88604, 2.59457, 0.00000
1.97536, -2.21782, 3.93313, 4.92852, -0.84316, 0.64677, 2.00000, 482049.00000, 205509.00000, 343779.00000, 19118592900.00000, 138270.00000, 0.91102, 0.54989, -0.60432, 1.05443, 0.50000
0.70086, -2.75567, 4.02561, 4.92853, -1.32174, 0.61496, 0.00000, 0.00000, 0.00000, 0.00000, 0.00000, 0.00000, 0.90081, 0.39414, -1.37444, 1.98030, 0.00000
1.40973, -2.85909, 3.75484, 4.92550, -1.11271, 0.70390, 1.00000, 349031.00000, 349031.00000, 349031.00000, 0.00000, 0.00000, 0.94766, 0.58922, -1.25387, 1.66465, 1.00000
3.47499, -2.68919, 2.20355, 4.91558, -0.65860, 1.10596, 0.00000, 0.00000, 0.00000, 0.00000, 0.00000, 0.00000, 1.08598, 1.15838, -0.90211, 0.74373, 0.00000
2.68919, -2.20355, 3.47499, 4.91558, -0.68646, 0.78564, 1.00000, 379347.00000, 379347.00000, 379347.00000, 0.00000, 0.00000, 1.08598, 0.68510, -0.56481, 0.87972, 1.00000
2.20355, -3.47499, 2.68919, 4.91558, -1.00567, 0.99193, 3.00000, 392400.00000, 122792.00000, 261183.33333, 12140483531.55556, 110183.86239, 1.08598, 1.52573, -2.37638, 1.85065, 0.66667
2.83550, -2.83550, 2.83550, 4.91123, -0.78540, 0.95532, 2.00000, 437078.00000, 327451.00000, 382264.50000, 3004519782.25000, 54813.50000, 1.14286, 1.00000, -1.00000, 1.00000, 0.50000
2.05481, -4.45876, 0.43315, 4.92853, -1.13896, 1.48280, 6.00000, 473736.00000, 193039.00000, 338825.16667, 7032397798.47222, 83859.39302, 0.90081, -0.98030, 2.22389, -0.24359, 0.83333
1.50894, -4.37124, 1.70460, 4.92852, -1.23841, 1.21764, 12.00000, 485006.00000, 88788.00000, 295492.75000, 15452628350.68750, 124308.60127, 0.91102, -1.19997, 3.63662, -1.43665, 0.91667
0.72621, -4.85499, 0.43811, 4.92852, -1.42232, 1.48179, 18.00000, 440906.00000, 65898.00000, 195586.55556, 14812412487.46914, 121706.25492, 0.91102, -0.18312, 1.31474, -0.13162, 0.77778
1.44936, -4.62611, 0.87126, 4.92550, -1.26718, 1.39297, 4.00000, 248907.00000, 92788.00000, 195569.25000, 3838973305.68750, 61959.44888, 0.94766, -0.66465, 2.02881, -0.36416, 1.00000
0.78273, -3.92241, 2.87963, 4.92852, -1.37383, 0.94680, 8.00000, 424418.00000, 168905.00000, 246122.00000, 5531968143.50000, 74377.20177, 0.91102, -2.08678, 10.75154, -7.66476, 0.62500
0.00000, -3.18882, 3.75791, 4.92853, -1.57080, 0.70366, 3.00000, 396885.00000, 279657.00000, 351127.33333, 2620971277.55556, 51195.42243, 0.90081, 0.00000, -7.64229, 8.64229, 0.66667
-0.78273, -3.92241, 2.87963, 4.92852, -1.76776, 0.94680, 4.00000, 415448.00000, 163119.00000, 269654.75000, 9106362461.18750, 95427.26267, 0.91102, 0.40335, 2.07817, -1.48153, 1.00000
0.00000, -3.73035, 3.21637, 4.92550, -1.57080, 0.85925, 5.00000, 417150.00000, 184402.00000, 305020.00000, 7670723612.80000, 87582.66731, 0.94766, -0.00000, 9.06739, -8.06739, 1.00000
-0.72621, -4.85499, 0.43811, 4.92852, -1.71928, 1.48179, 32.00000, 460807.00000, 28970.00000, 201914.84375, 14570284520.13184, 120707.43357, 0.91102, 0.13403, 0.96230, -0.09634, 0.96875
-1.50894, -4.37124, 1.70460, 4.92852, -1.90319, 1.21764, 13.00000, 408579.00000, 43144.00000, 190336.53846, 8462707813.94083, 91992.97698, 0.91102, 0.35294, 1.06961, -0.42255, 0.92308
-2.05481, -4.45876, 0.43315, 4.92853, -2.00263, 1.48280, 22.00000, 373040.00000, 33846.00000, 175131.31818, 13133911727.48967, 114603.27974, 0.90081, 0.33112, 0.75116, -0.08228, 0.95455
-1.44936, -4.62611, 0.87126, 4.92550, -1.87441, 1.39297, 14.00000, 455645.00000, 50944.00000, 225744.85714, 12232398493.83673, 110600.17402, 0.94766, 0.28534, 0.87099, -0.15634, 0.92857
0.78579, -4.35121, 2.14766, 4.91558, -1.39213, 1.11864, 5.00000, 325737.00000, 84707.00000, 184225.40000, 7153379704.24000, 84577.65488, 1.08598, -0.52573, 2.99442, -1.46868, 1.00000
-0.78579, -4.35121, 2.14766, 4.91558, -1.74946, 1.11864, 9.00000, 328041.00000, 58171.00000, 187910.66667, 7411455524.66667, 86089.81081, 1.08598, 0.25627, 1.45965, -0.71592, 0.77778
0.00000, -4.83686, 0.87622, 4.91558, -1.57080, 1.39159, 11.00000, 494614.00000, 72328.00000, 290707.45455, 20496317115.70248, 143165.34887, 1.08598, -0.00000, 1.22879, -0.22879, 1.00000
0.00000, -4.58794, 1.75244, 4.91123, -1.57080, 1.20593, 7.00000, 414892.00000, 55413.00000, 149580.71429, 12778508705.63265, 113042.06609, 1.14286, -0.00000, 1.61803, -0.61803, 1.00000
2.05481, -4.45876, -0.43315, 4.92853, -1.13896, 1.65880, 11.00000, 463909.00000, 76841.00000, 267592.54545, 12828388440.97521, 113262.47587, 0.90081, -0.65917, 1.49537, 0.16379, 0.63636
0.72621, -4.85499, -0.43811, 4.92852, -1.42232, 1.65981, 24.00000, 349923.00000, 23939.00000, 172240.12500, 10158617651.69271, 100789.96801, 0.91102, -0.14496, 1.04077, 0.10419, 0.87500
1.50894, -4.37124, -1.70460, 4.92852, -1.23841, 1.92396, 34.00000, 458184.00000, 60857.00000, 216838.29412, 10982655454.79585, 104798.16532, 0.91102, -0.30980, 0.93889, 0.37091, 0.67647
1.44936, -4.62611, -0.87126, 4.92550, -1.26718, 1.74862, 16.00000, 428485.00000, 44654.00000, 194745.31250, 10047011975.58984, 100234.78426, 0.94766, -0.38457, 1.17386, 0.21070, 0.68750
-0.72621, -4.85499, -0.43811, 4.92852, -1.71928, 1.65981, 42.00000, 467174.00000, 21299.00000, 182775.47619, 11673098752.24943, 108042.11564, 0.91102, 0.11238, 0.80685, 0.08077, 0.88095
-2.05481, -4.45876, -0.43315, 4.92853, -2.00263, 1.65880, 41.00000, 430565.00000, 26841.00000, 136802.24390, 10656143417.01368, 103228.59786, 0.90081, 0.28433, 0.64502, 0.07065, 0.97561
-1.50894, -4.37124, -1.70460, 4.92852, -1.90319, 1.92396, 89.00000, 437104.00000, 12483.00000, 105206.33708, 9619649523.45941, 98079.81201, 0.91102, 0.19128, 0.57970, 0.22901, 0.98876
-1.44936, -4.62611, -0.87126, 4.92550, -1.87441, 1.74862, 52.00000, 468258.00000, 19598.00000, 147154.11538, 12594041245.52515, 112223.17606, 0.94766, 0.21738, 0.66353, 0.11910, 0.82692
0.78273, -3.92241, -2.87963, 4.92852, -1.37383, 2.19479, 39.00000, 408192.00000, 35290.00000, 161572.64103, 8552438407.25575, 92479.39450, 0.91102, -0.12779, 0.65841, 0.46938, 0.66667
-0.78273, -3.92241, -2.87963, 4.92852, -1.76776, 2.19479, 96.00000, 451251.00000, 13135.00000, 113576.04167, 9751918651.76910, 98751.80328, 0.91102, 0.10178, 0.52439, 0.37383, 0.88542
0.00000, -3.18882, -3.75791, 4.92853, -1.57080, 2.43793, 59.00000, 499244.00000, 25466.00000, 154385.18644, 14424589363.37202, 120102.41198, 0.90081, 0.00000, 0.46930, 0.53070, 0.72881
0.00000, -3.73035, -3.21637, 4.92550, -1.57080, 2.28234, 45.00000, 469868.00000, 26709.00000, 152256.53333, 14112378167.49333, 118795.53092, 0.94766, -0.00000, 0.52918, 0.47082, 0.75556
0.00000, -4.83686, -0.87622, 4.91558, -1.57080, 1.75001, 21.00000, 482032.00000, 29458.00000, 211663.14286, 19410806495.74150, 139322.67043, 1.08598, -0.00000, 0.84303, 0.15697, 0.80952
-0.78579, -4.35121, -2.14766, 4.91558, -1.74946, 2.02296, 53.00000, 497120.00000, 16686.00000, 164404.60377, 12615151463.33357, 112317.19131, 1.08598, 0.10538, 0.60022, 0.29439, 0.83019
0.78579, -4.35121, -2.14766, 4.91558, -1.39213, 2.02296, 23.00000, 434165.00000, 41131.00000, 151672.30435, 13833090567.25520, 117614.15972, 1.08598, -0.13352, 0.76051, 0.37301, 0.73913
0.00000, -4.58794, -1.75244, 4.91123, -1.57080, 1.93566, 36.00000, 457938.00000, 29350.00000, 191444.02778, 13692153417.47145, 117013.47537, 1.14286, -0.00000, 0.72361, 0.27639, 0.86111
2.75567, -4.02561, -0.70086, 4.92853, -0.97053, 1.71348, 9.00000, 447623.00000, 126330.00000, 237941.77778, 11889724862.83951, 109040.01496, 0.90081, -1.37444, 1.98030, 0.39414, 0.55556
2.21782, -3.93313, -1.97536, 4.92852, -1.05736, 1.98319, 28.00000, 477945.00000, 34146.00000, 240267.28571, 11390788397.77551, 106727.63652, 0.91102, -0.60432, 1.05443, 0.54989, 0.67857
3.48430, -3.15040, -1.49161, 4.92852, -0.73511, 1.87827, 10.00000, 287774.00000, 85709.00000, 172925.50000, 5680407305.85000, 75368.47687, 0.91102, -2.88604, 2.59457, 1.29147, 0.30000
2.85909, -3.75484, -1.40973, 4.92550, -0.92001, 1.86107, 11.00000, 465494.00000, 57725.00000, 205705.45455, 13711643957.15702, 117096.72906, 0.94766, -1.25387, 1.66465, 0.58922, 0.90909
1.49161, -3.48430, -3.15040, 4.92852, -1.16631, 2.26428, 41.00000, 488736.00000, 37204.00000, 183693.07317, 12665556200.45806, 112541.35329, 0.91102, -0.30829, 0.68893, 0.61936, 0.53659
0.70086, -2.75567, -4.02561, 4.92853, -1.32174, 2.52663, 50.00000, 462538.00000, 13413.00000, 177355.36000, 15067029267.11040, 122747.82795, 0.90081, -0.13313, 0.46424, 0.66888, 0.50000
1.97536, -2.21782, -3.93313, 4.92852, -0.84316, 2.49482, 55.00000, 484719.00000, 22932.00000, 161607.14545, 15330323763.21521, 123815.68464, 0.91102, -0.49591, 0.54500, 0.95092, 0.36364
1.40973, -2.85909, -3.75484, 4.92550, -1.11271, 2.43770, 45.00000, 473676.00000, 35402.00000, 176810.71111, 9744835563.31654, 98715.93369, 0.94766, -0.25296, 0.53830, 0.71466, 0.31111
3.93313, -1.97536, -2.21782, 4.92852, -0.46544, 2.03756, 15.00000, 486061.00000, 123089.00000, 252390.06667, 13057161731.79556, 114267.93834, 0.91102, -10.56672, 5.51065, 6.05607, 0.20000
3.15040, -1.49161, -3.48430, 4.92852, -0.44220, 2.35600, 33.00000, 489862.00000, 47899.00000, 171483.51515, 14738365934.24977, 121401.67188, 0.91102, -1.63909, 0.81587, 1.82322, 0.24242
4.02561, -0.70086, -2.75567, 4.92853, -0.17237, 2.16413, 17.00000, 472832.00000, 69454.00000, 221554.82353, 15446223374.38062, 124282.83620, 0.90081, 9.35336, -1.86160, -6.49176, 0.17647
3.75484, -1.40973, -2.85909, 4.92550, -0.35916, 2.19010, 21.00000, 473332.00000, 53884.00000, 242443.76190, 14453262895.60997, 120221.72389, 0.94766, -9.32863, 3.30198, 7.02665, 0.23810
2.20355, -3.47499, -2.68919, 4.91558, -1.00567, 2.14966, 16.00000, 476844.00000, 56352.00000, 220106.43750, 13729679154.74609, 117173.71358, 1.08598, -0.56481, 0.87972, 0.68510, 0.31250
2.68919, -2.20355, -3.47499, 4.91558, -0.68646, 2.35595, 24.00000, 428476.00000, 42926.00000, 204128.37500, 11778318733.65104, 108527.96291, 1.08598, -0.90211, 0.74373, 1.15838, 0.20833
3.47499, -2.68919, -2.20355, 4.91558, -0.65860, 2.03563, 17.00000, 472484.00000, 57562.00000, 239510.41176, 16166357207.53633, 127146.99056, 1.08598, -2.37638, 1.85065, 1.52573, 0.29412
2.83550, -2.83550, -2.83550, 4.91123, -0.78540, 2.18628, 27.00000, 475085.00000, 39641.00000, 222626.92593, 13508168400.51303, 116224.64627, 1.14286, -1.00000, 1.00000, 1.00000, 0.33333
3.18882, -3.75791, 0.00000, 4.92853, -0.86714, 1.57080, 6.00000, 422061.00000, 191468.00000, 293222.83333, 7903426573.13889, 88901.21806, 0.90081, -7.64229, 8.64229, -0.00000, 0.33333
3.92241, -2.87963, -0.78273, 4.92852, -0.63328, 1.73029, 15.00000, 399500.00000, 104010.00000, 255201.33333, 8652049647.28889, 93016.39451, 0.91102, 10.75154, -7.66476, -2.08678, 0.40000
3.92241, -2.87963, 0.78273, 4.92852, -0.63328, 1.41130, 6.00000, 451127.00000, 130331.00000, 335616.33333, 11568540892.55556, 107557.15175, 0.91102, 2.07817, -1.48153, 0.40335, 0.50000
3.73035, -3.21637, 0.00000, 4.92550, -0.71154, 1.57080, 7.00000, 393156.00000, 148980.00000, 316363.00000, 8637929906.85714, 92940.46431, 0.94766, 9.06739, -8.06739, 0.00000, 0.57143
4.37124, -1.70460, -1.50894, 4.92852, -0.37182, 1.88196, 14.00000, 485682.00000, 97534.00000, 256423.07143, 15294502540.20918, 123670.94461, 0.91102, 3.63662, -1.43665, -1.19997, 0.35714
4.45876, -0.43315, -2.05481, 4.92853, -0.09684, 2.00085, 11.00000, 404276.00000, 74490.00000, 246379.72727, 11604774941.83471, 107725.46097, 0.90081, 2.22389, -0.24359, -0.98030, 0.09091
4.85499, -0.43811, -0.72621, 4.92852, -0.09000, 1.71868, 8.00000, 462915.00000, 117113.00000, 282559.50000, 9834096838.25000, 99167.01487, 0.91102, 1.31474, -0.13162, -0.18312, 0.37500
4.62611, -0.87126, -1.44936, 4.92550, -0.18616, 1.86947, 7.00000, 458761.00000, 119054.00000, 261215.00000, 12456725496.00000, 111609.70162, 0.94766, 2.02881, -0.36416, -0.66465, 0.00000
4.37124, -1.70460, 1.50894, 4.92852, -0.37182, 1.25963, 1.00000, 175695.00000, 175695.00000, 175695.00000, 0.00000, 0.00000, 0.91102, 1.06961, -0.42255, 0.35294, 0.00000
4.85499, -0.43811, 0.72621, 4.92852, -0.09000, 1.42291, 4.00000, 360203.00000, 192100.00000, 282433.75000, 5198004441.18750, 72097.18747, 0.91102, 0.96230, -0.09634, 0.13403, 0.50000
4.45876, -0.43315, 2.05481, 4.92853, -0.09684, 1.14074, 2.00000, 443054.00000, 196961.00000, 320007.50000, 15140441162.25000, 123046.50000, 0.90081, 0.75116, -0.08228, 0.33112, 0.50000
4.62611, -0.87126, 1.44936, 4.92550, -0.18616, 1.27212, 4.00000, 437637.00000, 306468.00000, 370744.50000, 2484175864.25000, 49841.50744, 0.94766, 0.87099, -0.15634, 0.28534, 0.50000
4.35121, -2.14766, -0.78579, 4.91558, -0.45850, 1.73134, 5.00000, 456173.00000, 94034.00000, 256954.20000, 16408782404.56000, 128096.76969, 1.08598, 2.99442, -1.46868, -0.52573, 0.00000
4.83686, -0.87622, 0.00000, 4.91558, -0.17921, 1.57080, 3.00000, 340317.00000, 79522.00000, 245980.00000, 13936391324.66667, 118052.49394, 1.08598, 1.22879, -0.22879, 0.00000, 0.00000
4.35121, -2.14766, 0.78579, 4.91558, -0.45850, 1.41025, 9.00000, 461260.00000, 139441.00000, 277658.88889, 8297939509.43210, 91093.02668, 1.08598, 1.45965, -0.71592, 0.25627, 0.33333
4.58794, -1.75244, 0.00000, 4.91123, -0.36486, 1.57080, 4.00000, 427183.00000, 70893.00000, 245814.50000, 15892405256.75000, 126065.08342, 1.14286, 1.61803, -0.61803, 0.00000, 0.25000
0.43315, -2.05481, 4.45876, 4.92853, -1.36304, 0.44016, 1.00000, 443844.00000, 443844.00000, 443844.00000, 0.00000, 0.00000, 0.90081, 0.16379, -0.65917, 1.49537, 0.00000
1.70460, -1.50894, 4.37124, 4.92852, -0.72459, 0.48015, 2.00000, 453068.00000, 313542.00000, 383305.00000, 4866876169.00000, 69763.00000, 0.91102, 0.37091, -0.30980, 0.93889, 1.00000
0.43811, -0.72621, 4.85499, 4.92852, -1.02797, 0.17295, 0.00000, 0.00000, 0.00000, 0.00000, 0.00000, 0.00000, 0.91102, 0.10419, -0.14496, 1.04077, 0.00000
0.87126, -1.44936, 4.62611, 4.92550, -1.02954, 0.35046, 0.00000, 0.00000, 0.00000, 0.00000, 0.00000, 0.00000, 0.94766, 0.21070, -0.38457, 1.17386, 0.00000
2.87963, -0.78273, 3.92241, 4.92852, -0.26540, 0.65037, 2.00000, 385351.00000, 374515.00000, 379933.00000, 29354724.00000, 5418.00000, 0.91102, 0.46938, -0.12779, 0.65841, 1.00000
3.75791, 0.00000, 3.18882, 4.92853, 0.00000, 0.86714, 2.00000, 463557.00000, 267636.00000, 365596.50000, 9596259560.25000, 97960.50000, 0.90081, 0.53070, -0.00000, 0.46930, 0.00000
2.87963, 0.78273, 3.92241, 4.92852, 0.26540, 0.65037, 2.00000, 405305.00000, 262508.00000, 333906.50000, 5097745802.25000, 71398.50000, 0.91102, 0.37383, 0.10178, 0.52439, 0.00000
3.21637, 0.00000, 3.73035, 4.92550, 0.00000, 0.71154, 0.00000, 0.00000, 0.00000, 0.00000, 0.00000, 0.00000, 0.94766, 0.47082, -0.00000, 0.52918, 0.00000
0.43811, 0.72621, 4.85499, 4.92852, 1.02797, 0.17295, 0.00000, 0.00000, 0.00000, 0.00000, 0.00000, 0.00000, 0.91102, 0.08077, 0.11238, 0.80685, 0.00000
1.70460, 1.50894, 4.37124, 4.92852, 0.72459, 0.48015, 1.00000, 369975.00000, 369975.00000, 369975.00000, 0.00000, 0.00000, 0.91102, 0.22901, 0.19128, 0.57970, 1.00000
0.43315, 2.05481, 4.45876, 4.92853, 1.36304, 0.44016, 0.00000, 0.00000, 0.00000, 0.00000, 0.00000, 0.00000, 0.90081, 0.07065, 0.28433, 0.64502, 0.00000
0.87126, 1.44936, 4.62611, 4.92550, 1.02954, 0.35046, 1.00000, 201116.00000, 201116.00000, 201116.00000, 0.00000, 0.00000, 0.94766, 0.11910, 0.21738, 0.66353, 0.00000
2.14766, -0.78579, 4.35121, 4.91558, -0.35075, 0.48390, 0.00000, 0.00000, 0.00000, 0.00000, 0.00000, 0.00000, 1.08598, 0.37301, -0.13352, 0.76051, 0.00000
2.14766, 0.78579, 4.35121, 4.91558, 0.35075, 0.48390, 0.00000, 0.00000, 0.00000, 0.00000, 0.00000, 0.00000, 1.08598, 0.29439, 0.10538, 0.60022, 0.00000
0.87622, 0.00000, 4.83686, 4.91558, 0.00000, 0.17921, 1.00000, 449513.00000, 449513.00000, 449513.00000, 0.00000, 0.00000, 1.08598, 0.15697, -0.00000, 0.84303, 0.00000
1.75244, 0.00000, 4.58794, 4.91123, 0.00000, 0.36486, 0.00000, 0.00000, 0.00000, 0.00000, 0.00000, 0.00000, 1.14286, 0.27639, 0.00000, 0.72361, 0.00000
-2.75567, -4.02561, 0.70086, 4.92853, -2.17107, 1.42811, 27.00000, 377433.00000, 31318.00000, 176815.85185, 13134168728.79287, 114604.40100, 0.90081, 0.46424, 0.66888, -0.13313, 0.96296
-2.21782, -3.93313, 1.97536, 4.92852, -2.08423, 1.15840, 10.00000, 422156.00000, 64915.00000, 314297.20000, 12807859581.76000, 113171.81443, 0.91102, 0.54500, 0.95092, -0.49591, 1.00000
-3.48430, -3.15040, 1.49161, 4.92852, -2.40648, 1.26333, 15.00000, 450371.00000, 62088.00000, 224709.00000, 10743781913.73333, 103652.21615, 0.91102, 0.68893, 0.61936, -0.30829, 1.00000
-2.85909, -3.75484, 1.40973, 4.92550, -2.22158, 1.28053, 15.00000, 418750.00000, 39823.00000, 204816.80000, 12899329796.42667, 113575.21647, 0.94766, 0.53830, 0.71466, -0.25296, 1.00000
-1.49161, -3.48430, 3.15040, 4.92852, -1.97528, 0.87732, 9.00000, 469247.00000, 149916.00000, 357307.77778, 10335833926.61728, 101665.30346, 0.91102, 0.81587, 1.82322, -1.63909, 0.77778
-0.70086, -2.75567, 4.02561, 4.92853, -1.81985, 0.61496, 2.00000, 292681.00000, 284919.00000, 288800.00000, 15062161.00000, 3881.00000, 0.90081, -1.86160, -6.49176, 9.35336, 1.00000
-1.97536, -2.21782, 3.93313, 4.92852, -2.29844, 0.64677, 4.00000, 484166.00000, 180223.00000, 330930.00000, 14889940296.50000, 122024.34305, 0.91102, 5.51065, 6.05607, -10.56672, 1.00000
-1.40973, -2.85909, 3.75484, 4.92550, -2.02888, 0.70390, 0.00000, 0.00000, 0.00000, 0.00000, 0.00000, 0.00000, 0.94766, 3.30198, 7.02665, -9.32863, 0.00000
-3.93313, -1.97536, 2.21782, 4.92852, -2.67616, 1.10403, 4.00000, 417143.00000, 128834.00000, 238402.25000, 13351064448.68750, 115546.80631, 0.91102, 1.05443, 0.54989, -0.60432, 1.00000
-3.15040, -1.49161, 3.48430, 4.92852, -2.69940, 0.78559, 4.00000, 372238.00000, 224619.00000, 293785.50000, 2958906724.25000, 54395.83370, 0.91102, 2.59457, 1.29147, -2.88604, 1.00000
-4.02561, -0.70086, 2.75567, 4.92853, -2.96922, 0.97747, 9.00000, 377407.00000, 173177.00000, 280561.77778, 5361803458.61728, 73224.33652, 0.90081, 1.98030, 0.39414, -1.37444, 1.00000
-3.75484, -1.40973, 2.85909, 4.92550, -2.78243, 0.95149, 1.00000, 167008.00000, 167008.00000, 167008.00000, 0.00000, 0.00000, 0.94766, 1.66465, 0.58922, -1.25387, 1.00000
-2.20355, -3.47499, 2.68919, 4.91558, -2.13592, 0.99193, 12.00000, 473157.00000, 71874.00000, 255674.33333, 16076781690.22222, 126794.24944, 1.08598, 0.74373, 1.15838, -0.90211, 1.00000
-2.68919, -2.20355, 3.47499, 4.91558, -2.45513, 0.78564, 4.00000, 261658.00000, 64509.00000, 169820.00000, 6503278418.50000, 80642.90681, 1.08598, 1.85065, 1.52573, -2.37638, 1.00000
-3.47499, -2.68919, 2.20355, 4.91558, -2.48299, 1.10596, 14.00000, 443798.00000, 59510.00000, 208522.50000, 11280865548.82143, 106211.41911, 1.08598, 0.87972, 0.68510, -0.56481, 1.00000
-2.83550, -2.83550, 2.83550, 4.91123, -2.35619, 0.95532, 5.00000, 459803.00000, 130353.00000, 273917.00000, 12861898149.20000, 113410.30883, 1.14286, 1.00000, 1.00000, -1.00000, 1.00000
-0.70086, -2.75567, -4.02561, 4.92853, -1.81985, 2.52663, 75.00000, 449169.00000, 7824.00000, 146854.69333, 12715014417.41262, 112760.87272, 0.90081, 0.10514, 0.36663, 0.52824, 0.69333
-1.49161, -3.48430, -3.15040, 4.92852, -1.97528, 2.26428, 116.00000, 439411.00000, 8023.00000, 128092.72414, 9818463737.16528, 99088.16144, 0.91102, 0.19070, 0.42617, 0.38313, 0.84483
-1.97536, -2.21782, -3.93313, 4.92852, -2.29844, 2.49482, 107.00000, 485848.00000, 19037.00000, 129763.33645, 11706753487.66250, 108197.75177, 0.91102, 0.24897, 0.27362, 0.47741, 0.78505
-1.40973, -2.85909, -3.75484, 4.92550, -2.02888, 2.43770, 81.00000, 495366.00000, 11789.00000, 129519.51852, 16215210724.10151, 127338.95996, 0.94766, 0.16798, 0.35746, 0.47456, 0.83951
-2.21782, -3.93313, -1.97536, 4.92852, -2.08423, 1.98319, 100.00000, 496122.00000, 10201.00000, 95560.89000, 8580300910.69790, 92629.91369, 0.91102, 0.27362, 0.47741, 0.24897, 0.92000
-2.75567, -4.02561, -0.70086, 4.92853, -2.17107, 1.71348, 52.00000, 497213.00000, 14736.00000, 153175.17308, 9437098470.48927, 97144.72950, 0.90081, 0.36663, 0.52824, 0.10514, 0.98077
-3.48430, -3.15040, -1.49161, 4.92852, -2.40648, 1.87827, 76.00000, 472550.00000, 12714.00000, 126649.10526, 10326628378.54155, 101620.01958, 0.91102, 0.42617, 0.38313, 0.19070, 0.93421
-2.85909, -3.75484, -1.40973, 4.92550, -2.22158, 1.86107, 52.00000, 449835.00000, 14399.00000, 133632.38462, 11813796113.81361, 108691.28812, 0.94766, 0.35746, 0.47456, 0.16798, 0.94231
-3.15040, -1.49161, -3.48430, 4.92852, -2.69940, 2.35600, 80.00000, 425985.00000, 21231.00000, 121837.06250, 8521342514.45859, 92311.11804, 0.91102, 0.38313, 0.19070, 0.42617, 0.85000
-3.93313, -1.97536, -2.21782, 4.92852, -2.67616, 2.03756, 55.00000, 493885.00000, 15619.00000, 139565.83636, 12067536608.20959, 109852.34002, 0.91102, 0.47741, 0.24897, 0.27362, 0.94545
-4.02561, -0.70086, -2.75567, 4.92853, -2.96922, 2.16413, 44.00000, 425313.00000, 31724.00000, 153754.31818, 8170390772.80785, 90390.21392, 0.90081, 0.52824, 0.10514, 0.36663, 0.88636
-3.75484, -1.40973, -2.85909, 4.92550, -2.78243, 2.19010, 58.00000, 475389.00000, 22543.00000, 143731.63793, 12245614441.19649, 110659.90440, 0.94766, 0.47456, 0.16798, 0.35746, 0.79310
-2.20355, -3.47499, -2.68919, 4.91558, -2.13592, 2.14966, 84.00000, 431695.00000, 11528.00000, 94804.91667, 10336813297.71924, 101670.11998, 1.08598, 0.26522, 0.41309, 0.32170, 0.97619
-3.47499, -2.68919, -2.20355, 4.91558, -2.48299, 2.03563, 74.00000, 498629.00000, 11342.00000, 95715.74324, 9197355759.81245, 95902.84542, 1.08598, 0.41309, 0.32170, 0.26522, 0.95946
-2.68919, -2.20355, -3.47499, 4.91558, -2.45513, 2.35595, 71.00000, 468018.00000, 16100.00000, 135705.23944, 13810459971.50605, 117517.91341, 1.08598, 0.32170, 0.26522, 0.41309, 0.80282
-2.83550, -2.83550, -2.83550, 4.91123, -2.35619, 2.18628, 101.00000, 468507.00000, 13369.00000, 101410.39604, 10909899168.51642, 104450.46275, 1.14286, 0.33333, 0.33333, 0.33333, 0.93069
3.75791, 0.00000, -3.18882, 4.92853, 0.00000, 2.27446, 28.00000, 445654.00000, 37949.00000, 185761.39286, 13172602548.80995, 114771.95890, 0.90081, 8.64229, 0.00000, -7.64229, 0.03571
2.87963, -0.78273, -3.92241, 4.92852, -0.26540, 2.49122, 44.00000, 424602.00000, 29263.00000, 168084.11364, 11604903340.73709, 107726.05693, 0.91102, -1.48153, 0.40335, 2.07817, 0.22727
2.87963, 0.78273, -3.92241, 4.92852, 0.26540, 2.49122, 49.00000, 450693.00000, 20282.00000, 141234.71429, 12803146546.77551, 113150.99004, 0.91102, -7.66476, -2.08678, 10.75154, 0.06122
3.21637, 0.00000, -3.73035, 4.92550, 0.00000, 2.43005, 31.00000, 466903.00000, 40100.00000, 159670.38710, 11703083948.94693, 108180.79288, 0.94766, -8.06739, -0.00000, 9.06739, 0.12903
1.70460, -1.50894, -4.37124, 4.92852, -0.72459, 2.66145, 62.00000, 491881.00000, 23446.00000, 144684.20968, 11613755116.84313, 107767.13375, 0.91102, -0.42255, 0.35294, 1.06961, 0.11290
0.43315, -2.05481, -4.45876, 4.92853, -1.36304, 2.70143, 69.00000, 447891.00000, 32262.00000, 156808.31884, 10216749335.28964, 101077.93694, 0.90081, -0.08228, 0.33112, 0.75116, 0.37681
0.43811, -0.72621, -4.85499, 4.92852, -1.02797, 2.96865, 98.00000, 497556.00000, 18835.00000, 162659.58163, 16439195724.16170, 128215.42701, 0.91102, -0.09634, 0.13403, 0.96230, 0.22449
0.87126, -1.44936, -4.62611, 4.92550, -1.02954, 2.79113, 71.00000, 475607.00000, 21330.00000, 154007.81690, 14332421414.09323, 119718.09142, 0.94766, -0.15634, 0.28534, 0.87099, 0.25352
1.70460, 1.50894, -4.37124, 4.92852, 0.72459, 2.66145, 59.00000, 499612.00000, 19023.00000, 163250.01695, 16479448281.71157, 128372.30341, 0.91102, -1.43665, -1.19997, 3.63662, 0.11864
0.43811, 0.72621, -4.85499, 4.92852, 1.02797, 2.96865, 78.00000, 366223.00000, 17430.00000, 128187.01282, 7852438342.47419, 88613.98503, 0.91102, -0.13162, -0.18312, 1.31474, 0.07692
0.43315, 2.05481, -4.45876, 4.92853, 1.36304, 2.70143, 58.00000, 499390.00000, 32306.00000, 151128.62069, 10232293905.16647, 101154.80169, 0.90081, -0.24359, -0.98030, 2.22389, 0.06897
0.87126, 1.44936, -4.62611, 4.92550, 1.02954, 2.79113, 44.00000, 448673.00000, 18855.00000, 131772.25000, 11699420695.86932, 108163.86040, 0.94766, -0.36416, -0.66465, 2.02881, 0.04545
2.14766, -0.78579, -4.35121, 4.91558, -0.35075, 2.65769, 42.00000, 445310.00000, 20369.00000, 146294.23810, 13391806232.75283, 115722.97193, 1.08598, -0.71592, 0.25627, 1.45965, 0.14286
0.87622, 0.00000, -4.83686, 4.91558, 0.00000, 2.96238, 62.00000, 496732.00000, 15015.00000, 151450.96774, 16108866465.57960, 126920.70936, 1.08598, -0.22879, -0.00000, 1.22879, 0.14516
2.14766, 0.78579, -4.35121, 4.91558, 0.35075, 2.65769, 35.00000, 431272.00000, 16532.00000, 137116.54286, 9911304490.93388, 99555.53471, 1.08598, -1.46868, -0.52573, 2.99442, 0.02857
1.75244, 0.00000, -4.58794, 4.91123, 0.00000, 2.77673, 67.00000, 479152.00000, 21363.00000, 156029.67164, 13850895695.74293, 117689.82834, 1.14286, -0.61803, -0.00000, 1.61803, 0.07463
4.45876, 0.43315, 2.05481, 4.92853, 0.09684, 1.14074, 2.00000, 319478.00000, 167609.00000, 243543.50000, 5766048290.25000, 75934.50000, 0.90081, 0.64502, 0.07065, 0.28433, 0.00000
4.85499, 0.43811, 0.72621, 4.92852, 0.09000, 1.42291, 1.00000, 314779.00000, 314779.00000, 314779.00000, 0.00000, 0.00000, 0.91102, 0.80685, 0.08077, 0.11238, 1.00000
4.37124, 1.70460, 1.50894, 4.92852, 0.37182, 1.25963, 2.00000, 333394.00000, 312229.00000, 322811.50000, 111989306.25000, 10582.50000, 0.91102, 0.57970, 0.22901, 0.19128, 0.00000
4.62611, 0.87126, 1.44936, 4.92550, 0.18616, 1.27212, 0.00000, 0.00000, 0.00000, 0.00000, 0.00000, 0.00000, 0.94766, 0.66353, 0.11910, 0.21738, 0.00000
4.85499, 0.43811, -0.72621, 4.92852, 0.09000, 1.71868, 5.00000, 473626.00000, 213309.00000, 304888.80000, 9874098589.76000, 99368.49898, 0.91102, 1.04077, 0.10419, -0.14496, 0.40000
4.45876, 0.43315, -2.05481, 4.92853, 0.09684, 2.00085, 11.00000, 411904.00000, 72296.00000, 238448.36364, 10097717848.95868, 100487.40144, 0.90081, 1.49537, 0.16379, -0.65917, 0.09091
4.37124, 1.70460, -1.50894, 4.92852, 0.37182, 1.88196, 11.00000, 396628.00000, 93522.00000, 216134.72727, 8612912279.47107, 92805.77719, 0.91102, 0.93889, 0.37091, -0.30980, 0.18182
4.62611, 0.87126, -1.44936, 4.92550, 0.18616, 1.86947, 4.00000, 362891.00000, 131461.00000, 219082.25000, 8700988516.68750, 93279.08939, 0.94766, 1.17386, 0.21070, -0.38457, 0.25000
3.92241, 2.87963, 0.78273, 4.92852, 0.63328, 1.41130, 5.00000, 495592.00000, 135759.00000, 354450.40000, 15217635773.04000, 123359.78183, 0.91102, 0.52439, 0.37383, 0.10178, 0.00000
3.92241, 2.87963, -0.78273, 4.92852, 0.63328, 1.73029, 7.00000, 425702.00000, 106976.00000, 284260.42857, 12791933737.38775, 113101.43119, 0.91102, 0.65841, 0.46938, -0.12779, 0.14286
3.18882, 3.75791, 0.00000, 4.92853, 0.86714, 1.57080, 2.00000, 408491.00000, 170832.00000, 289661.50000, 14120450070.25000, 118829.50000, 0.90081, 0.46930, 0.53070, 0.00000, 0.00000
3.73035, 3.21637, 0.00000, 4.92550, 0.71154, 1.57080, 4.00000, 308188.00000, 89341.00000, 192968.50000, 7693106512.25000, 87710.35579, 0.94766, 0.52918, 0.47082, 0.00000, 0.25000
4.83686, 0.87622, 0.00000, 4.91558, 0.17921, 1.57080, 1.00000, 495675.00000, 495675.00000, 495675.00000, 0.00000, 0.00000, 1.08598, 0.84303, 0.15697, 0.00000, 0.00000
4.35121, 2.14766, -0.78579, 4.91558, 0.45850, 1.73134, 4.00000, 441129.00000, 195414.00000, 302164.00000, 11088675940.50000, 105302.78221, 1.08598, 0.76051, 0.37301, -0.13352, 0.00000
4.35121, 2.14766, 0.78579, 4.91558, 0.45850, 1.41025, 2.00000, 440673.00000, 303451.00000, 372062.00000, 4707469321.00000, 68611.00000, 1.08598, 0.60022, 0.29439, 0.10538, 0.50000
4.58794, 1.75244, 0.00000, 4.91123, 0.36486, 1.57080, 3.00000, 472413.00000, 188362.00000, 307519.66667, 14493370702.88889, 120388.41598, 1.14286, 0.72361, 0.27639, -0.00000, 0.00000
